50.051317445333076 [1, 2, 3, 4, 5, 6, 7] [18, 19, 20, 21, 22, 23] 20160911
49.99600707327404 [0, 1, 2, 3, 5, 6] [1, 2, 3] 20160911
49.799360086024066 [2, 3, 4, 5, 6, 7, 8] [4, 5, 6, 7, 8, 9, 10, 11, 12, 13, 14, 15, 16, 17, 18, 19, 20] 20160911
48.65380930119881 [2, 3, 4, 5, 6, 7, 8] [39, 40, 41, 42, 43, 44, 45, 46, 47, 48, 49, 50, 51, 52, 53, 54, 55] 20160911
40.134058052218684 [2, 3, 5, 6, 7, 8, 9] [78, 79, 80, 81, 82, 83, 84, 85, 86, 87, 88, 89, 90, 91, 92, 93, 94, 95, 96] 20160911
39.95979093245141 [2, 3, 5, 6, 7, 8, 9] [67, 68, 69, 70, 71, 72, 73, 74, 75, 76, 77, 78, 79, 80, 81, 82, 83, 84, 85, 86, 87, 88] 20160911
20.203451394985255 [5, 6, 7, 8, 9] [196, 197, 198, 199, 200, 201, 202, 203, 204, 205, 206, 207, 208, 209, 210, 211] 20160911
20.138682358350003 [6, 7, 8, 9] [215, 216, 217, 218, 219, 220, 221, 222] 20160911
20.08868235835 [6, 7, 8, 9] [220, 221, 222, 223, 224] 20160911
17.65103008908175 [0, 1, 2, 3, 5, 7, 9] [252, 253, 254, 255, 256, 257, 258, 259, 260, 261, 262, 263, 264, 265, 266, 267, 268] 20160911
13.879065539764484 [8, 9] [138, 139, 140, 141, 142, 143, 144, 145, 146, 147, 148, 149, 150, 151, 152, 153, 154, 155, 156, 157, 158, 159, 160, 161, 162, 163, 164, 165, 166, 167] 20160911
12.567617453021905 [1, 2, 3, 4, 5, 6] [285, 286, 287] 20160911
