168.573573032 [5] [0, 1, 2] 20160813
118.05694548605086 [3, 4, 5, 6, 7, 8, 9] [237, 238, 239] 20160309
117.72937627610953 [3, 4, 5, 6, 7, 8, 9] [233, 234, 235, 236, 237] 20160309
117.67898101304164 [3, 4, 5, 6, 7, 8, 9] [236, 237, 238] 20160309
116.28143202106467 [1, 2, 3, 5, 7, 8, 9] [218, 219, 220, 221, 222, 223, 224, 225, 226, 227, 228, 229] 20160309
116.22095770538321 [1, 2, 3, 5, 7, 8, 9] [214, 215, 216, 217, 218, 219] 20160309
115.0001324575634 [1, 2, 3, 5, 7, 8, 9] [205, 206, 207, 208, 209, 210, 211, 212, 213, 214, 215, 216] 20160309
109.65697469078965 [1, 2, 3, 5, 7, 8, 9] [198, 199, 200, 201, 202] 20160309
109.50937289915571 [1, 2, 3, 5, 7, 8, 9] [241, 242, 243, 244, 245, 246, 247, 248, 249, 250, 251, 252] 20160309
108.83962692821282 [0, 1, 2, 3, 5, 7, 8] [196, 197, 198, 199] 20160309
108.65001024772927 [1, 2, 3, 5, 7, 8, 9] [229, 230, 231, 232] 20160309
108.1214944294953 [0, 1, 2, 3, 5, 7, 8] [190, 191, 192, 193, 194, 195, 196, 197] 20160309
106.61887434068645 [2, 3, 5, 6, 7, 8, 9] [256, 257, 258, 259] 20160309
104.46875273074853 [2, 3, 5, 7, 8, 9] [201, 202, 203, 204, 205, 206, 207, 208, 209, 210, 211] 20160309
104.32938250698673 [1, 2, 3, 5, 7, 8, 9] [262, 263, 264, 265, 266, 267, 268, 269, 270, 271, 272] 20160309
102.37141985616793 [3, 4, 5, 6, 7, 8, 9] [282, 283, 284] 20160309
101.78463482976197 [1, 2, 3, 5, 7, 8, 9] [269, 270, 271, 272, 273, 274, 275, 276, 277, 278, 279] 20160309
100.15961697149747 [0, 1, 2, 3, 4, 5, 6] [182, 183, 184, 185, 186] 20160309
98.98162769728538 [0, 1, 2, 3, 4, 5, 6] [181, 182, 183] 20160309
96.96767686342717 [3, 4, 5, 6, 7, 8, 9] [119, 120, 121, 122, 123, 124, 125] 20160405
95.36519346543388 [0, 1, 2, 3, 5, 7, 8] [177, 178, 179, 180] 20160309
93.74624563937769 [0, 1, 2, 3, 5, 7, 8] [174, 175, 176, 177, 178] 20160309
93.1880321333349 [3, 4, 5, 6, 7, 8, 9] [138, 139, 140, 141] 20160405
90.15060994513962 [2, 3, 5, 7, 8, 9] [128, 129, 130, 131, 132, 133] 20160405
89.51102095674626 [2, 3, 5, 7, 8, 9] [130, 131, 132, 133, 134] 20160405
88.08215194012271 [2, 3, 5, 7, 8, 9] [134, 135, 136, 137] 20160405
84.8501863072838 [2, 3, 5, 7, 8, 9] [97, 98, 99, 100, 101, 102, 103, 104, 105, 106] 20160405
84.74812423466784 [2, 3, 5, 7, 8, 9] [104, 105, 106, 107, 108] 20160405
84.1076604399304 [1, 2, 3, 5, 7, 9] [111, 112, 113, 114, 115, 116] 20160405
83.30921101407257 [2, 3, 5, 7, 8, 9] [92, 93, 94, 95, 96, 97, 98, 99, 100, 101, 102, 103] 20160405
82.61389992835984 [0, 1, 2, 3, 5, 7, 9] [109, 110, 111, 112, 113, 114] 20160405
79.08995729009072 [3, 4, 5, 6, 7, 8, 9] [147, 148, 149, 150, 151, 152] 20160405
78.23239301565896 [1, 2, 3, 5, 6, 7, 8] [242, 243, 244] 20160312
77.82559018358667 [0, 1, 2, 3, 4, 5, 6] [268, 269, 270, 271, 272, 273, 274, 275, 276, 277, 278, 279] 20160308
77.47362571989262 [1, 2, 3, 5, 7, 9] [89, 90, 91, 92, 93] 20160405
77.14747211220605 [0, 1, 2, 3, 5, 6] [211, 212, 213, 214, 215, 216] 20160308
76.88211072340454 [0, 1, 2, 3, 5, 6] [210, 211, 212, 213] 20160308
76.79561045392695 [2, 3, 4, 5, 6, 7] [72, 73, 74, 75, 76, 77, 78, 79, 80] 20160405
76.48231277253467 [1, 2, 3, 5, 7, 8, 9] [230, 231, 232, 233, 234, 235, 236, 237, 238, 239] 20160312
76.35746818056941 [0, 1, 2, 3, 4, 5, 6] [197, 198, 199, 200, 201, 202, 203, 204, 205, 206] 20160308
75.66207559229532 [0, 1, 2, 3, 5] [241, 242, 243, 244, 245, 246, 247, 248, 249] 20160308
75.4868173729685 [1, 2, 3, 5, 7, 9] [79, 80, 81, 82, 83] 20160405
75.0765285832329 [0, 1, 2, 3, 4, 5, 6] [196, 197, 198, 199, 200, 201, 202, 203] 20160308
74.08937444812047 [0, 1, 2, 3, 5] [223, 224, 225, 226, 227, 228, 229, 230, 231] 20160308
72.18496144751131 [1, 2, 3, 5, 6, 7, 8] [218, 219, 220, 221, 222, 223] 20160312
70.8206280682915 [2, 3, 5, 6, 7, 8, 9] [229, 230, 231, 232] 20160421
70.73243494219916 [0, 1, 2, 3, 5, 7, 8] [209, 210, 211, 212, 213, 214, 215, 216, 217, 218] 20160312
69.64446123263495 [2, 3, 4, 5, 6, 7] [59, 60, 61, 62, 63, 64, 65, 66] 20160405
69.08199149244905 [2, 3, 5, 6, 7, 8, 9] [225, 226, 227] 20160421
68.90943129648858 [0, 1, 2, 3, 5, 7, 8] [205, 206, 207, 208, 209, 210, 211, 212, 213, 214] 20160312
68.78033568448645 [2, 3, 4, 5, 6, 7] [55, 56, 57, 58, 59, 60, 61, 62, 63] 20160405
68.70849754772684 [0, 1, 2, 3, 4, 5] [183, 184, 185, 186, 187, 188, 189, 190, 191, 192, 193, 194] 20160308
68.68885438138219 [1, 2, 3, 4, 5, 6, 7] [218, 219, 220, 221, 222] 20160421
68.1377538307614 [0, 1, 2, 3, 5, 7, 8] [269, 270, 271, 272, 273, 274, 275, 276, 277, 278, 279] 20160312
66.75374398682037 [2, 3, 4, 6, 7, 8, 9] [50, 51, 52, 53, 54] 20160405
65.82013457374632 [2, 3, 5, 6, 7, 8, 9] [240, 241, 242, 243, 244, 245, 246] 20160421
65.62406569079134 [3, 4, 5, 6, 7, 8, 9] [277, 278, 279, 280, 281, 282, 283] 20160308
65.5990924537161 [0, 1, 2, 3, 5, 7, 8] [202, 203, 204, 205, 206, 207] 20160312
65.5079800039335 [1, 2, 3, 5, 7, 8, 9] [236, 237, 238, 239] 20160922
65.0010389468164 [2, 3, 5, 6, 7, 8, 9] [238, 239, 240] 20160922
64.9989195173286 [2, 3, 5, 7, 8, 9] [266, 267, 268, 269, 270, 271, 272, 273, 274] 20160312
64.94693684136527 [2, 3, 5, 6, 7, 8, 9] [245, 246, 247, 248, 249, 250, 251, 252, 253, 254, 255, 256] 20160421
64.83725434184574 [2, 3, 5, 6, 7, 8, 9] [245, 246, 247, 248, 249, 250] 20160922
64.61997885485547 [3, 4, 5, 6, 7, 8, 9] [211, 212, 213, 214] 20160421
64.57803224047574 [1, 2, 3, 5, 7, 8] [253, 254, 255, 256, 257, 258, 259, 260, 261, 262, 263, 264] 20160324
64.57292913684492 [1, 2, 3, 5, 7, 8] [246, 247, 248, 249, 250, 251, 252, 253, 254, 255] 20160324
64.39146603051269 [2, 3, 4, 6, 7, 8, 9] [36, 37, 38, 39, 40, 41, 42, 43, 44, 45] 20160405
64.24179901935258 [1, 2, 3, 5, 7, 8, 9] [221, 222, 223, 224, 225, 226, 227, 228] 20160922
63.654143433622416 [2, 3, 4, 6, 7, 8, 9] [199, 200, 201, 202, 203, 204, 205, 206, 207, 208, 209, 210] 20160529
63.234562067475174 [2, 3, 5, 6, 7, 8, 9] [252, 253, 254, 255, 256, 257, 258, 259] 20160421
63.17200998658762 [1, 2, 3, 4, 5, 6] [277, 278, 279, 280, 281, 282, 283, 284, 285] 20160324
62.95112951382524 [2, 3, 4, 6, 7, 8, 9] [196, 197, 198, 199, 200, 201, 202, 203] 20160529
62.71744756622094 [2, 3, 5, 6, 7, 8, 9] [256, 257, 258, 259, 260, 261] 20160421
62.45465941905827 [1, 2, 3, 4, 5, 6] [283, 284, 285, 286] 20160324
61.589416276372106 [5, 6, 7, 8, 9] [236, 237, 238, 239, 240, 241, 242] 20160421
61.46444637089534 [2, 3, 5, 6, 7, 8, 9] [254, 255, 256, 257, 258, 259, 260, 261, 262, 263, 264] 20160922
60.73263791533174 [1, 2, 3, 5, 6, 7, 8] [279, 280, 281] 20160312
60.555568254949996 [0, 1, 2, 3] [244, 245, 246, 247, 248, 249] 20160312
60.52097781044655 [1, 2, 3, 5, 6, 7, 8] [280, 281, 282, 283, 284, 285, 286] 20160312
60.37907339116071 [2, 3, 5, 6, 7, 8, 9] [258, 259, 260, 261, 262, 263, 264, 265, 266] 20160922
60.20035853610815 [1, 2, 3, 4, 5, 6] [0, 1, 2, 3, 4, 5, 6, 7] 20160325
59.59592886687882 [1, 2, 3, 5, 7, 8] [269, 270, 271, 272, 273, 274, 275, 276, 277, 278, 279, 280] 20160324
58.74156640587184 [0, 1, 2, 3, 4, 6] [285, 286, 287] 20160308
58.44315204714794 [0, 1, 2, 3, 4, 5, 6] [173, 174, 175, 176, 177, 178, 179, 180, 181, 182, 183, 184] 20160308
57.73505881760217 [2, 3, 5, 6, 7, 8, 9] [224, 225, 226, 227, 228, 229] 20160313
56.740554668410624 [0, 1, 2, 3, 5, 6] [191, 192, 193, 194, 195, 196, 197, 198, 199, 200] 20160421
56.66411192877901 [1, 2, 3, 5, 6, 7, 8] [0, 1, 2, 3, 4, 5, 6, 7, 8, 9, 10] 20160313
55.543271384633755 [1, 2, 3, 5, 7, 8, 9] [18, 19, 20, 21, 22, 23, 24, 25, 26, 27, 28, 29] 20160405
55.40779012703859 [4, 6, 7, 8, 9] [189, 190, 191, 192, 193, 194, 195, 196] 20160529
55.2591222005809 [5, 6, 7, 8, 9] [230, 231, 232, 233, 234, 235] 20160313
55.232451789096665 [0, 1, 2, 3, 5, 6, 7] [8, 9, 10, 11, 12, 13, 14, 15, 16] 20160313
55.081324202323614 [4, 6, 7, 8, 9] [193, 194, 195, 196, 197, 198, 199, 200] 20160529
55.07057930182338 [2, 3, 5, 6, 7, 8, 9] [165, 166, 167, 168, 169, 170, 171, 172, 173] 20160529
55.04669574271842 [5, 6, 7, 8, 9] [236, 237, 238, 239, 240, 241] 20160313
54.96097980358093 [5, 6, 7, 8, 9] [239, 240, 241, 242] 20160313
54.811989092763106 [2, 3, 4, 6, 7, 8, 9] [210, 211, 212, 213, 214, 215, 216, 217] 20160313
52.27882041555264 [2, 3, 5, 6, 7, 8, 9] [202, 203, 204, 205, 206, 207, 208, 209, 210, 211, 212, 213] 20160313
51.157847911956786 [1, 2, 3, 4, 5, 7, 8] [47, 48, 49, 50, 51] 20160325
51.04353839062692 [1, 2, 3, 4, 5, 7, 8] [50, 51, 52, 53, 54, 55, 56, 57] 20160325
50.42780168082653 [1, 2, 3, 4, 5, 6] [33, 34, 35, 36, 37, 38, 39, 40, 41, 42, 43, 44] 20160325
50.412558168499565 [2, 3, 5, 6, 7, 8, 9] [166, 167, 168, 169, 170, 171, 172, 173, 174] 20160405
50.319011917576816 [0, 1, 2, 3, 5, 6] [22, 23, 24, 25, 26, 27, 28, 29, 30, 31, 32] 20160313
50.28896759465317 [5, 6, 7, 8, 9] [276, 277, 278, 279, 280, 281, 282, 283, 284] 20160421
50.16838144183454 [1, 2, 3, 4, 5, 6, 7] [12, 13, 14, 15, 16, 17, 18, 19, 20, 21, 22] 20160911
50.04821715322864 [1, 2, 3, 4, 5, 6, 7] [0, 1, 2] 20160529
49.99600707327404 [0, 1, 2, 3, 5, 6] [1, 2, 3] 20160911
49.914357415181264 [0, 1, 2, 3, 5, 6] [0, 1, 2] 20160911
49.824538761527535 [1, 2, 3, 4, 5, 6, 7] [21, 22, 23, 24] 20160911
48.1025365295467 [0, 1, 2, 3, 5, 6] [184, 185, 186, 187, 188, 189, 190, 191, 192, 193, 194] 20160922
48.029788583489406 [0, 1, 2, 3, 4, 5, 6] [170, 171, 172, 173, 174, 175, 176, 177, 178, 179, 180, 181] 20160421
47.42706942024578 [3, 4, 5, 6, 7, 8, 9] [39, 40, 41, 42, 43, 44, 45, 46, 47, 48, 49] 20160911
47.15266078877661 [0, 1, 2, 3, 4, 5, 6] [225, 226, 227, 228, 229, 230, 231, 232, 233] 20160529
47.11828261279487 [1, 2, 3, 4, 5, 6] [32, 33, 34, 35, 36, 37] 20160911
46.89374605303975 [1, 2, 3, 4, 5, 6] [8, 9, 10, 11, 12, 13, 14, 15] 20160911
46.05915771033569 [2, 3, 5, 6, 7, 8, 9] [274, 275, 276, 277, 278, 279, 280, 281, 282, 283] 20160313
45.516629128112584 [2, 3, 4, 6, 7, 8, 9] [186, 187, 188, 189, 190, 191, 192, 193, 194, 195, 196] 20160313
45.04974653530027 [0, 1, 2, 3, 5, 6] [181, 182, 183, 184, 185, 186, 187] 20160922
44.67365689542833 [3, 4, 5, 6, 7, 8] [42, 43, 44, 45, 46, 47, 48, 49, 50, 51, 52, 53] 20160313
44.131507526246 [2, 3, 5, 6, 7, 8, 9] [147, 148, 149, 150, 151, 152, 153, 154, 155, 156, 157] 20160529
44.039832652002204 [0, 1, 2, 3, 5, 7, 8] [0, 1, 2, 3, 4, 5, 6, 7] 20160308
43.67837779799612 [2, 3, 4, 6, 7, 8, 9] [185, 186, 187, 188, 189, 190] 20160313
42.92021844689604 [3, 5, 6, 7, 8] [38, 39, 40, 41, 42, 43, 44, 45, 46, 47, 48] 20160313
42.36056687773797 [0, 1, 2, 3, 4, 5, 6] [0, 1, 2] 20160328
41.210073587728154 [3, 4, 5, 6, 7, 8, 9] [98, 99, 100, 101, 102, 103] 20160421
41.10177281613024 [3, 4, 5, 6, 7, 8, 9] [171, 172, 173, 174, 175, 176, 177, 178, 179, 180, 181] 20160313
40.78173585705 [5, 6, 7, 8, 9] [101, 102, 103, 104, 105, 106, 107, 108, 109, 110, 111, 112] 20160302
40.51840252371667 [5, 6, 7, 8, 9] [100, 101, 102, 103, 104, 105, 106, 107] 20160302
40.3009269964213 [2, 3, 5, 6, 7, 8, 9] [116, 117, 118, 119, 120, 121] 20160421
40.146181196622265 [0, 1, 2, 3, 4, 5, 6] [110, 111, 112, 113] 20160325
39.95215943381087 [0, 1, 2, 3, 4, 5, 6] [99, 100, 101, 102, 103, 104, 105, 106, 107, 108, 109, 110] 20160325
39.61277988555713 [2, 3, 5, 6, 7, 8, 9] [78, 79, 80, 81] 20160911
39.54702990648755 [3, 4, 5, 6, 7, 8, 9] [121, 122, 123, 124, 125, 126, 127, 128] 20160421
39.41777068153529 [4, 5, 6, 7, 8, 9] [88, 89, 90, 91, 92, 93, 94, 95, 96, 97, 98] 20160302
39.11812579285485 [3, 4, 5, 7, 8, 9] [1, 2, 3, 4] 20160419
39.01834734164594 [3, 4, 5, 6, 7, 8, 9] [4, 5, 6, 7, 8] 20160419
39.001297925627334 [0, 1, 2, 3, 4, 5, 6] [48, 49, 50, 51, 52, 53, 54, 55, 56, 57, 58, 59] 20160328
38.88078425338014 [0, 1, 2, 3, 4, 5, 6] [39, 40, 41, 42, 43, 44, 45, 46, 47, 48, 49] 20160328
38.86503573367143 [0, 1, 2, 3, 4, 5, 6] [58, 59, 60, 61, 62, 63, 64, 65, 66, 67, 68] 20160328
38.78379127397193 [0, 1, 2, 3, 4, 5, 6] [2, 3, 4, 5, 6] 20160301
38.75852837155715 [1, 2, 3, 5, 7, 8] [10, 11, 12, 13, 14, 15, 16, 17, 18, 19, 20, 21] 20160301
38.510846083900006 [0, 1, 2, 3, 5, 6] [241, 242, 243, 244, 245, 246] 20160529
38.39967036092547 [0, 1, 2, 3, 4, 5, 6] [92, 93, 94, 95, 96, 97, 98, 99, 100, 101, 102] 20160325
38.35109828464196 [2, 3, 5, 7, 8, 9] [111, 112, 113, 114, 115, 116] 20160421
38.18895375544093 [3, 4, 5, 6, 7, 8, 9] [76, 77, 78, 79, 80, 81, 82, 83, 84, 85, 86, 87] 20160302
38.16676214987607 [4, 5, 6, 7, 8, 9] [72, 73, 74, 75, 76, 77] 20160911
38.00957614309388 [0, 1, 2, 3, 4, 5, 6] [74, 75, 76, 77, 78, 79, 80, 81, 82, 83] 20160328
37.99256774180846 [0, 1, 2, 3, 4, 5, 6] [77, 78, 79, 80, 81, 82, 83, 84, 85, 86] 20160328
37.98581837621901 [0, 1, 2, 3, 4, 5, 6] [14, 15, 16, 17, 18, 19, 20, 21, 22, 23] 20160328
37.975719680153595 [5, 6, 7, 8, 9] [65, 66, 67, 68, 69, 70, 71] 20160911
37.58161464683957 [3, 4, 5, 6, 7, 8, 9] [85, 86, 87] 20160421
37.452567539757574 [5, 6, 7, 8, 9] [67, 68, 69, 70, 71, 72, 73, 74, 75, 76, 77] 20160313
37.30278257856662 [0, 1, 2, 3, 4, 5, 6] [22, 23, 24, 25, 26] 20160328
36.93462866948132 [1, 2, 3, 4, 5, 6] [126, 127, 128, 129, 130, 131, 132, 133, 134, 135] 20160325
36.794836190660895 [0, 1, 2, 3, 5, 6] [19, 20, 21, 22, 23, 24, 25, 26, 27, 28, 29, 30] 20160419
36.73257682279853 [1, 2, 3, 4, 6, 7, 8] [36, 37, 38, 39, 40, 41, 42] 20160419
36.627000782359076 [0, 1, 2, 3, 5, 6] [32, 33, 34, 35, 36] 20160419
36.402332334970495 [2, 3, 5, 6, 7, 8, 9] [170, 171, 172, 173, 174, 175, 176, 177, 178, 179] 20160325
36.37388684227149 [0, 1, 2, 3, 5, 6] [9, 10, 11, 12, 13, 14, 15] 20160419
36.23623537241194 [1, 2, 3, 5, 7, 8] [219, 220, 221, 222, 223, 224, 225] 20160328
36.05280501688487 [0, 1, 2, 3, 5] [0, 1, 2] 20160621
35.96712343353754 [4, 5, 6, 7, 8, 9] [248, 249, 250, 251, 252, 253, 254, 255, 256, 257] 20160529
35.851848584847694 [2, 3, 4, 5, 7, 9] [73, 74, 75, 76, 77, 78, 79] 20160421
35.34215390543739 [0, 1, 2, 3, 4, 5] [13, 14, 15, 16, 17, 18, 19, 20] 20160621
35.32426291587011 [0, 1, 2, 3, 4, 5] [28, 29, 30, 31] 20160328
35.31299169370933 [1, 2, 3, 5, 7, 8, 9] [159, 160, 161, 162, 163, 164, 165, 166, 167, 168, 169] 20160313
35.21849322501392 [2, 3, 4, 5, 6, 7, 8] [231, 232, 233, 234, 235, 236, 237] 20160328
35.17844737475015 [2, 3, 5, 6, 7, 8, 9] [177, 178, 179, 180, 181, 182, 183, 184, 185] 20160325
34.89858882661457 [2, 3, 4, 5, 7, 9] [64, 65, 66, 67, 68, 69, 70, 71, 72, 73, 74] 20160421
34.63338829726055 [0, 1, 2, 3, 5, 6] [13, 14, 15, 16, 17] 20160419
34.53668105040678 [1, 2, 3, 4, 5, 6, 7] [25, 26, 27, 28, 29] 20160621
34.52474370194879 [0, 1, 2, 3, 4, 5, 6] [105, 106, 107, 108, 109, 110, 111, 112, 113, 114, 115, 116] 20160328
34.327940459846914 [0, 1, 2, 3, 4, 5, 6] [86, 87, 88, 89, 90, 91, 92, 93] 20160325
33.9202509591101 [2, 3, 4, 5, 7, 9] [61, 62, 63, 64, 65, 66, 67, 68, 69] 20160421
33.82416711087551 [1, 2, 3, 5, 6, 7, 8] [45, 46, 47, 48, 49] 20160419
33.54262573335001 [0, 1, 2, 3] [10, 11, 12, 13] 20160308
33.08341625616283 [0, 1] [14, 15, 16, 17, 18, 19, 20, 21, 22, 23, 24] 20160308
32.84918828034612 [1, 2, 3, 5, 7, 8, 9] [156, 157, 158, 159, 160, 161, 162, 163] 20160313
32.799170815081496 [0, 1, 2, 3, 5, 6, 7] [52, 53, 54, 55, 56] 20160419
32.6591521874509 [0, 1] [23, 24, 25, 26, 27, 28] 20160308
31.995171249964084 [1, 2, 3, 5, 6, 7, 8] [37, 38, 39, 40, 41, 42, 43, 44, 45] 20160621
31.979515043976185 [1, 2, 3, 4, 5, 6] [146, 147, 148, 149, 150, 151, 152, 153, 154] 20160325
31.824593621292937 [1, 2, 3, 4, 5, 7, 8] [194, 195, 196, 197, 198, 199, 200] 20160328
31.37867742188116 [1, 2, 3, 5, 6, 7] [29, 30, 31, 32, 33, 34, 35, 36, 37, 38, 39, 40] 20160621
31.181565503752655 [1, 2, 3, 5, 6, 7, 8] [63, 64, 65, 66, 67, 68, 69] 20160419
30.606994382369255 [0, 1, 2, 3, 5, 7, 8] [216, 217, 218, 219, 220, 221] 20160628
30.368876764373432 [0, 1, 2, 3, 5, 7, 8] [211, 212, 213, 214, 215, 216, 217] 20160628
30.196520288025514 [8, 9] [119, 120, 121, 122, 123, 124, 125, 126] 20160302
30.04159009858281 [0, 1, 2, 3, 4, 5, 6] [181, 182, 183, 184, 185, 186, 187, 188, 189, 190] 20160328
29.766023429923717 [0, 1, 2, 3, 5, 7, 8] [202, 203, 204, 205, 206, 207, 208, 209, 210, 211, 212] 20160628
29.44036111274433 [1, 2, 3, 5, 6, 7, 8] [72, 73, 74, 75, 76, 77, 78, 79, 80, 81, 82, 83] 20160419
29.107446160908882 [3, 4, 5, 6, 7, 8, 9] [214, 215, 216, 217, 218] 20160514
28.78411228833775 [3, 4, 5, 6, 7, 8, 9] [118, 119, 120] 20160514
28.452596886216647 [0, 1, 2, 3, 5, 7, 8] [221, 222, 223, 224, 225, 226] 20160628
27.78011539726372 [0, 1] [147, 148, 149, 150, 151, 152] 20160308
27.778898676485266 [0, 1, 2, 3, 4] [48, 49, 50, 51] 20160529
27.722551985124714 [3, 4, 5, 6, 7, 8, 9] [139, 140, 141, 142, 143, 144, 145] 20160301
27.716270895529732 [0, 1, 2, 3, 4, 6] [66, 67, 68, 69, 70, 71, 72, 73, 74, 75, 76, 77] 20160529
27.63869404102641 [0, 1] [146, 147, 148] 20160308
27.577051611389134 [4, 5, 6, 7, 8, 9] [226, 227, 228, 229, 230, 231, 232, 233, 234, 235, 236, 237] 20160419
27.485711226469213 [0, 1, 2, 3, 4] [155, 156, 157, 158, 159, 160, 161, 162, 163] 20160328
27.298243086487627 [5, 6, 7, 8, 9] [237, 238, 239] 20160419
27.25009639386318 [3, 4, 5, 6, 7, 8, 9] [144, 145, 146, 147, 148, 149, 150, 151] 20160301
27.214806264612633 [1, 2, 3, 5, 7, 8] [199, 200, 201, 202, 203] 20160628
27.193893247537638 [5, 6, 7, 8, 9] [233, 234, 235, 236, 237, 238] 20160419
26.50433992931039 [0, 1, 2, 3, 4] [59, 60, 61, 62, 63, 64, 65, 66] 20160529
26.408149882834646 [3, 4, 5, 6, 7, 8, 9] [191, 192, 193, 194, 195, 196] 20160514
26.3808044634 [0, 1, 2, 3, 5, 7, 8] [125, 126, 127, 128, 129, 130, 131, 132, 133, 134, 135, 136] 20160308
26.377164358398872 [0, 1, 2, 3, 4, 5, 6] [163, 164, 165, 166, 167, 168, 169, 170, 171, 172, 173, 174] 20160312
26.33843291521419 [0, 1, 2, 3, 4, 6] [76, 77, 78, 79] 20160529
26.325361770132016 [7, 8, 9] [207, 208, 209, 210, 211] 20160325
26.325361770132016 [7, 8, 9] [210, 211, 212] 20160325
26.240385360735726 [2, 3, 4, 5, 6, 7, 9] [202, 203, 204, 205, 206, 207, 208, 209, 210, 211] 20160514
26.05908421754522 [0, 1, 2, 3, 5, 6] [275, 276, 277] 20160529
25.999834870680832 [1, 2, 3, 5, 7, 8, 9] [226, 227, 228, 229, 230, 231, 232, 233] 20160628
25.975945080710698 [3, 5, 6, 7, 8, 9] [228, 229, 230, 231, 232, 233, 234, 235, 236, 237, 238, 239] 20160514
25.95294405651102 [2, 3, 5, 6, 7, 8, 9] [232, 233, 234, 235, 236, 237, 238, 239, 240] 20160514
25.650186199109353 [0, 1, 2, 3, 4, 5, 6] [119, 120, 121, 122, 123, 124, 125, 126, 127, 128, 129, 130] 20160529
25.564137796733338 [0, 1, 2, 3, 5, 7, 8] [115, 116, 117, 118, 119, 120, 121, 122] 20160308
25.390153981714242 [0, 1, 2, 3, 5, 7, 9] [139, 140, 141, 142, 143, 144, 145, 146, 147] 20160302
25.366984600625123 [0, 1, 2, 3, 5, 7, 9] [271, 272, 273, 274, 275] 20160529
25.27905838403058 [4, 5, 6, 7, 8, 9] [88, 89, 90, 91, 92, 93] 20160514
25.24639852079347 [4, 5, 6, 7, 8, 9] [90, 91, 92, 93, 94, 95, 96, 97, 98, 99, 100, 101] 20160514
25.08115034262661 [0, 1, 2, 3, 4, 5] [98, 99, 100, 101, 102, 103, 104, 105, 106] 20160529
24.68651032851154 [0, 1, 2, 3, 4, 5] [89, 90, 91, 92, 93, 94, 95, 96, 97, 98, 99, 100] 20160529
24.499312487473404 [5, 6, 7, 8, 9] [188, 189, 190, 191, 192, 193, 194, 195] 20160628
24.24314657616284 [0, 1, 2, 3, 4, 5] [132, 133, 134, 135] 20160412
24.18190933259326 [0, 1, 2, 3, 4, 5] [124, 125, 126, 127, 128, 129, 130, 131, 132, 133] 20160412
23.947580922771948 [0, 1, 2, 3, 4, 5] [106, 107, 108, 109, 110, 111, 112, 113, 114, 115, 116, 117] 20160529
23.88995829705 [0, 1, 2, 3, 5, 7, 8] [95, 96, 97, 98, 99, 100, 101, 102, 103, 104, 105, 106] 20160308
23.589917081022314 [0, 1, 2, 3, 5, 6] [119, 120, 121, 122, 123, 124, 125, 126, 127, 128, 129, 130] 20160412
23.312020049367383 [0, 1, 2, 3, 4, 5, 6] [110, 111, 112, 113, 114, 115, 116, 117, 118, 119, 120, 121] 20160412
23.1356938764475 [0, 1, 2, 3, 4, 5, 6] [285, 286, 287] 20160514
23.109548628059752 [0, 1, 2, 3, 4, 5, 6] [161, 162, 163, 164, 165, 166, 167, 168, 169] 20160302
23.018207213749186 [0, 1, 2, 3, 4, 5, 6] [158, 159, 160, 161, 162, 163] 20160302
22.94324425993569 [0, 1, 2, 3, 4, 5, 6] [167, 168, 169, 170, 171, 172, 173, 174, 175, 176, 177, 178] 20160302
22.81795265850981 [0, 1, 2, 3, 4] [0, 1, 2] 20160628
22.667767937864664 [3, 4, 5, 6, 7, 8] [110, 111, 112, 113, 114, 115, 116, 117, 118, 119, 120, 121] 20160301
21.858838153662024 [3, 4, 5, 6, 7, 8, 9] [116, 117, 118, 119, 120, 121, 122] 20160922
21.674579956537077 [0, 1, 2, 3, 4, 5] [112, 113, 114, 115, 116, 117, 118, 119, 120] 20160621
21.499616403481134 [0, 1, 2, 3, 4, 5] [116, 117, 118, 119, 120, 121] 20160621
21.431738299161594 [3, 4, 5, 6, 7, 8, 9] [124, 125, 126, 127, 128, 129, 130, 131, 132, 133, 134, 135] 20160922
21.389952226867795 [3, 4, 5, 6, 7, 8, 9] [109, 110, 111, 112, 113, 114, 115, 116, 117, 118, 119] 20160922
21.307917973382434 [0, 1, 2, 3, 4, 5, 6] [183, 184, 185, 186, 187, 188, 189, 190, 191, 192] 20160302
20.80873960345128 [4, 5, 6, 7, 8, 9] [65, 66, 67, 68, 69, 70, 71, 72, 73, 74, 75] 20160514
20.58887752435102 [3, 4, 5, 6, 7, 8, 9] [106, 107, 108, 109, 110, 111, 112, 113, 114] 20160922
20.405608139051825 [1, 2, 3, 4, 5, 6, 7] [164, 165, 166, 167, 168, 169, 170, 171, 172] 20160301
20.216312543813356 [3, 4, 5, 6, 7, 8, 9] [98, 99, 100, 101, 102, 103, 104, 105, 106, 107] 20160922
20.138682358350003 [6, 7, 8, 9] [215, 216, 217, 218, 219, 220, 221, 222] 20160911
20.138682358350003 [6, 7, 8, 9] [221, 222, 223, 224] 20160911
20.131645218600806 [5, 6, 7, 8, 9] [266, 267, 268, 269, 270, 271] 20160419
19.890401878135282 [5, 6, 7, 8, 9] [208, 209, 210] 20160911
19.886617849366665 [1, 2, 3, 5, 7, 8, 9] [233, 234, 235, 236, 237, 238] 20160628
19.478178026654803 [1, 2, 3, 5, 7, 8, 9] [241, 242, 243, 244, 245, 246, 247, 248, 249, 250] 20160621
19.451745578054798 [2, 3, 5, 6, 7, 8, 9] [275, 276, 277, 278, 279] 20160419
19.300565200645863 [3, 4, 5, 7, 8, 9] [258, 259, 260, 261, 262, 263, 264, 265] 20160514
19.28586492850409 [5, 6, 7, 8, 9] [200, 201, 202, 203, 204, 205, 206, 207, 208, 209] 20160911
19.176182358349998 [6, 7, 8, 9] [228, 229, 230, 231, 232, 233, 234, 235] 20160911
19.0274511827 [1, 2, 3, 5, 7, 8, 9] [236, 237, 238, 239, 240, 241, 242] 20160628
19.00540936855485 [1, 2, 3, 5, 7, 8, 9] [223, 224, 225, 226] 20160621
18.988682358349998 [6, 7, 8, 9] [234, 235, 236, 237] 20160911
18.7159144947047 [5, 6, 7, 8, 9] [151, 152, 153, 154, 155, 156, 157, 158, 159] 20160412
18.401671014629905 [1, 2, 3, 5, 7, 8, 9] [217, 218, 219, 220, 221] 20160621
18.312228295529916 [1, 2, 3, 5, 7, 8, 9] [216, 217, 218, 219] 20160621
18.217770692440332 [0, 1, 2, 3, 5, 7, 9] [252, 253, 254, 255] 20160628
18.13084312225024 [0, 1, 2, 3, 4, 5, 6] [86, 87, 88, 89, 90, 91, 92, 93, 94, 95, 96, 97] 20160412
17.858384611716424 [0, 1, 2, 3, 4, 5, 6] [78, 79, 80, 81, 82, 83, 84, 85, 86, 87, 88, 89] 20160301
17.407456601955502 [0, 1, 2, 3, 4, 5] [244, 245, 246, 247, 248, 249, 250, 251] 20160628
17.240928368999995 [0, 1, 2, 3, 5, 7] [145, 146, 147, 148, 149, 150, 151, 152, 153, 154, 155] 20160922
17.04861029383126 [3, 4, 5, 6, 7, 8, 9] [76, 77, 78, 79, 80, 81, 82, 83, 84] 20160922
17.04586427785 [0, 1, 2, 3] [233, 234, 235, 236] 20160621
16.94911085075 [0, 1, 2, 3, 4, 5, 6] [90, 91, 92, 93, 94, 95, 96, 97, 98, 99] 20160301
16.924659737570785 [3, 4, 5, 6, 7, 8, 9] [127, 128, 129, 130, 131, 132, 133, 134, 135, 136, 137, 138] 20160312
16.903632492555616 [0, 1, 2, 3, 5, 7, 9] [253, 254, 255, 256, 257, 258, 259, 260, 261] 20160911
16.902861046857456 [4, 5, 6, 7, 8, 9] [265, 266, 267, 268, 269, 270, 271, 272, 273] 20160302
16.854563640609868 [5, 6, 7, 8, 9] [278, 279, 280, 281, 282, 283, 284, 285, 286, 287] 20160302
16.721503833328327 [3, 4, 5, 6, 7, 8, 9] [133, 134, 135, 136, 137, 138, 139] 20160312
16.687990619400008 [1, 2, 3, 5, 7, 8, 9] [247, 248, 249, 250, 251, 252, 253] 20160911
16.64373437415989 [5, 6, 7, 8, 9] [272, 273, 274, 275, 276, 277, 278, 279, 280, 281] 20160302
16.586516521539316 [3, 4, 5, 6, 7, 8, 9] [121, 122, 123, 124, 125, 126, 127, 128, 129] 20160312
16.547273353134585 [0, 1, 2, 3, 4, 5, 6] [0, 1, 2] 20160412
16.53252159682371 [3, 4, 5, 6, 7, 8, 9] [126, 127, 128, 129, 130, 131, 132] 20160312
16.50417426134802 [3, 4, 5, 6, 7, 8, 9] [115, 116, 117, 118, 119, 120, 121, 122, 123, 124, 125] 20160312
16.289350621071804 [0, 1, 2] [228, 229, 230, 231] 20160621
16.112606409942707 [0, 1, 2, 3, 5, 7] [11, 12, 13, 14, 15, 16, 17, 18, 19, 20] 20160412
16.00122603516835 [3, 4, 5, 6, 7, 9] [105, 106, 107, 108, 109, 110, 111, 112, 113, 114, 115, 116] 20160312
15.93556067027186 [3, 4, 5, 6, 7] [206, 207, 208, 209, 210, 211, 212] 20160302
15.899794697472316 [0, 1, 2, 3, 5, 7, 9] [258, 259, 260, 261, 262, 263, 264, 265, 266] 20160911
15.885205432639065 [0, 1, 2] [250, 251, 252, 253, 254, 255, 256] 20160621
15.855023768000207 [4, 5, 6, 7, 8, 9] [251, 252, 253, 254, 255, 256, 257, 258, 259, 260, 261] 20160302
15.814389098106183 [3, 4, 5, 6, 7, 8, 9] [102, 103, 104, 105, 106, 107, 108, 109, 110, 111, 112] 20160312
15.775437324381642 [1, 2, 3, 4, 5, 7, 8] [0, 1, 2, 3, 4, 5, 6, 7, 8, 9] 20160514
15.697933129781338 [0, 1, 2, 3, 5, 7, 9] [58, 59, 60, 61, 62, 63, 64, 65, 66, 67, 68] 20160301
15.696288410187925 [6, 7, 8, 9] [257, 258, 259, 260] 20160301
15.625624520603674 [0, 1, 2, 3, 5, 7] [20, 21, 22, 23] 20160412
15.625406861601567 [3, 4, 5, 6, 7, 8, 9] [94, 95, 96, 97, 98, 99, 100, 101, 102, 103] 20160312
15.58081835635 [6, 7, 8, 9] [259, 260, 261, 262] 20160301
15.564073697437054 [3, 4, 5, 6, 7, 8, 9] [224, 225, 226] 20160302
15.365590190368408 [0, 1, 2] [259, 260, 261, 262, 263] 20160621
15.266556457208127 [2, 3, 4, 5, 6, 7, 9] [179, 180, 181, 182, 183, 184, 185, 186] 20160301
15.093308398746943 [3, 4, 5, 6, 7] [230, 231, 232, 233, 234, 235, 236, 237, 238, 239, 240] 20160302
15.00284725562655 [3, 4, 5, 6, 7, 9] [178, 179, 180, 181, 182, 183, 184, 185, 186, 187, 188, 189] 20160412
14.974051439946955 [3, 4, 5, 6, 7] [243, 244, 245, 246] 20160302
14.151973715259706 [3, 4, 5, 6, 7, 8, 9] [189, 190, 191, 192, 193, 194, 195, 196, 197, 198, 199, 200] 20160412
13.987222015378217 [0, 1, 2, 3, 4, 6] [276, 277, 278, 279, 280, 281, 282, 283, 284, 285, 286, 287] 20160412
13.798325331799994 [9] [129, 130, 131, 132, 133, 134, 135, 136, 137] 20160911
13.470864277850005 [0, 1, 2, 3] [271, 272, 273] 20160621
13.28478001309621 [0, 1, 2, 3, 4, 5, 6] [36, 37, 38, 39, 40, 41, 42, 43, 44, 45, 46, 47] 20160412
13.170864277850008 [0, 1, 2, 3] [272, 273, 274, 275] 20160621
13.1378573380168 [0, 1, 2, 3, 5, 7] [19, 20, 21, 22, 23, 24, 25, 26, 27, 28, 29] 20160628
12.960183089015539 [0, 1, 2, 3, 4, 5, 6] [57, 58, 59, 60, 61, 62] 20160412
12.651512102724668 [0, 1, 2, 3, 4, 5, 6] [47, 48, 49, 50, 51, 52, 53, 54, 55, 56, 57] 20160412
12.606792347092275 [0, 1, 2, 3, 5, 7, 8] [30, 31, 32, 33, 34, 35, 36, 37, 38, 39, 40, 41] 20160628
12.598627381283002 [0, 1, 2, 3, 5, 7, 8] [40, 41, 42, 43, 44] 20160628
12.538234249254481 [3, 4, 5, 6, 7, 8, 9] [55, 56, 57, 58, 59, 60, 61, 62, 63] 20160922
12.531988588125397 [3, 4, 5, 7, 8, 9] [252, 253, 254, 255, 256] 20160325
12.35706402173898 [0, 1, 2] [1, 2, 3, 4, 5] 20160922
12.330355650052185 [1, 2, 3, 4, 5, 7] [5, 6, 7, 8, 9, 10, 11, 12, 13] 20160514
12.247898736744425 [0, 1, 2] [188, 189, 190, 191, 192, 193, 194, 195, 196, 197, 198, 199] 20160621
12.137115082400001 [4, 6, 7, 8, 9] [278, 279, 280, 281, 282, 283, 284, 285] 20160301
12.1171150824 [4, 6, 7, 8, 9] [285, 286, 287] 20160301
12.032449465214436 [0, 1, 2, 3, 4, 5, 6] [146, 147, 148, 149, 150, 151, 152, 153, 154, 155] 20160419
11.869289578907578 [0, 1, 2, 3, 4, 5, 6] [280, 281, 282, 283, 284, 285, 286, 287] 20160325
11.753681720743769 [3, 4, 5, 6, 7, 9] [47, 48, 49, 50, 51, 52, 53, 54] 20160922
11.31670468515 [0, 1, 2, 3, 5, 7] [25, 26, 27, 28, 29, 30, 31, 32] 20160628
11.1722334149398 [3, 4, 5, 6, 7, 9] [260, 261, 262, 263, 264] 20160325
11.11907402461888 [0, 1, 2, 3, 5, 7, 9] [32, 33, 34, 35, 36, 37, 38, 39, 40, 41, 42, 43] 20160922
10.98435966032127 [0, 1, 2, 3, 5, 6, 7] [204, 205, 206, 207, 208, 209, 210, 211, 212] 20160412
10.868530214420936 [0, 1, 2, 3, 5, 7, 8] [181, 182, 183, 184, 185, 186, 187, 188, 189, 190, 191] 20160621
10.83136661151391 [0, 1, 2, 3, 5, 7, 9] [29, 30, 31, 32, 33, 34, 35, 36] 20160922
10.816767032720305 [0, 1, 2, 3, 5, 7, 8] [260, 261, 262, 263, 264, 265, 266, 267] 20160412
10.639147594728657 [2, 3, 4, 5, 6, 7, 8] [149, 150, 151, 152, 153, 154, 155, 156] 20160628
10.465431230849997 [1, 2, 3, 5, 7] [65, 66, 67, 68, 69, 70, 71, 72, 73, 74, 75, 76] 20160628
10.218191435967062 [0, 1, 2, 3, 5, 7] [59, 60, 61, 62, 63, 64, 65, 66, 67] 20160628
10.030788750563426 [1, 2, 3, 5, 6, 7] [175, 176, 177, 178, 179, 180, 181, 182, 183, 184, 185, 186] 20160419
9.87711092135837 [0, 1, 2, 3, 4, 5, 7] [13, 14, 15, 16, 17, 18, 19, 20, 21, 22] 20160514
9.833743904372007 [3, 4, 5, 7, 8] [98, 99, 100, 101, 102, 103, 104, 105, 106, 107] 20160628
9.487759019065694 [0, 1, 2, 3, 5, 7, 8] [131, 132, 133, 134, 135, 136, 137, 138, 139, 140] 20160324
9.447127153323668 [3, 4, 5, 6, 7, 8, 9] [143, 144, 145, 146, 147, 148, 149, 150, 151, 152, 153, 154] 20160514
9.386489796391526 [1, 2, 3, 4, 5, 7, 8] [25, 26, 27, 28, 29, 30, 31, 32, 33, 34, 35, 36] 20160514
9.279300948390354 [1, 2, 3, 5, 7, 8, 9] [107, 108, 109, 110, 111, 112, 113] 20160419
9.270302440303135 [0, 1, 2, 3, 5, 7, 8] [145, 146, 147, 148, 149, 150, 151, 152, 153, 154, 155] 20160324
9.02247157279691 [0, 1, 2, 3, 5, 7, 8] [150, 151, 152, 153, 154, 155, 156, 157, 158] 20160324
8.947242219735545 [0, 1, 2, 3, 4, 5, 6] [202, 203, 204, 205, 206, 207, 208, 209, 210, 211, 212, 213] 20160301
8.886656835120055 [0, 1, 2, 3, 5, 6, 7] [235, 236, 237, 238, 239] 20160412
8.847835115273803 [0, 1, 2, 3, 5, 6, 7] [234, 235, 236, 237] 20160412
8.616455504300001 [0, 1, 2, 3, 5, 7, 8] [103, 104, 105, 106, 107, 108, 109] 20160324
8.58786681975 [0, 1, 2, 3, 5, 7, 8] [107, 108, 109, 110, 111, 112, 113, 114, 115, 116, 117] 20160324
8.397209735186486 [1, 2, 3, 4, 6, 7, 8] [72, 73, 74, 75, 76, 77, 78, 79, 80, 81, 82, 83] 20160621
8.3914555043 [0, 1, 2, 3, 5, 7, 8] [99, 100, 101] 20160324
8.201705598804915 [1, 2, 3, 5, 7, 9] [162, 163, 164, 165, 166, 167, 168, 169, 170, 171, 172, 173] 20160419
8.090776582172 [0, 1, 2, 3, 5, 7, 8] [156, 157, 158, 159] 20160324
8.074314858167904 [4, 5, 7, 8, 9] [116, 117, 118, 119, 120, 121, 122, 123, 124, 125, 126] 20160324
7.80160724787341 [0, 1, 2, 3, 4] [64, 65, 66, 67, 68, 69, 70, 71, 72] 20160324
7.756885888323415 [0, 1, 2, 3, 4] [58, 59, 60, 61, 62, 63, 64, 65, 66] 20160324
7.7337685894432635 [3, 4, 5, 6, 7, 8, 9] [215, 216, 217, 218, 219, 220, 221, 222] 20160301
7.622721809673431 [0, 1, 2, 3, 4] [50, 51, 52, 53, 54, 55, 56, 57, 58] 20160324
7.130786854623475 [0, 1, 2, 3, 4] [86, 87, 88, 89, 90, 91, 92, 93, 94] 20160324
5.933764170459459 [0, 1, 2, 3, 5, 7, 9] [13, 14, 15, 16, 17, 18, 19, 20, 21, 22, 23] 20160324
5.701213100799479 [0, 1, 2, 3, 5, 7, 9] [22, 23, 24, 25, 26, 27] 20160324
5.089507280017859 [4, 5, 6, 7, 8, 9] [0, 1, 2, 3] 20160324
