168.573573032 [5] [0, 1, 2] 20160813
117.80316933988753 [3, 4, 5, 6, 7, 8, 9] [234, 235, 236, 237, 238, 239, 240, 241, 242] 20160309
117.79237035494441 [3, 4, 5, 6, 7, 8, 9] [233, 234, 235, 236, 237, 238] 20160309
117.70102894063385 [3, 4, 5, 6, 7, 8, 9] [237, 238, 239, 240, 241, 242, 243, 244] 20160309
116.8634973094989 [1, 2, 3, 5, 7, 8, 9] [218, 219, 220, 221, 222, 223, 224, 225, 226, 227, 228, 229, 230, 231, 232, 233, 234, 235] 20160309
115.94882328481658 [1, 2, 3, 5, 7, 8, 9] [215, 216, 217, 218, 219, 220, 221] 20160309
110.04238434141739 [1, 2, 3, 5, 7, 8, 9] [240, 241, 242, 243, 244, 245, 246, 247, 248, 249, 250, 251, 252, 253, 254] 20160309
108.25567181741357 [0, 1, 2, 3, 5, 7, 8] [191, 192, 193, 194, 195, 196, 197] 20160309
107.61165995613266 [2, 3, 5, 6, 7, 8, 9] [250, 251, 252, 253, 254, 255, 256, 257, 258, 259, 260, 261, 262] 20160309
105.92551368950174 [1, 2, 3, 5, 7, 8, 9] [257, 258, 259, 260, 261, 262, 263, 264, 265, 266, 267, 268, 269, 270, 271, 272] 20160309
104.74051222688655 [0, 1, 2, 3, 5, 7, 8] [182, 183, 184, 185, 186, 187, 188, 189, 190] 20160309
103.12863768661028 [1, 2, 3, 5, 7, 8, 9] [267, 268, 269, 270, 271, 272, 273, 274, 275, 276, 277, 278, 279] 20160309
102.37141985616793 [3, 4, 5, 6, 7, 8, 9] [282, 283, 284] 20160309
97.7141566976204 [3, 4, 5, 6, 7, 8, 9] [114, 115, 116, 117, 118, 119, 120, 121, 122, 123, 124, 125, 126, 127, 128] 20160405
94.12349420403272 [3, 4, 5, 6, 7, 8, 9] [137, 138, 139, 140, 141, 142, 143] 20160405
93.29297321763316 [2, 3, 4, 5, 6, 7, 9] [99, 100, 101, 102, 103, 104, 105, 106, 107, 108, 109, 110, 111, 112, 113, 114, 115, 116] 20160405
92.6690468913014 [0, 1, 2, 3, 5, 7, 8] [161, 162, 163, 164, 165, 166, 167, 168, 169, 170, 171, 172, 173, 174, 175, 176, 177, 178] 20160309
90.02133131982607 [2, 3, 5, 7, 8, 9] [128, 129, 130, 131, 132, 133, 134] 20160405
80.08563806585407 [2, 3, 4, 5, 6, 7] [80, 81, 82, 83, 84, 85, 86, 87, 88, 89, 90, 91] 20160405
78.42137525216356 [1, 2, 3, 5, 6, 7, 8] [242, 243, 244, 245, 246] 20160312
78.23239301565896 [1, 2, 3, 5, 6, 7, 8] [240, 241, 242, 243, 244] 20160312
78.15189951195131 [0, 1, 2, 3, 4, 5, 6] [201, 202, 203, 204, 205, 206] 20160308
77.97467725782671 [0, 1, 2, 3, 4, 5, 6] [144, 145, 146, 147, 148, 149, 150, 151, 152, 153, 154, 155, 156, 157, 158, 159, 160, 161] 20160309
77.28860119256285 [2, 3, 4, 5, 6, 7] [73, 74, 75, 76, 77, 78, 79, 80, 81, 82, 83, 84, 85] 20160405
77.14747211220605 [0, 1, 2, 3, 5, 6] [211, 212, 213, 214, 215, 216] 20160308
76.50303251242785 [2, 3, 4, 5, 6, 7] [68, 69, 70, 71, 72, 73, 74, 75, 76, 77, 78, 79, 80] 20160405
76.45486535247092 [1, 2, 3, 5, 7, 8, 9] [231, 232, 233, 234, 235, 236, 237, 238] 20160312
75.66207559229532 [0, 1, 2, 3, 5] [241, 242, 243, 244, 245, 246, 247, 248, 249] 20160308
75.49285577712124 [1, 2, 3, 5, 7, 8, 9] [249, 250, 251, 252, 253, 254, 255, 256, 257, 258, 259, 260, 261, 262, 263, 264, 265] 20160312
74.88584056582039 [0, 1, 2, 3, 5] [231, 232, 233, 234, 235, 236, 237, 238, 239, 240] 20160308
74.69897145937809 [0, 1, 2, 3, 4, 6] [267, 268, 269, 270, 271, 272, 273, 274, 275, 276] 20160308
74.59172192252576 [3, 4, 5, 6, 7, 8, 9] [147, 148, 149, 150, 151, 152, 153, 154, 155, 156, 157, 158, 159] 20160405
74.08937444812047 [0, 1, 2, 3, 5] [223, 224, 225, 226, 227, 228, 229, 230, 231] 20160308
73.25686595028729 [1, 2, 3, 5, 7, 8, 9] [220, 221, 222, 223, 224, 225, 226, 227, 228, 229, 230] 20160312
72.88048803469766 [0, 1, 2, 3, 5, 7, 8] [208, 209, 210, 211, 212, 213, 214, 215, 216, 217, 218, 219, 220, 221, 222, 223, 224] 20160312
72.6683378337646 [0, 1, 2, 3, 5, 6] [97, 98, 99, 100, 101, 102, 103, 104, 105, 106, 107, 108, 109] 20160309
71.09348912539944 [0, 1, 2, 3, 5, 6] [126, 127, 128, 129, 130, 131, 132, 133, 134, 135, 136, 137] 20160309
71.04994264108329 [0, 1, 2, 3, 5, 6] [112, 113, 114, 115, 116, 117, 118, 119, 120, 121, 122, 123, 124, 125, 126, 127, 128, 129] 20160309
70.87946805191385 [0, 1, 2, 3, 5, 6] [118, 119, 120, 121, 122, 123, 124, 125, 126, 127, 128, 129, 130] 20160309
70.8206280682915 [2, 3, 5, 6, 7, 8, 9] [229, 230, 231, 232] 20160421
70.69153378672709 [0, 1, 2, 3, 5, 7, 8] [207, 208, 209, 210, 211, 212, 213, 214, 215, 216, 217, 218] 20160312
70.22213695375682 [2, 3, 4, 6, 7, 8, 9] [265, 266, 267, 268, 269, 270, 271, 272, 273, 274, 275, 276, 277, 278, 279, 280] 20160312
69.46375688508498 [0, 1, 2, 3, 4, 5] [181, 182, 183, 184, 185, 186, 187, 188, 189, 190, 191, 192, 193, 194, 195, 196, 197, 198] 20160308
69.24836950304204 [2, 3, 4, 6, 7, 8, 9] [44, 45, 46, 47, 48, 49, 50, 51, 52, 53, 54, 55, 56, 57, 58, 59, 60] 20160405
68.13000761328365 [0, 1, 2, 3, 4, 5, 6] [73, 74, 75, 76, 77, 78, 79, 80, 81, 82, 83, 84, 85, 86, 87, 88] 20160309
67.83735512132506 [0, 1, 2, 3, 4, 5, 6] [67, 68, 69, 70, 71, 72, 73, 74, 75] 20160309
67.68828706180993 [1, 2, 3, 4, 5, 7, 8] [251, 252, 253] 20160324
66.96071681867888 [1, 2, 3, 4, 5, 6, 7] [210, 211, 212, 213, 214, 215, 216, 217, 218, 219, 220] 20160421
66.42959095022451 [2, 3, 5, 6, 7, 8, 9] [237, 238, 239, 240, 241, 242, 243, 244, 245, 246, 247, 248, 249, 250, 251, 252] 20160421
65.21515298292532 [1, 2, 3, 5, 7, 8, 9] [226, 227, 228, 229, 230, 231, 232, 233, 234, 235, 236, 237, 238] 20160922
65.04607592087679 [1, 2, 3, 5, 7, 8, 9] [232, 233, 234, 235, 236, 237, 238, 239, 240, 241, 242, 243, 244, 245, 246, 247, 248, 249] 20160922
65.0236659055242 [1, 2, 3, 5, 7, 8] [263, 264, 265, 266, 267, 268, 269, 270, 271, 272, 273, 274, 275, 276, 277, 278] 20160324
64.7062266578692 [2, 3, 5, 6, 7, 8, 9] [244, 245, 246, 247, 248, 249, 250] 20160922
64.07492375522762 [1, 2, 3, 5, 6, 7, 8] [274, 275, 276, 277, 278, 279, 280, 281, 282] 20160312
63.81795960215426 [0, 1, 2, 3, 5, 6, 7] [201, 202, 203, 204, 205, 206, 207, 208, 209, 210, 211] 20160421
63.78803007963836 [2, 3, 4, 6, 7, 8, 9] [193, 194, 195, 196, 197, 198, 199, 200, 201, 202, 203, 204, 205, 206, 207] 20160529
63.339197381729974 [1, 2, 3, 4, 5, 6] [273, 274, 275, 276, 277, 278, 279, 280, 281, 282, 283, 284, 285, 286] 20160324
62.79909722431371 [2, 3, 5, 6, 7, 8, 9] [255, 256, 257, 258] 20160421
62.04005528574014 [2, 3, 4, 6, 7, 8, 9] [255, 256, 257, 258, 259, 260, 261, 262, 263, 264, 265, 266, 267, 268] 20160922
59.92192348181442 [1, 2, 3, 4, 5, 6] [0, 1, 2, 3, 4, 5, 6, 7, 8, 9] 20160325
59.35700258113416 [3, 4, 5, 6, 7, 8, 9] [172, 173, 174, 175, 176, 177, 178, 179, 180, 181, 182, 183, 184] 20160529
58.24741042213433 [2, 3, 5, 6, 7, 8, 9] [228, 229, 230, 231, 232, 233, 234, 235, 236, 237, 238, 239] 20160313
57.9757397415711 [2, 3, 5, 6, 7, 8, 9] [223, 224, 225, 226, 227, 228, 229, 230, 231, 232, 233, 234, 235] 20160313
56.740554668410624 [0, 1, 2, 3, 5, 6] [191, 192, 193, 194, 195, 196, 197, 198, 199, 200] 20160421
56.236602024195044 [2, 3, 5, 6, 7, 8, 9] [239, 240, 241, 242, 243, 244, 245, 246, 247, 248, 249, 250, 251, 252] 20160313
56.213839542983166 [0, 1, 2, 3, 5, 6, 7] [0, 1, 2, 3, 4, 5, 6, 7, 8, 9, 10, 11, 12, 13, 14, 15] 20160313
55.59810971629482 [2, 3, 5, 6, 7, 8, 9] [168, 169, 170, 171, 172, 173, 174] 20160529
54.36962739749623 [2, 3, 5, 6, 7, 8, 9] [206, 207, 208, 209, 210, 211, 212, 213, 214, 215, 216, 217, 218, 219, 220] 20160313
53.53442369366445 [2, 3, 5, 6, 7, 8, 9] [162, 163, 164, 165, 166, 167, 168, 169] 20160529
52.04327188960415 [0, 1, 2, 3, 5, 7, 8] [25, 26, 27, 28, 29, 30, 31, 32, 33, 34, 35, 36] 20160313
51.1984686715224 [0, 1, 2, 3, 4, 5] [60, 61, 62, 63, 64, 65, 66, 67, 68, 69, 70, 71, 72, 73, 74, 75, 76] 20160325
51.157847911956786 [1, 2, 3, 4, 5, 7, 8] [47, 48, 49, 50, 51] 20160325
51.04353839062692 [1, 2, 3, 4, 5, 7, 8] [50, 51, 52, 53, 54, 55, 56, 57] 20160325
51.003885379592205 [1, 2, 3, 4, 5, 6] [29, 30, 31, 32, 33, 34, 35, 36, 37, 38, 39, 40, 41, 42, 43, 44, 45] 20160325
50.319011917576816 [0, 1, 2, 3, 5, 6] [22, 23, 24, 25, 26, 27, 28, 29, 30, 31, 32] 20160313
49.99600707327404 [0, 1, 2, 3, 5, 6] [1, 2, 3] 20160911
49.96942514284773 [1, 2, 3, 4, 5, 6, 7] [20, 21, 22, 23, 24, 25] 20160911
49.86731751641346 [0, 1, 2, 3, 4, 5, 6] [223, 224, 225, 226, 227, 228, 229, 230, 231, 232, 233, 234, 235, 236, 237, 238, 239, 240] 20160529
49.786742314226615 [1, 2, 3, 4, 5, 6, 7] [17, 18, 19] 20160911
49.28872461795004 [0, 1, 2, 3, 5, 6] [190, 191, 192, 193, 194] 20160922
49.018930559859854 [1, 2, 3, 5, 6, 7, 8] [147, 148, 149, 150, 151, 152, 153, 154, 155, 156, 157, 158, 159, 160, 161, 162, 163] 20160529
48.89856993114448 [2, 3, 4, 5, 6, 7, 8] [40, 41, 42, 43, 44, 45, 46, 47, 48, 49, 50, 51, 52, 53] 20160911
48.863973554786824 [1, 2, 3, 5, 6, 7, 8] [38, 39, 40, 41, 42, 43, 44, 45, 46, 47, 48, 49, 50, 51] 20160313
48.02566871945176 [2, 3, 4, 5, 6, 7] [0, 1, 2, 3, 4, 5, 6, 7, 8] 20160529
47.89190092859668 [2, 3, 5, 6, 7, 8, 9] [269, 270, 271, 272, 273, 274, 275, 276, 277, 278, 279, 280, 281, 282, 283, 284, 285, 286] 20160313
47.50320242951794 [1, 2, 3, 4, 5, 6] [29, 30, 31, 32, 33, 34, 35, 36, 37] 20160911
44.71237999589876 [2, 3, 4, 6, 7, 8, 9] [183, 184, 185, 186, 187, 188, 189, 190, 191, 192, 193, 194] 20160313
44.0373128888488 [0, 1, 2, 3, 5, 7, 8] [0, 1, 2, 3, 4, 5, 6, 7, 8] 20160308
43.62970134579739 [2, 3, 4, 5, 6, 7, 9] [190, 191, 192] 20160405
42.705493978331205 [0, 1, 2, 3, 4, 5, 6] [0, 1, 2, 3, 4, 5, 6, 7, 8, 9, 10, 11, 12, 13, 14] 20160328
42.06673580659675 [3, 4, 5, 6, 7, 8, 9] [0, 1, 2, 3, 4, 5, 6, 7, 8, 9, 10] 20160419
41.210073587728154 [3, 4, 5, 6, 7, 8, 9] [98, 99, 100, 101, 102, 103] 20160421
41.14778705009672 [0, 1, 2, 3, 4, 5, 6] [97, 98, 99, 100, 101, 102, 103, 104, 105, 106, 107, 108, 109, 110, 111] 20160325
41.01602157133572 [5, 6, 7, 8, 9] [97, 98, 99, 100, 101, 102, 103, 104, 105, 106, 107, 108, 109, 110, 111, 112] 20160302
40.99100822751226 [3, 4, 5, 6, 7, 8, 9] [170, 171, 172, 173, 174, 175, 176, 177, 178, 179, 180, 181, 182] 20160313
40.98329490392261 [3, 4, 5, 6, 7, 8, 9] [97, 98, 99] 20160421
40.25539271128861 [4, 5, 6, 7, 8, 9] [89, 90, 91, 92, 93, 94, 95, 96, 97, 98, 99, 100, 101, 102] 20160302
40.12507818021259 [0, 1, 2, 3, 4, 5, 6] [112, 113, 114, 115, 116, 117, 118, 119, 120, 121, 122, 123, 124, 125, 126, 127, 128, 129] 20160325
40.099484526801746 [3, 4, 5, 6, 7, 8, 9] [59, 60, 61, 62, 63, 64, 65, 66, 67, 68, 69, 70, 71, 72, 73, 74, 75, 76] 20160313
39.78376537400645 [0, 1, 2, 3, 5, 7, 8] [273, 274, 275, 276, 277, 278, 279, 280, 281, 282, 283, 284, 285, 286] 20160405
39.758455857165764 [2, 3, 5, 6, 7, 8, 9] [78, 79, 80, 81, 82, 83, 84, 85, 86, 87, 88, 89, 90, 91, 92, 93, 94, 95] 20160911
39.684223336388314 [2, 3, 5, 6, 7, 8, 9] [77, 78, 79, 80, 81, 82] 20160911
39.5281726496989 [3, 5, 6, 7, 8, 9] [121, 122, 123, 124, 125, 126, 127, 128] 20160421
39.461622649578246 [1, 2, 3, 5, 7, 8] [6, 7, 8, 9, 10, 11, 12, 13, 14, 15, 16, 17, 18, 19, 20, 21, 22] 20160301
39.14947822810272 [0, 1, 2, 3, 4, 5, 6] [46, 47, 48, 49, 50, 51, 52, 53, 54, 55, 56, 57, 58, 59, 60] 20160328
39.07246623612053 [0, 1, 2, 3, 4, 5, 6] [54, 55, 56, 57, 58, 59, 60, 61, 62, 63, 64, 65, 66, 67, 68, 69, 70, 71] 20160328
39.06841661676687 [0, 1, 2, 3, 4, 5, 6] [37, 38, 39, 40, 41, 42, 43, 44, 45, 46, 47, 48, 49, 50, 51, 52, 53] 20160328
39.01787964427463 [3, 4, 5, 6, 7, 8, 9] [102, 103, 104, 105, 106, 107] 20160421
38.99225344429262 [2, 3, 4, 6, 7, 8, 9] [208, 209, 210, 211, 212, 213, 214, 215, 216, 217, 218, 219, 220, 221, 222] 20160405
38.78379127397193 [0, 1, 2, 3, 4, 5, 6] [2, 3, 4, 5, 6] 20160301
38.32733981079186 [4, 5, 6, 7, 8, 9] [70, 71, 72, 73, 74, 75, 76, 77] 20160911
38.291139150465206 [3, 4, 5, 6, 7, 8, 9] [76, 77, 78, 79, 80, 81, 82, 83, 84, 85, 86, 87, 88] 20160302
37.99256774180846 [0, 1, 2, 3, 4, 5, 6] [77, 78, 79, 80, 81, 82, 83, 84, 85, 86] 20160328
37.97422014088983 [0, 1, 2, 3, 5, 6] [17, 18, 19, 20, 21, 22, 23, 24, 25, 26, 27, 28, 29, 30, 31, 32, 33] 20160419
37.938664839383605 [5, 6, 7, 8, 9] [63, 64, 65, 66, 67, 68, 69, 70, 71] 20160911
37.61492188075504 [0, 1, 2, 3, 5, 7] [285, 286, 287] 20160405
37.58282133641447 [2, 3, 4, 5, 7, 9] [77, 78, 79, 80, 81, 82, 83, 84, 85, 86, 87, 88, 89, 90] 20160421
37.557581295021286 [0, 1, 2, 3, 4, 5] [2, 3, 4, 5, 6, 7, 8, 9, 10, 11, 12, 13, 14, 15, 16, 17, 18] 20160621
37.452567539757574 [5, 6, 7, 8, 9] [67, 68, 69, 70, 71, 72, 73, 74, 75, 76, 77] 20160313
37.36789657619728 [2, 3, 5, 6, 7, 8, 9] [167, 168, 169, 170, 171, 172, 173, 174, 175, 176, 177, 178, 179, 180, 181, 182, 183, 184] 20160325
37.021089703862245 [1, 2, 3, 4, 6, 7, 8] [35, 36, 37, 38, 39, 40, 41, 42] 20160419
36.952721491445054 [1, 2, 3, 4, 5, 6] [126, 127, 128, 129, 130, 131, 132, 133, 134, 135, 136, 137, 138] 20160325
36.21922502697595 [1, 2, 3, 5, 7, 8] [218, 219, 220, 221, 222, 223, 224, 225] 20160328
35.96712343353754 [4, 5, 6, 7, 8, 9] [248, 249, 250, 251, 252, 253, 254, 255, 256, 257] 20160529
35.903900241881836 [2, 3, 4, 5, 7, 9] [71, 72, 73, 74, 75, 76, 77, 78, 79, 80] 20160421
35.89628025845989 [0, 1, 2, 3, 5] [0, 1, 2, 3] 20160621
35.59565623584826 [0, 1, 2, 3, 4, 5, 6] [232, 233, 234, 235, 236, 237, 238, 239, 240, 241, 242, 243, 244, 245, 246, 247, 248, 249] 20160405
35.45898485172317 [0, 1, 2, 3, 4, 5] [26, 27, 28, 29, 30, 31, 32] 20160328
35.251344197171875 [6, 7, 8, 9] [109, 110, 111, 112, 113, 114, 115, 116, 117, 118, 119, 120, 121, 122, 123, 124, 125, 126] 20160302
34.85031374721257 [1, 2, 3, 4, 6, 7, 8] [42, 43, 44, 45, 46, 47, 48, 49, 50, 51, 52, 53] 20160419
34.78931883305526 [0, 1, 2, 3, 4, 5, 6] [105, 106, 107, 108, 109, 110, 111, 112, 113, 114, 115, 116, 117, 118, 119] 20160328
33.50050489277639 [0, 1, 2, 3, 5, 6, 7] [52, 53, 54, 55, 56, 57, 58, 59, 60, 61, 62] 20160419
33.49976859049286 [0, 1, 2, 3] [10, 11, 12, 13, 14, 15, 16, 17, 18, 19, 20, 21, 22, 23, 24, 25] 20160308
32.6591521874509 [0, 1] [23, 24, 25, 26, 27, 28] 20160308
32.521719036263136 [5, 6, 7, 8, 9] [23, 24, 25, 26, 27, 28, 29, 30, 31, 32, 33, 34, 35, 36, 37, 38, 39, 40] 20160301
32.369722087919136 [1, 2, 3, 5, 6, 7, 8] [60, 61, 62, 63, 64, 65, 66, 67, 68, 69, 70, 71, 72, 73, 74, 75, 76, 77] 20160419
32.28710491369762 [1, 2, 3, 4, 5, 7, 8] [184, 185, 186, 187, 188, 189, 190, 191, 192, 193, 194, 195, 196, 197, 198, 199, 200, 201] 20160328
31.995171249964084 [1, 2, 3, 5, 6, 7, 8] [37, 38, 39, 40, 41, 42, 43, 44, 45] 20160621
31.46314929587828 [3, 4, 5, 6, 7, 8, 9] [152, 153, 154, 155, 156, 157, 158, 159, 160, 161, 162, 163, 164] 20160325
31.424880133252344 [1, 2, 3, 5, 6, 7, 8] [69, 70, 71, 72, 73, 74, 75, 76, 77, 78, 79, 80, 81, 82, 83, 84, 85, 86] 20160419
30.550299711417864 [0, 1, 2, 3, 5, 7, 8] [216, 217, 218, 219] 20160628
30.399113922214177 [0, 1, 2, 3, 5, 7, 8] [219, 220, 221, 222, 223] 20160628
30.368876764373432 [0, 1, 2, 3, 5, 7, 8] [211, 212, 213, 214, 215, 216, 217] 20160628
29.766023429923717 [0, 1, 2, 3, 5, 7, 8] [202, 203, 204, 205, 206, 207, 208, 209, 210, 211, 212] 20160628
28.78411228833775 [3, 4, 5, 6, 7, 8, 9] [118, 119, 120] 20160514
28.77987695096756 [3, 4, 5, 6, 7, 8, 9] [215, 216, 217, 218] 20160514
28.083726311166036 [0, 1, 2, 3, 4] [155, 156, 157, 158, 159, 160, 161, 162, 163, 164, 165, 166, 167, 168, 169, 170, 171, 172] 20160328
27.778898676485266 [0, 1, 2, 3, 4] [48, 49, 50, 51] 20160529
27.722551985124714 [3, 4, 5, 6, 7, 8, 9] [139, 140, 141, 142, 143, 144, 145, 146] 20160301
27.716270895529732 [0, 1, 2, 3, 4, 6] [66, 67, 68, 69, 70, 71, 72, 73, 74, 75, 76, 77] 20160529
27.522618505993957 [4, 5, 6, 7, 8, 9] [224, 225, 226, 227, 228, 229, 230, 231, 232, 233, 234, 235, 236, 237] 20160419
27.321293180374784 [4, 5, 6, 7, 8, 9] [252, 253, 254, 255, 256, 257, 258, 259, 260, 261, 262, 263, 264, 265, 266, 267] 20160328
27.231161047162633 [5, 6, 7, 8, 9] [237, 238, 239, 240] 20160419
27.214429972314484 [0, 1] [131, 132, 133, 134, 135, 136, 137, 138, 139, 140, 141, 142, 143, 144, 145, 146, 147] 20160308
27.20880036738764 [5, 6, 7, 8, 9] [234, 235, 236, 237, 238] 20160419
26.923987131885195 [3, 4, 5, 6, 7, 8, 9] [96, 97, 98, 99, 100, 101, 102, 103, 104, 105, 106, 107, 108, 109, 110, 111, 112] 20160514
26.897433892299215 [3, 4, 5, 6, 7, 8, 9] [191, 192, 193, 194, 195, 196, 197, 198, 199, 200, 201, 202, 203, 204, 205, 206, 207] 20160514
26.787031244371303 [0, 1, 2, 3, 5, 7, 8] [198, 199, 200, 201, 202] 20160628
26.65444630780502 [0, 1, 2, 3, 5, 6] [273, 274, 275, 276, 277, 278, 279, 280, 281, 282, 283, 284, 285, 286, 287] 20160529
26.583903362783936 [3, 4, 5, 6, 7, 8, 9] [189, 190, 191, 192, 193, 194, 195] 20160514
26.551637796733335 [0, 1, 2, 3, 5, 7, 8] [122, 123, 124, 125, 126, 127, 128, 129, 130, 131, 132, 133, 134, 135, 136] 20160308
26.377164358398872 [0, 1, 2, 3, 4, 5, 6] [157, 158, 159, 160, 161, 162, 163, 164, 165, 166, 167, 168, 169, 170, 171, 172, 173, 174] 20160312
25.795953851639844 [2, 3, 5, 6, 7, 8] [182, 183, 184, 185, 186, 187, 188, 189, 190, 191, 192, 193, 194, 195, 196, 197, 198, 199] 20160628
25.725248907844446 [0, 1, 2, 3, 5, 7, 8] [114, 115, 116, 117, 118, 119, 120, 121, 122, 123, 124] 20160308
25.71466598568997 [0, 1, 2, 3, 5, 6, 7] [132, 133, 134, 135, 136, 137, 138, 139, 140, 141, 142, 143, 144] 20160412
25.694883605957283 [0, 1, 2, 3, 4, 5] [103, 104, 105, 106, 107, 108, 109, 110, 111, 112, 113, 114, 115, 116, 117, 118, 119, 120] 20160529
25.441143557526832 [0, 1, 2, 3, 4, 5, 6] [121, 122, 123, 124, 125, 126, 127, 128, 129, 130, 131, 132, 133, 134] 20160412
25.440787514483567 [4, 5, 6, 7, 8, 9] [79, 80, 81, 82, 83, 84, 85, 86, 87, 88, 89, 90, 91, 92, 93] 20160514
25.3031821466489 [4, 5, 6, 7, 8, 9] [89, 90, 91, 92, 93, 94, 95, 96, 97, 98, 99, 100, 101] 20160514
25.08115034262661 [0, 1, 2, 3, 4, 5] [98, 99, 100, 101, 102, 103, 104, 105, 106] 20160529
24.987129524216744 [0, 1, 2, 3, 4, 5] [88, 89, 90, 91, 92, 93, 94, 95, 96, 97, 98, 99, 100] 20160529
24.539958297049996 [0, 1, 2, 3, 5, 7, 8] [95, 96, 97, 98, 99, 100, 101, 102, 103, 104, 105, 106, 107, 108, 109, 110, 111, 112] 20160308
24.51607998155 [0, 1, 2, 3, 5, 7, 9] [140, 141, 142, 143, 144, 145] 20160302
23.790985028775182 [0, 1, 2, 3, 4, 5, 6] [109, 110, 111, 112, 113, 114, 115, 116, 117, 118, 119, 120, 121, 122, 123] 20160412
23.359950091428363 [0, 1, 2, 3, 4, 5, 6] [161, 162, 163, 164, 165, 166, 167, 168, 169, 170, 171, 172, 173, 174, 175, 176, 177, 178] 20160302
23.24183619361298 [0, 1, 2, 3, 4, 5, 6] [145, 146, 147, 148, 149, 150, 151, 152, 153, 154, 155, 156, 157, 158, 159, 160, 161, 162] 20160302
23.03490335031171 [0, 1, 2, 3, 4, 5, 6] [283, 284, 285, 286, 287] 20160514
22.81795265850981 [0, 1, 2, 3, 4] [0, 1, 2] 20160628
22.154728000007783 [0, 1, 2, 3, 4, 5, 6] [118, 119, 120, 121, 122, 123, 124, 125, 126, 127, 128] 20160621
21.984438655462014 [3, 4, 5, 6, 7, 8, 9] [116, 117, 118, 119, 120, 121, 122, 123, 124, 125, 126, 127, 128, 129, 130] 20160922
21.97420319870603 [5, 6, 7, 8, 9] [60, 61, 62, 63, 64, 65, 66, 67, 68, 69, 70, 71, 72, 73] 20160308
21.911129113415377 [0, 1] [78, 79, 80, 81, 82, 83] 20160308
21.911129113415377 [0, 1] [82, 83, 84, 85, 86, 87, 88] 20160308
21.70918385925258 [0, 1, 2, 3, 4, 5] [104, 105, 106, 107, 108, 109, 110, 111, 112, 113, 114, 115, 116, 117, 118, 119, 120, 121] 20160621
21.622266753964887 [3, 4, 5, 6, 7, 8, 9] [121, 122, 123, 124, 125, 126, 127, 128, 129, 130, 131, 132, 133, 134, 135] 20160922
21.436595501290256 [0, 1, 2, 3, 4, 5, 6] [123, 124, 125, 126, 127, 128, 129, 130, 131, 132, 133, 134, 135, 136, 137, 138, 139, 140] 20160621
21.06674251905226 [1, 2, 3, 5, 7, 9] [238, 239, 240, 241, 242, 243, 244, 245, 246, 247, 248, 249, 250, 251] 20160628
20.203451394985255 [5, 6, 7, 8, 9] [196, 197, 198, 199, 200, 201, 202, 203, 204, 205, 206, 207, 208, 209, 210, 211] 20160911
19.99701569168333 [6, 7, 8, 9] [214, 215, 216, 217, 218, 219, 220, 221, 222] 20160911
19.988682358349998 [6, 7, 8, 9] [222, 223, 224] 20160911
19.938682358350007 [6, 7, 8, 9] [221, 222, 223] 20160911
19.378852429688738 [2, 3, 5, 6, 7, 8, 9] [273, 274, 275, 276, 277, 278, 279, 280, 281] 20160419
19.14822097035466 [5, 6, 7, 8, 9] [151, 152, 153, 154, 155, 156, 157, 158, 159, 160, 161, 162, 163, 164, 165] 20160412
19.0074612189761 [0, 1, 2, 3, 4, 5, 6] [77, 78, 79, 80, 81, 82, 83, 84, 85, 86, 87, 88, 89, 90, 91, 92, 93, 94] 20160301
18.990502248704846 [1, 2, 3, 5, 7, 8, 9] [222, 223, 224, 225, 226] 20160621
18.240131372215334 [0, 1, 2, 3, 5, 7, 9] [252, 253, 254] 20160628
17.86501470002996 [1, 2, 3, 5, 7, 8, 9] [212, 213, 214, 215, 216, 217, 218, 219, 220, 221] 20160621
17.175061200939396 [3, 4, 5, 6, 7, 8, 9] [126, 127, 128, 129, 130, 131, 132, 133, 134, 135, 136, 137, 138, 139] 20160312
17.099468306337556 [3, 4, 5, 6, 7, 8, 9] [102, 103, 104, 105, 106, 107, 108, 109, 110, 111, 112, 113, 114, 115, 116] 20160312
17.039905971018317 [0, 1, 2] [233, 234, 235, 236, 237, 238] 20160621
17.02387541173571 [3, 4, 5, 6, 7, 8, 9] [114, 115, 116, 117, 118, 119, 120, 121, 122, 123, 124, 125, 126, 127, 128] 20160312
16.92955420431086 [4, 5, 6, 7, 8, 9] [259, 260, 261, 262, 263, 264, 265, 266, 267, 268, 269, 270, 271, 272, 273, 274] 20160302
16.903632492555616 [0, 1, 2, 3, 5, 7, 9] [253, 254, 255, 256, 257, 258, 259, 260, 261] 20160911
16.899285000159864 [5, 6, 7, 8, 9] [281, 282, 283, 284, 285, 286, 287] 20160302
16.79170207083006 [1, 2, 3, 5, 7, 8, 9] [202, 203, 204, 205, 206, 207, 208, 209, 210, 211, 212, 213] 20160621
16.7303864400631 [0, 1, 2, 3, 4, 5, 6] [223, 224, 225, 226, 227, 228, 229, 230] 20160302
16.605892379620386 [1, 2, 3, 5, 6, 7, 9] [0, 1, 2, 3, 4, 5, 6, 7, 8, 9, 10, 11, 12, 13, 14, 15] 20160421
16.547273353134585 [0, 1, 2, 3, 4, 5, 6] [0, 1, 2] 20160412
16.158693439057394 [0, 1, 2, 3, 5, 7, 9] [256, 257, 258, 259, 260, 261, 262, 263, 264, 265, 266, 267, 268, 269, 270] 20160911
16.112606409942707 [0, 1, 2, 3, 5, 7] [11, 12, 13, 14, 15, 16, 17, 18, 19, 20] 20160412
15.913199990496867 [3, 4, 5, 6, 7] [213, 214, 215, 216, 217, 218, 219, 220, 221, 222, 223] 20160302
15.798640578397466 [3, 4, 5, 6, 7, 8, 9] [90, 91, 92, 93, 94, 95, 96, 97, 98, 99, 100, 101, 102, 103] 20160312
15.775437324381642 [1, 2, 3, 4, 5, 7, 8] [0, 1, 2, 3, 4, 5, 6, 7, 8, 9] 20160514
15.697933129781338 [0, 1, 2, 3, 5, 7, 9] [55, 56, 57, 58, 59, 60, 61, 62, 63, 64, 65, 66, 67] 20160301
15.696288410187925 [6, 7, 8, 9] [257, 258, 259, 260] 20160301
15.625624520603674 [0, 1, 2, 3, 5, 7] [20, 21, 22, 23] 20160412
15.58081835635 [6, 7, 8, 9] [259, 260, 261, 262] 20160301
15.460149992135719 [0, 1, 2, 3] [256, 257, 258, 259, 260, 261, 262, 263, 264, 265, 266, 267, 268, 269, 270, 271] 20160621
14.986517324008 [3, 4, 5, 6, 7, 9] [177, 178, 179, 180, 181, 182, 183, 184] 20160412
14.812783244631728 [3, 4, 5, 6, 7, 8, 9] [83, 84, 85, 86, 87, 88, 89, 90, 91, 92, 93] 20160312
13.995386981187496 [0, 1, 2, 3, 4, 6] [285, 286, 287] 20160412
13.99359031113635 [0, 1, 2, 3, 4, 5, 6] [30, 31, 32, 33, 34, 35, 36, 37, 38, 39, 40, 41, 42, 43, 44, 45, 46, 47] 20160412
13.760861180868257 [3, 4, 5, 7, 8, 9] [239, 240, 241, 242, 243, 244, 245, 246, 247, 248, 249, 250, 251, 252, 253, 254, 255, 256] 20160325
13.135652024724466 [0, 1, 2, 3, 4, 6] [0, 1, 2, 3, 4, 5, 6, 7, 8, 9, 10, 11, 12, 13, 14] 20160922
13.081210282586797 [0, 1, 2, 3, 5, 7] [25, 26, 27, 28, 29, 30, 31, 32, 33, 34, 35, 36, 37, 38, 39, 40, 41, 42] 20160628
13.075535882726149 [0, 1, 2, 3, 4, 5, 6] [47, 48, 49, 50, 51, 52, 53, 54, 55, 56, 57, 58, 59, 60, 61, 62, 63] 20160412
12.985590949275354 [3, 4, 5, 7, 8, 9] [252, 253, 254, 255, 256, 257, 258, 259, 260, 261] 20160325
12.598627381283002 [0, 1, 2, 3, 5, 7, 8] [40, 41, 42, 43, 44] 20160628
12.567617453021905 [1, 2, 3, 4, 5, 6] [285, 286, 287] 20160911
12.388461830249796 [5, 6, 7, 8, 9] [0, 1, 2] 20160312
12.247898736744425 [0, 1, 2] [188, 189, 190, 191, 192, 193, 194, 195, 196, 197, 198, 199] 20160621
12.032449465214436 [0, 1, 2, 3, 4, 5, 6] [146, 147, 148, 149, 150, 151, 152, 153, 154, 155] 20160419
11.9716300152608 [0, 1, 2, 3, 5, 7, 9] [33, 34, 35, 36, 37, 38, 39, 40, 41, 42, 43, 44, 45, 46, 47, 48, 49, 50] 20160922
11.954857207064725 [3, 4, 5, 6, 7, 9] [262, 263, 264, 265, 266, 267, 268, 269, 270, 271, 272, 273, 274, 275, 276, 277, 278] 20160325
11.890077624923087 [0, 1, 2, 3, 4, 5, 6] [275, 276, 277, 278, 279, 280, 281, 282, 283, 284, 285, 286, 287] 20160325
11.794506549790158 [3, 4, 5, 6, 7, 9] [40, 41, 42, 43, 44, 45, 46, 47, 48, 49, 50, 51, 52, 53] 20160922
11.603555419743838 [0, 1, 2, 3, 5, 7, 9] [29, 30, 31, 32, 33, 34, 35, 36, 37, 38, 39, 40, 41, 42, 43] 20160922
11.126096337699728 [0, 1, 2, 3, 5, 6, 7] [203, 204, 205, 206, 207, 208, 209, 210, 211, 212] 20160412
10.873461703671692 [0, 1, 2, 3, 5, 7, 8] [259, 260, 261, 262, 263, 264, 265, 266, 267, 268, 269] 20160412
10.83026079829894 [0, 1, 2, 3, 5, 7, 8] [181, 182, 183, 184, 185, 186, 187] 20160621
10.73336529443636 [4, 5, 6, 7, 8] [144, 145, 146, 147, 148, 149, 150, 151, 152, 153, 154, 155, 156] 20160628
10.597266932399997 [0, 1, 2, 3, 5, 7, 9] [13, 14, 15, 16, 17, 18, 19, 20, 21, 22, 23, 24, 25, 26] 20160312
10.465431230849997 [1, 2, 3, 5, 7] [65, 66, 67, 68, 69, 70, 71, 72, 73, 74, 75, 76] 20160628
10.218191435967062 [0, 1, 2, 3, 5, 7] [59, 60, 61, 62, 63, 64, 65, 66, 67] 20160628
10.069616276718907 [0, 1, 2, 3, 4, 5, 7] [117, 118, 119, 120, 121, 122, 123, 124, 125, 126, 127, 128, 129, 130] 20160628
9.880637550550002 [4, 5, 7, 8] [99, 100, 101, 102, 103, 104, 105, 106, 107, 108, 109, 110, 111, 112] 20160628
9.702047825396274 [0, 1, 2, 3, 4, 5, 7] [50, 51, 52, 53, 54, 55, 56, 57, 58, 59, 60, 61, 62, 63, 64, 65] 20160312
9.59317935301924 [0, 1, 2, 3, 4, 5, 7] [70, 71, 72, 73, 74, 75, 76, 77, 78, 79, 80, 81, 82, 83, 84, 85, 86] 20160628
9.553078745539914 [0, 1, 2, 3, 5, 7, 8] [115, 116, 117, 118, 119, 120, 121, 122, 123, 124, 125, 126, 127, 128, 129, 130, 131, 132] 20160324
9.50796281865128 [0, 1, 2, 3, 5, 7, 8] [131, 132, 133, 134, 135, 136, 137, 138, 139] 20160324
9.477138728221869 [0, 1, 2, 3, 5, 7, 8] [140, 141, 142, 143, 144, 145, 146, 147, 148, 149, 150, 151, 152, 153, 154, 155] 20160324
9.29237214266779 [0, 1, 2, 3, 5, 6, 7] [226, 227, 228, 229, 230, 231, 232, 233, 234, 235, 236, 237] 20160412
9.176955813441321 [3, 4, 5, 7, 8] [83, 84, 85, 86, 87, 88, 89, 90, 91, 92, 93, 94, 95, 96, 97, 98, 99] 20160628
8.88788407572857 [0, 1, 2, 3, 5, 7, 8] [106, 107, 108, 109, 110, 111, 112, 113, 114, 115, 116, 117, 118, 119, 120, 121, 122] 20160324
8.803465373934905 [2, 3, 4, 5, 6, 7, 9] [37, 38, 39, 40, 41, 42, 43, 44, 45, 46, 47, 48, 49, 50, 51, 52, 53, 54] 20160312
8.706616819750002 [0, 1, 2, 3, 5, 7, 8] [95, 96, 97, 98, 99, 100, 101, 102, 103, 104, 105, 106, 107, 108, 109, 110, 111, 112] 20160324
8.281824965642386 [2, 3, 4, 5, 7, 9] [26, 27, 28, 29, 30, 31, 32, 33, 34, 35, 36, 37, 38, 39, 40, 41, 42] 20160312
8.2122651083 [5, 7, 8, 9] [156, 157, 158, 159, 160, 161, 162, 163, 164, 165, 166, 167, 168, 169, 170, 171, 172, 173] 20160324
8.057491153749996 [0, 1, 2, 3, 4, 5, 7] [131, 132, 133, 134] 20160628
7.80160724787341 [0, 1, 2, 3, 4] [64, 65, 66, 67, 68, 69, 70, 71, 72] 20160324
7.756885888323415 [0, 1, 2, 3, 4] [58, 59, 60, 61, 62, 63, 64, 65, 66] 20160324
6.064557308133289 [0, 1, 2, 3, 5, 7, 9] [5, 6, 7, 8, 9, 10, 11, 12, 13, 14, 15, 16, 17, 18, 19, 20] 20160324
5.308972842481486 [0, 1, 2, 3, 4, 6] [1, 2, 3, 4, 5, 6, 7, 8, 9, 10, 11] 20160324
