49.513345964208774 [3, 4, 5, 6, 7, 8, 9] [34, 35, 36, 37, 38, 39, 40, 41, 42, 43, 44, 45, 46, 47, 48, 49, 50, 51, 52, 53, 54, 55, 56, 57, 58, 59, 60, 61, 62, 63, 64, 65, 66, 67, 68, 69] 20160309
42.42360467626261 [3, 4, 5, 6, 7, 8, 9] [41, 42, 43, 44, 45, 46, 47, 48, 49, 50, 51, 52, 53, 54, 55, 56, 57, 58, 59, 60, 61, 62, 63, 64, 65, 66, 67, 68, 69, 70, 71, 72, 73, 74, 75, 76] 20160302
41.97767928358731 [3, 4, 5, 6, 7, 8, 9] [169, 170, 171, 172, 173, 174, 175, 176, 177, 178, 179, 180, 181, 182, 183, 184, 185, 186, 187, 188, 189, 190, 191, 192, 193, 194, 195, 196, 197, 198, 199, 200, 201, 202, 203, 204] 20160312
41.41886930925628 [1, 2, 3, 4, 5, 6, 7] [191, 192, 193, 194, 195, 196, 197, 198, 199, 200, 201, 202, 203, 204, 205, 206, 207, 208, 209, 210, 211, 212, 213, 214, 215, 216, 217, 218, 219, 220, 221, 222, 223, 224] 20160324
39.311454896901374 [3, 4, 5, 6, 7, 8, 9] [67, 68, 69, 70, 71, 72, 73, 74, 75, 76, 77, 78, 79, 80, 81, 82, 83, 84, 85, 86] 20160302
38.87364604899901 [3, 4, 5, 6, 7, 8, 9] [187, 188, 189, 190, 191, 192, 193, 194, 195, 196, 197, 198, 199, 200, 201, 202, 203, 204, 205, 206, 207, 208, 209, 210, 211, 212, 213, 214, 215, 216, 217, 218, 219, 220, 221, 222] 20160312
35.309678948260256 [3, 4, 5, 6, 7, 8, 9] [148, 149, 150, 151, 152, 153, 154, 155, 156, 157, 158, 159, 160, 161, 162, 163, 164, 165, 166, 167, 168, 169, 170, 171, 172, 173, 174, 175, 176, 177, 178, 179, 180, 181, 182] 20160421
33.675931589968734 [0, 1, 2, 3, 4] [58, 59, 60, 61, 62, 63, 64, 65, 66, 67, 68, 69, 70, 71, 72, 73, 74, 75, 76, 77, 78, 79, 80, 81, 82, 83, 84, 85, 86, 87, 88, 89, 90, 91, 92, 93] 20160325
33.66418974025746 [0, 1, 2, 3, 4] [46, 47, 48, 49, 50, 51, 52, 53, 54, 55, 56, 57, 58, 59, 60, 61, 62, 63, 64, 65, 66, 67, 68, 69, 70, 71, 72, 73, 74, 75, 76, 77, 78, 79, 80, 81] 20160325
32.98971274910007 [3, 4, 5, 6, 7, 8, 9] [224, 225, 226, 227, 228, 229, 230, 231, 232, 233, 234, 235, 236, 237, 238, 239, 240, 241, 242, 243, 244, 245, 246, 247, 248, 249, 250, 251, 252, 253, 254, 255, 256, 257] 20160529
32.596584752087146 [4, 5, 6, 7, 8, 9] [157, 158, 159, 160, 161, 162, 163, 164, 165, 166, 167, 168, 169, 170, 171, 172, 173, 174, 175, 176, 177, 178, 179, 180, 181, 182, 183, 184, 185, 186, 187, 188, 189, 190, 191, 192] 20160309
32.54596941250944 [5, 6, 7, 8, 9] [89, 90, 91, 92, 93, 94, 95, 96, 97, 98, 99, 100, 101, 102, 103, 104, 105, 106, 107, 108, 109, 110, 111, 112, 113, 114, 115, 116, 117, 118, 119, 120] 20160309
32.50044510173389 [3, 4, 5, 6, 7, 8, 9] [224, 225, 226, 227, 228, 229, 230, 231, 232, 233, 234, 235, 236, 237, 238, 239, 240, 241, 242, 243, 244, 245, 246] 20160813
31.991542936289346 [3, 4, 5, 6, 7, 8, 9] [63, 64, 65, 66, 67, 68, 69] 20160302
31.626177279047106 [3, 4, 5, 6, 7, 8, 9] [232, 233, 234, 235, 236, 237, 238, 239, 240, 241, 242] 20160813
31.528960455460584 [3, 4, 5, 6, 7, 8, 9] [88, 89, 90, 91, 92, 93, 94, 95, 96, 97, 98, 99, 100, 101, 102, 103, 104, 105, 106, 107, 108, 109, 110, 111, 112, 113, 114, 115, 116] 20160325
30.74869813664787 [2, 3, 5, 7, 8, 9] [238, 239, 240, 241, 242, 243, 244, 245, 246, 247, 248, 249, 250, 251, 252, 253, 254, 255, 256, 257, 258, 259, 260, 261, 262, 263, 264, 265, 266, 267, 268, 269, 270, 271, 272, 273] 20160813
30.38645380757682 [3, 4, 5, 6, 7, 8, 9] [138, 139, 140, 141, 142, 143, 144, 145, 146, 147, 148, 149, 150, 151, 152, 153, 154, 155, 156, 157, 158, 159, 160, 161, 162, 163, 164, 165, 166, 167, 168, 169, 170, 171, 172, 173] 20160313
30.31643346610268 [1, 2, 3, 4, 5, 6, 7] [181, 182, 183, 184, 185, 186, 187, 188, 189, 190, 191, 192, 193, 194, 195, 196, 197, 198, 199, 200, 201, 202, 203, 204, 205, 206, 207, 208, 209, 210, 211, 212, 213, 214, 215, 216] 20160529
30.06160974818194 [3, 4, 5, 6, 7, 8, 9] [144, 145, 146, 147, 148, 149, 150, 151, 152, 153, 154, 155, 156, 157, 158, 159, 160, 161, 162, 163, 164, 165, 166, 167, 168, 169, 170, 171, 172, 173, 174, 175, 176, 177, 178, 179] 20160922
29.937331460612405 [3, 4, 5, 6, 7, 8, 9] [137, 138, 139, 140, 141, 142, 143, 144, 145, 146, 147, 148, 149, 150, 151, 152, 153, 154, 155, 156, 157, 158, 159, 160, 161, 162, 163, 164, 165, 166, 167, 168, 169, 170, 171, 172] 20160405
29.810677339785954 [3, 4, 5, 6, 7, 8, 9] [124, 125, 126, 127, 128, 129, 130, 131, 132, 133, 134, 135, 136, 137, 138, 139, 140, 141, 142, 143, 144, 145, 146, 147, 148, 149, 150, 151, 152, 153, 154, 155, 156] 20160421
28.960274691447292 [5, 6, 7, 8, 9] [97, 98, 99, 100, 101, 102, 103, 104, 105, 106, 107, 108, 109, 110, 111, 112, 113] 20160302
28.106698094542814 [3, 4, 5, 6, 7, 8, 9] [248, 249, 250, 251, 252, 253, 254, 255, 256, 257, 258, 259, 260, 261, 262, 263, 264, 265, 266, 267, 268, 269, 270, 271, 272, 273, 274, 275, 276, 277, 278, 279, 280] 20160324
27.988689186858853 [3, 4, 5, 6, 7, 8, 9] [33, 34, 35, 36, 37, 38, 39, 40, 41, 42, 43, 44, 45, 46, 47, 48, 49, 50, 51, 52, 53, 54, 55] 20160621
27.59274259152372 [0, 1, 2, 3, 4] [24, 25, 26, 27, 28, 29, 30, 31, 32, 33, 34, 35, 36, 37, 38, 39, 40, 41, 42, 43, 44, 45, 46, 47, 48, 49, 50, 51, 52, 53, 54, 55, 56] 20160412
27.42584936404307 [1, 2, 3, 4, 5, 6, 7] [6, 7, 8, 9, 10, 11, 12, 13, 14, 15, 16, 17, 18, 19, 20, 21, 22, 23, 24, 25, 26, 27, 28, 29, 30, 31, 32, 33, 34, 35] 20160301
26.622872567587443 [3, 4, 5, 6, 7, 8, 9] [21, 22, 23, 24, 25, 26, 27, 28, 29, 30, 31, 32, 33, 34, 35, 36, 37, 38, 39, 40, 41, 42, 43, 44, 45, 46, 47, 48, 49, 50, 51, 52, 53, 54, 55, 56] 20160911
26.44768369401037 [3, 4, 5, 6, 7, 8, 9] [29, 30, 31, 32, 33, 34, 35, 36, 37, 38, 39, 40, 41, 42, 43, 44, 45, 46, 47, 48, 49, 50, 51, 52, 53, 54, 55, 56, 57, 58, 59, 60, 61, 62, 63, 64] 20160313
26.40349067831753 [5, 6, 7, 8, 9] [166, 167, 168, 169, 170, 171, 172, 173, 174, 175, 176, 177, 178, 179, 180, 181, 182, 183, 184, 185, 186, 187, 188, 189, 190, 191] 20160529
25.986666666666665 [2, 3, 4, 5] [61, 62, 63, 64, 65, 66, 67, 68] 20160325
25.694864796218408 [0, 1, 2, 3, 4, 5, 6] [67, 68, 69, 70, 71, 72, 73, 74, 75, 76, 77, 78, 79, 80, 81, 82, 83, 84, 85, 86, 87, 88, 89, 90, 91, 92, 93, 94, 95, 96, 97, 98, 99, 100, 101, 102] 20160419
25.59764393454992 [3, 4, 5, 6, 7, 8, 9] [93, 94, 95, 96, 97, 98, 99, 100, 101, 102, 103] 20160325
25.538849460970706 [1, 2, 3, 4, 5, 6, 7] [79, 80, 81, 82, 83, 84, 85, 86, 87, 88, 89, 90, 91, 92, 93, 94, 95, 96, 97, 98, 99] 20160421
25.489860444095417 [4, 5, 6, 7, 8, 9] [147, 148, 149, 150, 151, 152, 153, 154, 155, 156, 157, 158, 159, 160, 161, 162, 163, 164, 165, 166, 167, 168, 169, 170, 171, 172, 173, 174, 175, 176, 177, 178, 179, 180, 181, 182] 20160308
25.253696264111504 [3, 4, 5, 6, 7, 8, 9] [255, 256, 257, 258, 259, 260, 261, 262, 263, 264, 265, 266, 267, 268, 269, 270, 271, 272, 273, 274, 275, 276, 277, 278, 279, 280, 281, 282, 283, 284, 285, 286, 287] 20160308
24.513930419997692 [5, 6, 7, 8, 9] [215, 216, 217, 218, 219, 220, 221, 222, 223, 224, 225, 226, 227, 228, 229, 230, 231, 232, 233, 234, 235, 236, 237, 238, 239, 240, 241, 242, 243, 244, 245, 246, 247, 248, 249, 250] 20160628
24.28597036153555 [2, 3, 4, 5, 6, 7] [214, 215, 216, 217, 218, 219, 220, 221, 222, 223, 224, 225, 226, 227, 228, 229, 230, 231, 232, 233, 234, 235, 236] 20160529
24.01208638682823 [4, 5, 6, 7, 8, 9] [52, 53, 54, 55, 56, 57, 58, 59, 60, 61, 62, 63, 64, 65, 66, 67, 68, 69, 70, 71, 72, 73, 74, 75, 76, 77, 78, 79, 80, 81, 82, 83, 84, 85, 86, 87] 20160313
23.10030225986322 [0, 1, 2, 3, 4, 6] [2, 3, 4, 5, 6, 7, 8, 9, 10, 11, 12, 13, 14, 15, 16, 17, 18, 19, 20, 21, 22, 23, 24, 25, 26, 27, 28, 29, 30, 31, 32, 33] 20160621
23.005437590494967 [3, 4, 5, 6, 7, 8, 9] [237, 238, 239, 240, 241, 242, 243, 244, 245, 246, 247, 248, 249] 20160514
22.99616846175212 [3, 4, 5, 6, 7, 8, 9] [56, 57, 58, 59, 60, 61, 62, 63, 64, 65, 66, 67, 68, 69, 70, 71, 72, 73, 74, 75, 76, 77, 78, 79, 80, 81, 82, 83, 84, 85, 86, 87, 88, 89, 90, 91] 20160412
22.717863893879347 [3, 4, 5, 6, 7, 8, 9] [252, 253, 254, 255, 256, 257, 258, 259, 260, 261, 262, 263, 264, 265, 266, 267, 268, 269, 270, 271, 272, 273, 274, 275, 276, 277, 278, 279, 280, 281, 282, 283, 284, 285, 286, 287] 20160312
22.682275018172238 [2, 3, 4, 5, 6, 7] [107, 108, 109, 110, 111, 112, 113, 114, 115, 116, 117, 118, 119, 120, 121, 122, 123, 124, 125, 126, 127, 128, 129, 130, 131, 132, 133, 134, 135, 136, 137, 138, 139, 140, 141, 142] 20160405
22.618394648829423 [6, 7, 8, 9] [250, 251, 252, 253, 254, 255, 256, 257, 258, 259, 260, 261, 262, 263, 264, 265, 266, 267, 268, 269, 270, 271, 272, 273, 274, 275, 276, 277, 278, 279, 280, 281, 282, 283, 284, 285] 20160922
22.48443950319007 [1, 2, 3, 4, 5, 6, 7] [63, 64, 65, 66, 67, 68, 69, 70, 71, 72, 73, 74, 75, 76, 77, 78, 79, 80] 20160419
22.196524393992753 [3, 4, 5, 6, 7, 8, 9] [261, 262, 263, 264, 265, 266, 267, 268, 269, 270, 271, 272, 273, 274, 275, 276, 277, 278, 279, 280, 281, 282, 283, 284, 285, 286, 287] 20160922
21.98378816648215 [3, 4, 5, 6, 7, 8, 9] [237, 238, 239, 240, 241, 242, 243, 244, 245, 246, 247, 248] 20160813
21.959735881836092 [3, 4, 5, 6, 7, 8, 9] [10, 11, 12, 13, 14, 15, 16] 20160301
21.745761081185456 [0, 1, 2, 3, 4, 6] [35, 36, 37, 38, 39, 40, 41, 42, 43, 44, 45, 46] 20160412
21.69516075072965 [3, 4, 5, 6, 7, 8, 9] [59, 60, 61, 62, 63, 64, 65, 66, 67, 68, 69, 70, 71, 72, 73, 74, 75, 76, 77] 20160412
21.67048106157485 [4, 5, 6, 7, 8, 9] [3, 4, 5, 6, 7, 8, 9, 10, 11, 12, 13, 14, 15, 16, 17, 18, 19, 20, 21, 22, 23, 24, 25, 26, 27, 28, 29, 30, 31, 32, 33, 34, 35, 36, 37, 38] 20160421
21.405128205128193 [6, 7, 8, 9] [189, 190, 191, 192, 193, 194, 195, 196, 197, 198, 199, 200, 201, 202, 203, 204] 20160628
21.00972203859176 [1, 2, 3, 4, 5] [66, 67, 68, 69, 70, 71, 72, 73, 74, 75, 76, 77, 78, 79, 80, 81, 82, 83, 84, 85, 86, 87, 88, 89, 90, 91, 92, 93, 94, 95, 96, 97, 98, 99, 100, 101] 20160911
20.99844623881597 [1, 2, 3, 4, 5, 6, 7] [243, 244, 245, 246, 247, 248, 249, 250, 251, 252, 253, 254, 255, 256, 257, 258, 259] 20160813
20.738619892114 [3, 4, 5, 6, 7, 8, 9] [185, 186, 187, 188, 189, 190, 191, 192, 193, 194, 195, 196, 197, 198] 20160813
20.324180525905277 [3, 4, 5, 6, 7, 8, 9] [32, 33, 34, 35, 36, 37, 38, 39, 40, 41, 42, 43, 44, 45, 46, 47, 48, 49, 50, 51, 52, 53, 54, 55, 56, 57, 58, 59] 20160308
20.051984432813878 [3, 4, 5, 6, 7, 8, 9] [129, 130, 131, 132, 133, 134, 135, 136, 137, 138, 139, 140, 141, 142, 143, 144, 145, 146, 147, 148, 149, 150, 151, 152, 153, 154, 155, 156, 157] 20160922
19.975422398537614 [3, 4, 5, 6, 7, 8, 9] [50, 51, 52] 20160911
19.948166425435772 [5, 6, 7, 8, 9] [106, 107, 108, 109, 110, 111, 112, 113, 114, 115, 116, 117, 118, 119, 120, 121, 122, 123, 124, 125, 126, 127, 128, 129, 130, 131, 132, 133, 134, 135, 136, 137, 138, 139, 140, 141] 20160302
19.9209055101145 [3, 4, 5, 6, 7, 8, 9] [177, 178, 179, 180, 181, 182, 183, 184, 185, 186, 187, 188, 189, 190, 191, 192, 193, 194, 195, 196, 197, 198, 199, 200, 201, 202, 203, 204, 205, 206, 207, 208, 209, 210, 211, 212] 20160325
19.84313483298443 [0, 1, 2, 3, 4, 5, 6] [39, 40, 41, 42, 43, 44, 45, 46] 20160412
19.695889624692274 [3, 4, 5, 6, 7, 8, 9] [247, 248, 249, 250, 251, 252, 253, 254, 255, 256, 257, 258, 259, 260, 261, 262, 263, 264, 265, 266, 267, 268, 269, 270, 271, 272, 273, 274, 275, 276, 277, 278, 279, 280, 281, 282] 20160421
19.35096896798712 [0, 1, 2, 3, 4, 5] [199, 200, 201, 202, 203, 204, 205, 206, 207, 208, 209, 210, 211, 212, 213, 214] 20160813
19.336491497784134 [7, 8, 9] [103, 104, 105, 106, 107, 108, 109, 110, 111, 112, 113, 114, 115, 116, 117, 118, 119, 120, 121, 122, 123, 124, 125, 126, 127, 128, 129, 130, 131, 132, 133, 134, 135, 136, 137, 138] 20160911
19.04940943966504 [2, 3, 4, 5, 6, 7, 8] [5, 6, 7, 8, 9, 10, 11, 12, 13, 14, 15, 16, 17, 18, 19, 20, 21, 22, 23] 20160309
18.99760218787857 [8, 9] [154, 155, 156, 157, 158, 159, 160, 161, 162, 163, 164, 165, 166, 167, 168, 169, 170, 171, 172, 173, 174, 175, 176, 177, 178, 179, 180, 181, 182, 183, 184, 185, 186, 187, 188] 20160325
18.978541100975814 [3, 4, 5, 6, 7, 8, 9] [140, 141, 142, 143, 144, 145, 146, 147, 148, 149, 150, 151, 152, 153, 154, 155, 156, 157, 158, 159, 160, 161, 162, 163, 164, 165, 166, 167, 168, 169] 20160312
18.730000000000018 [6, 7, 8, 9] [122, 123, 124, 125, 126, 127, 128, 129, 130, 131, 132, 133, 134, 135, 136, 137, 138, 139, 140, 141, 142, 143, 144, 145, 146, 147, 148, 149, 150, 151, 152, 153, 154, 155, 156, 157] 20160529
18.40686983554936 [1, 2, 3, 4, 5, 6, 7] [203, 204, 205, 206, 207, 208, 209, 210] 20160529
18.258228037990907 [2, 3, 4, 5, 6, 7, 8] [242, 243, 244, 245, 246, 247, 248, 249, 250, 251, 252, 253, 254, 255, 256, 257, 258, 259, 260, 261, 262] 20160324
18.198359434605933 [3, 4, 5, 6, 7, 8, 9] [12, 13, 14, 15, 16, 17, 18, 19, 20, 21, 22, 23, 24, 25, 26, 27, 28, 29, 30] 20160419
17.8662313379801 [8, 9] [181, 182, 183, 184, 185, 186, 187, 188, 189, 190, 191, 192, 193, 194, 195] 20160325
17.82878605640043 [4, 5, 6, 7, 8, 9] [52, 53, 54, 55, 56, 57, 58, 59, 60, 61, 62, 63, 64, 65, 66] 20160313
17.814725494501577 [3, 4, 5, 6, 7, 8, 9] [115, 116, 117, 118, 119, 120, 121, 122, 123, 124, 125, 126, 127, 128, 129, 130, 131, 132, 133, 134, 135, 136, 137, 138, 139, 140, 141, 142, 143, 144, 145, 146, 147, 148, 149, 150] 20160514
17.80025126288594 [0, 1, 2, 3, 4, 5] [70, 71, 72, 73, 74, 75, 76, 77, 78, 79, 80, 81, 82, 83, 84, 85, 86, 87, 88, 89, 90, 91, 92, 93, 94, 95, 96, 97, 98, 99, 100, 101, 102, 103, 104, 105] 20160621
17.700076271022105 [1, 2, 3, 4, 5, 6, 7] [210, 211, 212, 213, 214, 215, 216, 217, 218, 219, 220, 221, 222, 223, 224] 20160324
17.66691823720254 [0, 1, 2] [188, 189, 190, 191, 192] 20160312
17.447894362359264 [3, 4, 5, 6, 7, 8, 9] [34, 35, 36, 37, 38, 39, 40, 41, 42, 43, 44, 45, 46, 47, 48, 49, 50, 51, 52, 53, 54, 55, 56, 57, 58, 59, 60, 61, 62, 63, 64, 65, 66, 67, 68, 69] 20160405
17.407110616067214 [2, 3, 4] [254, 255, 256, 257, 258, 259, 260, 261, 262, 263, 264, 265, 266, 267, 268, 269, 270, 271, 272, 273, 274, 275, 276, 277, 278, 279, 280, 281, 282, 283, 284, 285] 20160911
17.224291497975713 [1, 2, 3, 4] [208, 209, 210, 211, 212, 213, 214, 215, 216, 217, 218, 219, 220, 221, 222, 223, 224, 225, 226, 227, 228, 229, 230, 231, 232, 233, 234, 235, 236, 237, 238, 239] 20160328
17.169036186444146 [3, 4, 5, 6, 7, 8, 9] [81, 82, 83, 84, 85, 86, 87, 88, 89, 90, 91, 92, 93, 94, 95, 96, 97, 98, 99, 100, 101, 102, 103, 104, 105, 106, 107, 108, 109, 110, 111, 112, 113, 114, 115, 116] 20160514
17.02395371234308 [1, 2, 3, 4, 5, 6] [55, 56, 57, 58, 59, 60, 61, 62, 63] 20160412
16.57030610079091 [1, 2, 3, 4, 5, 6, 7] [215, 216, 217, 218, 219, 220, 221, 222, 223, 224, 225, 226, 227, 228, 229, 230, 231, 232, 233, 234] 20160328
16.55127374644495 [2, 3, 4] [205, 206, 207, 208, 209, 210, 211, 212, 213, 214, 215, 216, 217, 218, 219, 220, 221, 222, 223, 224, 225, 226, 227, 228, 229, 230, 231, 232, 233, 234, 235, 236, 237, 238, 239] 20160514
16.35124708546721 [5, 6, 7, 8, 9] [174, 175, 176, 177, 178, 179, 180, 181, 182, 183, 184, 185, 186, 187, 188, 189, 190, 191, 192, 193, 194, 195, 196, 197, 198, 199, 200, 201, 202, 203, 204, 205, 206, 207, 208] 20160421
16.222693320311194 [3, 4, 5, 6, 7, 8, 9] [103, 104, 105, 106, 107, 108, 109, 110, 111, 112, 113, 114, 115, 116] 20160302
15.671459780596042 [7, 8, 9] [112, 113, 114, 115, 116, 117, 118, 119, 120, 121, 122, 123, 124, 125, 126, 127, 128, 129, 130] 20160911
15.462526590807482 [2, 3, 4, 6, 7, 8, 9] [69, 70, 71, 72, 73, 74, 75] 20160419
15.354934429416879 [4, 5, 6, 7, 8, 9] [129, 130, 131, 132, 133, 134, 135, 136, 137, 138, 139, 140, 141, 142, 143, 144, 145, 146, 147, 148, 149, 150, 151, 152, 153, 154, 155, 156, 157, 158, 159, 160, 161, 162] 20160309
15.3419731147351 [2, 3, 4] [226, 227, 228, 229, 230, 231, 232, 233, 234, 235, 236, 237, 238, 239, 240] 20160514
15.286573809816742 [5, 6, 7, 8, 9] [0, 1, 2, 3, 4, 5, 6, 7, 8, 9, 10, 11, 12, 13, 14, 15, 16, 17, 18, 19, 20, 21, 22, 23] 20160514
15.28345529138296 [2, 3, 4, 5, 7, 8, 9] [2, 3, 4, 5, 6, 7, 8, 9, 10, 11, 12, 13, 14, 15, 16, 17, 18, 19, 20, 21, 22, 23, 24, 25, 26, 27, 28, 29, 30, 31, 32, 33, 34, 35, 36, 37] 20160325
15.235826200111367 [0, 1, 2, 3, 4, 5] [23, 24, 25, 26, 27, 28] 20160621
15.008977698054187 [3, 4, 5, 6, 7, 8, 9] [237, 238, 239, 240, 241, 242, 243, 244, 245, 246, 247, 248, 249, 250, 251, 252, 253, 254, 255, 256, 257, 258, 259, 260, 261, 262, 263, 264, 265, 266, 267, 268, 269, 270, 271, 272] 20160328
14.796103896103887 [1, 2, 3, 5, 7, 8, 9] [21, 22, 23, 24, 25, 26, 27, 28, 29, 30, 31, 32, 33, 34, 35, 36, 37, 38, 39, 40, 41, 42, 43, 44, 45, 46, 47, 48, 49] 20160308
14.661871848816267 [3, 4, 5, 6, 7, 8, 9] [104, 105, 106, 107, 108, 109, 110] 20160325
14.431943461069004 [3, 4, 5, 6, 7, 8, 9] [269, 270, 271, 272, 273, 274, 275, 276, 277, 278, 279, 280, 281, 282, 283, 284, 285] 20160529
14.247865337188793 [4, 5, 6, 7, 8, 9] [244, 245, 246, 247, 248, 249, 250, 251, 252, 253, 254, 255, 256, 257, 258, 259, 260, 261, 262, 263, 264, 265, 266, 267, 268, 269, 270, 271, 272, 273, 274, 275, 276, 277, 278, 279] 20160309
14.220913296972174 [3, 4, 5, 6, 7, 8, 9] [147, 148, 149, 150, 151, 152, 153, 154, 155, 156, 157, 158, 159, 160, 161, 162, 163, 164, 165, 166, 167, 168, 169, 170, 171, 172, 173, 174, 175, 176, 177, 178] 20160529
14.062072493501802 [5, 6, 7, 8, 9] [91, 92, 93, 94, 95, 96, 97, 98, 99, 100, 101, 102, 103, 104, 105, 106, 107, 108, 109, 110, 111, 112, 113, 114, 115, 116, 117, 118, 119, 120, 121, 122, 123, 124, 125, 126] 20160313
14.033333333333331 [2, 3, 4, 5] [244, 245, 246, 247, 248, 249, 250] 20160324
13.962091533864124 [1, 2, 3, 4, 5, 6] [75, 76, 77] 20160628
13.919523159936178 [5, 6, 7, 8, 9] [0, 1, 2, 3, 4, 5, 6, 7, 8, 9, 10, 11, 12, 13, 14, 15, 16] 20160421
13.758852137249304 [4, 5, 6, 7, 8, 9] [122, 123, 124, 125, 126, 127, 128, 129, 130, 131, 132, 133, 134, 135, 136, 137, 138, 139, 140, 141, 142, 143, 144, 145, 146, 147, 148, 149, 150, 151, 152, 153, 154, 155, 156, 157] 20160628
13.652076765093279 [3, 4, 5, 6, 7, 8, 9] [2, 3, 4, 5, 6, 7, 8, 9, 10, 11] 20160313
13.484526317227466 [8, 9] [159, 160, 161, 162, 163, 164, 165, 166, 167, 168, 169, 170, 171, 172, 173, 174, 175, 176, 177, 178, 179, 180, 181, 182, 183, 184, 185, 186, 187, 188, 189, 190, 191] 20160324
13.466666666666669 [0, 1, 2, 3] [200, 201, 202, 203, 204] 20160813
13.374591938350278 [0, 1, 2, 3, 4, 5, 6] [122, 123, 124, 125, 126, 127, 128, 129, 130, 131, 132, 133, 134, 135, 136, 137, 138, 139, 140, 141, 142, 143, 144, 145, 146, 147, 148, 149, 150, 151, 152, 153, 154, 155, 156, 157] 20160621
13.34154236543828 [3, 4, 5, 6, 7, 8, 9] [1, 2, 3, 4, 5, 6, 7, 8, 9, 10, 11, 12, 13, 14, 15, 16, 17, 18, 19, 20, 21, 22, 23, 24, 25, 26, 27, 28, 29, 30, 31, 32, 33] 20160529
13.16261277254636 [1, 2, 3, 4, 5, 6, 7] [113, 114, 115, 116, 117, 118, 119, 120] 20160529
13.15375991874567 [0, 1, 2, 3, 4, 5] [1, 2, 3, 4, 5, 6, 7, 8, 9] 20160301
13.093420268248765 [1, 2, 3, 4, 5] [33, 34, 35, 36, 37, 38, 39, 40, 41, 42] 20160308
13.052373134585324 [1, 2, 3, 4, 5, 6, 7] [115, 116, 117, 118, 119] 20160529
12.924472909948786 [5, 6, 7, 8, 9] [251, 252, 253, 254, 255, 256, 257, 258, 259, 260, 261, 262, 263, 264, 265, 266, 267, 268, 269] 20160922
12.885341720342543 [0, 1, 2, 3, 5, 7, 9] [142, 143, 144, 145, 146, 147, 148, 149, 150, 151, 152, 153, 154, 155, 156, 157, 158, 159, 160, 161, 162, 163, 164, 165, 166, 167, 168, 169] 20160328
12.726063806220667 [1, 2, 3, 4, 5, 6, 7] [202, 203, 204, 205, 206, 207, 208, 209, 210] 20160324
12.656669024118958 [1, 2, 3, 4, 5, 6] [116, 117, 118, 119, 120, 121, 122, 123, 124, 125, 126, 127, 128] 20160421
12.566558441558435 [6, 7, 8, 9] [106, 107, 108, 109, 110, 111, 112, 113, 114, 115, 116, 117, 118, 119, 120, 121, 122, 123, 124, 125, 126, 127, 128, 129, 130, 131, 132, 133, 134, 135, 136, 137, 138, 139, 140, 141] 20160412
12.528500841414882 [7, 8, 9] [29, 30, 31, 32] 20160421
12.453929385654032 [3, 4, 5, 6, 7, 8, 9] [148, 149, 150, 151, 152, 153, 154, 155, 156, 157, 158, 159, 160, 161, 162, 163, 164, 165, 166, 167, 168] 20160529
12.332140833239952 [2, 3, 4, 5, 6, 7, 8] [235, 236, 237, 238, 239, 240, 241, 242, 243, 244, 245, 246, 247, 248, 249, 250, 251] 20160328
12.237242506654304 [1, 2, 3, 4, 5, 6] [188, 189, 190, 191, 192, 193, 194, 195, 196, 197, 198, 199, 200, 201] 20160324
12.074767078498844 [2, 3, 4, 5, 6] [80, 81, 82, 83, 84, 85] 20160911
11.879650693985452 [1, 2, 3, 4, 5, 6, 7] [4, 5, 6, 7, 8, 9, 10, 11, 12, 13, 14, 15, 16, 17, 18, 19, 20, 21, 22, 23, 24, 25, 26, 27, 28, 29, 30, 31, 32, 33, 34, 35, 36, 37, 38] 20160628
11.870234113712371 [0, 1, 2, 3] [113, 114, 115, 116, 117, 118, 119, 120, 121, 122, 123, 124, 125, 126, 127, 128, 129, 130, 131, 132, 133, 134, 135, 136, 137, 138, 139, 140, 141, 142, 143, 144, 145, 146, 147, 148] 20160325
11.821718227424743 [1, 2, 3, 5] [170, 171, 172, 173, 174, 175, 176, 177, 178, 179, 180, 181, 182, 183, 184, 185, 186, 187, 188, 189, 190, 191, 192, 193, 194, 195, 196, 197, 198, 199, 200, 201, 202, 203, 204, 205] 20160419
11.813034947808099 [1, 2, 3, 5, 7, 8, 9] [148, 149, 150, 151, 152, 153, 154, 155, 156, 157, 158, 159, 160, 161, 162, 163, 164, 165, 166, 167, 168, 169, 170, 171, 172, 173, 174, 175, 176, 177, 178, 179, 180, 181, 182, 183] 20160514
11.798375594405645 [2, 3, 4, 5, 6, 7] [7, 8, 9, 10, 11, 12, 13, 14, 15, 16, 17] 20160313
11.741220833740693 [4, 5, 6, 7, 8, 9] [40, 41, 42, 43, 44, 45, 46, 47, 48, 49, 50, 51, 52, 53, 54, 55] 20160309
11.729497479053009 [1, 2, 3, 4, 5, 6, 7] [165, 166, 167, 168, 169, 170, 171, 172, 173, 174, 175, 176, 177, 178, 179, 180, 181, 182, 183, 184, 185, 186, 187, 188] 20160419
11.670703005473806 [3, 4, 5, 6, 7, 8, 9] [99, 100, 101, 102, 103, 104, 105, 106, 107, 108] 20160514
11.641305768684212 [2, 3, 4, 5, 6, 7, 8] [281, 282, 283, 284, 285, 286] 20160911
11.615059896838908 [5, 6, 7, 8, 9] [49, 50, 51, 52, 53, 54, 55, 56, 57, 58, 59, 60, 61, 62, 63, 64, 65, 66, 67, 68, 69, 70, 71, 72, 73, 74, 75, 76, 77, 78, 79, 80, 81, 82, 83, 84] 20160301
11.5470053837925 [1, 2, 3] [218, 219, 220, 221, 222, 223, 224, 225, 226, 227, 228, 229, 230, 231, 232, 233, 234, 235, 236, 237, 238, 239, 240, 241, 242, 243, 244, 245, 246, 247, 248, 249, 250, 251, 252, 253] 20160421
11.518865349108038 [5, 6, 7, 8, 9] [102, 103, 104, 105, 106, 107, 108, 109, 110, 111, 112, 113, 114, 115, 116, 117, 118, 119, 120, 121, 122, 123, 124, 125, 126, 127, 128, 129, 130, 131, 132, 133, 134, 135, 136, 137] 20160628
11.393529058600382 [3, 4, 5, 6, 7, 8, 9] [19, 20, 21, 22, 23, 24, 25, 26, 27, 28, 29, 30, 31, 32, 33, 34] 20160628
11.292066595623673 [3, 4, 5, 6, 7, 8, 9] [7, 8, 9, 10, 11, 12, 13, 14, 15, 16, 17, 18, 19, 20, 21, 22, 23, 24, 25, 26, 27, 28, 29, 30, 31, 32] 20160405
11.267652816802642 [2, 3, 4, 5, 6, 7] [0, 1, 2, 3, 4, 5] 20160628
11.26666666666668 [1, 2, 3, 5, 7, 8, 9] [74, 75, 76, 77, 78] 20160911
11.205455143767981 [1, 2, 3, 4, 5] [128, 129, 130, 131, 132, 133, 134, 135, 136, 137, 138, 139, 140, 141, 142, 143, 144, 145, 146, 147, 148, 149, 150, 151, 152, 153, 154, 155, 156, 157, 158, 159, 160, 161, 162] 20160813
11.193044819189277 [5, 6, 7, 8, 9] [177, 178, 179, 180, 181, 182, 183, 184, 185, 186, 187, 188, 189, 190, 191, 192, 193, 194, 195] 20160421
11.146666666666661 [9] [130, 131, 132, 133, 134, 135, 136, 137, 138, 139, 140, 141, 142, 143, 144, 145, 146, 147, 148, 149, 150, 151, 152, 153, 154, 155, 156, 157, 158, 159, 160, 161, 162, 163, 164, 165] 20160412
11.145178329663455 [4, 5, 6, 7, 8, 9] [146, 147, 148, 149, 150, 151, 152, 153, 154, 155, 156, 157, 158, 159, 160, 161, 162, 163, 164, 165, 166, 167, 168, 169, 170, 171, 172, 173] 20160325
11.124438188061449 [5, 6, 7, 8, 9] [79, 80, 81, 82, 83] 20160421
11.0670279426318 [4, 5, 6, 7, 8, 9] [213, 214, 215, 216, 217, 218, 219, 220, 221, 222, 223, 224] 20160529
11.046175808848972 [5, 6, 7, 8, 9] [11, 12, 13, 14, 15, 16, 17, 18, 19, 20, 21] 20160419
11.020246160508155 [4, 5, 6, 7, 8, 9] [161, 162, 163, 164, 165, 166, 167, 168, 169, 170, 171, 172, 173, 174, 175, 176, 177, 178, 179, 180, 181, 182, 183, 184, 185, 186, 187, 188, 189, 190, 191, 192, 193, 194, 195, 196] 20160514
10.891676230549251 [2, 3, 4, 5, 6, 7, 8] [62, 63, 64, 65, 66, 67, 68, 69, 70] 20160621
10.840426857199969 [2, 3, 5, 6, 7, 8, 9] [264, 265, 266, 267, 268, 269, 270, 271, 272, 273, 274, 275, 276, 277, 278, 279, 280, 281, 282, 283, 284, 285, 286] 20160514
10.794084799864539 [1, 2, 3, 4, 5, 6] [35, 36, 37, 38, 39, 40, 41, 42, 43, 44, 45, 46, 47, 48, 49, 50] 20160309
10.777754868245982 [2, 3, 4, 5, 6, 7] [62, 63, 64, 65, 66, 67] 20160412
10.76159345775521 [1, 2, 3, 4, 5, 6, 7] [143, 144, 145, 146, 147, 148, 149, 150, 151, 152, 153, 154, 155, 156, 157, 158, 159, 160, 161, 162, 163, 164, 165, 166, 167, 168, 169, 170] 20160813
10.725307872497261 [1, 2, 3, 4, 5] [0, 1, 2, 3, 4, 5, 6, 7, 8, 9, 10, 11, 12, 13, 14, 15, 16, 17, 18, 19, 20, 21, 22, 23] 20160813
10.671196954627176 [2, 3, 4, 5, 6, 7, 8] [31, 32, 33, 34, 35, 36, 37] 20160309
10.57360340134284 [8, 9] [114, 115, 116, 117, 118, 119, 120, 121, 122, 123, 124] 20160412
10.571672566526827 [5, 6, 7, 8, 9] [95, 96, 97, 98, 99, 100, 101, 102, 103, 104, 105, 106, 107, 108, 109, 110, 111, 112, 113, 114, 115, 116, 117, 118, 119, 120, 121, 122, 123, 124, 125, 126] 20160405
10.49582165541232 [0, 1] [0, 1, 2, 3, 4, 5, 6, 7, 8, 9, 10, 11, 12, 13, 14, 15, 16, 17, 18, 19, 20, 21] 20160911
10.46333018883707 [3, 4, 5, 6, 7, 8, 9] [183, 184, 185, 186, 187, 188, 189, 190, 191, 192, 193, 194, 195, 196, 197, 198, 199, 200, 201, 202, 203, 204, 205, 206, 207, 208, 209, 210, 211, 212, 213, 214, 215, 216, 217, 218] 20160922
10.45071767870514 [1, 2, 3, 4, 5, 6, 7] [74, 75, 76] 20160911
10.434826304256335 [0, 1, 2, 3, 4, 5] [153, 154, 155, 156, 157, 158, 159, 160, 161, 162] 20160328
10.369506577782127 [2, 3, 4, 5, 6, 7] [178, 179, 180, 181, 182, 183, 184, 185, 186, 187, 188, 189, 190, 191, 192] 20160308
10.362525968336307 [3, 4, 5, 6, 7, 8, 9] [0, 1, 2, 3, 4, 5, 6, 7, 8, 9, 10, 11] 20160419
10.219099764656361 [7, 8, 9] [186, 187, 188, 189, 190] 20160309
10.19496171863555 [3, 4, 5, 6, 7, 8, 9] [226, 227, 228, 229, 230, 231, 232, 233, 234, 235, 236, 237, 238] 20160328
10.19275692587635 [3, 4, 5, 6, 7, 8, 9] [258, 259, 260, 261, 262, 263, 264, 265, 266, 267, 268, 269, 270] 20160514
10.173351158645275 [1, 2, 3, 5, 7, 8, 9] [251, 252, 253, 254, 255, 256, 257, 258, 259, 260, 261, 262, 263, 264, 265, 266, 267, 268, 269, 270, 271, 272, 273, 274, 275, 276, 277, 278, 279, 280, 281, 282, 283, 284, 285, 286] 20160621
10.161364737737415 [1, 2, 3] [57, 58, 59, 60] 20160412
10.12455760350382 [4, 5, 6, 7, 8, 9] [96, 97, 98, 99, 100, 101, 102, 103, 104, 105, 106, 107] 20160421
10.089826735395206 [5, 6, 7, 8, 9] [57, 58, 59, 60, 61, 62, 63, 64, 65, 66, 67, 68, 69, 70] 20160405
9.84119777027771 [7, 8, 9] [70, 71, 72, 73, 74, 75, 76, 77, 78, 79, 80, 81, 82, 83, 84, 85] 20160308
9.757219549304688 [7, 8, 9] [0, 1, 2, 3, 4, 5, 6, 7, 8, 9, 10, 11, 12, 13, 14, 15, 16, 17, 18, 19, 20, 21] 20160412
9.751483403638074 [0, 1, 2, 3, 4, 5, 6] [78, 79, 80, 81, 82, 83, 84, 85, 86, 87] 20160325
9.738076042011592 [5, 6, 7, 8, 9] [110, 111, 112, 113, 114, 115, 116, 117, 118, 119, 120, 121, 122, 123, 124, 125, 126] 20160325
9.736364824717711 [2, 3, 4, 5, 6, 7, 8] [227, 228, 229, 230, 231, 232] 20160813
9.726895702124072 [0, 1, 2, 3, 4] [1, 2, 3, 4, 5] 20160911
9.701088140570178 [3, 4, 5, 6, 7, 8, 9] [102, 103, 104, 105] 20160325
9.675890509036183 [1, 2, 3, 4, 5, 6, 7] [3, 4, 5, 6, 7, 8, 9, 10, 11, 12, 13, 14, 15, 16] 20160628
9.501808795025253 [1, 2, 3, 4, 5, 6, 7] [36, 37, 38, 39, 40, 41, 42, 43, 44, 45, 46, 47, 48, 49, 50, 51, 52, 53, 54, 55, 56] 20160419
9.419436355217869 [5, 6, 7, 8, 9] [128, 129, 130, 131, 132, 133, 134, 135, 136] 20160313
9.381393190483196 [1, 2, 3, 4, 5, 6, 7] [114, 115, 116, 117, 118, 119, 120, 121, 122, 123, 124] 20160421
9.37285714285715 [6, 7, 8, 9] [0, 1, 2, 3, 4, 5, 6, 7, 8] 20160529
9.353074360871924 [0, 1, 2] [1, 2, 3] 20160911
9.30699891975185 [2, 3, 5, 6, 7, 8, 9] [29, 30, 31, 32, 33, 34, 35, 36, 37, 38, 39, 40, 41, 42, 43, 44, 45, 46, 47, 48, 49, 50, 51, 52, 53, 54, 55, 56, 57, 58, 59, 60, 61, 62, 63, 64] 20160514
9.29352443219912 [0, 1, 2, 3, 5, 7, 9] [195, 196, 197, 198, 199, 200, 201, 202, 203, 204, 205, 206, 207, 208, 209, 210, 211, 212, 213, 214, 215, 216, 217, 218, 219, 220, 221, 222, 223, 224, 225, 226, 227, 228, 229, 230] 20160421
9.279682106624124 [5, 6, 7, 8, 9] [46, 47, 48, 49, 50] 20160419
9.231782253250374 [3, 4, 5, 6, 7, 8, 9] [111, 112, 113, 114, 115, 116, 117, 118, 119, 120, 121] 20160514
9.226411364483303 [4, 5, 6, 7, 8, 9] [51, 52, 53, 54] 20160309
9.179869280115046 [0, 1, 2] [2, 3, 4] 20160301
9.177622377622384 [6, 7, 8, 9] [69, 70, 71, 72, 73, 74, 75, 76, 77, 78, 79, 80, 81, 82, 83, 84, 85, 86, 87, 88, 89, 90, 91, 92] 20160514
9.167878707749141 [5, 6, 7, 8, 9] [17, 18, 19, 20, 21] 20160419
9.136241233684155 [3, 4, 5, 6, 7, 8, 9] [66, 67, 68, 69, 70, 71, 72, 73, 74, 75, 76, 77, 78, 79, 80, 81, 82, 83, 84, 85, 86, 87, 88, 89, 90, 91, 92, 93, 94, 95, 96, 97, 98, 99, 100] 20160405
9.124349291867361 [1, 2, 3, 4, 5, 6] [250, 251, 252, 253, 254] 20160324
9.028626349007899 [3, 4, 5, 6, 7, 8, 9] [255, 256, 257, 258, 259, 260, 261, 262, 263, 264] 20160421
9.017602385211807 [2, 3, 4, 5, 6, 7, 8] [16, 17, 18, 19, 20, 21, 22] 20160309
8.91207430340556 [6, 7, 8, 9] [157, 158, 159, 160, 161, 162, 163, 164, 165, 166, 167, 168, 169, 170, 171, 172, 173, 174, 175, 176, 177, 178, 179, 180, 181, 182, 183, 184, 185, 186, 187, 188, 189, 190, 191, 192] 20160911
8.910730890336662 [5, 6, 7, 8, 9] [95, 96, 97, 98, 99, 100, 101, 102, 103, 104, 105, 106, 107, 108, 109, 110, 111, 112, 113, 114, 115, 116, 117, 118, 119, 120, 121, 122, 123, 124, 125, 126, 127, 128, 129, 130] 20160308
8.909545442950494 [8, 9] [115, 116, 117, 118] 20160412
8.884848484848483 [9] [208, 209, 210, 211, 212, 213, 214, 215, 216, 217, 218, 219, 220, 221, 222, 223, 224, 225, 226, 227] 20160325
8.831769852648934 [2, 3, 4, 5, 6, 7, 8] [23, 24, 25, 26, 27, 28, 29, 30, 31, 32, 33, 34, 35] 20160313
8.720665112249176 [5, 6, 7, 8, 9] [22, 23, 24, 25, 26] 20160419
8.700000000000017 [6, 7, 8, 9] [0, 1, 2, 3, 4] 20160529
8.697527947309842 [2, 3, 4, 5, 7, 8, 9] [213, 214, 215, 216, 217, 218, 219, 220, 221, 222, 223, 224, 225, 226, 227, 228, 229, 230, 231, 232, 233, 234, 235, 236, 237, 238, 239, 240, 241, 242, 243, 244, 245, 246, 247, 248] 20160312
8.666527994704298 [4, 5, 6, 7, 8, 9] [75, 76, 77, 78, 79, 80, 81, 82, 83, 84] 20160309
8.653286629283476 [3, 4, 5, 6, 7, 8, 9] [195, 196, 197, 198, 199, 200, 201, 202, 203, 204, 205, 206, 207, 208, 209] 20160328
8.643789794671262 [3, 4, 5, 6, 7, 8, 9] [132, 133, 134, 135, 136, 137, 138, 139, 140, 141, 142, 143, 144, 145, 146, 147, 148, 149, 150] 20160328
8.638675953074195 [5, 6, 7, 8, 9] [0, 1, 2, 3, 4, 5, 6, 7, 8, 9, 10, 11, 12, 13, 14, 15, 16, 17, 18, 19, 20, 21, 22, 23, 24, 25, 26, 27] 20160312
8.608861713374177 [1, 2, 3, 4, 5] [256, 257, 258, 259, 260] 20160813
8.576402662087904 [0, 1, 2, 3, 5] [25, 26, 27, 28, 29, 30, 31, 32, 33, 34, 35, 36, 37, 38, 39, 40, 41, 42, 43, 44, 45, 46, 47, 48, 49, 50, 51, 52, 53, 54, 55, 56, 57, 58, 59, 60] 20160922
8.519319221627978 [2, 3, 4, 5, 6, 7, 8] [257, 258, 259, 260, 261, 262, 263, 264, 265] 20160412
8.514285714285705 [1, 2, 3, 5, 7, 8, 9] [36, 37, 38, 39, 40, 41, 42, 43, 44, 45, 46, 47, 48, 49, 50, 51, 52, 53, 54, 55, 56, 57, 58, 59] 20160813
8.474943826155656 [3, 4, 5, 6, 7, 8, 9] [229, 230, 231, 232, 233, 234, 235, 236, 237, 238, 239, 240, 241, 242, 243, 244, 245, 246, 247, 248, 249, 250, 251, 252, 253, 254, 255, 256, 257, 258, 259, 260, 261, 262, 263, 264] 20160301
8.399230340483603 [5, 6, 7, 8, 9] [64, 65, 66, 67, 68, 69, 70, 71, 72, 73, 74, 75, 76, 77, 78, 79, 80, 81] 20160421
8.393584851937014 [1, 2, 3, 4, 5, 6] [146, 147, 148, 149, 150, 151, 152, 153] 20160312
8.378212485037883 [1, 2, 3, 4, 5, 6, 7] [119, 120, 121, 122, 123, 124] 20160529
8.191858355395128 [2, 3, 5, 6, 7, 8, 9] [28, 29, 30, 31, 32, 33, 34, 35, 36, 37, 38, 39, 40, 41, 42, 43, 44, 45, 46, 47, 48, 49, 50, 51, 52, 53, 54, 55] 20160529
8.176555237724223 [3, 4, 5, 7, 8] [48, 49, 50, 51, 52, 53, 54] 20160313
8.161197883451726 [0, 1, 2, 3, 4, 5, 6] [91, 92, 93, 94, 95, 96, 97, 98, 99, 100, 101, 102] 20160621
8.14767269301486 [1, 2, 3, 4, 5] [251, 252, 253, 254, 255, 256, 257, 258, 259, 260, 261, 262, 263, 264, 265, 266, 267, 268, 269, 270, 271, 272, 273, 274, 275, 276, 277, 278, 279, 280, 281, 282, 283, 284, 285, 286] 20160301
8.135685281523623 [2, 3, 4, 5, 6, 7, 8] [8, 9, 10, 11, 12, 13, 14, 15, 16] 20160308
8.100812506490099 [1, 2, 3, 4, 5, 6] [245, 246, 247, 248, 249, 250, 251, 252, 253] 20160421
8.069541498747013 [3, 4, 5, 6, 7, 8, 9] [176, 177, 178, 179, 180, 181, 182, 183] 20160308
8.049844718999246 [5, 6, 7, 8, 9] [44, 45, 46, 47, 48] 20160308
8.04802533935275 [3, 4, 5, 6, 7, 8, 9] [147, 148, 149, 150, 151, 152, 153, 154, 155, 156, 157, 158, 159, 160, 161, 162, 163, 164, 165, 166, 167, 168, 169, 170, 171, 172, 173, 174, 175, 176, 177, 178, 179, 180, 181, 182] 20160621
8.0359488815858 [4, 5, 6, 7, 8, 9] [191, 192, 193, 194, 195, 196, 197, 198, 199, 200, 201, 202, 203, 204, 205, 206, 207, 208, 209, 210, 211, 212, 213, 214, 215, 216, 217, 218, 219, 220, 221, 222, 223] 20160412
8.016666666666652 [6, 7, 8, 9] [75, 76, 77, 78, 79, 80, 81] 20160529
8.012198220031229 [3, 4, 5, 6, 7, 8, 9] [3, 4, 5, 6, 7, 8, 9, 10, 11, 12, 13, 14, 15, 16, 17, 18, 19, 20, 21, 22, 23, 24, 25, 26, 27, 28, 29, 30, 31, 32, 33, 34, 35, 36, 37, 38] 20160922
8.0 [1, 2, 3, 4] [36, 37, 38, 39, 40, 41, 42] 20160309
7.990168959415053 [2, 3, 4, 5, 6, 7, 8] [257, 258, 259, 260, 261, 262] 20160412
7.937253933193771 [3, 4, 5, 6, 7, 8, 9] [190, 191, 192, 193, 194, 195, 196, 197, 198] 20160308
7.920000000000002 [6, 7, 8, 9] [80, 81, 82, 83, 84, 85, 86, 87, 88] 20160309
7.826119728192238 [1, 2, 3, 4, 5, 6] [146, 147, 148, 149, 150, 151, 152, 153, 154] 20160922
7.817565183407518 [2, 3, 4, 5, 6, 7, 8] [9, 10, 11, 12, 13] 20160313
7.766609441849269 [5, 6, 7, 8, 9] [52, 53, 54, 55, 56, 57] 20160419
7.758704157844808 [8, 9] [247, 248, 249, 250, 251, 252, 253, 254, 255, 256, 257, 258, 259, 260, 261, 262, 263, 264, 265, 266, 267, 268, 269, 270, 271, 272, 273, 274, 275, 276, 277, 278, 279, 280, 281, 282] 20160325
7.75 [1, 2, 3, 4] [263, 264, 265, 266, 267, 268, 269, 270, 271, 272] 20160308
7.676882657955577 [3, 4, 5, 6, 7, 8, 9] [231, 232, 233, 234, 235, 236, 237, 238, 239, 240, 241, 242, 243, 244, 245, 246, 247, 248, 249, 250, 251, 252, 253, 254, 255, 256, 257, 258, 259, 260, 261, 262, 263, 264] 20160325
7.615332468251429 [3, 4, 5, 6, 7, 8, 9] [60, 61, 62, 63, 64, 65, 66, 67, 68, 69, 70, 71, 72, 73, 74, 75, 76, 77, 78, 79, 80, 81, 82, 83, 84, 85, 86, 87, 88, 89] 20160922
7.602631123499282 [5, 6, 7, 8, 9] [13, 14, 15, 16] 20160421
7.593418202627839 [1, 2, 3, 4, 5, 6] [59, 60, 61, 62] 20160412
7.5896127847356 [8, 9] [173, 174, 175, 176, 177, 178] 20160325
7.566666666666663 [1, 2, 3, 4] [167, 168, 169, 170, 171] 20160308
7.540391236534077 [0, 1, 2, 3, 4, 5, 6] [3, 4, 5, 6] 20160301
7.524376114081996 [6, 7, 8, 9] [57, 58, 59, 60, 61, 62, 63, 64, 65, 66, 67, 68, 69, 70, 71, 72, 73, 74, 75, 76, 77, 78, 79, 80, 81, 82, 83, 84, 85, 86, 87, 88, 89, 90, 91, 92] 20160312
7.523616151824855 [8, 9] [274, 275, 276, 277, 278, 279] 20160813
7.523292843707483 [2, 3, 4, 5, 6, 7, 9] [172, 173, 174, 175, 176, 177, 178, 179, 180, 181, 182, 183, 184] 20160813
7.461365582520113 [4, 5, 6, 7, 8, 9] [85, 86, 87, 88, 89, 90, 91, 92, 93, 94, 95, 96, 97, 98, 99, 100, 101, 102, 103, 104, 105, 106, 107, 108, 109, 110, 111] 20160308
7.456208240272961 [3, 4, 5, 6, 7, 8, 9] [28, 29, 30, 31, 32, 33, 34, 35, 36, 37, 38, 39, 40, 41, 42, 43, 44, 45, 46, 47, 48, 49, 50, 51] 20160813
7.449948089121988 [2, 3, 5, 6, 7, 8, 9] [94, 95, 96, 97, 98, 99, 100, 101, 102, 103] 20160911
7.4459001182817826 [3, 4, 5, 6, 7, 8, 9] [0, 1, 2, 3, 4, 5, 6, 7] 20160421
7.424621202458749 [3, 4] [105, 106, 107, 108] 20160325
7.404646324875007 [0, 1, 2, 3, 4, 5, 6] [78, 79, 80, 81, 82, 83, 84, 85, 86, 87, 88, 89, 90, 91, 92, 93, 94, 95, 96, 97, 98, 99, 100, 101, 102, 103, 104, 105, 106, 107, 108, 109, 110, 111, 112, 113] 20160628
7.386055743388642 [2, 3, 4, 5, 6, 7, 8] [44, 45, 46, 47, 48, 49, 50, 51, 52, 53, 54] 20160922
7.370576957834307 [2, 3, 5, 6, 7, 8, 9] [56, 57, 58, 59, 60, 61, 62, 63, 64, 65, 66] 20160514
7.370242470507594 [1, 2, 3, 5, 7, 8, 9] [106, 107, 108, 109, 110, 111] 20160514
7.364007815796401 [1, 2, 3, 4, 5, 6, 7] [149, 150, 151, 152, 153, 154, 155, 156, 157] 20160922
7.3484692283495345 [4, 5, 6, 7, 8, 9] [79, 80, 81, 82, 83, 84, 85, 86, 87, 88, 89] 20160922
7.323122626311807 [5, 6, 7, 8, 9] [31, 32, 33, 34, 35] 20160419
7.319911960612031 [1, 2, 3, 4, 5, 6, 7] [138, 139, 140, 141, 142, 143, 144, 145] 20160922
7.275816105427624 [0, 1, 2, 3, 4, 5, 6] [5, 6, 7, 8, 9] 20160911
7.231312121600058 [2, 3, 4] [10, 11, 12, 13, 14, 15, 16, 17, 18] 20160628
7.2191214344762376 [3, 4, 5, 6, 7, 8, 9] [98, 99, 100, 101, 102, 103, 104, 105] 20160529
7.164285714285718 [6, 7, 8, 9] [202, 203, 204, 205, 206, 207, 208, 209, 210, 211, 212, 213, 214, 215, 216, 217, 218, 219, 220, 221, 222, 223, 224, 225, 226, 227, 228, 229, 230, 231, 232, 233, 234, 235, 236, 237] 20160301
7.155417527999317 [2, 3, 4, 5, 6] [35, 36, 37] 20160309
7.143528539874383 [2, 3, 4, 5, 6, 7, 8] [239, 240, 241, 242, 243, 244, 245, 246] 20160328
7.123473699749324 [2, 3, 4, 5, 6] [30, 31, 32, 33, 34, 35, 36, 37, 38, 39, 40, 41, 42, 43] 20160628
7.099999999999994 [2, 3, 4, 5] [230, 231, 232] 20160813
7.05329578859993 [1, 2, 3] [58, 59, 60, 61, 62, 63, 64, 65, 66, 67, 68, 69, 70, 71, 72, 73, 74, 75, 76, 77, 78, 79] 20160813
7.043614129124347 [1, 2, 3, 5, 7, 8, 9] [71, 72, 73, 74, 75] 20160308
7.043614129124342 [0, 1, 2, 3, 4] [74, 75, 76] 20160302
7.04228301050162 [4, 5, 6, 7, 8, 9] [85, 86, 87, 88, 89] 20160922
7.001458181455236 [4, 5, 6, 7, 8, 9] [215, 216, 217, 218, 219] 20160529
7.0 [6, 7, 8, 9] [81, 82, 83, 84, 85, 86] 20160309
6.998542122237662 [1, 2, 3, 4, 5, 6] [3, 4, 5, 6, 7, 8, 9, 10] 20160309
6.9940607710025615 [3, 4, 5, 6, 7, 8, 9] [84, 85, 86, 87, 88, 89, 90, 91, 92, 93, 94, 95, 96, 97, 98, 99, 100, 101, 102, 103, 104, 105, 106, 107, 108, 109, 110, 111, 112, 113, 114, 115, 116, 117, 118, 119] 20160301
6.92820323027551 [7, 8, 9] [13, 14, 15, 16, 17, 18] 20160412
6.899396108839293 [4, 5, 6, 7, 8, 9] [152, 153, 154, 155, 156, 157, 158] 20160309
6.838641231186865 [0, 1, 2, 3, 4] [166, 167, 168, 169, 170, 171, 172, 173, 174, 175, 176, 177, 178, 179, 180, 181, 182, 183, 184, 185, 186, 187, 188, 189, 190, 191, 192, 193, 194, 195, 196, 197, 198, 199, 200, 201] 20160621
6.823189761286045 [1, 2, 3, 5, 6, 7] [264, 265, 266, 267, 268, 269, 270] 20160922
6.8200073313743514 [1, 2, 3, 4, 5] [159, 160, 161, 162] 20160308
6.8200073313743514 [3, 4, 5, 6, 7] [23, 24, 25] 20160628
6.818479093086453 [2, 3, 4, 6, 7, 8, 9] [63, 64, 65, 66, 67, 68] 20160309
6.756509207176932 [1, 2, 3, 4, 5, 6] [229, 230, 231, 232, 233, 234, 235, 236, 237, 238, 239, 240, 241, 242, 243, 244, 245, 246, 247, 248, 249, 250, 251, 252] 20160313
6.746665843214698 [3, 4, 5, 6, 7, 8, 9] [243, 244, 245, 246, 247, 248, 249, 250] 20160328
6.746665843214698 [2, 3, 4, 5, 6, 7, 8] [72, 73, 74, 75, 76, 77, 78, 79, 80, 81, 82] 20160621
6.731590909090912 [6, 7, 8, 9] [111, 112, 113, 114, 115, 116, 117, 118, 119, 120, 121, 122, 123, 124, 125, 126, 127, 128, 129, 130, 131, 132, 133, 134, 135, 136, 137, 138, 139, 140, 141, 142, 143, 144, 145, 146] 20160813
6.715265199796741 [5, 6, 7, 8, 9] [222, 223, 224, 225, 226, 227, 228, 229, 230, 231, 232, 233, 234, 235, 236, 237, 238, 239, 240, 241, 242, 243, 244, 245] 20160412
6.6730657214243685 [2, 3, 5, 7, 8, 9] [25, 26, 27, 28, 29, 30, 31, 32] 20160313
6.670936132874375 [5, 6, 7, 8, 9] [272, 273, 274, 275, 276, 277, 278] 20160911
6.660390386292971 [0, 1, 2, 3, 4, 5, 6] [263, 264, 265, 266, 267, 268, 269, 270, 271, 272, 273, 274, 275, 276, 277, 278, 279, 280, 281, 282, 283, 284, 285, 286, 287] 20160628
6.595251132443714 [2, 3, 5, 6, 7, 8, 9] [79, 80, 81, 82, 83, 84, 85, 86, 87, 88, 89, 90, 91, 92, 93, 94, 95] 20160313
6.580622779129626 [3, 4, 5, 6, 7, 8, 9] [145, 146, 147, 148, 149, 150, 151, 152, 153, 154, 155, 156, 157, 158, 159, 160, 161, 162, 163, 164, 165, 166, 167, 168, 169, 170, 171, 172, 173, 174, 175, 176, 177] 20160301
6.572357521544574 [3, 4, 5, 6, 7, 8, 9] [192, 193, 194, 195, 196, 197, 198, 199, 200, 201, 202, 203, 204, 205, 206, 207, 208, 209, 210, 211] 20160514
6.540498834186878 [1, 2, 3, 4, 5] [100, 101, 102, 103, 104, 105, 106, 107] 20160922
6.524121718759052 [4, 5, 6, 7, 8, 9] [65, 66, 67, 68, 69, 70, 71, 72, 73, 74, 75, 76, 77, 78] 20160922
6.511487948897856 [3, 4, 5, 6, 7, 8, 9] [159, 160, 161, 162, 163, 164, 165, 166, 167, 168, 169, 170, 171, 172, 173, 174, 175, 176, 177, 178, 179, 180, 181, 182, 183, 184, 185, 186, 187, 188, 189, 190, 191, 192, 193] 20160301
6.506666666666675 [2, 3, 4, 5] [138, 139, 140, 141, 142, 143, 144, 145] 20160313
6.491147818375419 [1, 2, 3, 4, 5, 6] [103, 104, 105, 106, 107, 108, 109, 110] 20160922
6.466652920947592 [4, 5, 6, 7, 8, 9] [58, 59, 60, 61, 62, 63] 20160922
6.451889258194059 [7, 8, 9] [74, 75, 76, 77, 78] 20160308
6.425396041156863 [3, 4, 5, 6, 7, 8, 9] [10, 11, 12] 20160419
6.372793735874388 [5, 6, 7, 8, 9] [80, 81, 82] 20160911
6.35085296108588 [3, 4, 5] [152, 153, 154, 155, 156] 20160313
6.307525280372957 [4, 6, 7, 8, 9] [0, 1, 2, 3, 4, 5, 6, 7, 8, 9, 10, 11, 12, 13, 14, 15, 16, 17, 18, 19, 20, 21, 22, 23, 24, 25, 26, 27, 28, 29, 30, 31] 20160328
6.251727882437979 [3, 4, 5, 6, 7, 8, 9] [212, 213, 214, 215, 216, 217, 218, 219, 220, 221, 222, 223, 224, 225, 226, 227, 228, 229, 230, 231, 232, 233, 234, 235, 236, 237, 238, 239, 240, 241, 242, 243, 244] 20160313
6.246198844097107 [4, 5, 6, 7, 8, 9] [99, 100, 101, 102, 103] 20160312
6.246198844097098 [2, 3, 4, 5, 6, 7] [95, 96, 97, 98, 99] 20160911
6.240373432464734 [2, 3, 4, 5, 7, 8, 9] [49, 50, 51, 52, 53, 54, 55, 56, 57, 58, 59, 60, 61, 62, 63, 64, 65, 66, 67, 68, 69, 70, 71, 72, 73, 74, 75, 76, 77] 20160312
6.175269265566059 [0, 1, 2, 3, 5, 7, 9] [187, 188, 189, 190, 191, 192, 193, 194, 195, 196, 197, 198, 199, 200, 201, 202, 203, 204, 205, 206, 207, 208, 209, 210, 211, 212, 213, 214, 215, 216, 217, 218, 219, 220, 221, 222] 20160621
6.15926061840657 [4, 5, 6, 7, 8, 9] [243, 244, 245, 246, 247, 248, 249, 250, 251, 252, 253, 254, 255, 256, 257, 258, 259, 260, 261, 262, 263, 264, 265, 266, 267, 268, 269, 270, 271, 272, 273, 274, 275, 276, 277, 278] 20160419
6.1431438127090345 [6, 7, 8, 9] [0, 1, 2, 3, 4, 5, 6, 7, 8, 9, 10, 11, 12, 13, 14, 15, 16, 17, 18, 19, 20, 21, 22, 23, 24, 25, 26, 27, 28, 29, 30, 31, 32, 33, 34, 35] 20160302
6.141220712263529 [4, 5, 6, 7, 8, 9] [148, 149, 150, 151, 152, 153, 154, 155, 156, 157, 158, 159, 160, 161, 162] 20160419
6.134454993841677 [2, 3, 4, 5, 7, 8, 9] [152, 153, 154, 155, 156, 157, 158, 159, 160, 161, 162, 163, 164, 165, 166, 167, 168, 169, 170, 171, 172, 173, 174, 175, 176, 177, 178, 179, 180, 181, 182, 183, 184, 185] 20160412
6.099349307981022 [6, 7, 8, 9] [25, 26, 27, 28, 29, 30, 31, 32, 33, 34, 35, 36, 37, 38, 39, 40, 41, 42, 43, 44, 45, 46, 47, 48, 49, 50, 51, 52, 53, 54, 55, 56, 57, 58, 59, 60] 20160312
6.061175730802493 [1, 2, 3, 4, 5, 6, 7] [243, 244, 245, 246, 247, 248, 249, 250, 251, 252, 253, 254] 20160621
6.051146883097706 [4, 5, 6, 7, 8, 9] [103, 104, 105, 106, 107, 108, 109, 110, 111, 112, 113, 114, 115, 116, 117, 118, 119, 120, 121, 122, 123, 124, 125, 126, 127, 128, 129, 130, 131, 132] 20160312
6.046666666666653 [1, 2, 3, 4, 6] [172, 173, 174, 175, 176, 177, 178, 179, 180, 181, 182] 20160419
6.037383539249438 [5, 6, 7, 8, 9] [241, 242, 243] 20160628
6.005439710999429 [5, 6, 7, 8, 9] [178, 179, 180, 181, 182, 183, 184, 185, 186, 187] 20160911
5.975575286112626 [0, 1, 2] [83, 84, 85] 20160302
5.96677556973517 [2, 3, 4, 5, 6, 7] [7, 8, 9, 10, 11, 12, 13, 14, 15, 16, 17] 20160405
5.952499999999986 [0, 1, 2, 3] [79, 80, 81, 82, 83, 84] 20160419
5.9435929101932015 [0, 1, 2, 3, 4] [251, 252, 253, 254, 255, 256, 257, 258, 259, 260] 20160628
5.935932048609907 [2, 3, 4, 5, 6, 7, 9] [196, 197, 198, 199, 200, 201, 202, 203, 204] 20160312
5.904273504273505 [6, 7, 8, 9] [2, 3, 4, 5, 6, 7, 8, 9, 10, 11, 12, 13, 14, 15, 16, 17, 18, 19, 20] 20160328
5.827582343081778 [4, 5, 6, 7, 8, 9] [37, 38, 39, 40, 41, 42, 43, 44, 45, 46, 47, 48, 49, 50, 51, 52, 53, 54, 55, 56, 57, 58, 59] 20160328
5.800360333634448 [5, 6, 7, 8, 9] [199, 200, 201, 202, 203, 204, 205, 206, 207] 20160308
5.800000000000011 [6, 7, 8, 9] [250, 251, 252] 20160514
5.795476236544578 [4, 5, 6, 7, 8, 9] [104, 105, 106, 107, 108, 109, 110, 111, 112, 113, 114, 115] 20160312
5.750408681128686 [1, 2, 3] [96, 97, 98, 99, 100, 101, 102, 103] 20160628
5.75 [1, 2, 3, 5, 7, 8, 9] [107, 108, 109, 110] 20160514
5.715767664977291 [7, 8, 9] [61, 62, 63] 20160621
5.664705542999471 [5, 6, 7, 8, 9] [84, 85, 86, 87] 20160308
5.633826408401312 [4, 5, 6, 7, 8, 9] [101, 102, 103] 20160312
5.633826408401312 [4, 5, 6, 7, 8, 9] [103, 104, 105, 106, 107, 108, 109, 110, 111] 20160312
5.620218132052517 [4, 5, 6, 7, 8, 9] [129, 130, 131, 132, 133, 134] 20160514
5.60479876160991 [1, 2, 3, 5, 7, 8, 9] [160, 161, 162, 163, 164, 165, 166, 167, 168, 169, 170, 171, 172, 173, 174, 175, 176, 177, 178, 179, 180, 181, 182, 183, 184, 185, 186, 187, 188, 189, 190, 191, 192, 193, 194, 195] 20160302
5.598839007293012 [0, 1, 2, 3, 4] [258, 259, 260, 261, 262, 263, 264, 265, 266, 267, 268, 269, 270, 271, 272, 273, 274, 275, 276, 277, 278, 279, 280, 281, 282, 283, 284, 285, 286, 287] 20160419
5.568676569002604 [3, 4, 5, 6, 7, 8, 9] [108, 109, 110, 111, 112, 113, 114, 115, 116, 117, 118, 119, 120, 121, 122, 123, 124, 125, 126, 127, 128, 129, 130, 131, 132, 133, 134] 20160328
5.556077753235662 [1, 2, 3, 4, 5, 6, 7] [86, 87, 88] 20160628
5.542435682148335 [5, 6, 7, 8, 9] [205, 206, 207, 208, 209, 210, 211, 212, 213, 214, 215, 216, 217, 218, 219, 220, 221, 222, 223, 224, 225, 226, 227, 228, 229, 230] 20160313
5.505197920330563 [2, 3, 4, 5, 6, 7, 8] [149, 150, 151, 152, 153, 154, 155, 156, 157, 158, 159, 160, 161, 162, 163, 164, 165, 166, 167] 20160621
5.397728432718186 [1, 2, 3, 5, 7, 8, 9] [180, 181, 182, 183, 184, 185, 186, 187, 188, 189, 190, 191, 192, 193, 194, 195, 196, 197, 198, 199, 200, 201, 202, 203, 204, 205, 206, 207, 208, 209, 210, 211, 212, 213, 214, 215] 20160301
5.291502622129162 [3, 4, 5, 6, 7, 8, 9] [79, 80, 81] 20160302
5.288671035554583 [1, 2, 3, 4, 5, 6] [183, 184, 185, 186, 187, 188, 189, 190, 191, 192, 193, 194, 195] 20160628
5.2663049905952315 [2, 3, 4, 5, 6, 7, 8] [280, 281, 282, 283] 20160312
5.254759747124509 [5, 6, 7, 8, 9] [12, 13, 14, 15, 16, 17, 18, 19] 20160312
5.236464645490414 [0, 1, 2, 3, 5] [135, 136, 137, 138, 139, 140, 141, 142, 143, 144, 145, 146] 20160312
5.232382256111866 [1, 2, 3, 4, 5, 6, 7] [7, 8, 9, 10, 11] 20160628
5.217491947499506 [5, 6, 7, 8, 9] [121, 122, 123, 124] 20160302
5.143928459844678 [4, 5, 6, 7, 8, 9] [243, 244, 245, 246, 247, 248, 249, 250, 251, 252, 253, 254, 255, 256, 257, 258, 259, 260, 261, 262, 263, 264, 265, 266, 267, 268, 269, 270, 271, 272, 273, 274, 275, 276, 277, 278] 20160313
5.133160240919513 [2, 3, 4, 5, 6] [202, 203, 204, 205, 206, 207, 208, 209, 210, 211] 20160328
5.087054648812021 [5, 6, 7, 8, 9] [106, 107, 108, 109, 110] 20160405
5.074383596939525 [0, 1, 2, 3, 5, 7, 9] [195, 196, 197, 198, 199, 200, 201, 202, 203, 204, 205, 206, 207, 208, 209, 210, 211, 212, 213, 214, 215, 216, 217, 218, 219] 20160301
5.0400000000000205 [1, 2, 3, 4] [256, 257, 258, 259, 260, 261] 20160621
5.022947341949742 [0, 1, 2] [155, 156, 157] 20160328
5.000000000000028 [1, 2, 3, 4] [259, 260, 261] 20160621
4.951334596420883 [2, 3, 4, 5, 6, 7, 8] [118, 119, 120, 121, 122, 123, 124, 125, 126, 127] 20160621
4.917483869148794 [0, 1, 2, 3, 5, 7, 9] [175, 176, 177, 178, 179, 180, 181, 182, 183, 184, 185, 186, 187, 188, 189, 190, 191, 192, 193, 194, 195, 196, 197, 198, 199, 200, 201, 202, 203, 204, 205, 206, 207, 208, 209] 20160302
4.882403965335685 [8, 9] [93, 94, 95, 96, 97, 98, 99, 100, 101, 102] 20160405
4.8418247249014135 [4, 5, 6, 7, 8, 9] [55, 56, 57, 58, 59, 60] 20160405
4.8263103584287474 [5, 6, 7, 8, 9] [50, 51, 52, 53, 54, 55, 56, 57, 58, 59, 60, 61, 62, 63, 64, 65, 66, 67, 68, 69, 70, 71, 72, 73, 74, 75, 76, 77, 78, 79, 80, 81, 82, 83, 84] 20160328
4.790402963797068 [0, 1, 2, 3, 5, 7, 9] [253, 254, 255, 256, 257, 258, 259, 260] 20160324
4.776504998427205 [3, 4, 5, 6, 7, 8] [151, 152, 153, 154] 20160405
4.772422515522555 [2, 3, 4, 5, 6, 7, 9] [84, 85, 86, 87, 88, 89, 90] 20160313
4.763139720814412 [7, 8, 9] [120, 121, 122] 20160405
4.760961402093302 [5, 6, 7, 8, 9] [109, 110, 111, 112, 113, 114, 115, 116, 117, 118, 119] 20160405
4.73069046805293 [0, 1, 2, 3, 4, 5] [142, 143, 144, 145, 146, 147, 148, 149, 150, 151, 152] 20160621
4.71844554263309 [7, 8, 9] [76, 77, 78, 79, 80, 81, 82, 83, 84, 85, 86, 87, 88, 89, 90, 91, 92, 93, 94, 95, 96] 20160301
4.630064794363033 [0, 1, 2, 3, 4, 5, 6] [249, 250, 251, 252, 253, 254, 255] 20160621
4.449906366056098 [0, 1, 2, 3, 4, 5] [9, 10, 11, 12, 13, 14, 15, 16] 20160328
4.365489663256571 [1, 2, 3, 4, 5, 6, 7] [263, 264, 265, 266, 267] 20160324
4.358994532381673 [1, 2, 3] [192, 193, 194, 195, 196] 20160324
4.327431878916946 [4, 5, 6, 7, 8, 9] [238, 239, 240, 241, 242, 243, 244, 245] 20160324
4.312574637035289 [1, 2, 3, 4, 5, 6, 7] [124, 125, 126, 127, 128, 129, 130] 20160328
4.305163790346192 [4, 5, 6, 7, 8, 9] [112, 113, 114, 115, 116, 117, 118, 119, 120, 121, 122, 123, 124, 125, 126, 127, 128, 129, 130, 131, 132, 133, 134, 135, 136, 137, 138, 139, 140, 141, 142, 143, 144, 145] 20160301
4.29934588047996 [1, 2, 3, 4, 5, 6, 7] [256, 257, 258, 259, 260] 20160324
4.248529157249599 [5, 6, 7, 8, 9] [143, 144, 145, 146] 20160405
4.203807797699597 [0, 1, 2, 3, 4] [217, 218, 219, 220, 221, 222] 20160324
4.180462494349959 [2, 3, 4, 5, 6, 7] [71, 72, 73, 74, 75, 76, 77, 78] 20160405
4.142488181435564 [2, 3, 4] [241, 242, 243, 244, 245, 246, 247] 20160324
4.0721314278524945 [2, 3, 5, 7, 9] [142, 143, 144, 145, 146, 147, 148, 149, 150, 151, 152, 153, 154, 155, 156, 157, 158, 159, 160, 161, 162, 163, 164, 165, 166, 167, 168, 169, 170, 171, 172, 173, 174, 175, 176, 177] 20160324
3.925179955115581 [7, 8, 9] [170, 171, 172, 173, 174, 175, 176, 177, 178, 179, 180, 181, 182, 183, 184, 185, 186] 20160302
3.81837661840736 [3, 4] [63, 64, 65] 20160302
3.810511776651532 [7, 8, 9] [74, 75, 76] 20160405
3.754447098558322 [2, 3, 5, 6, 7, 8, 9] [57, 58, 59, 60] 20160405
3.752618285943829 [4, 5, 6, 7, 8, 9] [258, 259, 260, 261, 262, 263, 264, 265, 266, 267, 268, 269, 270, 271, 272, 273, 274, 275, 276, 277, 278, 279, 280, 281, 282, 283, 284, 285, 286, 287] 20160405
3.722664068239595 [4, 5, 6, 7, 8, 9] [178, 179, 180, 181, 182, 183, 184, 185, 186, 187, 188, 189, 190, 191, 192, 193, 194, 195, 196] 20160301
3.7138316086075984 [3, 4, 5, 6, 7, 8, 9] [1, 2, 3, 4, 5, 6, 7, 8, 9, 10, 11, 12, 13, 14, 15, 16, 17, 18, 19, 20, 21, 22, 23, 24, 25, 26, 27, 28, 29, 30, 31, 32, 33, 34, 35, 36] 20160324
3.709636774672147 [5, 6, 7, 8, 9] [166, 167, 168, 169, 170, 171, 172, 173, 174] 20160405
3.6511368092691416 [3, 4, 5, 6, 7, 8, 9] [172, 173, 174, 175, 176, 177, 178, 179, 180, 181, 182, 183, 184, 185] 20160301
3.6511368092691416 [0, 1, 2, 3, 4, 5, 6] [212, 213, 214, 215, 216, 217, 218, 219] 20160301
3.6297851320219428 [1, 2, 3, 4, 5, 6, 7] [224, 225, 226, 227, 228, 229, 230, 231, 232, 233, 234, 235, 236, 237, 238, 239, 240, 241, 242, 243, 244, 245] 20160302
3.60956071723812 [1, 2, 3, 4, 5, 6, 7] [209, 210, 211, 212, 213, 214] 20160302
3.5717642699371916 [2, 3, 4, 5, 6, 7, 8] [204, 205, 206, 207, 208, 209] 20160302
3.5517601270355983 [4, 5, 6, 7, 8, 9] [93, 94, 95] 20160302
3.4211840055746743 [0, 1, 2, 3, 4] [218, 219, 220, 221] 20160324
3.307189138830738 [0, 1, 2, 3, 4, 5, 6] [254, 255, 256] 20160324
3.3000000000000114 [6, 7, 8, 9] [110, 111, 112] 20160302
3.1357552528586967 [3, 4, 5, 6, 7, 8, 9] [221, 222, 223, 224, 225, 226, 227, 228] 20160301
