10 1.0 0.020618556701030927 0.04040404040404041
15 1.0 0.020618556701030927 0.04040404040404041
20 1.0 0.020618556701030927 0.04040404040404041
25 1.0 0.020618556701030927 0.04040404040404041
30 1.0 0.030927835051546393 0.06000000000000001
35 1.0 0.030927835051546393 0.06000000000000001
40 1.0 0.041237113402061855 0.0792079207920792
45 1.0 0.041237113402061855 0.0792079207920792
50 1.0 0.041237113402061855 0.0792079207920792
55 1.0 0.041237113402061855 0.0792079207920792
60 1.0 0.041237113402061855 0.0792079207920792
65 1.0 0.041237113402061855 0.0792079207920792
70 1.0 0.041237113402061855 0.0792079207920792
75 1.0 0.041237113402061855 0.0792079207920792
80 1.0 0.05154639175257732 0.0980392156862745
85 1.0 0.061855670103092786 0.11650485436893204
90 1.0 0.061855670103092786 0.11650485436893204
95 1.0 0.061855670103092786 0.11650485436893204
100 1.0 0.061855670103092786 0.11650485436893204
105 1.0 0.061855670103092786 0.11650485436893204
110 1.0 0.07216494845360824 0.1346153846153846
115 1.0 0.07216494845360824 0.1346153846153846
120 1.0 0.08247422680412371 0.1523809523809524
125 1.0 0.08247422680412371 0.1523809523809524
130 1.0 0.08247422680412371 0.1523809523809524
135 1.0 0.08247422680412371 0.1523809523809524
140 1.0 0.09278350515463918 0.16981132075471697
145 1.0 0.09278350515463918 0.16981132075471697
150 1.0 0.09278350515463918 0.16981132075471697
155 0.8181818181818182 0.09278350515463918 0.16666666666666669
160 0.75 0.09278350515463918 0.1651376146788991
165 0.6428571428571429 0.09278350515463918 0.16216216216216217
170 0.47368421052631576 0.09278350515463918 0.15517241379310343
175 0.375 0.09278350515463918 0.1487603305785124
180 0.3103448275862069 0.09278350515463918 0.14285714285714285
185 0.2647058823529412 0.09278350515463918 0.13740458015267176
190 0.23076923076923078 0.09278350515463918 0.1323529411764706
195 0.20454545454545456 0.09278350515463918 0.1276595744680851
200 0.1836734693877551 0.09278350515463918 0.12328767123287673
205 0.21568627450980393 0.1134020618556701 0.14864864864864866
210 0.21568627450980393 0.1134020618556701 0.14864864864864866
215 0.21568627450980393 0.1134020618556701 0.14864864864864866
220 0.23076923076923078 0.12371134020618557 0.16107382550335572
225 0.24528301886792453 0.13402061855670103 0.1733333333333333
230 0.24528301886792453 0.13402061855670103 0.1733333333333333
235 0.24528301886792453 0.13402061855670103 0.1733333333333333
240 0.24528301886792453 0.13402061855670103 0.1733333333333333
245 0.22413793103448276 0.13402061855670103 0.16774193548387098
250 0.20634920634920634 0.13402061855670103 0.16249999999999998
255 0.19117647058823528 0.13402061855670103 0.15757575757575756
260 0.1780821917808219 0.13402061855670103 0.15294117647058822
265 0.16666666666666666 0.13402061855670103 0.14857142857142855
270 0.1566265060240964 0.13402061855670103 0.14444444444444443
275 0.14772727272727273 0.13402061855670103 0.14054054054054055
280 0.13978494623655913 0.13402061855670103 0.1368421052631579
285 0.15151515151515152 0.15463917525773196 0.15306122448979592
290 0.14705882352941177 0.15463917525773196 0.1507537688442211
295 0.14285714285714285 0.15463917525773196 0.14851485148514854
300 0.14018691588785046 0.15463917525773196 0.14705882352941174
305 0.13513513513513514 0.15463917525773196 0.14423076923076925
310 0.13274336283185842 0.15463917525773196 0.14285714285714288
315 0.13043478260869565 0.15463917525773196 0.14150943396226415
320 0.13043478260869565 0.15463917525773196 0.14150943396226415
325 0.125 0.15463917525773196 0.1382488479262673
330 0.12 0.15463917525773196 0.13513513513513514
335 0.11538461538461539 0.15463917525773196 0.13215859030837004
340 0.1111111111111111 0.15463917525773196 0.12931034482758622
345 0.10714285714285714 0.15463917525773196 0.12658227848101264
350 0.10344827586206896 0.15463917525773196 0.12396694214876033
355 0.1 0.15463917525773196 0.12145748987854252
360 0.0967741935483871 0.15463917525773196 0.11904761904761903
365 0.09375 0.15463917525773196 0.11673151750972763
370 0.09090909090909091 0.15463917525773196 0.11450381679389314
375 0.08823529411764706 0.15463917525773196 0.11235955056179775
380 0.08571428571428572 0.15463917525773196 0.11029411764705882
385 0.08333333333333333 0.15463917525773196 0.10830324909747292
390 0.08108108108108109 0.15463917525773196 0.10638297872340426
395 0.07894736842105263 0.15463917525773196 0.10452961672473866
