30.765500000000003 [6, 7, 8, 9] [140, 141, 142, 143, 144, 145, 146, 147, 148, 149, 150, 151, 152, 153, 154, 155, 156, 157, 158, 159, 160, 161, 162, 163, 164, 165, 166, 167, 168, 169, 170, 171, 172, 173, 174, 175] 20160421
29.348999999999997 [3, 5, 7, 8] [158, 159, 160, 161, 162, 163, 164, 165, 166, 167, 168, 169, 170, 171, 172, 173, 174, 175, 176, 177, 178, 179, 180, 181, 182, 183, 184, 185, 186, 187, 188, 189, 190, 191] 20160421
28.392 [3, 5, 7, 8] [192, 193, 194, 195, 196, 197] 20160312
27.977239344390885 [7, 8, 9] [194, 195, 196, 197, 198, 199, 200, 201, 202, 203, 204, 205, 206, 207, 208, 209, 210, 211, 212, 213, 214, 215, 216, 217, 218, 219, 220, 221, 222, 223, 224, 225, 226, 227, 228, 229] 20160312
27.5315249365765 [4, 5, 7, 9] [164, 165, 166, 167, 168, 169, 170, 171, 172, 173, 174, 175, 176, 177, 178, 179, 180, 181, 182, 183, 184, 185, 186, 187, 188, 189, 190, 191, 192, 193, 194, 195, 196, 197, 198] 20160309
27.183500000000002 [3, 5, 7, 8] [192, 193, 194] 20160312
25.954 [3, 5, 7, 8] [193, 194, 195] 20160312
25.8475 [1, 2, 3, 4] [16, 17, 18, 19, 20, 21, 22, 23, 24, 25, 26, 27, 28, 29, 30, 31, 32, 33, 34, 35, 36, 37, 38, 39, 40, 41, 42, 43, 44, 45, 46, 47, 48, 49, 50, 51] 20160301
25.582 [0, 1, 2, 3] [65, 66, 67, 68, 69, 70, 71, 72, 73, 74, 75, 76, 77, 78, 79, 80, 81, 82] 20160325
24.400000000000002 [0, 1, 2, 3] [69, 70, 71, 72, 73, 74, 75, 76] 20160325
24.1455 [3, 5, 7, 8] [194, 195] 20160312
24.0639592198236 [3, 4, 5] [146, 147, 148, 149, 150, 151, 152, 153, 154, 155, 156, 157, 158, 159, 160, 161, 162, 163, 164, 165, 166, 167, 168, 169, 170, 171, 172, 173, 174, 175, 176, 177, 178, 179, 180, 181] 20160405
22.920805686828146 [6, 7, 9] [149, 150, 151, 152, 153, 154, 155, 156, 157, 158, 159, 160, 161, 162, 163, 164, 165, 166, 167, 168, 169, 170, 171, 172, 173, 174, 175, 176, 177, 178, 179, 180, 181, 182, 183, 184] 20160922
22.725 [2, 3, 4, 5] [160, 161, 162, 163, 164, 165, 166, 167, 168, 169, 170, 171, 172, 173, 174, 175, 176, 177, 178, 179, 180, 181, 182, 183, 184, 185, 186, 187, 188, 189, 190, 191, 192, 193, 194, 195] 20160308
22.150499999999997 [2, 3, 4, 5] [149, 150, 151, 152, 153, 154, 155, 156, 157, 158, 159, 160, 161, 162, 163, 164, 165, 166, 167, 168, 169, 170, 171, 172, 173, 174, 175, 176, 177, 178, 179, 180, 181, 182, 183, 184] 20160313
21.837500000000002 [0, 1, 2, 3] [70, 71] 20160325
21.82838633522872 [1, 2] [203, 204, 205, 206, 207, 208, 209, 210, 211, 212, 213, 214, 215, 216, 217, 218, 219, 220, 221, 222, 223, 224, 225, 226, 227, 228, 229, 230, 231, 232, 233, 234, 235, 236, 237, 238] 20160324
21.601 [1, 2, 3, 5] [218, 219, 220, 221, 222, 223, 224, 225, 226, 227, 228, 229, 230, 231, 232, 233, 234, 235, 236, 237, 238, 239, 240, 241, 242, 243, 244, 245, 246, 247, 248, 249, 250, 251, 252, 253] 20160324
21.243 [1, 2, 3, 4] [237, 238, 239, 240, 241, 242, 243, 244, 245, 246, 247, 248, 249, 250, 251, 252, 253, 254, 255, 256, 257, 258, 259, 260, 261, 262, 263, 264, 265, 266, 267, 268, 269, 270, 271, 272] 20160813
20.845 [3, 5, 7, 9] [262, 263, 264, 265, 266, 267, 268, 269, 270, 271, 272, 273, 274, 275, 276, 277, 278, 279, 280, 281, 282, 283, 284, 285, 286, 287] 20160922
20.738 [2, 3, 4, 5] [224, 225, 226, 227, 228, 229, 230, 231, 232, 233, 234, 235, 236, 237, 238, 239, 240, 241, 242, 243, 244, 245, 246, 247, 248, 249, 250, 251, 252, 253, 254, 255, 256, 257, 258] 20160529
20.7125 [0, 1, 2, 3] [71, 72] 20160325
20.227999999999998 [5, 7, 8, 9] [135, 136, 137, 138, 139, 140, 141, 142, 143, 144, 145, 146, 147, 148, 149, 150, 151, 152, 153, 154, 155, 156, 157, 158, 159, 160, 161, 162, 163, 164, 165, 166, 167, 168, 169] 20160514
20.038 [0, 1, 2, 3] [69, 70] 20160325
19.7915 [1, 2, 3, 5] [46, 47, 48, 49, 50, 51, 52, 53, 54, 55, 56, 57, 58, 59, 60, 61, 62, 63, 64, 65, 66, 67, 68, 69, 70, 71, 72, 73, 74, 75, 76, 77, 78, 79, 80, 81] 20160621
19.726 [6, 7, 8, 9] [132, 133, 134, 135, 136, 137, 138, 139, 140, 141, 142, 143, 144, 145, 146, 147, 148, 149, 150, 151, 152, 153, 154, 155, 156, 157, 158, 159, 160, 161, 162, 163, 164, 165, 166, 167] 20160529
19.46 [6, 7, 8, 9] [134, 135, 136, 137, 138, 139, 140, 141, 142, 143, 144, 145, 146, 147, 148, 149, 150, 151, 152, 153, 154, 155, 156, 157, 158, 159, 160, 161, 162, 163, 164, 165, 166, 167, 168, 169] 20160302
19.392000000000003 [3, 5, 7, 8] [197, 198, 199] 20160312
19.2545 [0, 1, 2, 3] [72, 73] 20160325
19.206434390589003 [7, 8] [272, 273, 274, 275, 276, 277, 278, 279, 280, 281, 282, 283, 284, 285, 286, 287] 20160813
19.1555 [3, 4, 5, 6] [110, 111, 112, 113, 114, 115, 116, 117, 118, 119, 120, 121, 122, 123, 124, 125, 126, 127, 128, 129, 130, 131, 132, 133, 134, 135, 136, 137, 138, 139, 140, 141, 142, 143, 144] 20160302
19.0865 [4, 5, 6, 7] [252, 253, 254, 255, 256, 257, 258, 259, 260, 261, 262, 263, 264, 265, 266, 267, 268, 269, 270, 271, 272, 273, 274, 275, 276, 277, 278, 279, 280, 281, 282, 283, 284, 285, 286, 287] 20160514
18.9665 [3, 5, 7, 8] [197, 198] 20160312
18.72206624547622 [3, 5, 7, 8] [61, 62, 63, 64, 65, 66, 67, 68, 69, 70, 71, 72, 73, 74, 75, 76, 77, 78, 79, 80, 81, 82, 83, 84, 85, 86, 87, 88, 89, 90, 91, 92, 93, 94, 95] 20160309
18.05027881594446 [0, 1, 2] [75, 76, 77, 78, 79, 80, 81, 82, 83, 84, 85, 86, 87, 88, 89, 90, 91, 92, 93, 94, 95, 96, 97, 98, 99, 100, 101, 102, 103, 104, 105, 106, 107, 108, 109, 110] 20160419
17.836768555430663 [0, 1, 2, 3] [80, 81, 82, 83, 84, 85, 86, 87, 88, 89, 90, 91, 92, 93, 94, 95, 96, 97, 98, 99, 100, 101, 102, 103, 104, 105, 106, 107, 108, 109, 110, 111, 112, 113, 114, 115] 20160302
17.679000000000002 [1, 2, 3, 4] [65, 66, 67, 68, 69, 70, 71, 72, 73, 74, 75, 76, 77, 78, 79, 80, 81, 82, 83, 84, 85, 86, 87, 88, 89, 90, 91, 92, 93, 94, 95, 96, 97, 98, 99, 100] 20160412
17.6085 [1, 2, 3, 4] [17, 18] 20160301
17.554499999999997 [0, 1, 2, 3] [73, 74] 20160325
17.47897252415027 [1, 2, 3] [79, 80, 81, 82, 83, 84, 85, 86, 87, 88, 89, 90, 91, 92] 20160302
17.371 [2, 3, 4, 6] [72, 73, 74, 75, 76, 77, 78, 79, 80, 81, 82, 83, 84, 85, 86, 87, 88, 89, 90, 91, 92, 93, 94] 20160419
17.121 [1, 2, 3, 4] [18, 19] 20160301
16.9065 [3, 4, 6, 7] [1, 2, 3, 4, 5, 6, 7, 8, 9, 10, 11, 12, 13, 14, 15, 16, 17, 18, 19, 20, 21, 22, 23, 24, 25, 26, 27, 28, 29, 30] 20160529
16.871000000000002 [1, 2, 3, 4] [16, 17] 20160301
16.7525 [2, 3, 5, 7] [12, 13, 14, 15, 16, 17, 18, 19, 20, 21, 22, 23, 24, 25, 26, 27, 28, 29, 30, 31, 32, 33, 34, 35, 36, 37, 38, 39, 40, 41, 42, 43, 44, 45, 46, 47] 20160421
16.7055 [1, 2, 3, 5] [228, 229, 230, 231, 232, 233, 234, 235, 236, 237, 238, 239, 240, 241, 242, 243, 244, 245, 246, 247, 248, 249, 250, 251, 252, 253, 254, 255, 256, 257, 258, 259, 260, 261, 262, 263] 20160328
16.639 [5, 6, 7, 8] [113, 114, 115, 116, 117, 118, 119, 120, 121, 122, 123, 124, 125, 126, 127, 128, 129, 130, 131, 132, 133, 134, 135, 136, 137, 138, 139, 140, 141, 142, 143, 144, 145, 146, 147, 148] 20160911
16.531847607975745 [1, 2, 3, 4] [40, 41, 42, 43, 44, 45, 46, 47, 48, 49, 50, 51, 52, 53, 54, 55] 20160621
16.492 [3] [62, 63] 20160309
16.304948952184223 [5, 7, 8] [241, 242, 243, 244, 245, 246, 247, 248, 249, 250, 251, 252, 253, 254, 255, 256, 257, 258, 259, 260, 261, 262, 263, 264, 265, 266, 267, 268, 269, 270, 271, 272, 273, 274, 275, 276] 20160628
16.291 [3] [66, 67, 68, 69, 70, 71, 72, 73, 74, 75, 76] 20160302
16.2335 [1, 2, 3, 4] [19, 20] 20160301
16.175067619642274 [3, 4] [239, 240] 20160813
16.045667078685135 [3, 4] [238, 239] 20160813
16.0105 [2, 3, 5, 6] [84, 85, 86, 87, 88, 89, 90, 91, 92, 93, 94, 95, 96, 97, 98, 99, 100, 101, 102, 103, 104, 105, 106, 107, 108, 109, 110, 111, 112, 113, 114, 115, 116, 117, 118, 119] 20160911
15.867 [3] [63, 64] 20160309
15.473617692705218 [3, 4] [240, 241] 20160813
15.25 [5] [99, 100, 101, 102, 103, 104, 105, 106, 107, 108, 109, 110, 111, 112, 113, 114, 115, 116, 117, 118, 119, 120, 121, 122, 123, 124, 125, 126, 127, 128, 129, 130, 131, 132, 133, 134] 20160309
15.068842025849234 [1, 2, 3] [68, 69] 20160325
15.046 [1, 2, 3, 4] [20, 21] 20160301
15.017 [3] [67, 68] 20160302
14.919953083036154 [1, 2, 3] [83, 84] 20160302
14.908 [7] [273, 274] 20160813
14.876584386209089 [2, 3, 4] [93, 94, 95, 96, 97, 98, 99, 100, 101, 102, 103, 104, 105, 106, 107, 108, 109, 110, 111, 112, 113, 114, 115, 116, 117, 118, 119, 120, 121, 122, 123, 124, 125, 126, 127, 128] 20160325
14.8765 [4, 5, 6, 7] [29, 30, 31, 32, 33, 34, 35, 36, 37, 38, 39, 40, 41, 42, 43, 44, 45, 46, 47, 48, 49, 50, 51, 52, 53, 54, 55, 56, 57, 58, 59, 60, 61, 62, 63, 64] 20160421
14.725498718209852 [1, 2, 3] [82, 83] 20160302
14.717 [0, 1, 2, 3] [189, 190, 191, 192, 193, 194, 195, 196, 197] 20160312
14.68894554872246 [0, 1, 2, 3] [84, 85] 20160302
14.617 [3] [64, 65] 20160309
14.568279342461828 [0, 1, 2, 3] [85, 86] 20160302
14.554378877162705 [3, 5, 7, 8] [190, 191, 192, 193, 194, 195] 20160312
14.392 [7] [274, 275] 20160813
14.253151388377237 [4, 6, 7, 9] [65, 66, 67, 68, 69, 70, 71, 72, 73, 74, 75, 76, 77, 78, 79, 80, 81, 82, 83, 84, 85, 86, 87, 88, 89, 90, 91, 92, 93, 94, 95, 96, 97, 98, 99] 20160313
14.25 [3] [66, 67] 20160302
14.239 [8] [189, 190, 191, 192, 193, 194, 195, 196, 197, 198, 199, 200, 201, 202, 203, 204, 205, 206, 207, 208, 209, 210, 211, 212, 213, 214, 215, 216, 217, 218, 219, 220, 221, 222, 223, 224] 20160325
14.224867117129776 [3, 4] [241, 242] 20160813
14.166177254291291 [3, 5, 7, 8] [191, 192, 193] 20160312
14.136478769481458 [3, 4] [237, 238] 20160813
14.044045298037647 [2, 3, 4] [74, 75] 20160325
13.975 [2] [67, 68] 20160325
13.925 [3] [61, 62] 20160309
13.917 [3] [68, 69] 20160302
13.90666906559583 [3, 4] [51, 52, 53, 54, 55, 56, 57, 58, 59, 60, 61, 62, 63, 64, 65, 66, 67, 68, 69, 70, 71, 72, 73, 74, 75, 76, 77, 78, 79, 80, 81, 82, 83, 84, 85, 86] 20160911
13.888160725356448 [6, 7, 8] [117, 118, 119, 120, 121, 122, 123, 124, 125, 126, 127, 128, 129, 130, 131, 132, 133, 134, 135, 136, 137, 138, 139, 140, 141, 142, 143, 144, 145, 146, 147, 148, 149, 150, 151, 152] 20160412
13.842 [2] [66, 67] 20160325
13.823937572197003 [3, 4] [75, 76] 20160325
13.629 [1, 2, 3, 4] [21, 22] 20160301
13.5165 [4, 5, 6, 7] [273, 274, 275] 20160922
13.461498876425315 [0, 1, 2, 3] [86, 87] 20160302
13.442 [3] [193, 194, 195, 196] 20160312
13.295499999999999 [5, 6, 7, 9] [62, 63, 64, 65, 66, 67, 68, 69, 70, 71, 72, 73, 74, 75, 76, 77, 78, 79, 80, 81, 82, 83, 84, 85, 86, 87, 88, 89, 90, 91, 92, 93, 94, 95] 20160301
13.287500000000001 [5, 6, 7, 9] [272, 273, 274] 20160922
13.163499838568768 [7, 8] [275, 276] 20160813
13.15 [5, 6, 7, 9] [173, 174, 175, 176, 177, 178, 179, 180, 181, 182, 183, 184, 185, 186, 187, 188, 189, 190, 191, 192, 193, 194, 195, 196, 197, 198, 199, 200, 201, 202, 203, 204, 205, 206, 207, 208] 20160419
13.128144499509439 [1, 2, 3] [81, 82] 20160302
13.099153121480791 [3, 4] [76, 77] 20160325
13.081 [2, 3, 5, 7] [226, 227, 228, 229, 230, 231, 232, 233, 234, 235, 236] 20160324
13.067 [3] [65, 66, 67, 68] 20160309
13.046120112891801 [1, 2, 3, 5] [50, 51, 52, 53] 20160621
13.033 [7] [272, 273] 20160813
12.992 [3] [65, 66] 20160309
12.968 [1, 2, 3, 5] [270, 271, 272, 273, 274, 275, 276, 277, 278, 279, 280, 281, 282, 283, 284, 285, 286, 287] 20160308
12.957731765243485 [7, 8] [278, 279] 20160813
12.926499999999999 [6, 7, 8, 9] [168, 169, 170, 171, 172, 173, 174, 175, 176, 177, 178, 179, 180, 181, 182, 183, 184, 185, 186, 187, 188, 189, 190, 191, 192, 193, 194, 195, 196, 197, 198, 199, 200, 201, 202, 203] 20160813
12.922376426184154 [7, 8] [277, 278] 20160813
12.9165 [3, 4, 6, 7] [1, 2, 3, 4, 5, 6, 7, 8, 9, 10, 11, 12, 13, 14, 15] 20160529
12.9 [4, 5, 6, 7] [273, 274] 20160922
12.893963561811912 [3, 5, 7, 8] [161, 162, 163, 164, 165, 166] 20160421
12.889344759658396 [0, 1, 2] [65, 66] 20160325
12.828999999999999 [4, 5, 6, 7] [274, 275] 20160922
12.739235769856839 [5, 6] [95, 96, 97, 98, 99, 100, 101, 102, 103, 104, 105, 106, 107, 108, 109, 110, 111, 112, 113, 114, 115, 116, 117, 118, 119, 120, 121, 122, 123, 124, 125, 126, 127, 128, 129, 130] 20160412
12.707 [4, 5, 7, 9] [2, 3, 4, 5, 6, 7, 8, 9, 10, 11, 12, 13, 14, 15, 16, 17, 18, 19, 20, 21, 22, 23, 24, 25, 26, 27, 28, 29, 30, 31, 32, 33, 34, 35, 36, 37] 20160419
12.6835 [1, 2, 3, 4] [15, 16] 20160301
12.65 [5] [102, 103] 20160309
12.613499999999998 [4, 6, 7, 9] [149, 150, 151, 152, 153, 154, 155, 156, 157, 158, 159, 160, 161, 162, 163, 164, 165, 166, 167, 168, 169, 170, 171, 172, 173, 174, 175, 176, 177, 178, 179, 180, 181, 182] 20160813
12.595473472640876 [6, 7, 9] [149, 150, 151, 152, 153, 154, 155] 20160421
12.5565 [4, 5, 7, 8] [12, 13, 14, 15, 16, 17, 18, 19, 20, 21, 22, 23, 24, 25, 26, 27, 28, 29, 30, 31, 32, 33, 34, 35, 36, 37, 38, 39, 40, 41, 42, 43, 44, 45, 46, 47] 20160514
12.508 [3] [69, 70] 20160302
12.5 [5] [101, 102] 20160309
12.492 [3] [80, 81] 20160302
12.4755 [3, 5, 7, 9] [154, 155, 156, 157, 158, 159, 160, 161, 162] 20160922
12.459 [3, 4, 5, 7] [54, 55, 56, 57, 58, 59, 60, 61, 62, 63, 64, 65, 66, 67, 68, 69, 70, 71, 72, 73, 74, 75, 76, 77, 78, 79, 80, 81, 82, 83, 84, 85, 86, 87, 88, 89] 20160405
12.42174482510408 [7, 8] [276, 277] 20160813
12.4165 [1, 2, 3, 4] [245, 246, 247, 248] 20160813
12.4153808640734 [2, 3] [196, 197, 198, 199] 20160312
12.372247350421022 [0, 1] [90, 91, 92, 93, 94, 95, 96, 97, 98, 99, 100, 101, 102, 103, 104, 105, 106, 107, 108, 109, 110, 111, 112, 113, 114, 115, 116, 117, 118, 119, 120, 121, 122, 123, 124, 125] 20160421
12.359000000000002 [3, 4, 5, 6] [37, 38, 39, 40, 41, 42, 43, 44, 45, 46, 47, 48, 49, 50, 51, 52, 53, 54, 55, 56, 57, 58, 59, 60, 61, 62, 63, 64, 65, 66, 67, 68, 69, 70, 71, 72] 20160405
12.341999999999999 [3, 5, 7, 9] [157, 158, 159, 160, 161, 162, 163, 164] 20160922
12.285980323116263 [1, 2, 3, 5] [50, 51] 20160621
12.281 [8] [173, 174, 175, 176, 177, 178, 179, 180, 181, 182, 183, 184, 185, 186, 187, 188] 20160325
12.244261023026258 [3, 4] [77, 78] 20160325
12.1895 [2, 3, 4, 5] [273, 274, 275, 276, 277, 278, 279, 280, 281, 282, 283, 284, 285, 286, 287] 20160312
12.161306070210278 [0, 1, 2, 3] [35, 36, 37, 38, 39, 40, 41, 42, 43, 44, 45, 46, 47, 48, 49, 50, 51, 52, 53, 54, 55, 56, 57, 58, 59, 60, 61, 62, 63, 64, 65, 66, 67, 68, 69, 70] 20160313
12.134170607558366 [3, 4, 5] [150, 151] 20160405
12.125 [5, 6, 7, 9] [271, 272, 273] 20160922
12.11454069840592 [1, 2, 3] [247, 248] 20160813
12.108 [3] [79, 80] 20160302
12.0915 [3, 4, 5, 6] [149, 150] 20160405
12.067 [9] [143, 144, 145, 146, 147, 148, 149, 150, 151, 152, 153, 154, 155, 156, 157, 158, 159, 160, 161, 162, 163, 164, 165, 166, 167, 168, 169, 170, 171, 172, 173, 174, 175, 176, 177, 178] 20160412
12.062534580261314 [3, 4] [242, 243] 20160813
11.992 [5] [103, 104] 20160309
11.9915 [1, 2, 3, 4] [22, 23] 20160301
11.9665 [4, 5, 6, 7] [276, 277, 278, 279] 20160922
11.909092408743831 [0, 1, 2, 3] [78, 79] 20160302
11.8725 [1, 2, 3, 4] [251, 252, 253, 254, 255, 256, 257, 258, 259, 260, 261, 262, 263, 264, 265, 266, 267, 268, 269, 270, 271, 272, 273, 274, 275, 276, 277, 278, 279, 280, 281, 282, 283, 284, 285, 286] 20160421
11.85 [5] [100, 101] 20160309
11.831061716233812 [7, 8, 9] [200, 201, 202, 203] 20160312
11.733 [1, 2, 3, 5] [279, 280, 281, 282, 283, 284, 285, 286, 287] 20160911
11.670499999999999 [2, 3, 4, 5] [155, 156] 20160313
11.658 [4, 5, 7, 9] [272, 273] 20160922
11.655 [4, 5, 7, 9] [172, 173, 174, 175, 176, 177, 178] 20160309
11.643422878747185 [1, 2, 3, 4] [43, 44] 20160621
11.633 [2, 3, 4, 5] [156, 157] 20160313
11.62059284201972 [1, 2, 3, 5] [51, 52] 20160621
11.614555365287703 [5, 6, 7, 8] [264, 265, 266, 267, 268, 269, 270, 271, 272, 273, 274, 275, 276, 277, 278, 279, 280, 281, 282, 283, 284, 285, 286, 287] 20160328
11.600121608557961 [0, 1, 2, 3] [87, 88] 20160302
11.56968115377429 [3, 5, 7, 8] [161, 162, 163, 164, 165] 20160421
11.504999999999999 [4, 5, 7, 8] [138, 139, 140, 141, 142, 143, 144, 145, 146, 147, 148, 149, 150, 151, 152, 153, 154, 155, 156, 157, 158, 159, 160, 161, 162, 163, 164, 165, 166, 167, 168, 169, 170, 171, 172] 20160628
11.486 [0] [3, 4, 5, 6, 7, 8, 9, 10, 11, 12, 13, 14, 15, 16, 17, 18, 19, 20, 21, 22, 23, 24, 25, 26, 27, 28, 29, 30, 31, 32, 33, 34, 35, 36, 37, 38] 20160911
11.472807524751733 [7, 8] [279, 280] 20160813
11.45512985522207 [3, 4] [78, 79] 20160325
11.442 [3] [66, 67, 68] 20160309
11.433 [8] [190, 191] 20160325
11.3985 [2, 3, 4, 6] [113, 114, 115, 116, 117, 118, 119, 120] 20160302
11.392 [3] [66, 67] 20160309
11.378419105189144 [1, 2, 3, 4] [42, 43] 20160621
11.372398361823242 [2, 3] [101, 102, 103] 20160325
11.363985348459405 [1, 2, 3] [246, 247] 20160813
11.335117834999922 [3, 4, 5] [148, 149] 20160405
11.328766982038838 [2, 3, 4] [1, 2, 3, 4, 5, 6, 7, 8, 9, 10, 11, 12, 13, 14, 15, 16, 17, 18, 19, 20, 21, 22, 23, 24, 25, 26, 27, 28, 29, 30, 31, 32, 33, 34, 35, 36] 20160628
11.279 [3, 4, 5, 6] [151, 152] 20160405
11.255018636146277 [5, 6] [53, 54] 20160621
11.25 [3] [70, 71] 20160302
11.225 [3] [60, 61, 62] 20160309
11.172994249528637 [5, 6] [257, 258, 259, 260, 261, 262, 263, 264, 265, 266, 267, 268, 269, 270, 271, 272, 273, 274, 275, 276, 277, 278, 279, 280, 281, 282, 283, 284, 285, 286, 287] 20160529
11.152 [9] [75, 76, 77, 78, 79, 80, 81] 20160313
11.15 [4, 6, 7, 9] [1, 2, 3, 4, 5, 6, 7, 8, 9, 10] 20160529
11.104177727324073 [3, 5, 6] [153, 154, 155, 156] 20160421
11.101576464628796 [3, 4] [41, 42] 20160621
11.0795 [3, 4, 5, 6] [152, 153] 20160405
11.051638852827816 [1, 2, 3, 4] [44, 45] 20160621
11.037205096098075 [3, 4, 5] [153, 154] 20160405
11.036627745828886 [3, 4, 5] [157, 158] 20160313
11.025080740445095 [2, 3, 5, 7] [226, 227, 228, 229, 230, 231, 232, 233] 20160324
11.024999999999999 [6, 7, 8, 9] [167, 168, 169, 170] 20160922
11.000832029139131 [0, 1, 2] [249, 250, 251, 252, 253, 254, 255, 256, 257, 258, 259, 260, 261, 262, 263, 264, 265, 266, 267, 268, 269, 270, 271, 272, 273, 274, 275, 276, 277, 278, 279, 280, 281, 282, 283, 284] 20160324
10.971 [2, 3, 4, 5] [154, 155] 20160313
10.960417510295857 [2, 3, 4, 6] [76, 77] 20160419
10.958 [5] [104, 105] 20160309
10.925 [9] [76, 77] 20160313
10.908499999999998 [2, 3, 4, 5] [233, 234] 20160529
10.899000000000001 [1, 2, 3, 5] [283, 284, 285, 286, 287] 20160911
10.823 [5, 6, 7, 9] [146, 147, 148, 149, 150, 151, 152, 153, 154, 155, 156, 157, 158] 20160529
10.807 [6, 7, 8, 9] [158, 159, 160, 161, 162, 163, 164, 165, 166, 167, 168, 169, 170, 171, 172, 173, 174, 175, 176, 177, 178, 179, 180, 181, 182, 183, 184, 185, 186, 187, 188, 189, 190, 191, 192, 193] 20160628
10.801056082624513 [5, 6] [52, 53] 20160621
10.8005 [1, 2, 3, 5] [49, 50] 20160621
10.791831231692486 [3, 4, 5] [154, 155] 20160405
10.758 [0] [27, 28, 29, 30, 31, 32, 33, 34, 35, 36, 37, 38, 39, 40, 41] 20160621
10.728900052350815 [7, 8, 9] [44, 45] 20160301
10.712667734976195 [5, 6] [54, 55] 20160621
10.687499999999998 [3, 4, 5, 6] [151, 152, 153] 20160421
10.687 [5, 6, 7, 9] [139, 140, 141, 142, 143, 144, 145, 146, 147, 148, 149] 20160529
10.675898182354493 [8, 9] [150, 151, 152, 153, 154, 155, 156, 157, 158, 159, 160, 161, 162, 163, 164, 165, 166, 167, 168, 169, 170, 171, 172, 173, 174] 20160529
10.667 [4, 5, 7, 9] [226, 227, 228, 229, 230, 231] 20160529
10.65 [1] [192, 193, 194, 195] 20160312
10.65 [6] [202, 203, 204] 20160628
10.647613911107031 [3, 4] [40, 41] 20160621
10.629 [9] [140, 141, 142, 143, 144, 145, 146, 147, 148, 149, 150, 151, 152, 153, 154, 155, 156, 157, 158, 159, 160, 161] 20160911
10.624279387327876 [7, 9] [42, 43] 20160301
10.6225 [4, 6, 7, 9] [1, 2, 3, 4, 5, 6, 7, 8, 9] 20160529
10.617 [6] [202, 203] 20160628
10.616499999999998 [5, 6, 7, 9] [271, 272] 20160922
10.588924048268549 [3, 5, 7, 8] [163, 164, 165] 20160421
10.55569497159393 [7, 8, 9] [43, 44] 20160301
10.554 [2, 3, 4, 5] [236, 237] 20160529
10.5375 [4, 6, 7, 9] [180, 181, 182, 183] 20160309
10.526827458134447 [3, 5, 7, 8] [165, 166, 167] 20160421
10.522208655980931 [2, 3, 4, 6] [74, 75] 20160419
10.517 [3] [245, 246, 247, 248, 249, 250, 251, 252, 253, 254, 255, 256] 20160529
10.500846696020913 [1, 2, 3] [42, 43, 44, 45, 46, 47, 48, 49, 50, 51, 52, 53, 54, 55, 56, 57, 58, 59, 60, 61, 62, 63, 64, 65, 66, 67, 68, 69, 70, 71, 72, 73, 74, 75, 76, 77] 20160308
10.500499999999999 [2, 3, 4, 5] [235, 236] 20160529
10.471 [3] [277, 278, 279, 280, 281, 282, 283, 284] 20160324
10.464473629061967 [2, 3, 4, 6] [77, 78] 20160419
10.464473629061967 [2, 3, 4, 5] [230, 231, 232, 233] 20160529
10.4 [0] [192, 193] 20160312
10.3875 [2, 3, 4, 5] [234, 235] 20160529
10.363437331953783 [7, 8, 9] [45, 46] 20160301
10.35419972764675 [3, 4, 5] [158, 159] 20160313
10.3335 [2, 3, 4, 5] [232, 233] 20160529
10.287500000000001 [6, 7, 8, 9] [169, 170] 20160922
10.286 [4, 6, 7, 9] [223, 224, 225, 226, 227] 20160529
10.282030943998045 [6, 7, 9] [41, 42] 20160301
10.274999999999999 [1, 2, 3, 4] [23, 24] 20160301
10.267019836999117 [3, 4, 5] [155, 156] 20160405
10.267000000000001 [1, 2, 3, 5] [284, 285] 20160911
10.258 [0] [43, 44] 20160412
10.233 [0] [42, 43] 20160412
10.221 [3, 4, 5, 6] [146, 147, 148] 20160421
10.2125 [3, 5, 7, 8] [167, 168, 169] 20160421
10.183 [5] [99, 100, 101] 20160309
10.175221144197964 [3, 5, 6] [155, 156, 157] 20160421
10.13711602643145 [3, 4, 5] [147, 148] 20160405
10.131 [4, 6, 7, 9] [1, 2, 3, 4, 5, 6, 7, 8] 20160529
10.129033122662795 [0, 1, 2] [135, 136, 137, 138, 139, 140, 141, 142, 143, 144, 145, 146, 147, 148, 149, 150, 151, 152, 153, 154, 155, 156, 157, 158, 159, 160, 161, 162, 163, 164, 165, 166, 167, 168, 169] 20160621
10.108 [1] [210, 211] 20160529
10.1 [3] [278, 279] 20160324
10.067 [9] [75, 76] 20160313
10.065524593051936 [3, 5, 7, 8] [165, 166] 20160421
10.058 [1, 2, 3, 4] [14, 15, 16] 20160301
10.055132288206524 [1, 2, 3, 4] [45, 46] 20160621
10.046573147098467 [3, 5, 7, 8] [163, 164] 20160421
9.991999999999999 [3, 5, 7, 9] [158, 159, 160, 161] 20160922
9.983 [6] [203, 204] 20160628
9.978344702404303 [5, 6, 7] [227, 228, 229, 230, 231, 232] 20160324
9.967 [3] [67, 68] 20160309
9.956405392175096 [0, 1, 2, 3] [190, 191, 192, 193, 194, 195, 196, 197, 198] 20160308
9.925 [1, 2, 3, 4] [48, 49] 20160621
9.883000000000001 [2, 3, 4, 5] [153, 154] 20160313
9.8735 [2, 3, 4, 5] [276, 277, 278, 279, 280, 281, 282, 283] 20160312
9.863 [3, 4, 5, 6] [152, 153] 20160421
9.85883319668205 [7, 8, 9] [46, 47] 20160301
9.846131490759879 [5, 6, 7] [223, 224, 225, 226, 227, 228, 229, 230] 20160324
9.840097966991994 [5, 7] [244, 245] 20160628
9.816763443212839 [5, 7] [243, 244] 20160628
9.804 [5, 7, 8, 9] [107, 108, 109, 110, 111, 112, 113, 114, 115, 116, 117, 118, 119, 120, 121, 122, 123, 124, 125, 126, 127, 128, 129, 130, 131, 132, 133, 134, 135, 136, 137, 138, 139, 140, 141, 142] 20160313
9.791 [4, 5, 7, 8] [12, 13, 14, 15, 16, 17, 18, 19, 20, 21, 22, 23, 24, 25, 26, 27, 28, 29, 30] 20160419
9.780890910341451 [1, 2, 3, 5] [82, 83] 20160911
9.758073580374356 [5, 6] [55, 56] 20160621
9.728352035845196 [2, 3, 4] [156, 157, 158, 159, 160, 161] 20160421
9.717 [9] [77, 78] 20160313
9.670617008926232 [4, 5, 6] [252, 253] 20160514
9.658 [3] [277, 278] 20160324
9.59331770035789 [7, 8] [250, 251] 20160628
9.588000000000001 [0, 1, 2, 3] [281, 282, 283, 284, 285] 20160911
9.583 [0] [44, 45] 20160412
9.5755 [1, 2, 3, 5] [285, 286] 20160911
9.567 [8] [125, 126] 20160911
9.567 [3, 5, 6, 7] [171, 172] 20160922
9.522607022239233 [7, 8] [251, 252] 20160628
9.521660639475307 [3, 4, 5, 7] [52, 53, 54] 20160313
9.48817432386231 [1, 2, 3, 5] [83, 84] 20160911
9.4875 [2, 3, 4, 5] [159, 160] 20160313
9.4875 [2, 3, 4, 5] [156, 157, 158] 20160421
9.463210052619564 [5, 7] [245, 246] 20160628
9.45872946013364 [6, 7, 9] [40, 41] 20160301
9.435058099096864 [2, 3, 5, 7] [228, 229, 230] 20160324
9.387 [5, 7, 8, 9] [280, 281, 282, 283] 20160922
9.372126919755196 [3, 4, 5] [156, 157] 20160405
9.367508117601679 [3, 4, 5, 7] [52, 53] 20160313
9.35148718119209 [5, 7] [242, 243] 20160628
9.348500000000001 [4, 6, 7, 9] [53, 54, 55, 56, 57, 58, 59, 60, 61, 62, 63, 64, 65, 66, 67, 68, 69, 70, 71, 72, 73, 74, 75, 76, 77, 78, 79, 80, 81, 82, 83, 84, 85, 86, 87, 88] 20160514
9.338999999999999 [5, 6, 7, 8] [140, 141, 142, 143, 144, 145, 146, 147] 20160514
9.3335 [3, 4, 5, 6] [163, 164, 165, 166] 20160922
9.329 [1, 2, 3, 5] [283, 284] 20160911
9.305154288529199 [5, 7, 8] [249, 250] 20160628
9.3 [3] [279, 280] 20160324
9.298454172603098 [5, 7] [246, 247] 20160628
9.276286775069718 [3, 4, 5, 7] [55, 56] 20160911
9.252038063763754 [3, 4, 5, 7] [56, 57] 20160911
9.25 [6, 7, 8, 9] [167, 168] 20160922
9.247419261610236 [4, 5, 6] [253, 254] 20160514
9.2415 [2, 3, 4, 6] [73, 74] 20160419
9.153 [2] [238, 239, 240, 241, 242] 20160514
9.133 [8] [126, 127, 128] 20160911
9.131949207772312 [7, 8, 9] [47, 48] 20160301
9.131949207772312 [1, 2, 3] [70, 71] 20160412
9.096 [1, 2, 3, 4] [47, 48] 20160621
9.083 [8] [126, 127] 20160911
9.074301322966964 [5, 7] [247, 248] 20160628
9.064399226277125 [5, 7, 8] [248, 249] 20160628
9.045309944938316 [7, 8] [122, 123, 124] 20160911
9.033289129658144 [2, 3] [243, 244, 245, 246, 247, 248] 20160514
9.016479153934387 [1, 2, 3, 4] [46, 47] 20160621
9.0085 [3, 4, 5, 6] [251, 252] 20160514
8.9875 [3, 5, 6, 7] [172, 173] 20160922
8.962499999999999 [6, 7, 8, 9] [195, 196, 197, 198, 199, 200, 201, 202, 203, 204, 205, 206, 207, 208, 209, 210, 211, 212, 213, 214, 215, 216, 217, 218, 219, 220, 221, 222, 223, 224, 225, 226, 227, 228, 229, 230] 20160301
8.933 [8] [124, 125] 20160911
8.875 [0] [45, 46] 20160412
8.867 [3] [52, 53] 20160911
8.8625 [4, 5, 7, 9] [270, 271] 20160922
8.858 [9] [74, 75, 76] 20160313
8.852500000000001 [2, 3, 4, 6] [5, 6, 7, 8, 9, 10, 11, 12, 13, 14, 15, 16, 17, 18, 19, 20, 21, 22, 23, 24, 25, 26, 27, 28, 29, 30, 31, 32, 33, 34, 35, 36, 37, 38, 39, 40] 20160313
8.85 [2] [239, 240] 20160514
8.819025361871534 [1, 2, 3] [69, 70] 20160412
8.804591605141793 [1, 2, 3] [71, 72] 20160412
8.783 [2] [238, 239] 20160514
8.751475380376347 [5, 6, 7] [228, 229] 20160324
8.75 [2, 3, 4, 5] [152, 153] 20160313
8.748011278761211 [2, 3, 4] [160, 161, 162, 163, 164] 20160313
8.7445 [2, 3, 4, 6] [240, 241, 242, 243, 244, 245, 246, 247, 248, 249, 250, 251, 252, 253] 20160324
8.726404786623183 [2, 3] [75, 76] 20160419
8.6765 [5, 7, 8, 9] [149, 150, 151, 152, 153, 154, 155] 20160514
8.675 [0] [195, 196, 197, 198] 20160312
8.554 [6, 7, 8, 9] [159, 160, 161, 162, 163, 164] 20160312
8.525500000000001 [2, 3, 4, 5] [281, 282, 283, 284, 285, 286, 287] 20160312
8.479624519989079 [2, 3] [243, 244] 20160514
8.474347251165328 [0, 1, 2] [220, 221, 222, 223, 224, 225, 226] 20160324
8.442 [3] [198, 199] 20160312
8.442 [0] [41, 42, 43] 20160412
8.424117777745831 [1, 2, 3, 5] [281, 282] 20160308
8.414880173438796 [4, 6, 7] [231, 232, 233, 234] 20160324
8.414880173438796 [4, 5, 6] [254, 255] 20160514
8.392 [1, 2, 3, 5] [280, 281] 20160308
8.392 [3] [280, 281] 20160324
8.38487221131008 [2, 3] [72, 73] 20160412
8.367 [9] [146, 147] 20160412
8.317 [9] [147, 148] 20160412
8.2955 [1, 2, 3, 5] [278, 279, 280] 20160308
8.284399012601941 [0, 1, 2, 3] [191, 192, 193] 20160308
8.2625 [1, 2, 3, 4] [162, 163] 20160308
8.2585 [4, 5, 6, 7] [255, 256] 20160514
8.237794000823278 [7, 8] [252, 253] 20160628
8.20880262279463 [1, 2] [79, 80] 20160419
8.208095516013444 [2, 3] [244, 245] 20160514
8.2 [0] [46, 47] 20160412
8.184999999999999 [0, 1, 2, 3] [259, 260, 261, 262, 263, 264, 265, 266, 267, 268, 269, 270, 271, 272, 273, 274, 275, 276, 277, 278, 279, 280, 281, 282, 283, 284, 285, 286, 287] 20160628
8.158 [6] [201, 202] 20160628
8.14940565317496 [1, 2] [80, 81] 20160419
8.137384837894787 [1, 2] [81, 82] 20160419
8.136019993420208 [2, 3, 5] [25, 26, 27, 28, 29, 30, 31, 32, 33, 34, 35, 36, 37, 38, 39] 20160419
8.067 [2] [240, 241] 20160514
8.054 [1, 2, 3, 5] [279, 280] 20160308
8.017 [1, 2, 3, 5] [282, 283, 284] 20160308
8.0125 [4, 5, 7, 9] [155, 156, 157, 158, 159, 160, 161, 162] 20160514
7.990306627407987 [2, 3] [284, 285] 20160308
7.990306627407987 [1, 2] [66, 67] 20160412
7.981867471546576 [2, 3, 4] [242, 243] 20160328
7.961315249379338 [1, 2] [67, 68] 20160412
7.952999958087095 [6, 7, 8] [121, 122] 20160412
7.948381155933578 [4, 5, 6] [256, 257] 20160514
7.938566201357355 [0, 1, 2] [82, 83] 20160419
7.933 [9] [148, 149] 20160412
7.933 [4, 5, 7, 8] [134, 135] 20160514
7.933 [6] [204, 205] 20160628
7.919595949289331 [2, 3] [73, 74] 20160412
7.8755 [2, 3, 5, 6] [150, 151, 152, 153, 154, 155, 156, 157, 158, 159] 20160308
7.875 [2] [138, 139] 20160405
7.85196366097891 [0, 1, 2] [83, 84] 20160419
7.82309614751943 [4, 6, 7] [231, 232] 20160324
7.813281192943206 [0, 1, 2] [215, 216] 20160324
7.8 [3, 5, 7, 8] [13, 14, 15, 16, 17, 18, 19, 20, 21] 20160419
7.784000000000001 [1, 2, 3, 5] [285, 286] 20160308
7.775176075176691 [1, 2, 3, 4] [170, 171] 20160308
7.760496923522358 [1, 2] [214, 215] 20160324
7.760496923522358 [1, 2] [78, 79] 20160419
7.75 [1, 2, 3, 4] [160, 161] 20160308
7.74630856171721 [0, 1, 2] [84, 85] 20160419
7.679 [5, 7, 8, 9] [163, 164, 165] 20160405
7.659706021338765 [0, 1, 2, 3] [191, 192] 20160308
7.640653462455508 [1, 2, 3, 4] [169, 170] 20160308
7.63109638256522 [3, 5] [157, 158] 20160405
7.606589796573321 [2, 3, 4] [243, 244] 20160328
7.595033936724707 [2, 3, 5, 7] [230, 231] 20160324
7.4959999999999996 [1, 2, 3, 5] [278, 279] 20160308
7.4815000000000005 [2, 3, 4, 5] [180, 181, 182, 183, 184] 20160308
7.458 [2] [139, 140] 20160405
7.4012866786795914 [3, 4] [69, 70, 71, 72, 73, 74] 20160419
7.4 [1, 2, 3, 4] [241, 242] 20160328
7.3877740445504525 [2, 3, 4] [155, 156, 157, 158, 159] 20160308
7.323110814401214 [3, 5, 7, 8] [12, 13, 14, 15, 16] 20160419
7.308099707402283 [2, 3, 5] [142, 143, 144, 145] 20160405
7.147435344233623 [8, 9] [160, 161] 20160405
7.140090779068103 [1, 2, 3, 5] [230, 231] 20160328
7.11 [5] [199, 200, 201, 202, 203, 204, 205, 206, 207, 208, 209, 210, 211, 212, 213, 214, 215, 216, 217, 218, 219, 220, 221, 222, 223] 20160328
7.08235575214914 [1, 2, 3, 5] [232, 233] 20160328
7.014805770653954 [1, 2, 3, 5] [231, 232] 20160328
7.008 [2] [137, 138] 20160405
6.951297241043094 [7, 8, 9] [164, 165, 166, 167, 168] 20160405
6.875087005510064 [2, 3, 4] [244, 245] 20160328
6.836981887743549 [0, 1, 2] [226, 227, 228, 229, 230] 20160328
6.620475536797438 [1, 2, 3, 5] [233, 234] 20160328
6.524058041842771 [0, 1, 2, 3] [157, 158, 159, 160, 161, 162, 163, 164, 165, 166, 167, 168, 169, 170, 171, 172, 173, 174, 175, 176, 177, 178, 179, 180, 181, 182, 183, 184, 185] 20160328
6.5125 [1, 2, 3, 4] [240, 241] 20160328
6.2379999999999995 [5, 6, 7, 8] [273, 274] 20160328
6.182266682482513 [2, 3, 4] [245, 246] 20160328
6.153399169023032 [1, 2, 3] [235, 236] 20160328
6.124499999999999 [5, 6, 7, 8] [274, 275] 20160328
6.1199128534100335 [0, 1, 2] [228, 229] 20160328
6.086426537797035 [1, 2, 3] [236, 237] 20160328
5.9415 [5, 6, 7, 8] [272, 273] 20160328
