10 0.8888888888888888 0.08247422680412371 0.15094339622641506
15 0.8235294117647058 0.14432989690721648 0.24561403508771928
20 0.782608695652174 0.18556701030927836 0.3
25 0.7586206896551724 0.2268041237113402 0.34920634920634924
30 0.7368421052631579 0.28865979381443296 0.41481481481481475
35 0.6744186046511628 0.29896907216494845 0.4142857142857143
40 0.6326530612244898 0.31958762886597936 0.4246575342465754
45 0.5740740740740741 0.31958762886597936 0.4105960264900662
50 0.5423728813559322 0.32989690721649484 0.4102564102564102
55 0.5 0.32989690721649484 0.3975155279503106
60 0.463768115942029 0.32989690721649484 0.38554216867469876
65 0.43243243243243246 0.32989690721649484 0.37426900584795325
70 0.4050632911392405 0.32989690721649484 0.3636363636363636
75 0.38095238095238093 0.32989690721649484 0.3535911602209945
80 0.37777777777777777 0.35051546391752575 0.3636363636363636
85 0.35789473684210527 0.35051546391752575 0.3541666666666667
90 0.34 0.35051546391752575 0.3451776649746193
95 0.3238095238095238 0.35051546391752575 0.3366336633663366
100 0.3090909090909091 0.35051546391752575 0.32850241545893716
105 0.2956521739130435 0.35051546391752575 0.3207547169811321
110 0.2833333333333333 0.35051546391752575 0.31336405529953915
115 0.272 0.35051546391752575 0.30630630630630634
120 0.26153846153846155 0.35051546391752575 0.2995594713656387
125 0.2518518518518518 0.35051546391752575 0.29310344827586204
130 0.24285714285714285 0.35051546391752575 0.28691983122362863
135 0.23448275862068965 0.35051546391752575 0.2809917355371901
140 0.22666666666666666 0.35051546391752575 0.2753036437246963
145 0.21935483870967742 0.35051546391752575 0.2698412698412698
150 0.2125 0.35051546391752575 0.26459143968871596
155 0.20606060606060606 0.35051546391752575 0.2595419847328244
160 0.2 0.35051546391752575 0.25468164794007486
165 0.19428571428571428 0.35051546391752575 0.25
170 0.18888888888888888 0.35051546391752575 0.2454873646209386
175 0.1837837837837838 0.35051546391752575 0.24113475177304966
180 0.18421052631578946 0.36082474226804123 0.24390243902439024
185 0.1794871794871795 0.36082474226804123 0.23972602739726032
190 0.175 0.36082474226804123 0.2356902356902357
195 0.17073170731707318 0.36082474226804123 0.2317880794701987
200 0.16666666666666666 0.36082474226804123 0.22801302931596087
205 0.16744186046511628 0.3711340206185567 0.23076923076923078
210 0.16363636363636364 0.3711340206185567 0.2271293375394322
215 0.16 0.3711340206185567 0.2236024844720497
220 0.1565217391304348 0.3711340206185567 0.22018348623853215
225 0.15319148936170213 0.3711340206185567 0.21686746987951808
230 0.15 0.3711340206185567 0.21364985163204747
235 0.1469387755102041 0.3711340206185567 0.2105263157894737
240 0.144 0.3711340206185567 0.20749279538904897
245 0.1411764705882353 0.3711340206185567 0.20454545454545456
250 0.13846153846153847 0.3711340206185567 0.2016806722689076
255 0.13584905660377358 0.3711340206185567 0.1988950276243094
260 0.13333333333333333 0.3711340206185567 0.19618528610354227
265 0.13090909090909092 0.3711340206185567 0.19354838709677422
270 0.12857142857142856 0.3711340206185567 0.1909814323607427
275 0.12631578947368421 0.3711340206185567 0.18848167539267016
280 0.12413793103448276 0.3711340206185567 0.18604651162790695
285 0.12203389830508475 0.3711340206185567 0.1836734693877551
290 0.12 0.3711340206185567 0.181360201511335
295 0.12131147540983607 0.38144329896907214 0.18407960199004975
300 0.11935483870967742 0.38144329896907214 0.1818181818181818
305 0.11746031746031746 0.38144329896907214 0.17961165048543687
310 0.115625 0.38144329896907214 0.17745803357314152
315 0.11384615384615385 0.38144329896907214 0.17535545023696686
320 0.11212121212121212 0.38144329896907214 0.17330210772833723
325 0.11044776119402985 0.38144329896907214 0.17129629629629628
330 0.10882352941176471 0.38144329896907214 0.16933638443935928
335 0.1072463768115942 0.38144329896907214 0.167420814479638
340 0.10571428571428572 0.38144329896907214 0.16554809843400448
345 0.10422535211267606 0.38144329896907214 0.16371681415929204
350 0.10555555555555556 0.3917525773195876 0.16630196936542668
355 0.10410958904109589 0.3917525773195876 0.16450216450216448
360 0.10270270270270271 0.3917525773195876 0.16274089935760172
365 0.10133333333333333 0.3917525773195876 0.16101694915254236
370 0.10052910052910052 0.3917525773195876 0.15999999999999998
375 0.1 0.3917525773195876 0.15932914046121593
380 0.09947643979057591 0.3917525773195876 0.15866388308977036
