30.854 [6, 7, 8, 9] [141, 142, 143, 144, 145, 146, 147, 148, 149, 150, 151, 152, 153, 154, 155, 156, 157, 158, 159, 160, 161, 162, 163, 164, 165, 166, 167, 168, 169, 170, 171, 172, 173, 174, 175, 176] 20160421
29.4835 [3, 5, 7, 8] [192, 193, 194, 195, 196, 197, 198, 199, 200] 20160312
28.502000000000002 [3, 5, 7, 8] [161, 162, 163, 164, 165, 166, 167, 168, 169, 170, 171, 172, 173, 174, 175, 176, 177, 178, 179, 180, 181, 182, 183, 184, 185, 186, 187, 188, 189, 190, 191, 192, 193, 194, 195] 20160421
27.953567983354112 [4, 5, 7, 9] [164, 165, 166, 167, 168, 169, 170, 171, 172, 173, 174, 175, 176, 177, 178, 179, 180, 181, 182, 183, 184, 185, 186, 187, 188, 189, 190, 191, 192, 193, 194, 195, 196, 197, 198, 199] 20160309
25.979000000000003 [1, 2, 3, 4] [15, 16, 17, 18, 19, 20, 21, 22, 23, 24, 25, 26, 27, 28, 29, 30, 31, 32, 33, 34, 35, 36, 37, 38, 39, 40, 41, 42, 43, 44, 45, 46, 47, 48, 49, 50] 20160301
25.329 [0, 1, 2, 3] [65, 66, 67, 68, 69, 70, 71, 72, 73, 74, 75, 76, 77, 78, 79, 80, 81] 20160325
24.400000000000002 [0, 1, 2, 3] [69, 70, 71, 72, 73, 74, 75, 76] 20160325
24.259999999999998 [2, 3, 4, 5] [142, 143, 144, 145, 146, 147, 148, 149, 150, 151, 152, 153, 154, 155, 156, 157, 158, 159, 160, 161, 162, 163, 164, 165, 166, 167, 168, 169, 170, 171, 172, 173, 174, 175, 176] 20160405
24.1455 [3, 5, 7, 8] [194, 195] 20160312
23.180999999999997 [6, 7, 8, 9] [141, 142, 143, 144, 145, 146, 147, 148, 149, 150, 151, 152, 153, 154, 155, 156, 157, 158, 159, 160, 161, 162, 163, 164, 165, 166, 167, 168, 169, 170, 171, 172, 173, 174, 175, 176] 20160922
22.7305 [1, 2, 3, 4] [159, 160, 161, 162, 163, 164, 165, 166, 167, 168, 169, 170, 171, 172, 173, 174, 175, 176, 177, 178, 179, 180, 181, 182, 183, 184, 185, 186, 187, 188, 189, 190, 191, 192, 193, 194] 20160308
21.837500000000002 [0, 1, 2, 3] [70, 71] 20160325
21.82838633522872 [1, 2] [203, 204, 205, 206, 207, 208, 209, 210, 211, 212, 213, 214, 215, 216, 217, 218, 219, 220, 221, 222, 223, 224, 225, 226, 227, 228, 229, 230, 231, 232, 233, 234, 235, 236, 237, 238] 20160324
21.4905 [2, 3, 4, 5] [151, 152, 153, 154, 155, 156, 157, 158, 159, 160, 161, 162, 163, 164, 165, 166, 167, 168, 169, 170, 171, 172, 173, 174, 175, 176, 177, 178, 179, 180, 181] 20160313
21.3585 [1, 2, 3, 5] [218, 219, 220, 221, 222, 223, 224, 225, 226, 227, 228, 229, 230, 231, 232, 233, 234, 235, 236, 237, 238, 239, 240, 241, 242, 243, 244, 245, 246, 247, 248, 249, 250, 251, 252] 20160324
21.243 [1, 2, 3, 4] [237, 238, 239, 240, 241, 242, 243, 244, 245, 246, 247, 248, 249, 250, 251, 252, 253, 254, 255, 256, 257, 258, 259, 260, 261, 262, 263, 264, 265, 266, 267, 268, 269, 270, 271, 272] 20160813
20.8625 [2, 3, 4, 5] [226, 227, 228, 229, 230, 231, 232, 233, 234, 235, 236, 237, 238, 239, 240, 241, 242, 243, 244, 245, 246, 247, 248, 249, 250, 251, 252, 253, 254, 255, 256, 257, 258, 259, 260, 261] 20160529
20.811500000000002 [5, 6, 7, 9] [268, 269, 270, 271, 272, 273, 274, 275, 276, 277, 278, 279, 280, 281, 282, 283, 284, 285, 286, 287] 20160922
20.7125 [0, 1, 2, 3] [71, 72] 20160325
20.5955 [5, 7, 8, 9] [134, 135, 136, 137, 138, 139, 140, 141, 142, 143, 144, 145, 146, 147, 148, 149, 150, 151, 152, 153, 154, 155, 156, 157, 158, 159, 160, 161, 162, 163, 164, 165, 166, 167, 168, 169] 20160514
20.038 [0, 1, 2, 3] [69, 70] 20160325
19.7915 [1, 2, 3, 5] [46, 47, 48, 49, 50, 51, 52, 53, 54, 55, 56, 57, 58, 59, 60, 61, 62, 63, 64, 65, 66, 67, 68, 69, 70, 71, 72, 73, 74, 75, 76, 77, 78, 79, 80, 81] 20160621
19.7585 [6, 7, 8, 9] [133, 134, 135, 136, 137, 138, 139, 140, 141, 142, 143, 144, 145, 146, 147, 148, 149, 150, 151, 152, 153, 154, 155, 156, 157, 158, 159, 160, 161, 162, 163, 164, 165, 166, 167, 168] 20160529
19.3525 [6, 7, 8, 9] [135, 136, 137, 138, 139, 140, 141, 142, 143, 144, 145, 146, 147, 148, 149, 150, 151, 152, 153, 154, 155, 156, 157, 158, 159, 160, 161, 162, 163, 164, 165, 166, 167, 168, 169, 170] 20160302
19.2545 [0, 1, 2, 3] [72, 73] 20160325
19.206434390589003 [7, 8] [272, 273, 274, 275, 276, 277, 278, 279, 280, 281, 282, 283, 284, 285, 286, 287] 20160813
19.0865 [4, 5, 6, 7] [252, 253, 254, 255, 256, 257, 258, 259, 260, 261, 262, 263, 264, 265, 266, 267, 268, 269, 270, 271, 272, 273, 274, 275, 276, 277, 278, 279, 280, 281, 282, 283, 284, 285, 286, 287] 20160514
18.911 [3, 4, 5, 6] [112, 113, 114, 115, 116, 117, 118, 119, 120, 121, 122, 123, 124, 125, 126, 127, 128, 129, 130, 131, 132, 133, 134, 135, 136, 137, 138, 139, 140, 141, 142, 143, 144, 145, 146, 147] 20160302
18.902378474678788 [3, 5, 7, 8] [61, 62, 63, 64, 65, 66, 67, 68, 69, 70, 71, 72, 73, 74, 75, 76, 77, 78, 79, 80, 81, 82, 83, 84, 85, 86, 87, 88, 89, 90, 91, 92, 93, 94, 95, 96] 20160309
18.151 [3, 5, 7, 8] [162, 163, 164, 165, 166, 167, 168, 169, 170, 171, 172, 173, 174, 175] 20160421
18.042195912175806 [0, 1, 2] [74, 75, 76, 77, 78, 79, 80, 81, 82, 83, 84, 85, 86, 87, 88, 89, 90, 91, 92, 93, 94, 95, 96, 97, 98, 99, 100, 101, 102, 103, 104, 105, 106, 107, 108, 109] 20160419
17.9955 [4, 6, 7, 9] [0, 1, 2, 3, 4, 5, 6, 7, 8, 9, 10, 11, 12, 13, 14, 15, 16, 17, 18, 19, 20, 21, 22, 23, 24, 25, 26, 27, 28, 29, 30, 31, 32, 33, 34, 35] 20160529
17.836768555430663 [0, 1, 2, 3] [80, 81, 82, 83, 84, 85, 86, 87, 88, 89, 90, 91, 92, 93, 94, 95, 96, 97, 98, 99, 100, 101, 102, 103, 104, 105, 106, 107, 108, 109, 110, 111, 112, 113, 114, 115] 20160302
17.679000000000002 [1, 2, 3, 4] [65, 66, 67, 68, 69, 70, 71, 72, 73, 74, 75, 76, 77, 78, 79, 80, 81, 82, 83, 84, 85, 86, 87, 88, 89, 90, 91, 92, 93, 94, 95, 96, 97, 98, 99, 100] 20160412
17.6085 [1, 2, 3, 4] [17, 18] 20160301
17.554499999999997 [0, 1, 2, 3] [73, 74] 20160325
17.47897252415027 [1, 2, 3] [79, 80, 81, 82, 83, 84, 85, 86, 87, 88, 89, 90, 91, 92] 20160302
17.121 [1, 2, 3, 4] [18, 19] 20160301
16.871000000000002 [1, 2, 3, 4] [16, 17] 20160301
16.7055 [1, 2, 3, 5] [228, 229, 230, 231, 232, 233, 234, 235, 236, 237, 238, 239, 240, 241, 242, 243, 244, 245, 246, 247, 248, 249, 250, 251, 252, 253, 254, 255, 256, 257, 258, 259, 260, 261, 262, 263] 20160328
16.639 [5, 6, 7, 8] [113, 114, 115, 116, 117, 118, 119, 120, 121, 122, 123, 124, 125, 126, 127, 128, 129, 130, 131, 132, 133, 134, 135, 136, 137, 138, 139, 140, 141, 142, 143, 144, 145, 146, 147, 148] 20160911
16.5565 [2, 3, 5, 7] [11, 12, 13, 14, 15, 16, 17, 18, 19, 20, 21, 22, 23, 24, 25, 26, 27, 28, 29, 30, 31, 32, 33, 34, 35, 36, 37, 38, 39, 40, 41, 42, 43, 44, 45, 46] 20160421
16.531847607975745 [1, 2, 3, 4] [40, 41, 42, 43, 44, 45, 46, 47, 48, 49, 50, 51, 52, 53, 54, 55] 20160621
16.492 [3] [62, 63] 20160309
16.310000000000002 [3, 5, 7, 8] [190, 191, 192, 193, 194] 20160312
16.304948952184223 [5, 7, 8] [241, 242, 243, 244, 245, 246, 247, 248, 249, 250, 251, 252, 253, 254, 255, 256, 257, 258, 259, 260, 261, 262, 263, 264, 265, 266, 267, 268, 269, 270, 271, 272, 273, 274, 275, 276] 20160628
16.291 [3] [66, 67, 68, 69, 70, 71, 72, 73, 74, 75, 76] 20160302
16.2335 [1, 2, 3, 4] [19, 20] 20160301
16.175067619642274 [3, 4] [239, 240] 20160813
16.156 [2, 3, 5, 6] [86, 87, 88, 89, 90, 91, 92, 93, 94, 95, 96, 97, 98, 99, 100, 101, 102, 103, 104, 105, 106, 107, 108, 109, 110, 111, 112, 113, 114, 115, 116, 117, 118, 119, 120, 121] 20160911
16.045667078685135 [3, 4] [238, 239] 20160813
15.867 [3] [63, 64] 20160309
15.473617692705218 [3, 4] [240, 241] 20160813
15.25 [5] [99, 100, 101, 102, 103, 104, 105, 106, 107, 108, 109, 110, 111, 112, 113, 114, 115, 116, 117, 118, 119, 120, 121, 122, 123, 124, 125, 126, 127, 128, 129, 130, 131, 132, 133, 134] 20160309
15.068842025849234 [1, 2, 3] [68, 69] 20160325
15.046 [1, 2, 3, 4] [20, 21] 20160301
15.017 [3] [67, 68] 20160302
14.919953083036154 [1, 2, 3] [83, 84] 20160302
14.919953083036154 [0, 1] [192, 193] 20160312
14.908 [7] [273, 274] 20160813
14.876584386209089 [2, 3, 4] [93, 94, 95, 96, 97, 98, 99, 100, 101, 102, 103, 104, 105, 106, 107, 108, 109, 110, 111, 112, 113, 114, 115, 116, 117, 118, 119, 120, 121, 122, 123, 124, 125, 126, 127, 128] 20160325
14.8765 [4, 5, 6, 7] [29, 30, 31, 32, 33, 34, 35, 36, 37, 38, 39, 40, 41, 42, 43, 44, 45, 46, 47, 48, 49, 50, 51, 52, 53, 54, 55, 56, 57, 58, 59, 60, 61, 62, 63, 64] 20160421
14.725498718209852 [1, 2, 3] [82, 83] 20160302
14.68894554872246 [0, 1, 2, 3] [84, 85] 20160302
14.617 [3] [64, 65] 20160309
14.568279342461828 [0, 1, 2, 3] [85, 86] 20160302
14.392 [7] [274, 275] 20160813
14.253151388377237 [4, 6, 7, 9] [65, 66, 67, 68, 69, 70, 71, 72, 73, 74, 75, 76, 77, 78, 79, 80, 81, 82, 83, 84, 85, 86, 87, 88, 89, 90, 91, 92, 93, 94, 95, 96, 97, 98, 99] 20160313
14.25 [3] [66, 67] 20160302
14.239 [8] [189, 190, 191, 192, 193, 194, 195, 196, 197, 198, 199, 200, 201, 202, 203, 204, 205, 206, 207, 208, 209, 210, 211, 212, 213, 214, 215, 216, 217, 218, 219, 220, 221, 222, 223, 224] 20160325
14.224867117129776 [3, 4] [241, 242] 20160813
14.136478769481458 [3, 4] [237, 238] 20160813
14.044045298037647 [2, 3, 4] [74, 75] 20160325
14.0 [5, 6, 7, 9] [272, 273, 274, 275] 20160922
13.975 [2] [67, 68] 20160325
13.960329509005152 [2, 3, 4] [49, 50, 51, 52, 53, 54, 55, 56, 57, 58, 59, 60, 61, 62, 63, 64, 65, 66, 67, 68, 69, 70, 71, 72, 73, 74, 75, 76, 77, 78, 79, 80, 81, 82, 83, 84] 20160911
13.925 [3] [61, 62] 20160309
13.917 [3] [68, 69] 20160302
13.888160725356448 [6, 7, 8] [117, 118, 119, 120, 121, 122, 123, 124, 125, 126, 127, 128, 129, 130, 131, 132, 133, 134, 135, 136, 137, 138, 139, 140, 141, 142, 143, 144, 145, 146, 147, 148, 149, 150, 151, 152] 20160412
13.842 [2] [66, 67] 20160325
13.823937572197003 [3, 4] [75, 76] 20160325
13.629 [1, 2, 3, 4] [21, 22] 20160301
13.502203986757124 [1, 2, 3, 5] [50, 51, 52, 53, 54] 20160621
13.461498876425315 [0, 1, 2, 3] [86, 87] 20160302
13.4233937586588 [2, 3, 4, 6] [74, 75, 76, 77, 78, 79, 80, 81] 20160419
13.272 [4, 6, 7, 9] [150, 151, 152, 153, 154, 155, 156, 157, 158, 159, 160, 161, 162, 163, 164, 165, 166, 167, 168, 169, 170, 171, 172, 173, 174, 175, 176, 177, 178, 179, 180, 181, 182, 183, 184, 185] 20160813
13.163499838568768 [7, 8] [275, 276] 20160813
13.145999999999999 [5, 6, 7, 9] [174, 175, 176, 177, 178, 179, 180, 181, 182, 183, 184, 185, 186, 187, 188, 189, 190, 191, 192, 193, 194, 195, 196, 197, 198, 199, 200, 201, 202, 203, 204, 205, 206, 207, 208, 209] 20160419
13.128144499509439 [1, 2, 3] [81, 82] 20160302
13.099153121480791 [3, 4] [76, 77] 20160325
13.067 [3] [65, 66, 67, 68] 20160309
13.033 [7] [272, 273] 20160813
12.992 [3] [65, 66] 20160309
12.957731765243485 [7, 8] [278, 279] 20160813
12.9280272276941 [3, 5, 7, 8] [162, 163, 164, 165, 166, 167] 20160421
12.922376426184154 [7, 8] [277, 278] 20160813
12.889344759658396 [0, 1, 2] [65, 66] 20160325
12.8695 [6, 7, 8, 9] [169, 170, 171, 172, 173, 174, 175, 176, 177, 178, 179, 180, 181, 182, 183, 184, 185, 186, 187, 188, 189, 190, 191, 192, 193, 194, 195, 196, 197, 198, 199, 200, 201, 202, 203, 204] 20160813
12.828999999999999 [4, 5, 6, 7] [274, 275] 20160922
12.739235769856839 [5, 6] [95, 96, 97, 98, 99, 100, 101, 102, 103, 104, 105, 106, 107, 108, 109, 110, 111, 112, 113, 114, 115, 116, 117, 118, 119, 120, 121, 122, 123, 124, 125, 126, 127, 128, 129, 130] 20160412
12.6835 [1, 2, 3, 4] [15, 16] 20160301
12.65 [5] [102, 103] 20160309
12.6445 [1, 2, 3, 5] [274, 275, 276, 277, 278, 279, 280, 281, 282, 283, 284, 285, 286, 287] 20160308
12.592157559370037 [1, 2, 3, 5] [50, 51, 52] 20160621
12.5565 [4, 5, 7, 8] [12, 13, 14, 15, 16, 17, 18, 19, 20, 21, 22, 23, 24, 25, 26, 27, 28, 29, 30, 31, 32, 33, 34, 35, 36, 37, 38, 39, 40, 41, 42, 43, 44, 45, 46, 47] 20160514
12.508 [3] [69, 70] 20160302
12.5 [5] [101, 102] 20160309
12.492 [3] [80, 81] 20160302
12.459 [3, 4, 5, 7] [54, 55, 56, 57, 58, 59, 60, 61, 62, 63, 64, 65, 66, 67, 68, 69, 70, 71, 72, 73, 74, 75, 76, 77, 78, 79, 80, 81, 82, 83, 84, 85, 86, 87, 88, 89] 20160405
12.42174482510408 [7, 8] [276, 277] 20160813
12.4115 [3, 4, 5, 6] [153, 154, 155, 156, 157] 20160421
12.372247350421022 [0, 1] [90, 91, 92, 93, 94, 95, 96, 97, 98, 99, 100, 101, 102, 103, 104, 105, 106, 107, 108, 109, 110, 111, 112, 113, 114, 115, 116, 117, 118, 119, 120, 121, 122, 123, 124, 125] 20160421
12.3705 [3, 4, 5, 6] [36, 37, 38, 39, 40, 41, 42, 43, 44, 45, 46, 47, 48, 49, 50, 51, 52, 53, 54, 55, 56, 57, 58, 59, 60, 61, 62, 63, 64, 65, 66, 67, 68, 69, 70, 71] 20160405
12.287745779162806 [5, 6, 7] [273, 274] 20160922
12.285980323116263 [1, 2, 3, 5] [50, 51] 20160621
12.249063311127102 [3, 4, 5] [149, 150] 20160405
12.179203928555156 [4, 5, 6] [11, 12, 13, 14, 15, 16, 17, 18, 19, 20, 21, 22, 23, 24, 25, 26, 27, 28, 29, 30, 31, 32, 33, 34, 35, 36, 37, 38, 39, 40, 41, 42, 43, 44, 45, 46] 20160529
12.1285 [4, 5, 7, 9] [2, 3, 4, 5, 6, 7, 8, 9, 10, 11, 12, 13, 14, 15, 16, 17, 18, 19, 20, 21, 22, 23, 24, 25, 26, 27, 28, 29, 30, 31, 32, 33, 34] 20160419
12.093756088715091 [0, 1, 2, 3] [39, 40, 41, 42, 43, 44, 45, 46, 47, 48, 49, 50, 51, 52, 53, 54, 55, 56, 57, 58, 59, 60, 61, 62, 63, 64, 65, 66, 67, 68, 69, 70, 71, 72, 73, 74] 20160313
12.067 [9] [143, 144, 145, 146, 147, 148, 149, 150, 151, 152, 153, 154, 155, 156, 157, 158, 159, 160, 161, 162, 163, 164, 165, 166, 167, 168, 169, 170, 171, 172, 173, 174, 175, 176, 177, 178] 20160412
12.046 [3, 4, 5, 6] [150, 151] 20160405
12.008500000000002 [3, 5, 7, 9] [155, 156, 157, 158, 159, 160, 161, 162] 20160922
11.992 [5] [103, 104] 20160309
11.9915 [1, 2, 3, 4] [22, 23] 20160301
11.904499999999999 [4, 5, 6, 7] [275, 276] 20160922
11.887500000000001 [2, 3, 4, 5] [273, 274, 275, 276, 277, 278, 279, 280, 281, 282, 283, 284, 285, 286] 20160312
11.85 [5] [100, 101] 20160309
11.7545 [1, 2, 3, 5] [12, 13, 14, 15, 16, 17, 18, 19, 20, 21, 22, 23, 24, 25, 26, 27, 28, 29] 20160421
11.670499999999999 [2, 3, 4, 5] [155, 156] 20160313
11.6615 [4, 5, 7, 8] [136, 137, 138, 139, 140, 141, 142, 143, 144, 145, 146, 147, 148, 149, 150, 151, 152, 153, 154, 155, 156, 157, 158, 159, 160, 161, 162, 163, 164, 165, 166, 167, 168, 169, 170, 171] 20160628
11.643422878747185 [1, 2, 3, 4] [43, 44] 20160621
11.633 [2, 3, 4, 5] [156, 157] 20160313
11.62059284201972 [1, 2, 3, 5] [51, 52] 20160621
11.614555365287703 [5, 6, 7, 8] [264, 265, 266, 267, 268, 269, 270, 271, 272, 273, 274, 275, 276, 277, 278, 279, 280, 281, 282, 283, 284, 285, 286, 287] 20160328
11.603 [1, 2, 3, 4] [254, 255, 256, 257, 258, 259, 260, 261, 262, 263, 264, 265, 266, 267, 268, 269, 270, 271, 272, 273, 274, 275, 276, 277, 278, 279, 280, 281, 282, 283, 284, 285, 286, 287] 20160421
11.602500000000001 [1, 2, 3, 5] [280, 281, 282, 283, 284, 285, 286, 287] 20160911
11.5 [2, 3, 5, 7] [278, 279, 280, 281, 282, 283] 20160922
11.486 [0] [3, 4, 5, 6, 7, 8, 9, 10, 11, 12, 13, 14, 15, 16, 17, 18, 19, 20, 21, 22, 23, 24, 25, 26, 27, 28, 29, 30, 31, 32, 33, 34, 35, 36, 37, 38] 20160911
11.442 [3] [66, 67, 68] 20160309
11.4415 [4, 5, 7, 9] [225, 226, 227, 228, 229, 230, 231, 232] 20160529
11.392 [3] [66, 67] 20160309
11.375 [5, 6, 7, 9] [165, 166, 167, 168, 169, 170] 20160922
11.335117834999922 [3, 4, 5] [148, 149] 20160405
11.328766982038838 [2, 3, 4] [1, 2, 3, 4, 5, 6, 7, 8, 9, 10, 11, 12, 13, 14, 15, 16, 17, 18, 19, 20, 21, 22, 23, 24, 25, 26, 27, 28, 29, 30, 31, 32, 33, 34, 35, 36] 20160628
11.315487925847476 [4, 5, 6] [150, 151, 152, 153, 154, 155, 156] 20160421
11.279 [3, 4, 5, 6] [151, 152] 20160405
11.255018636146277 [5, 6] [53, 54] 20160621
11.25431152936509 [3, 4] [42, 43] 20160621
11.225 [3] [60, 61, 62] 20160309
11.172994249528637 [5, 6] [257, 258, 259, 260, 261, 262, 263, 264, 265, 266, 267, 268, 269, 270, 271, 272, 273, 274, 275, 276, 277, 278, 279, 280, 281, 282, 283, 284, 285, 286, 287] 20160529
11.161912754243035 [5, 7, 9] [272, 273] 20160922
11.152 [9] [75, 76, 77, 78, 79, 80, 81] 20160313
11.139 [3, 5, 7, 8] [167, 168, 169, 170, 171] 20160421
11.101576464628796 [3, 4] [41, 42] 20160621
11.087499999999999 [3, 4, 5, 6] [153, 154] 20160405
11.0795 [3, 4, 5, 6] [152, 153] 20160405
11.075887564133781 [0, 1, 2, 3] [189, 190, 191, 192, 193, 194, 195, 196, 197, 198, 199, 200, 201, 202] 20160308
11.051638852827816 [1, 2, 3, 4] [44, 45] 20160621
11.049499999999998 [2, 3, 4, 5] [157, 158] 20160313
11.024999999999999 [6, 7, 8, 9] [167, 168, 169, 170] 20160922
11.012956384792112 [3, 5, 7, 8] [164, 165, 166] 20160421
10.971 [2, 3, 4, 5] [154, 155] 20160313
10.963 [3] [190, 191, 192, 193, 194, 195, 196, 197] 20160312
10.960417510295857 [2, 3, 4, 6] [76, 77] 20160419
10.95 [5, 6, 7, 9] [143, 144, 145, 146, 147, 148, 149, 150, 151, 152, 153, 154] 20160529
10.925 [9] [76, 77] 20160313
10.908499999999998 [2, 3, 4, 5] [233, 234] 20160529
10.810306440306551 [5, 7, 8] [171, 172, 173, 174, 175, 176, 177] 20160421
10.801056082624513 [5, 6] [52, 53] 20160621
10.8005 [1, 2, 3, 5] [49, 50] 20160621
10.791831231692486 [3, 4, 5] [154, 155] 20160405
10.7875 [2, 3, 4, 5] [230, 231, 232, 233] 20160529
10.765700743565187 [3, 4] [197, 198, 199, 200] 20160312
10.758000000000001 [3, 5, 7, 8] [166, 167, 168] 20160421
10.758 [0] [27, 28, 29, 30, 31, 32, 33, 34, 35, 36, 37, 38, 39, 40, 41] 20160621
10.728900052350815 [7, 8, 9] [44, 45] 20160301
10.715043645890265 [2, 3, 5, 7] [228, 229, 230, 231, 232, 233] 20160324
10.712667734976195 [5, 6] [54, 55] 20160621
10.664 [5, 7, 8, 9] [152, 153, 154, 155, 156, 157, 158, 159, 160, 161, 162, 163, 164, 165, 166, 167, 168, 169, 170, 171, 172, 173, 174, 175, 176, 177, 178, 179, 180, 181, 182, 183, 184, 185, 186, 187] 20160628
10.65 [6] [202, 203, 204] 20160628
10.647613911107031 [3, 4] [40, 41] 20160621
10.64 [0] [192, 193, 194, 195, 196] 20160312
10.629 [9] [140, 141, 142, 143, 144, 145, 146, 147, 148, 149, 150, 151, 152, 153, 154, 155, 156, 157, 158, 159, 160, 161] 20160911
10.624279387327876 [7, 9] [42, 43] 20160301
10.624279387327876 [3, 5, 7, 8] [190, 191, 192, 193] 20160312
10.6225 [4, 6, 7, 9] [1, 2, 3, 4, 5, 6, 7, 8, 9] 20160529
10.617 [6] [202, 203] 20160628
10.608811196359374 [3, 5, 6] [154, 155, 156] 20160421
10.55569497159393 [7, 8, 9] [43, 44] 20160301
10.554 [2, 3, 4, 5] [236, 237] 20160529
10.522208655980931 [2, 3, 4, 6] [74, 75] 20160419
10.517 [3] [245, 246, 247, 248, 249, 250, 251, 252, 253, 254, 255, 256] 20160529
10.500499999999999 [2, 3, 4, 5] [235, 236] 20160529
10.471 [3] [277, 278, 279, 280, 281, 282, 283, 284] 20160324
10.464473629061967 [2, 3, 4, 6] [77, 78] 20160419
10.3875 [2, 3, 4, 5] [234, 235] 20160529
10.387 [4, 6, 7, 9] [4, 5, 6, 7, 8, 9, 10, 11, 12, 13, 14, 15, 16] 20160529
10.378448438952713 [1, 2, 3] [41, 42, 43, 44, 45, 46, 47, 48, 49, 50, 51, 52, 53, 54, 55, 56, 57, 58, 59, 60, 61, 62, 63, 64, 65, 66, 67, 68, 69, 70, 71, 72, 73, 74, 75] 20160308
10.363437331953783 [7, 8, 9] [45, 46] 20160301
10.3335 [2, 3, 4, 5] [232, 233] 20160529
10.333499999999999 [2, 3, 4, 5] [158, 159] 20160313
10.282030943998045 [6, 7, 9] [41, 42] 20160301
10.274999999999999 [1, 2, 3, 4] [23, 24] 20160301
10.267000000000001 [1, 2, 3, 5] [284, 285] 20160911
10.258 [0] [43, 44] 20160412
10.2415 [3, 4, 5, 6] [155, 156] 20160405
10.233 [0] [42, 43] 20160412
10.1525 [1, 2, 3, 5] [280, 281, 282, 283, 284, 285, 286, 287] 20160922
10.13711602643145 [3, 4, 5] [147, 148] 20160405
10.121 [1, 2, 3, 4] [161, 162, 163, 164, 165, 166] 20160308
10.100000000000001 [3, 5, 7, 9] [159, 160, 161, 162] 20160922
10.1 [3] [278, 279] 20160324
10.067 [9] [75, 76] 20160313
10.058 [1, 2, 3, 4] [14, 15, 16] 20160301
9.983 [6] [203, 204] 20160628
9.9805 [3, 5, 7, 8] [280, 281, 282, 283, 284] 20160922
9.887123359872342 [2, 3, 5, 7] [228, 229, 230, 231] 20160324
9.883000000000001 [2, 3, 4, 5] [153, 154] 20160313
9.840097966991994 [5, 7] [244, 245] 20160628
9.839203287529603 [5, 6, 7] [278, 279, 280, 281] 20160922
9.816763443212839 [5, 7] [243, 244] 20160628
9.814954576223638 [5, 7, 9] [271, 272] 20160922
9.780890910341451 [1, 2, 3, 5] [82, 83] 20160911
9.770999999999999 [5, 7, 8, 9] [109, 110, 111, 112, 113, 114, 115, 116, 117, 118, 119, 120, 121, 122, 123, 124, 125, 126, 127, 128, 129, 130, 131, 132, 133, 134, 135, 136, 137, 138, 139, 140, 141, 142] 20160313
9.717 [9] [77, 78] 20160313
9.713918279115456 [0, 1, 2] [218, 219, 220, 221, 222, 223, 224, 225, 226] 20160324
9.670617008926232 [4, 5, 6] [252, 253] 20160514
9.658 [3] [277, 278] 20160324
9.65 [0] [193, 194] 20160312
9.59382942312401 [3, 4, 5] [156, 157, 158] 20160405
9.59331770035789 [7, 8] [250, 251] 20160628
9.583 [0] [44, 45] 20160412
9.5755 [1, 2, 3, 5] [285, 286] 20160911
9.567 [8] [125, 126] 20160911
9.525 [3] [197, 198] 20160312
9.522607022239233 [7, 8] [251, 252] 20160628
9.521660639475307 [3, 4, 5, 7] [52, 53, 54] 20160313
9.48817432386231 [1, 2, 3, 5] [83, 84] 20160911
9.4875 [2, 3, 4, 5] [159, 160] 20160313
9.479 [0, 1, 2, 3] [282, 283, 284, 285] 20160911
9.463210052619564 [5, 7] [245, 246] 20160628
9.379 [3, 4, 5, 6] [156, 157] 20160405
9.35148718119209 [5, 7] [242, 243] 20160628
9.3125 [4, 5, 7, 8] [133, 134, 135, 136, 137, 138] 20160514
9.305154288529199 [5, 7, 8] [249, 250] 20160628
9.3 [3] [279, 280] 20160324
9.298454172603098 [2, 3] [74, 75, 76, 77] 20160419
9.298454172603098 [5, 7] [246, 247] 20160628
9.276286775069718 [3, 4, 5, 7] [55, 56] 20160911
9.252038063763754 [3, 4, 5, 7] [56, 57] 20160911
9.247419261610236 [4, 5, 6] [253, 254] 20160514
9.221 [4, 6, 7, 9] [50, 51, 52, 53, 54, 55, 56, 57, 58, 59, 60, 61, 62, 63, 64, 65, 66, 67, 68, 69, 70, 71, 72, 73, 74, 75, 76, 77, 78, 79, 80, 81, 82, 83, 84, 85] 20160514
9.153 [2] [238, 239, 240, 241, 242] 20160514
9.133 [8] [126, 127, 128] 20160911
9.131949207772312 [1, 2, 3] [70, 71] 20160412
9.125 [5, 6, 7, 8] [141, 142, 143, 144, 145, 146, 147, 148] 20160514
9.112319298619864 [2, 3, 5, 7] [229, 230] 20160324
9.083 [8] [126, 127] 20160911
9.074301322966964 [5, 7] [247, 248] 20160628
9.067 [0] [194, 195, 196] 20160312
9.05 [4, 5, 7, 8] [135, 136, 137, 138, 139, 140] 20160514
9.033289129658144 [2, 3] [243, 244, 245, 246, 247, 248] 20160514
9.0085 [3, 4, 5, 6] [251, 252] 20160514
8.9345 [3, 4, 5, 6] [163, 164, 165, 166, 167, 168, 169] 20160312
8.875 [0] [45, 46] 20160412
8.85 [2] [239, 240] 20160514
8.829 [1, 2, 3, 4] [161, 162, 163] 20160308
8.819025361871534 [1, 2, 3] [69, 70] 20160412
8.806000000000001 [2, 3, 4, 5] [275, 276, 277, 278, 279] 20160312
8.804591605141793 [1, 2, 3] [71, 72] 20160412
8.783 [2] [238, 239] 20160514
8.697413408594535 [8, 9] [158, 159, 160] 20160405
8.6545 [4, 5, 7, 8] [137, 138, 139, 140, 141, 142, 143] 20160514
8.650439083268164 [5, 6, 7] [227, 228, 229] 20160324
8.6415 [1, 2, 3, 4] [163, 164] 20160308
8.630809174115717 [2, 3, 5, 7] [230, 231] 20160324
8.616375417385974 [1, 2, 3] [77, 78, 79] 20160419
8.5705 [4, 5, 7, 8] [135, 136, 137, 138] 20160514
8.4535626414745 [2, 3, 4] [202, 203, 204, 205] 20160312
8.442 [0] [41, 42, 43] 20160412
8.424117777745831 [1, 2, 3, 5] [281, 282] 20160308
8.40968402101609 [3, 5, 7, 8] [71, 72, 73, 74] 20160419
8.392 [1, 2, 3, 5] [280, 281] 20160308
8.392 [3] [280, 281] 20160324
8.38487221131008 [2, 3] [72, 73] 20160412
8.367 [9] [146, 147] 20160412
8.317 [9] [147, 148] 20160412
8.304028921754389 [4, 5, 7] [232, 233, 234, 235] 20160324
8.2955 [1, 2, 3, 4] [164, 165, 166] 20160308
8.283 [1] [195, 196] 20160312
8.279 [2, 3, 4, 5] [176, 177, 178, 179, 180, 181] 20160308
8.2625 [1, 2, 3, 4] [162, 163] 20160308
8.214459477044123 [8, 9] [159, 160, 161] 20160405
8.20880262279463 [1, 2] [79, 80] 20160419
8.2 [0] [46, 47] 20160412
8.19375502033917 [1, 2, 3] [78, 79] 20160419
8.188500000000001 [2, 3, 4, 5] [238, 239, 240, 241, 242, 243, 244, 245, 246] 20160324
8.169506309033206 [0, 1, 2, 3] [192, 193] 20160308
8.14940565317496 [1, 2] [80, 81] 20160419
8.137384837894787 [1, 2] [81, 82] 20160419
8.136019993420208 [2, 3, 5] [25, 26, 27, 28, 29, 30, 31, 32, 33, 34, 35, 36, 37, 38, 39] 20160419
8.085213169731519 [2, 3, 5] [154, 155, 156, 157, 158, 159, 160, 161] 20160308
8.063851209771503 [1, 2, 3, 4] [164, 165] 20160308
8.054 [1, 2, 3, 5] [279, 280] 20160308
7.981867471546576 [2, 3, 4] [242, 243] 20160328
7.938566201357355 [0, 1, 2] [82, 83] 20160419
7.91431749005139 [2, 3, 4] [235, 236, 237, 238, 239, 240] 20160324
7.606589796573321 [2, 3, 4] [243, 244] 20160328
7.4 [1, 2, 3, 4] [241, 242] 20160328
7.140090779068103 [1, 2, 3, 5] [230, 231] 20160328
7.11 [5] [199, 200, 201, 202, 203, 204, 205, 206, 207, 208, 209, 210, 211, 212, 213, 214, 215, 216, 217, 218, 219, 220, 221, 222, 223] 20160328
7.08235575214914 [1, 2, 3, 5] [232, 233] 20160328
7.014805770653954 [1, 2, 3, 5] [231, 232] 20160328
6.875087005510064 [2, 3, 4] [244, 245] 20160328
6.636641344334749 [0, 1, 2, 3] [157, 158, 159, 160, 161, 162, 163, 164, 165, 166, 167, 168, 169, 170, 171, 172, 173, 174, 175, 176, 177, 178, 179, 180, 181, 182, 183, 184, 185, 186, 187, 188, 189, 190] 20160328
6.620475536797438 [1, 2, 3, 5] [233, 234] 20160328
6.5125 [1, 2, 3, 4] [240, 241] 20160328
6.49519052838329 [0, 1, 2] [227, 228, 229] 20160328
6.240579059670665 [0, 1, 2] [226, 227, 228] 20160328
6.2379999999999995 [5, 6, 7, 8] [273, 274] 20160328
