192.4 [5] [225, 226, 227, 228, 229, 230, 231] 20160813
192.35 [5] [223, 224, 225] 20160813
192.3 [5] [215, 216, 217, 218, 219, 220, 221, 222, 223, 224] 20160813
192.25 [5] [219, 220, 221, 222] 20160813
192.25 [5] [235, 236, 237] 20160813
192.05 [5] [230, 231, 232, 233, 234, 235] 20160813
192.0 [5] [221, 222, 223, 224] 20160813
192.0 [5] [224, 225, 226] 20160813
191.95 [5] [216, 217, 218] 20160813
191.93333333333334 [5] [243, 244, 245, 246] 20160813
190.8 [5] [210, 211, 212] 20160813
190.7 [5] [236, 237, 238, 239, 240] 20160813
190.25 [5] [200, 201, 202, 203, 204, 205, 206, 207] 20160813
189.85 [5] [195, 196, 197] 20160813
189.6 [5] [189, 190, 191, 192] 20160813
189.35 [5] [180, 181, 182, 183, 184] 20160813
189.2 [5] [181, 182, 183] 20160813
189.16666666666669 [5] [183, 184, 185, 186] 20160813
189.16666666666669 [5] [196, 197, 198, 199] 20160813
188.6 [5] [228, 229, 230] 20160813
167.39999999999998 [0, 1, 2, 3] [1, 2] 20160911
165.6625 [1, 2, 3, 4] [247, 248] 20160922
165.2125 [1, 2, 3, 5] [14, 15] 20160911
165.0875 [0, 1, 2, 3] [8, 9] 20160911
165.05 [0, 1, 2, 3] [246, 247] 20160922
165.02916666666667 [0, 1, 2, 3] [248, 249] 20160922
165.02083333333334 [0, 1, 2, 3] [243, 244] 20160922
165.01250000000005 [0, 1, 2, 3] [242, 243] 20160922
165.00833333333335 [0, 1, 2, 3] [251, 252] 20160922
164.88750000000002 [0, 1, 2, 3] [253, 254] 20160922
164.87083333333334 [0, 1, 2, 3] [240, 241] 20160922
164.76250000000002 [0, 1, 2, 3] [239, 240] 20160922
164.73888888888888 [0, 1, 2, 3] [9, 10] 20160911
164.7166666666667 [0, 1, 2, 3] [255, 256] 20160922
164.4875 [0, 1, 2, 3] [200, 201] 20160529
164.47916666666669 [2, 3, 4, 5] [41, 42] 20160911
164.46666666666667 [2, 3, 4, 5] [42, 43] 20160911
164.44583333333333 [0, 1, 2, 3] [257, 258] 20160922
164.40833333333333 [2, 3, 4, 5] [43, 44] 20160911
164.35 [0, 1, 2, 3] [19, 20] 20160621
164.34166666666667 [0, 1, 2, 3] [235, 236] 20160922
164.275 [0, 1, 2, 3] [258, 259] 20160922
164.2 [2, 3, 4, 5] [37, 38] 20160911
164.1208333333333 [2, 3, 4, 5] [46, 47] 20160911
164.075 [2, 3, 4, 5] [36, 37] 20160911
163.95833333333331 [1, 2, 3, 5] [25, 26] 20160911
163.95416666666665 [0, 1, 2, 3] [23, 24] 20160621
163.93749999999997 [0, 1, 2, 3] [231, 232] 20160922
163.92499999999995 [2, 3, 4, 5] [47, 48] 20160911
163.88333333333333 [1, 2, 3, 4] [21, 22] 20160621
163.88333333333333 [1, 2, 3, 4] [39, 40] 20160911
163.80416666666667 [2, 3, 4, 5] [34, 35] 20160911
163.69166666666666 [2, 3, 4, 5] [48, 49] 20160911
163.61249999999998 [0, 1, 2, 3] [228, 229] 20160922
163.44583333333333 [0, 1, 2, 3] [27, 28] 20160621
163.34999999999997 [2, 3, 4, 5] [49, 50] 20160911
162.95833333333334 [2, 3, 4, 5] [50, 51] 20160911
162.70416666666665 [1, 2, 3, 4] [34, 35] 20160621
162.00833333333335 [1, 2, 3, 5] [176, 177] 20160529
161.57916666666668 [1, 2, 3, 5] [174, 175] 20160529
161.33333333333331 [1, 2, 3, 5] [173, 174] 20160529
161.15833333333333 [0, 1, 2, 3] [212, 213] 20160922
160.70833333333334 [2, 3, 5, 7] [35, 36] 20160621
160.54166666666669 [0, 1, 2, 3] [33, 34] 20160621
160.35833333333332 [0, 1, 2, 3] [209, 210] 20160922
159.82916666666665 [1, 2, 3, 4] [226, 227] 20160529
159.8125 [0, 1, 2, 3] [207, 208] 20160922
159.4958333333333 [1, 2, 3, 5] [168, 169] 20160529
159.32083333333333 [1, 2, 3, 5] [208, 209] 20160922
159.22916666666669 [0, 1, 2, 3] [205, 206] 20160922
158.45 [1, 2, 3, 5] [166, 167] 20160529
157.50833333333333 [2, 3, 4, 5] [165, 166] 20160529
157.32916666666665 [1, 2, 3, 5] [164, 165] 20160529
156.72916666666666 [1, 2, 3, 5] [163, 164] 20160529
156.67916666666667 [0, 1, 2, 3] [228, 229] 20160628
156.1125 [1, 2, 3, 5] [162, 163] 20160529
156.00416666666666 [1, 2, 3, 4] [213, 214] 20160628
155.60833333333335 [5, 7, 8, 9] [81, 82] 20160911
155.52083333333334 [5, 7, 8, 9] [79, 80] 20160911
155.50416666666666 [5, 7, 8, 9] [82, 83] 20160911
155.41666666666669 [2, 3, 4, 6] [9, 10] 20160529
154.88500000000002 [2, 3, 4, 6] [10, 11] 20160529
154.74166666666667 [1, 2, 3, 5] [160, 161] 20160529
153.94166666666666 [2, 3, 4, 5] [12, 13] 20160529
153.90416666666667 [0, 1, 2, 3] [242, 243] 20160628
153.86 [0, 1, 2, 3] [10, 11] 20160628
153.6818181818182 [0, 1, 2, 3] [11, 12] 20160628
153.65416666666664 [0, 1, 2, 3] [244, 245] 20160628
153.36666666666667 [0, 1, 2, 3] [245, 246] 20160628
153.22083333333336 [0, 1, 2, 3] [246, 247] 20160628
152.93333333333334 [0, 1, 2, 3] [248, 249] 20160628
152.82916666666665 [0, 1, 2, 3] [254, 255] 20160628
152.7833333333333 [0, 1, 2, 3] [249, 250] 20160628
152.67499999999998 [0, 1, 2, 3] [253, 254] 20160628
152.67083333333332 [0, 1, 2, 3] [256, 257] 20160628
152.61666666666667 [0, 1, 2, 3] [257, 258] 20160628
152.60833333333332 [0, 1, 2, 3] [251, 252] 20160628
152.41666666666666 [0, 1, 2, 3] [258, 259] 20160628
152.2375 [2, 3, 4, 6] [14, 15] 20160529
152.1958333333333 [0, 1, 2, 3] [259, 260] 20160628
151.68333333333334 [3, 5, 7, 8] [177, 178] 20160628
151.55 [1, 2, 3, 5] [7, 8] 20160628
151.1 [2, 3, 4, 5] [179, 180] 20160628
150.72916666666669 [1, 2, 3, 4] [16, 17] 20160529
150.425 [0, 1, 2, 3] [245, 246] 20160621
150.39999999999998 [0, 1, 2, 3] [241, 242] 20160621
150.39583333333331 [0, 1, 2, 3] [243, 244] 20160621
150.36666666666667 [0, 1, 2, 3] [242, 243] 20160621
150.25833333333333 [3, 5, 6, 7] [247, 248] 20160529
150.09166666666667 [0, 1, 2, 3] [238, 239] 20160621
149.92916666666667 [0, 1, 2, 3] [254, 255] 20160621
149.8625 [0, 1, 2, 3] [255, 256] 20160621
149.83333333333331 [0, 1, 2, 3] [258, 259] 20160621
149.82916666666665 [0, 1, 2, 3] [259, 260] 20160621
149.79166666666669 [0, 1, 2, 3] [261, 262] 20160621
149.7875 [0, 1, 2, 3] [234, 235] 20160621
149.77916666666667 [0, 1, 2, 3] [233, 234] 20160621
149.77916666666664 [0, 1, 2, 3] [231, 232] 20160621
149.7 [0, 1, 2, 3] [21, 22] 20160529
149.54583333333332 [5, 7, 8, 9] [252, 253] 20160309
149.54166666666666 [5, 7, 8, 9] [254, 255] 20160309
149.53750000000002 [5, 7, 8, 9] [253, 254] 20160309
149.525 [5, 7, 8, 9] [251, 252] 20160309
149.50833333333333 [2, 3, 4, 6] [19, 20] 20160529
149.45 [5, 7, 8, 9] [257, 258] 20160309
149.39166666666665 [5, 7, 8, 9] [249, 250] 20160309
149.2 [5, 7, 8, 9] [259, 260] 20160309
149.02083333333331 [2, 3, 4, 5] [241, 242] 20160421
148.725 [5, 7, 8, 9] [254, 255] 20160421
148.625 [5, 7, 8, 9] [262, 263] 20160309
148.44166666666666 [2, 3, 5, 7] [229, 230] 20160421
148.40000000000003 [5, 7, 8, 9] [263, 264] 20160309
148.23333333333335 [1, 2, 3, 5] [237, 238] 20160421
148.15 [1, 2, 3, 5] [240, 241] 20160421
147.97083333333333 [1, 2, 3, 5] [242, 243] 20160421
147.91666666666666 [5, 7, 8, 9] [259, 260] 20160421
147.72083333333333 [5, 7, 8, 9] [260, 261] 20160421
147.0 [1, 2, 3, 5] [220, 221] 20160421
145.10833333333332 [0, 1, 2, 3] [231, 232] 20160309
145.06666666666666 [1, 2, 3, 5] [213, 214] 20160421
143.1125 [1, 2, 3, 5] [207, 208] 20160421
142.1125 [5, 7, 8, 9] [278, 279] 20160421
141.86666666666667 [0, 1, 2, 3] [202, 203] 20160421
141.83333333333334 [2, 3, 5, 7] [203, 204] 20160309
141.5875 [0, 1, 2, 3] [201, 202] 20160421
141.49583333333334 [2, 3, 5, 7] [202, 203] 20160309
141.06666666666666 [2, 3, 5, 7] [201, 202] 20160309
140.60833333333335 [0, 1, 2, 3] [198, 199] 20160421
138.95416666666668 [1, 2, 3, 5] [196, 197] 20160421
138.625 [0, 1, 2, 3] [193, 194] 20160421
138.14999999999998 [0, 1, 2, 3] [192, 193] 20160421
137.65416666666664 [0, 1, 2, 3] [191, 192] 20160421
137.10416666666666 [0, 1, 2, 3] [190, 191] 20160421
135.23749999999998 [0, 1, 2, 3] [189, 190] 20160309
134.4625 [5, 7, 8, 9] [220, 221] 20160514
134.00833333333335 [5, 7, 8, 9] [217, 218] 20160514
133.8 [5, 7, 8, 9] [216, 217] 20160514
133.625 [0, 1, 2, 3] [186, 187] 20160309
132.9375 [1, 2, 3, 5] [184, 185] 20160309
132.02499999999998 [3, 5, 7, 9] [200, 201] 20160514
129.91824432439554 [7, 8, 9] [255, 256] 20160309
129.6776817122332 [7, 8, 9] [248, 249] 20160309
129.55740040615203 [7, 8, 9] [247, 248] 20160309
129.4419303523141 [7, 8, 9] [246, 247] 20160309
128.64166666666668 [2, 3, 5, 7] [185, 186] 20160514
128.39583333333334 [2, 3, 5, 7] [184, 185] 20160514
128.01666666666668 [0, 1, 2, 3] [259, 260] 20160308
127.97083333333332 [0, 1, 2, 3] [258, 259] 20160308
127.89166666666667 [0, 1, 2, 3] [257, 258] 20160308
127.825 [0, 1, 2, 3] [255, 256] 20160308
127.82083333333334 [0, 1, 2, 3] [254, 255] 20160308
127.7875 [0, 1, 2, 3] [252, 253] 20160308
127.74583333333334 [0, 1, 2, 3] [261, 262] 20160308
127.60833333333333 [0, 1, 2, 3] [250, 251] 20160308
127.54583333333335 [0, 1, 2, 3] [262, 263] 20160308
127.45416666666665 [0, 1, 2, 3] [249, 250] 20160308
127.35000000000001 [0, 1, 2, 3] [263, 264] 20160308
127.26666666666667 [0, 1, 2, 3] [248, 249] 20160308
127.12916666666668 [0, 1, 2, 3] [264, 265] 20160308
127.125 [0, 1, 2, 3] [247, 248] 20160308
127.10416666666666 [0, 1, 2, 3] [246, 247] 20160308
127.06666666666666 [0, 1, 2, 3] [245, 246] 20160308
127.0625 [1, 2, 3, 4] [4, 5] 20160325
127.0125 [0, 1, 2, 3] [244, 245] 20160308
126.92083333333333 [0, 1, 2, 3] [243, 244] 20160308
126.88333333333334 [0, 1, 2, 3] [265, 266] 20160308
126.8125 [0, 1, 2, 3] [242, 243] 20160308
126.79999999999998 [5, 7, 8, 9] [1, 2] 20160419
126.65 [1, 2, 3, 5] [1, 2] 20160325
126.5375 [1, 2, 3, 4] [8, 9] 20160325
125.99166666666667 [1, 2, 3, 4] [12, 13] 20160325
125.84166666666667 [1, 2, 3, 5] [6, 7] 20160325
125.69166666666668 [3, 5, 6, 7] [6, 7] 20160419
125.55000000000001 [2, 3, 5, 7] [0, 1] 20160514
125.55000000000001 [2, 3, 5, 7] [1, 2] 20160514
125.35 [2, 3, 4, 5] [285, 286] 20160324
125.21666666666665 [2, 3, 5, 7] [3, 4] 20160514
125.04583333333333 [0, 1, 2, 3] [39, 40] 20160419
124.95833333333334 [2, 3, 4, 5] [284, 285] 20160324
124.9375 [2, 3, 5, 7] [4, 5] 20160514
124.90833333333333 [1, 2, 3, 4] [15, 16] 20160325
124.83750000000002 [0, 1, 2, 3] [41, 42] 20160419
124.8375 [3, 5, 6, 7] [8, 9] 20160419
124.69999999999999 [2, 3, 5, 7] [5, 6] 20160514
124.62916666666666 [0, 1, 2, 3] [42, 43] 20160419
124.61249999999998 [0, 1, 2, 3] [37, 38] 20160419
124.33333333333336 [0, 1, 2, 3] [43, 44] 20160419
124.24583333333332 [2, 3, 4, 5] [282, 283] 20160324
124.19999999999999 [0, 1, 2, 3] [36, 37] 20160419
123.83333333333333 [1, 2, 3, 5] [268, 269] 20160324
123.71666666666667 [2, 3, 5, 7] [9, 10] 20160514
123.47 [2, 3, 5, 7] [10, 11] 20160514
122.90833333333333 [2, 3, 4, 5] [278, 279] 20160324
122.25416666666668 [0, 1, 2, 3] [31, 32] 20160419
122.02083333333334 [0, 1, 2, 3] [248, 249] 20160312
121.97916666666667 [0, 1, 2, 3] [245, 246] 20160312
121.97916666666666 [0, 1, 2, 3] [249, 250] 20160312
121.89166666666667 [0, 1, 2, 3] [244, 245] 20160312
121.825 [0, 1, 2, 3] [243, 244] 20160312
121.80833333333334 [1, 2, 3, 4] [251, 252] 20160312
121.77916666666665 [1, 2, 3, 5] [21, 22] 20160325
121.77083333333331 [1, 2, 3, 4] [250, 251] 20160312
121.72083333333333 [0, 1, 2, 3] [242, 243] 20160312
121.50416666666668 [0, 1, 2, 3] [241, 242] 20160312
121.49583333333334 [0, 1, 2, 3] [253, 254] 20160312
121.37083333333335 [0, 1, 2, 3] [254, 255] 20160312
121.275 [0, 1, 2, 3] [255, 256] 20160312
121.25833333333333 [0, 1, 2, 3] [240, 241] 20160312
121.15416666666668 [0, 1, 2, 3] [256, 257] 20160312
121.1375 [0, 1, 2, 3] [53, 54] 20160419
121.0125 [0, 1, 2, 3] [239, 240] 20160312
120.95 [0, 1, 2, 3] [257, 258] 20160312
120.78750000000001 [0, 1, 2, 3] [258, 259] 20160312
120.60000000000001 [2, 3, 5, 7] [165, 166] 20160514
120.49583333333334 [1, 2, 3, 5] [24, 25] 20160325
120.43333333333334 [0, 1, 2, 3] [56, 57] 20160419
120.2375 [0, 1, 2, 3] [261, 262] 20160312
120.23333333333335 [0, 1, 2, 3] [236, 237] 20160312
120.19583333333334 [0, 1, 2, 3] [57, 58] 20160419
120.0 [0, 1, 2, 3] [235, 236] 20160312
119.85833333333333 [6, 7, 8, 9] [271, 272] 20160514
119.84583333333333 [1, 2, 3, 5] [26, 27] 20160325
119.59583333333333 [1, 2, 3, 4] [23, 24] 20160514
119.24166666666666 [1, 2, 3, 4] [24, 25] 20160514
118.97083333333333 [0, 1, 2, 3] [22, 23] 20160514
118.86666666666669 [1, 2, 3, 4] [33, 34] 20160325
118.79166666666667 [1, 2, 3, 4] [25, 26] 20160514
118.72083333333335 [1, 2, 3, 4] [35, 36] 20160325
118.50833333333333 [1, 2, 3, 5] [66, 67] 20160419
118.19583333333334 [1, 2, 3, 5] [32, 33] 20160325
117.93333333333335 [1, 2, 3, 5] [34, 35] 20160325
117.825 [5, 7, 8, 9] [244, 245] 20160419
117.80416666666667 [5, 7, 8, 9] [243, 244] 20160419
117.8 [5, 7, 8, 9] [245, 246] 20160419
117.79166666666664 [5, 7, 8, 9] [246, 247] 20160419
117.70416666666665 [5, 7, 8, 9] [247, 248] 20160419
117.64583333333333 [5, 7, 8, 9] [240, 241] 20160419
117.19729339325079 [7, 8, 9] [238, 239] 20160514
116.18333333333332 [0, 1, 2, 3] [255, 256] 20160324
114.73750000000001 [0, 1, 2, 3] [248, 249] 20160324
112.41009741122014 [1, 2, 3] [3, 4] 20160325
111.42860195359776 [1, 2, 3] [258, 259] 20160324
110.98596674721905 [1, 2, 3] [254, 255] 20160324
110.8560629366514 [1, 2, 3] [13, 14] 20160325
110.8375 [1, 2, 3, 4] [234, 235] 20160324
110.23333333333333 [5, 7, 8, 9] [235, 236] 20160313
110.20416666666668 [3, 5, 7, 9] [241, 242] 20160313
110.08333333333333 [3, 5, 7, 9] [249, 250] 20160313
109.87083333333334 [3, 5, 7, 9] [237, 238] 20160313
109.56666666666666 [3, 5, 7, 9] [253, 254] 20160313
109.17083333333332 [3, 5, 7, 9] [256, 257] 20160313
109.11920087683927 [2, 3, 5] [279, 280] 20160324
109.04583333333333 [5, 7, 8, 9] [239, 240] 20160324
108.50817184194692 [2, 3, 5] [274, 275] 20160324
108.3875 [0, 1, 2, 3] [61, 62] 20160325
108.1125 [0, 1, 2, 3] [27, 28] 20160325
107.97916666666667 [0, 1, 2, 3] [66, 67] 20160325
107.36250000000001 [0, 1, 2, 3] [48, 49] 20160325
107.35347130356767 [1, 2, 3] [23, 24] 20160325
107.11666666666666 [0, 1, 2, 3] [13, 14] 20160313
106.96375987186467 [1, 2, 3] [243, 244] 20160324
106.30833333333335 [0, 1, 2, 3] [63, 64] 20160328
106.25416666666666 [0, 1, 2, 3] [67, 68] 20160328
106.17500000000001 [0, 1, 2, 3] [8, 9] 20160313
106.07083333333334 [0, 1, 2, 3] [58, 59] 20160328
106.07083333333333 [0, 1, 2, 3] [71, 72] 20160328
105.98333333333332 [0, 1, 2, 3] [73, 74] 20160328
105.92916666666666 [3, 5, 7, 9] [268, 269] 20160313
105.84583333333332 [0, 1, 2, 3] [231, 232] 20160324
105.83333333333333 [1, 2, 3, 5] [224, 225] 20160328
105.81250000000001 [0, 1, 2, 3] [81, 82] 20160328
105.79166666666667 [0, 1, 2, 3] [86, 87] 20160328
105.7875 [0, 1, 2, 3] [89, 90] 20160328
105.76250000000002 [0, 1, 2, 3] [54, 55] 20160328
105.72916666666667 [1, 2, 3, 5] [226, 227] 20160328
105.6625 [0, 1, 2, 3] [23, 24] 20160313
105.50833333333335 [0, 1, 2, 3] [49, 50] 20160328
105.49583333333332 [0, 1, 2, 3] [42, 43] 20160328
105.48750000000001 [0, 1, 2, 3] [48, 49] 20160328
105.48333333333332 [0, 1, 2, 3] [45, 46] 20160328
105.45 [0, 1, 2, 3] [1, 2] 20160313
105.425 [0, 1, 2, 3] [2, 3] 20160313
105.30000000000001 [0, 1, 2, 3] [4, 5] 20160313
105.29583333333333 [0, 1, 2, 3] [98, 99] 20160328
105.27499999999999 [0, 1, 2, 3] [38, 39] 20160328
105.26666666666667 [0, 1, 2, 3] [3, 4] 20160313
105.225 [2, 3, 4, 5] [228, 229] 20160328
105.22083333333333 [0, 1, 2, 3] [37, 38] 20160328
105.12916666666668 [1, 2, 3, 5] [221, 222] 20160328
105.08749999999999 [0, 1, 2, 3] [27, 28] 20160313
104.775 [1, 2, 3, 5] [29, 30] 20160313
104.3 [0, 1, 2, 3] [0, 1] 20160412
104.3 [0, 1, 2, 3] [1, 2] 20160412
104.22500000000001 [0, 1, 2, 3] [2, 3] 20160412
104.13333333333334 [0, 1, 2, 3] [3, 4] 20160412
104.07916666666667 [3, 5, 7, 9] [273, 274] 20160313
104.0375 [0, 1, 2, 3] [4, 5] 20160412
103.79166666666667 [0, 1, 2, 3] [6, 7] 20160412
103.71428571428571 [0, 1, 2, 3] [7, 8] 20160412
103.6375 [0, 1, 2, 3] [8, 9] 20160412
103.50454545454545 [0, 1, 2, 3] [11, 12] 20160412
103.37083333333332 [0, 1, 2, 3] [13, 14] 20160412
103.30416666666667 [0, 1, 2, 3] [14, 15] 20160412
103.15416666666667 [0, 1, 2, 3] [16, 17] 20160412
103.10416666666667 [0, 1, 2, 3] [17, 18] 20160412
103.075 [0, 1, 2, 3] [18, 19] 20160412
103.02916666666667 [0, 1, 2, 3] [19, 20] 20160412
103.02815553688872 [1, 2, 3] [237, 238] 20160324
102.97500000000001 [0, 1, 2, 3] [20, 21] 20160412
102.875 [0, 1, 2, 3] [22, 23] 20160412
102.81666666666666 [0, 1, 2, 3] [23, 24] 20160412
102.73333333333333 [0, 1, 2, 3] [24, 25] 20160412
102.62083333333334 [0, 1, 2, 3] [25, 26] 20160412
102.60416666666667 [1, 2, 3, 4] [226, 227] 20160324
100.5118706136706 [0, 1, 2] [262, 263] 20160324
100.0499903983189 [0, 1, 2] [244, 245] 20160324
100.00668912812968 [0, 1, 2] [245, 246] 20160324
99.0875 [2, 3, 5, 7] [285, 286] 20160313
97.1625 [3, 5, 7, 8] [52, 53] 20160313
96.87456391777596 [5, 7, 9] [243, 244] 20160313
87.3 [1, 2, 3, 5] [5, 6] 20160301
87.3 [1, 2, 3, 5] [6, 7] 20160301
87.275 [1, 2, 3, 5] [4, 5] 20160301
87.25 [1, 2, 3, 5] [0, 1] 20160301
87.25 [1, 2, 3, 5] [2, 3] 20160301
86.95 [1, 2, 3, 5] [14, 15] 20160301
85.17083333333333 [1, 2, 3, 5] [17, 18] 20160301
83.48125000000002 [2, 3, 5, 6] [8, 9] 20160301
82.97777777777777 [0, 1, 2, 3] [9, 10] 20160301
82.78 [0, 1, 2, 3] [10, 11] 20160301
82.57272727272728 [0, 1, 2, 3] [11, 12] 20160301
82.52083333333334 [1, 2, 3, 5] [19, 20] 20160301
81.90833333333335 [0, 1, 2, 3] [13, 14] 20160301
80.77083333333333 [5, 6, 7, 8] [30, 31] 20160301
80.55416666666666 [5, 6, 7, 8] [31, 32] 20160301
79.19999999999999 [5, 6, 7, 8] [34, 35] 20160301
78.56666666666666 [5, 7, 8, 9] [130, 131] 20160302
77.78333333333332 [5, 7, 8, 9] [131, 132] 20160302
77.70172372843714 [5, 7, 8, 9] [102, 103] 20160302
77.13880721597727 [5, 7, 8, 9] [111, 112] 20160302
76.92230086503115 [5, 7, 8, 9] [101, 102] 20160302
76.70579451408504 [7, 8, 9] [117, 118] 20160302
76.55416666666666 [2, 3, 4, 6] [76, 77] 20160302
76.25353680321983 [1, 2, 3] [12, 13] 20160301
76.10919923592242 [5, 7, 8, 9] [100, 101] 20160302
75.95523916413852 [2, 3, 5] [15, 16] 20160301
75.51741521000305 [2, 3, 5] [16, 17] 20160301
74.68333333333334 [5, 7, 8, 9] [41, 42] 20160301
71.35087076735127 [7, 8, 9] [134, 135] 20160302
70.73984173245888 [7, 8, 9] [135, 136] 20160302
68.72873829478172 [7, 8, 9] [138, 139] 20160302
68.57958947524105 [7, 8, 9] [82, 83] 20160302
68.45449691691663 [7, 8, 9] [65, 66] 20160302
65.32499999999999 [1, 2, 3, 4] [67, 68] 20160302
63.11517277740924 [8, 9] [97, 98] 20160302
62.82643750842474 [8, 9] [96, 97] 20160302
62.67912359567755 [8, 9] [95, 96] 20160302
62.56127246547978 [8, 9] [94, 95] 20160302
62.44931389179192 [8, 9] [93, 94] 20160302
62.3137850920645 [8, 9] [92, 93] 20160302
56.975 [0, 1, 2, 3] [263, 264] 20160405
56.895833333333336 [0, 1, 2, 3] [268, 269] 20160405
54.75416666666668 [2, 3, 5, 7] [218, 219] 20160405
54.587500000000006 [2, 3, 5, 7] [217, 218] 20160405
54.474999999999994 [6, 7, 8, 9] [285, 286] 20160405
53.70416666666666 [2, 3, 5, 7] [211, 212] 20160405
53.233333333333334 [2, 3, 5, 7] [208, 209] 20160405
52.1 [2, 3, 4, 5] [0, 1] 20160405
52.1 [2, 3, 4, 5] [1, 2] 20160405
52.05774927193126 [7, 8, 9] [267, 268] 20160405
51.87492168668788 [7, 8, 9] [269, 270] 20160405
51.73058411939048 [7, 8, 9] [270, 271] 20160405
51.605491561066046 [7, 8, 9] [271, 272] 20160405
51.263892651795516 [7, 8, 9] [273, 274] 20160405
51.095498823281886 [7, 8, 9] [243, 244] 20160405
51.061820057579155 [7, 8, 9] [274, 275] 20160405
50.837500000000006 [3, 4, 5, 6] [4, 5] 20160405
50.725 [2, 3, 5, 7] [197, 198] 20160405
50.648052364659925 [7, 8, 9] [276, 277] 20160405
49.945833333333326 [1, 2, 3, 4] [192, 193] 20160405
