10 1.0 0.010309278350515464 0.020408163265306124
15 1.0 0.010309278350515464 0.020408163265306124
20 0.6 0.030927835051546393 0.058823529411764705
25 0.5714285714285714 0.041237113402061855 0.07692307692307693
30 0.7 0.07216494845360824 0.1308411214953271
35 0.6666666666666666 0.08247422680412371 0.14678899082568808
40 0.5333333333333333 0.08247422680412371 0.14285714285714285
45 0.5 0.08247422680412371 0.1415929203539823
50 0.47368421052631576 0.09278350515463918 0.15517241379310343
55 0.5238095238095238 0.1134020618556701 0.1864406779661017
60 0.56 0.14432989690721648 0.22950819672131148
65 0.56 0.14432989690721648 0.22950819672131148
70 0.5185185185185185 0.14432989690721648 0.2258064516129032
75 0.5172413793103449 0.15463917525773196 0.2380952380952381
80 0.5 0.15463917525773196 0.23622047244094488
85 0.5 0.15463917525773196 0.23622047244094488
90 0.5161290322580645 0.16494845360824742 0.25
95 0.47058823529411764 0.16494845360824742 0.24427480916030536
100 0.45714285714285713 0.16494845360824742 0.2424242424242424
105 0.4444444444444444 0.16494845360824742 0.24060150375939848
110 0.41025641025641024 0.16494845360824742 0.23529411764705882
115 0.38095238095238093 0.16494845360824742 0.2302158273381295
120 0.37777777777777777 0.17525773195876287 0.2394366197183098
125 0.3617021276595745 0.17525773195876287 0.23611111111111108
130 0.34 0.17525773195876287 0.23129251700680273
135 0.34 0.17525773195876287 0.23129251700680273
140 0.35185185185185186 0.1958762886597938 0.25165562913907286
145 0.3392857142857143 0.1958762886597938 0.24836601307189543
150 0.3333333333333333 0.1958762886597938 0.24675324675324672
155 0.3275862068965517 0.1958762886597938 0.24516129032258063
160 0.31666666666666665 0.1958762886597938 0.24203821656050956
165 0.31666666666666665 0.1958762886597938 0.24203821656050956
170 0.3114754098360656 0.1958762886597938 0.24050632911392408
175 0.3125 0.20618556701030927 0.2484472049689441
180 0.3142857142857143 0.2268041237113402 0.2634730538922156
185 0.2972972972972973 0.2268041237113402 0.2573099415204678
190 0.2894736842105263 0.2268041237113402 0.254335260115607
195 0.2716049382716049 0.2268041237113402 0.24719101123595508
200 0.2716049382716049 0.2268041237113402 0.24719101123595508
205 0.2823529411764706 0.24742268041237114 0.26373626373626374
210 0.2727272727272727 0.24742268041237114 0.2594594594594594
215 0.26666666666666666 0.24742268041237114 0.25668449197860965
220 0.25806451612903225 0.24742268041237114 0.25263157894736843
225 0.25773195876288657 0.25773195876288657 0.25773195876288657
230 0.25252525252525254 0.25773195876288657 0.2551020408163265
235 0.24271844660194175 0.25773195876288657 0.25
240 0.2358490566037736 0.25773195876288657 0.2463054187192118
245 0.22522522522522523 0.25773195876288657 0.24038461538461536
250 0.21929824561403508 0.25773195876288657 0.23696682464454974
255 0.2222222222222222 0.26804123711340205 0.24299065420560748
260 0.21311475409836064 0.26804123711340205 0.2374429223744292
265 0.2283464566929134 0.29896907216494845 0.25892857142857145
270 0.22137404580152673 0.29896907216494845 0.2543859649122807
275 0.21641791044776118 0.29896907216494845 0.2510822510822511
280 0.21014492753623187 0.29896907216494845 0.24680851063829787
285 0.20279720279720279 0.29896907216494845 0.24166666666666667
290 0.19594594594594594 0.29896907216494845 0.23673469387755103
295 0.19607843137254902 0.30927835051546393 0.24000000000000002
300 0.20754716981132076 0.3402061855670103 0.2578125
305 0.20121951219512196 0.3402061855670103 0.2528735632183908
310 0.1952662721893491 0.3402061855670103 0.2481203007518797
315 0.1907514450867052 0.3402061855670103 0.24444444444444444
320 0.1853932584269663 0.3402061855670103 0.24
325 0.1813186813186813 0.3402061855670103 0.23655913978494622
330 0.17647058823529413 0.3402061855670103 0.23239436619718312
335 0.171875 0.3402061855670103 0.22837370242214533
340 0.16751269035532995 0.3402061855670103 0.22448979591836735
345 0.165 0.3402061855670103 0.2222222222222222
350 0.16097560975609757 0.3402061855670103 0.2185430463576159
355 0.15714285714285714 0.3402061855670103 0.21498371335504887
360 0.15348837209302327 0.3402061855670103 0.21153846153846156
365 0.1527777777777778 0.3402061855670103 0.2108626198083067
370 0.1493212669683258 0.3402061855670103 0.20754716981132074
375 0.14798206278026907 0.3402061855670103 0.20625000000000002
380 0.14537444933920704 0.3402061855670103 0.2037037037037037
385 0.14285714285714285 0.3402061855670103 0.20121951219512196
390 0.14042553191489363 0.3402061855670103 0.1987951807228916
395 0.1375 0.3402061855670103 0.19584569732937687
400 0.1346938775510204 0.3402061855670103 0.1929824561403509
405 0.132 0.3402061855670103 0.19020172910662825
410 0.12941176470588237 0.3402061855670103 0.18750000000000003
415 0.12692307692307692 0.3402061855670103 0.18487394957983191
