30.854 [6, 7, 8, 9] [141, 142, 143, 144, 145, 146, 147, 148, 149, 150, 151, 152, 153, 154, 155, 156, 157, 158, 159, 160, 161, 162, 163, 164, 165, 166, 167, 168, 169, 170, 171, 172, 173, 174, 175, 176] 20160421
30.2095 [3, 5, 7, 8] [158, 159, 160, 161, 162, 163, 164, 165, 166, 167, 168, 169, 170, 171, 172, 173, 174, 175, 176, 177, 178, 179, 180, 181, 182, 183, 184, 185, 186, 187, 188, 189, 190, 191, 192, 193] 20160421
28.990000000000002 [3, 5, 7, 8] [191, 192, 193, 194, 195, 196, 197, 198, 199, 200, 201, 202, 203, 204, 205] 20160312
28.735 [3, 5, 7, 8] [192, 193, 194, 195, 196, 197, 198] 20160312
25.6455 [1, 2, 3, 4] [16, 17, 18, 19, 20, 21, 22, 23, 24, 25, 26, 27, 28, 29, 30, 31, 32, 33, 34, 35, 36, 37, 38, 39, 40, 41, 42, 43, 44, 45, 46, 47, 48, 49, 50] 20160301
25.467000000000002 [0, 1, 2, 3] [66, 67, 68, 69, 70, 71, 72, 73, 74, 75, 76, 77, 78, 79, 80, 81, 82] 20160325
25.25561017543099 [4, 5, 7, 9] [167, 168, 169, 170, 171, 172, 173, 174, 175, 176, 177, 178, 179, 180, 181, 182, 183, 184, 185, 186, 187, 188, 189, 190, 191, 192, 193, 194, 195, 196, 197] 20160309
24.400000000000002 [0, 1, 2, 3] [69, 70, 71, 72, 73, 74, 75, 76] 20160325
24.259999999999998 [2, 3, 4, 5] [142, 143, 144, 145, 146, 147, 148, 149, 150, 151, 152, 153, 154, 155, 156, 157, 158, 159, 160, 161, 162, 163, 164, 165, 166, 167, 168, 169, 170, 171, 172, 173, 174, 175, 176] 20160405
22.92657918952004 [6, 7, 9] [148, 149, 150, 151, 152, 153, 154, 155, 156, 157, 158, 159, 160, 161, 162, 163, 164, 165, 166, 167, 168, 169, 170, 171, 172, 173, 174, 175, 176, 177, 178, 179, 180, 181, 182, 183] 20160922
22.6345 [2, 3, 4, 5] [161, 162, 163, 164, 165, 166, 167, 168, 169, 170, 171, 172, 173, 174, 175, 176, 177, 178, 179, 180, 181, 182, 183, 184, 185, 186, 187, 188, 189, 190, 191, 192, 193, 194, 195, 196] 20160308
22.448500000000003 [2, 3, 4, 5] [150, 151, 152, 153, 154, 155, 156, 157, 158, 159, 160, 161, 162, 163, 164, 165, 166, 167, 168, 169, 170, 171, 172, 173, 174, 175, 176, 177, 178, 179, 180, 181, 182, 183, 184, 185] 20160313
22.060000000000002 [3, 5, 7, 8] [191, 192, 193, 194, 195] 20160312
21.837500000000002 [0, 1, 2, 3] [70, 71] 20160325
21.82838633522872 [1, 2] [203, 204, 205, 206, 207, 208, 209, 210, 211, 212, 213, 214, 215, 216, 217, 218, 219, 220, 221, 222, 223, 224, 225, 226, 227, 228, 229, 230, 231, 232, 233, 234, 235, 236, 237, 238] 20160324
21.3585 [1, 2, 3, 5] [218, 219, 220, 221, 222, 223, 224, 225, 226, 227, 228, 229, 230, 231, 232, 233, 234, 235, 236, 237, 238, 239, 240, 241, 242, 243, 244, 245, 246, 247, 248, 249, 250, 251, 252] 20160324
21.243 [1, 2, 3, 4] [237, 238, 239, 240, 241, 242, 243, 244, 245, 246, 247, 248, 249, 250, 251, 252, 253, 254, 255, 256, 257, 258, 259, 260, 261, 262, 263, 264, 265, 266, 267, 268, 269, 270, 271, 272] 20160813
20.723499999999998 [2, 3, 4, 5] [227, 228, 229, 230, 231, 232, 233, 234, 235, 236, 237, 238, 239, 240, 241, 242, 243, 244, 245, 246, 247, 248, 249, 250, 251, 252, 253, 254, 255, 256, 257, 258, 259, 260, 261, 262] 20160529
20.7125 [0, 1, 2, 3] [71, 72] 20160325
20.564 [5, 7, 8, 9] [135, 136, 137, 138, 139, 140, 141, 142, 143, 144, 145, 146, 147, 148, 149, 150, 151, 152, 153, 154, 155, 156, 157, 158, 159, 160, 161, 162, 163, 164, 165, 166, 167, 168, 169, 170] 20160514
20.038 [0, 1, 2, 3] [69, 70] 20160325
20.0015 [1, 2, 3, 5] [45, 46, 47, 48, 49, 50, 51, 52, 53, 54, 55, 56, 57, 58, 59, 60, 61, 62, 63, 64, 65, 66, 67, 68, 69, 70, 71, 72, 73, 74, 75, 76, 77, 78, 79, 80] 20160621
19.894 [4, 5, 7, 9] [268, 269, 270, 271, 272, 273, 274, 275, 276, 277, 278, 279, 280, 281, 282, 283, 284, 285, 286, 287] 20160922
19.726 [6, 7, 8, 9] [132, 133, 134, 135, 136, 137, 138, 139, 140, 141, 142, 143, 144, 145, 146, 147, 148, 149, 150, 151, 152, 153, 154, 155, 156, 157, 158, 159, 160, 161, 162, 163, 164, 165, 166, 167] 20160529
19.417 [3, 4, 5, 6] [110, 111, 112, 113, 114, 115, 116, 117, 118, 119, 120, 121, 122, 123, 124, 125, 126, 127, 128, 129, 130, 131, 132, 133, 134, 135, 136, 137, 138, 139, 140, 141, 142, 143, 144, 145] 20160302
19.3525 [6, 7, 8, 9] [135, 136, 137, 138, 139, 140, 141, 142, 143, 144, 145, 146, 147, 148, 149, 150, 151, 152, 153, 154, 155, 156, 157, 158, 159, 160, 161, 162, 163, 164, 165, 166, 167, 168, 169, 170] 20160302
19.2545 [0, 1, 2, 3] [72, 73] 20160325
19.206434390589003 [7, 8] [272, 273, 274, 275, 276, 277, 278, 279, 280, 281, 282, 283, 284, 285, 286, 287] 20160813
18.9665 [3, 5, 7, 8] [197, 198] 20160312
18.902378474678788 [3, 5, 7, 8] [61, 62, 63, 64, 65, 66, 67, 68, 69, 70, 71, 72, 73, 74, 75, 76, 77, 78, 79, 80, 81, 82, 83, 84, 85, 86, 87, 88, 89, 90, 91, 92, 93, 94, 95, 96] 20160309
18.731 [5, 6, 7, 9] [31, 32, 33, 34, 35, 36, 37, 38, 39, 40, 41, 42, 43, 44, 45, 46, 47, 48, 49, 50, 51, 52, 53, 54, 55, 56, 57, 58, 59, 60, 61, 62, 63, 64, 65] 20160301
18.618 [2, 3, 5, 6] [182, 183, 184, 185, 186, 187, 188, 189, 190, 191, 192, 193, 194, 195, 196, 197, 198, 199, 200, 201, 202, 203, 204, 205, 206, 207, 208, 209, 210, 211, 212, 213, 214, 215, 216, 217] 20160308
18.5175 [4, 5, 6, 7] [252, 253, 254, 255, 256, 257, 258, 259, 260, 261, 262, 263, 264, 265, 266, 267, 268, 269, 270, 271, 272, 273, 274, 275, 276, 277, 278, 279, 280, 281, 282, 283, 284, 285] 20160514
18.151 [3, 5, 7, 8] [162, 163, 164, 165, 166, 167, 168, 169, 170, 171, 172, 173, 174, 175] 20160421
18.029500000000002 [5, 7, 8, 9] [146, 147, 148, 149, 150, 151, 152, 153, 154, 155, 156, 157, 158, 159, 160, 161, 162, 163, 164, 165, 166, 167, 168, 169, 170, 171, 172, 173, 174, 175, 176, 177, 178, 179, 180, 181] 20160514
18.00755489602443 [1, 2, 3] [75, 76, 77, 78, 79, 80, 81, 82, 83, 84, 85, 86, 87, 88, 89, 90, 91, 92, 93, 94, 95, 96, 97, 98, 99, 100, 101, 102, 103, 104, 105, 106, 107, 108] 20160419
17.88 [4, 6, 7, 9] [1, 2, 3, 4, 5, 6, 7, 8, 9, 10, 11, 12, 13, 14, 15, 16, 17, 18, 19, 20, 21, 22, 23, 24, 25, 26, 27, 28, 29, 30, 31, 32] 20160529
17.836768555430663 [0, 1, 2, 3] [80, 81, 82, 83, 84, 85, 86, 87, 88, 89, 90, 91, 92, 93, 94, 95, 96, 97, 98, 99, 100, 101, 102, 103, 104, 105, 106, 107, 108, 109, 110, 111, 112, 113, 114, 115] 20160302
17.679000000000002 [1, 2, 3, 4] [65, 66, 67, 68, 69, 70, 71, 72, 73, 74, 75, 76, 77, 78, 79, 80, 81, 82, 83, 84, 85, 86, 87, 88, 89, 90, 91, 92, 93, 94, 95, 96, 97, 98, 99, 100] 20160412
17.6085 [1, 2, 3, 4] [17, 18] 20160301
17.554499999999997 [0, 1, 2, 3] [73, 74] 20160325
17.47897252415027 [1, 2, 3] [79, 80, 81, 82, 83, 84, 85, 86, 87, 88, 89, 90, 91, 92] 20160302
17.121 [1, 2, 3, 4] [18, 19] 20160301
16.871000000000002 [1, 2, 3, 4] [16, 17] 20160301
16.7055 [1, 2, 3, 5] [228, 229, 230, 231, 232, 233, 234, 235, 236, 237, 238, 239, 240, 241, 242, 243, 244, 245, 246, 247, 248, 249, 250, 251, 252, 253, 254, 255, 256, 257, 258, 259, 260, 261, 262, 263] 20160328
16.639 [5, 6, 7, 8] [113, 114, 115, 116, 117, 118, 119, 120, 121, 122, 123, 124, 125, 126, 127, 128, 129, 130, 131, 132, 133, 134, 135, 136, 137, 138, 139, 140, 141, 142, 143, 144, 145, 146, 147, 148] 20160911
16.531847607975745 [1, 2, 3, 4] [40, 41, 42, 43, 44, 45, 46, 47, 48, 49, 50, 51, 52, 53, 54, 55] 20160621
16.492 [3] [62, 63] 20160309
16.304948952184223 [5, 7, 8] [241, 242, 243, 244, 245, 246, 247, 248, 249, 250, 251, 252, 253, 254, 255, 256, 257, 258, 259, 260, 261, 262, 263, 264, 265, 266, 267, 268, 269, 270, 271, 272, 273, 274, 275, 276] 20160628
16.291 [3] [66, 67, 68, 69, 70, 71, 72, 73, 74, 75, 76] 20160302
16.2335 [1, 2, 3, 4] [19, 20] 20160301
16.175067619642274 [3, 4] [239, 240] 20160813
16.07920499693108 [0, 1, 2] [192, 193] 20160312
16.045667078685135 [3, 4] [238, 239] 20160813
15.970500000000001 [1, 2, 3, 5] [81, 82, 83, 84, 85, 86, 87, 88, 89, 90, 91, 92, 93, 94, 95, 96, 97, 98, 99, 100, 101, 102, 103, 104, 105, 106, 107, 108, 109, 110, 111, 112, 113, 114, 115, 116] 20160911
15.867 [3] [63, 64] 20160309
15.512 [3, 4, 5, 7] [7, 8, 9, 10, 11, 12, 13, 14, 15, 16, 17, 18, 19, 20, 21, 22, 23, 24, 25, 26, 27, 28, 29, 30, 31, 32, 33, 34, 35, 36, 37, 38, 39, 40, 41] 20160421
15.473617692705218 [3, 4] [240, 241] 20160813
15.25 [5] [99, 100, 101, 102, 103, 104, 105, 106, 107, 108, 109, 110, 111, 112, 113, 114, 115, 116, 117, 118, 119, 120, 121, 122, 123, 124, 125, 126, 127, 128, 129, 130, 131, 132, 133, 134] 20160309
15.068842025849234 [1, 2, 3] [68, 69] 20160325
15.046 [1, 2, 3, 4] [20, 21] 20160301
15.017 [3] [67, 68] 20160302
14.919953083036154 [1, 2, 3] [83, 84] 20160302
14.908 [7] [273, 274] 20160813
14.876584386209089 [2, 3, 4] [93, 94, 95, 96, 97, 98, 99, 100, 101, 102, 103, 104, 105, 106, 107, 108, 109, 110, 111, 112, 113, 114, 115, 116, 117, 118, 119, 120, 121, 122, 123, 124, 125, 126, 127, 128] 20160325
14.725498718209852 [1, 2, 3] [82, 83] 20160302
14.68894554872246 [0, 1, 2, 3] [84, 85] 20160302
14.617 [3] [64, 65] 20160309
14.568279342461828 [0, 1, 2, 3] [85, 86] 20160302
14.4725 [3, 4, 6, 7] [1, 2, 3, 4, 5, 6, 7, 8, 9, 10, 11, 12, 13, 14, 15, 16, 17, 18, 19, 20] 20160529
14.392 [7] [274, 275] 20160813
14.253151388377237 [4, 6, 7, 9] [65, 66, 67, 68, 69, 70, 71, 72, 73, 74, 75, 76, 77, 78, 79, 80, 81, 82, 83, 84, 85, 86, 87, 88, 89, 90, 91, 92, 93, 94, 95, 96, 97, 98, 99] 20160313
14.25 [3] [66, 67] 20160302
14.224867117129776 [3, 4] [241, 242] 20160813
14.189 [8] [189, 190, 191, 192, 193, 194, 195, 196, 197, 198, 199, 200, 201, 202, 203, 204, 205, 206, 207, 208, 209, 210, 211, 212, 213, 214, 215, 216, 217, 218, 219, 220] 20160325
14.136478769481458 [3, 4] [237, 238] 20160813
14.044045298037647 [2, 3, 4] [74, 75] 20160325
13.975 [2] [67, 68] 20160325
13.925 [3] [61, 62] 20160309
13.917 [3] [68, 69] 20160302
13.90666906559583 [3, 4] [51, 52, 53, 54, 55, 56, 57, 58, 59, 60, 61, 62, 63, 64, 65, 66, 67, 68, 69, 70, 71, 72, 73, 74, 75, 76, 77, 78, 79, 80, 81, 82, 83, 84, 85, 86] 20160911
13.888160725356448 [6, 7, 8] [117, 118, 119, 120, 121, 122, 123, 124, 125, 126, 127, 128, 129, 130, 131, 132, 133, 134, 135, 136, 137, 138, 139, 140, 141, 142, 143, 144, 145, 146, 147, 148, 149, 150, 151, 152] 20160412
13.842 [2] [66, 67] 20160325
13.823937572197003 [3, 4] [75, 76] 20160325
13.635281307451391 [3, 4, 6] [194, 195, 196] 20160312
13.629 [1, 2, 3, 4] [21, 22] 20160301
13.5105 [5, 6, 7, 9] [62, 63, 64, 65, 66, 67, 68, 69, 70, 71, 72, 73, 74, 75, 76, 77, 78, 79, 80, 81, 82, 83, 84, 85, 86, 87, 88, 89, 90, 91, 92, 93, 94, 95, 96] 20160301
13.502203986757124 [1, 2, 3, 5] [50, 51, 52, 53, 54] 20160621
13.479 [4, 5, 6, 7] [272, 273, 274, 275] 20160922
13.461498876425315 [0, 1, 2, 3] [86, 87] 20160302
13.163499838568768 [7, 8] [275, 276] 20160813
13.15 [5, 6, 7, 9] [173, 174, 175, 176, 177, 178, 179, 180, 181, 182, 183, 184, 185, 186, 187, 188, 189, 190, 191, 192, 193, 194, 195, 196, 197, 198, 199, 200, 201, 202, 203, 204, 205, 206, 207, 208] 20160419
13.128144499509439 [1, 2, 3] [81, 82] 20160302
13.099153121480791 [3, 4] [76, 77] 20160325
13.033 [7] [272, 273] 20160813
12.997 [4, 6, 7, 9] [150, 151, 152, 153, 154, 155, 156, 157, 158, 159, 160, 161, 162, 163, 164, 165, 166, 167, 168, 169, 170, 171, 172, 173, 174, 175, 176, 177, 178, 179, 180, 181, 182, 183, 184] 20160813
12.992 [3] [65, 66] 20160309
12.957731765243485 [7, 8] [278, 279] 20160813
12.922376426184154 [7, 8] [277, 278] 20160813
12.889344759658396 [0, 1, 2] [65, 66] 20160325
12.8475 [6, 7, 8, 9] [167, 168, 169, 170, 171, 172, 173, 174, 175, 176, 177, 178, 179, 180, 181, 182, 183, 184, 185, 186, 187, 188, 189, 190, 191, 192, 193, 194, 195, 196, 197, 198, 199, 200, 201, 202] 20160813
12.739235769856839 [5, 6] [95, 96, 97, 98, 99, 100, 101, 102, 103, 104, 105, 106, 107, 108, 109, 110, 111, 112, 113, 114, 115, 116, 117, 118, 119, 120, 121, 122, 123, 124, 125, 126, 127, 128, 129, 130] 20160412
12.710999999999999 [1, 2, 3, 5] [273, 274, 275, 276, 277, 278, 279, 280, 281, 282, 283, 284, 285, 286, 287] 20160308
12.6835 [1, 2, 3, 4] [15, 16] 20160301
12.65 [5] [102, 103] 20160309
12.5565 [4, 5, 7, 8] [12, 13, 14, 15, 16, 17, 18, 19, 20, 21, 22, 23, 24, 25, 26, 27, 28, 29, 30, 31, 32, 33, 34, 35, 36, 37, 38, 39, 40, 41, 42, 43, 44, 45, 46, 47] 20160514
12.526 [4, 5, 7, 9] [4, 5, 6, 7, 8, 9, 10, 11, 12, 13, 14, 15, 16, 17, 18, 19, 20, 21, 22, 23, 24, 25, 26, 27, 28, 29, 30, 31, 32, 33, 34, 35, 36, 37, 38, 39] 20160419
12.508 [3] [69, 70] 20160302
12.5 [5] [101, 102] 20160309
12.492 [3] [80, 81] 20160302
12.486091542192057 [0, 1, 2, 3] [78, 79, 80] 20160302
12.450736203132728 [0, 1, 2, 3] [79, 80] 20160302
12.42174482510408 [7, 8] [276, 277] 20160813
12.418000000000001 [3, 4, 5, 7] [56, 57, 58, 59, 60, 61, 62, 63, 64, 65, 66, 67, 68, 69, 70, 71, 72, 73, 74, 75, 76, 77, 78, 79, 80, 81, 82, 83, 84, 85, 86, 87, 88, 89, 90, 91] 20160405
12.372247350421022 [0, 1] [90, 91, 92, 93, 94, 95, 96, 97, 98, 99, 100, 101, 102, 103, 104, 105, 106, 107, 108, 109, 110, 111, 112, 113, 114, 115, 116, 117, 118, 119, 120, 121, 122, 123, 124, 125] 20160421
12.3625 [5, 6, 7, 9] [272, 273] 20160922
12.287745779162806 [5, 6, 7] [273, 274] 20160922
12.281 [8] [173, 174, 175, 176, 177, 178, 179, 180, 181, 182, 183, 184, 185, 186, 187, 188] 20160325
12.2695 [3, 4, 5, 6] [34, 35, 36, 37, 38, 39, 40, 41, 42, 43, 44, 45, 46, 47, 48, 49, 50, 51, 52, 53, 54, 55, 56, 57, 58, 59, 60, 61, 62, 63, 64, 65, 66, 67, 68, 69] 20160405
12.244261023026258 [3, 4] [77, 78] 20160325
12.23520690466655 [0, 1, 2, 3] [38, 39, 40, 41, 42, 43, 44, 45, 46, 47, 48, 49, 50, 51, 52, 53, 54, 55, 56, 57, 58, 59, 60, 61, 62, 63, 64, 65, 66, 67, 68, 69, 70, 71, 72, 73] 20160313
12.1895 [2, 3, 4, 5] [273, 274, 275, 276, 277, 278, 279, 280, 281, 282, 283, 284, 285, 286, 287] 20160312
12.1335 [3, 5, 7, 8] [166, 167, 168, 169, 170, 171] 20160421
12.120999999999999 [1, 2, 3, 5] [50, 51] 20160621
12.11454069840592 [1, 2, 3] [247, 248] 20160813
12.0915 [3, 4, 5, 6] [149, 150] 20160405
12.067 [9] [143, 144, 145, 146, 147, 148, 149, 150, 151, 152, 153, 154, 155, 156, 157, 158, 159, 160, 161, 162, 163, 164, 165, 166, 167, 168, 169, 170, 171, 172, 173, 174, 175, 176, 177, 178] 20160412
12.062534580261314 [3, 4] [242, 243] 20160813
12.046 [3, 4, 5, 6] [150, 151] 20160405
12.0145 [2, 3, 5, 7] [227, 228, 229, 230, 231, 232, 233, 234] 20160324
12.008500000000002 [3, 5, 7, 9] [155, 156, 157, 158, 159, 160, 161, 162] 20160922
11.996 [1, 2, 3, 4] [252, 253, 254, 255, 256, 257, 258, 259, 260, 261, 262, 263, 264, 265, 266, 267, 268, 269, 270, 271, 272, 273, 274, 275, 276, 277, 278, 279, 280, 281, 282, 283, 284, 285, 286, 287] 20160421
11.992 [5] [103, 104] 20160309
11.9915 [1, 2, 3, 4] [22, 23] 20160301
11.909092408743831 [0, 1, 2, 3] [78, 79] 20160302
11.904499999999999 [4, 5, 6, 7] [275, 276] 20160922
11.883 [1, 2, 3, 5] [276, 277, 278, 279, 280, 281, 282, 283, 284, 285, 286, 287] 20160911
11.85 [5] [100, 101] 20160309
11.831061716233812 [7, 8, 9] [200, 201, 202, 203] 20160312
11.74 [4, 5, 7, 8] [137, 138, 139, 140, 141, 142, 143, 144, 145, 146, 147, 148, 149, 150, 151, 152, 153, 154, 155, 156, 157, 158, 159, 160, 161, 162, 163, 164, 165, 166, 167, 168, 169, 170, 171, 172] 20160628
11.6835 [2, 3, 4, 6] [113, 114, 115, 116, 117, 118, 119, 120, 121] 20160302
11.670499999999999 [2, 3, 4, 5] [155, 156] 20160313
11.643422878747185 [1, 2, 3, 4] [43, 44] 20160621
11.600121608557961 [0, 1, 2, 3] [87, 88] 20160302
11.5875 [3, 4, 5, 6] [151, 152, 153, 154] 20160421
11.56968115377429 [3, 5, 7, 8] [161, 162, 163, 164, 165] 20160421
11.517 [3, 5, 7, 8] [169, 170, 171, 172, 173, 174, 175] 20160421
11.50832291575681 [3, 4, 5] [156, 157] 20160313
11.5 [2, 3, 5, 7] [278, 279, 280, 281, 282, 283] 20160922
11.486 [0] [3, 4, 5, 6, 7, 8, 9, 10, 11, 12, 13, 14, 15, 16, 17, 18, 19, 20, 21, 22, 23, 24, 25, 26, 27, 28, 29, 30, 31, 32, 33, 34, 35, 36, 37, 38] 20160911
11.472807524751733 [7, 8] [279, 280] 20160813
11.45512985522207 [3, 4] [78, 79] 20160325
11.433 [8] [190, 191] 20160325
11.392 [3] [66, 67] 20160309
11.378419105189144 [1, 2, 3, 4] [42, 43] 20160621
11.372398361823242 [2, 3] [101, 102, 103] 20160325
11.363985348459405 [1, 2, 3] [246, 247] 20160813
11.362 [2, 3, 4, 6] [245, 246] 20160813
11.335117834999922 [3, 4, 5] [148, 149] 20160405
11.328766982038838 [2, 3, 4] [1, 2, 3, 4, 5, 6, 7, 8, 9, 10, 11, 12, 13, 14, 15, 16, 17, 18, 19, 20, 21, 22, 23, 24, 25, 26, 27, 28, 29, 30, 31, 32, 33, 34, 35, 36] 20160628
11.3165 [3, 4, 5, 6] [145, 146, 147, 148, 149] 20160421
11.279 [3, 4, 5, 6] [151, 152] 20160405
11.255018636146277 [5, 6] [53, 54] 20160621
11.179810612587914 [5, 7, 8] [96, 97, 98, 99, 100, 101, 102, 103, 104, 105, 106, 107, 108, 109, 110, 111, 112, 113, 114, 115, 116, 117, 118, 119, 120, 121, 122, 123, 124, 125, 126, 127, 128, 129, 130, 131] 20160419
11.172994249528637 [5, 6] [257, 258, 259, 260, 261, 262, 263, 264, 265, 266, 267, 268, 269, 270, 271, 272, 273, 274, 275, 276, 277, 278, 279, 280, 281, 282, 283, 284, 285, 286, 287] 20160529
11.152 [9] [75, 76, 77, 78, 79, 80, 81] 20160313
11.15 [4, 6, 7, 9] [1, 2, 3, 4, 5, 6, 7, 8, 9, 10] 20160529
11.117 [1, 2, 3, 5] [282, 283, 284, 285, 286, 287] 20160911
11.101576464628796 [3, 4] [41, 42] 20160621
11.077 [1, 2, 3, 5] [249, 250, 251, 252, 253, 254, 255, 256, 257, 258, 259, 260, 261, 262, 263, 264, 265, 266, 267, 268, 269, 270, 271, 272, 273, 274, 275, 276, 277, 278, 279, 280, 281, 282, 283, 284] 20160324
11.051638852827816 [1, 2, 3, 4] [44, 45] 20160621
11.037205096098075 [3, 4, 5] [153, 154] 20160405
11.036627745828886 [3, 4, 5] [157, 158] 20160313
11.029 [3, 4, 5, 6] [148, 149, 150, 151] 20160421
10.979470069179113 [3, 4, 5] [152, 153] 20160405
10.971 [2, 3, 4, 5] [154, 155] 20160313
10.960417510295857 [2, 3, 4, 6] [76, 77] 20160419
10.958 [5] [104, 105] 20160309
10.925 [9] [76, 77] 20160313
10.9245 [6, 7, 8, 9] [168, 169, 170] 20160922
10.908499999999998 [2, 3, 4, 5] [233, 234] 20160529
10.89 [6, 7, 8, 9] [157, 158, 159, 160, 161, 162, 163, 164, 165, 166, 167, 168, 169, 170, 171, 172, 173, 174, 175, 176, 177, 178, 179, 180, 181, 182, 183, 184, 185, 186, 187, 188, 189, 190, 191, 192] 20160628
10.801056082624513 [5, 6] [52, 53] 20160621
10.8005 [1, 2, 3, 5] [49, 50] 20160621
10.7835 [3, 4, 5, 6] [154, 155] 20160405
10.758 [0] [27, 28, 29, 30, 31, 32, 33, 34, 35, 36, 37, 38, 39, 40, 41] 20160621
10.728900052350815 [7, 8, 9] [44, 45] 20160301
10.712667734976195 [5, 6] [54, 55] 20160621
10.65 [6] [202, 203, 204] 20160628
10.647613911107031 [3, 4] [40, 41] 20160621
10.629 [9] [140, 141, 142, 143, 144, 145, 146, 147, 148, 149, 150, 151, 152, 153, 154, 155, 156, 157, 158, 159, 160, 161] 20160911
10.624279387327876 [7, 9] [42, 43] 20160301
10.617 [6] [202, 203] 20160628
10.616499999999998 [5, 6, 7, 9] [271, 272] 20160922
10.55569497159393 [7, 8, 9] [43, 44] 20160301
10.554 [2, 3, 4, 5] [236, 237] 20160529
10.522208655980931 [2, 3, 4, 6] [74, 75] 20160419
10.517 [3] [245, 246, 247, 248, 249, 250, 251, 252, 253, 254, 255, 256] 20160529
10.500846696020913 [1, 2, 3] [42, 43, 44, 45, 46, 47, 48, 49, 50, 51, 52, 53, 54, 55, 56, 57, 58, 59, 60, 61, 62, 63, 64, 65, 66, 67, 68, 69, 70, 71, 72, 73, 74, 75, 76, 77] 20160308
10.500499999999999 [2, 3, 4, 5] [235, 236] 20160529
10.471 [3] [277, 278, 279, 280, 281, 282, 283, 284] 20160324
10.464473629061967 [2, 3, 4, 6] [77, 78] 20160419
10.4365 [4, 5, 7, 9] [227, 228, 229, 230, 231] 20160529
10.3875 [2, 3, 4, 5] [234, 235] 20160529
10.363437331953783 [7, 8, 9] [45, 46] 20160301
10.3415 [6, 7, 8, 9] [168, 169] 20160922
10.3335 [2, 3, 4, 5] [232, 233] 20160529
10.333499999999999 [2, 3, 4, 5] [158, 159] 20160313
10.294732649920217 [0, 1, 2] [135, 136, 137, 138, 139, 140, 141, 142, 143, 144, 145, 146, 147, 148, 149, 150, 151, 152, 153, 154, 155, 156, 157, 158, 159, 160, 161, 162, 163, 164, 165, 166, 167, 168, 169, 170] 20160621
10.282030943998045 [6, 7, 9] [41, 42] 20160301
10.274999999999999 [1, 2, 3, 4] [23, 24] 20160301
10.258 [0] [43, 44] 20160412
10.2415 [3, 4, 5, 6] [155, 156] 20160405
10.233 [0] [42, 43] 20160412
10.194851053350414 [3, 5, 6] [154, 155] 20160421
10.175 [4, 5, 6, 7] [278, 279] 20160922
10.13711602643145 [3, 4, 5] [147, 148] 20160405
10.108 [1] [210, 211] 20160529
10.1 [3] [278, 279] 20160324
10.067 [9] [75, 76] 20160313
10.0665 [3, 5, 7, 8] [166, 167] 20160421
10.065524593051936 [3, 5, 7, 8] [165, 166] 20160421
10.055132288206524 [1, 2, 3, 4] [45, 46] 20160621
10.046573147098467 [3, 5, 7, 8] [163, 164] 20160421
9.983 [6] [203, 204] 20160628
9.967 [3] [67, 68] 20160309
9.940239584637787 [3, 5, 7, 8] [157, 158] 20160405
9.933 [1] [211, 212] 20160529
9.925 [1, 2, 3, 4] [48, 49] 20160621
9.9115 [5, 7, 8, 9] [109, 110, 111, 112, 113, 114, 115, 116, 117, 118, 119, 120, 121, 122, 123, 124, 125, 126, 127, 128, 129, 130, 131, 132, 133, 134, 135, 136, 137, 138, 139, 140, 141, 142, 143] 20160313
9.896938314448565 [3, 4, 6] [146, 147, 148] 20160421
9.892 [6, 7, 8, 9] [170, 171] 20160922
9.883000000000001 [2, 3, 4, 5] [153, 154] 20160313
9.863 [3, 4, 5, 6] [152, 153] 20160421
9.85883319668205 [7, 8, 9] [46, 47] 20160301
9.840097966991994 [5, 7] [244, 245] 20160628
9.825 [5, 7, 8, 9] [171, 172, 173, 174] 20160421
9.825 [5] [261, 262] 20160529
9.816763443212839 [5, 7] [243, 244] 20160628
9.780890910341451 [1, 2, 3, 5] [82, 83] 20160911
9.7745 [5, 6, 7, 9] [138, 139, 140, 141, 142, 143, 144, 145, 146] 20160529
9.758073580374356 [5, 6] [55, 56] 20160621
9.725 [5] [191, 192] 20160529
9.717 [9] [77, 78] 20160313
9.705040571785364 [3, 5, 7, 8] [162, 163] 20160421
9.7 [1] [193, 194] 20160312
9.670617008926232 [4, 5, 6] [252, 253] 20160514
9.658 [3] [277, 278] 20160324
9.642 [5] [105, 106] 20160309
9.59331770035789 [7, 8] [250, 251] 20160628
9.583 [0] [44, 45] 20160412
9.5755 [1, 2, 3, 5] [285, 286] 20160911
9.567 [8] [125, 126] 20160911
9.567 [3, 5, 6, 7] [171, 172] 20160922
9.567 [5, 6, 7, 9] [269, 270] 20160922
9.525 [2, 3, 5, 7] [280, 281, 282, 283] 20160922
9.522607022239233 [7, 8] [251, 252] 20160628
9.521660639475307 [3, 4, 5, 7] [52, 53, 54] 20160313
9.48817432386231 [1, 2, 3, 5] [83, 84] 20160911
9.4875 [2, 3, 4, 5] [159, 160] 20160313
9.4685 [5, 6, 7, 9] [142, 143, 144, 145, 146, 147, 148, 149] 20160529
9.463210052619564 [5, 7] [245, 246] 20160628
9.45872946013364 [6, 7, 9] [40, 41] 20160301
9.425 [7] [190, 191] 20160309
9.408 [1, 2, 3, 4] [161, 162, 163, 164] 20160308
9.372499999999999 [3, 5, 6, 7] [156, 157, 158, 159, 160, 161, 162, 163, 164] 20160312
9.372126919755196 [3, 4, 5] [156, 157] 20160405
9.367508117601679 [3, 4, 5, 7] [52, 53] 20160313
9.3535 [4, 6, 7, 9] [182, 183] 20160309
9.35148718119209 [5, 7] [242, 243] 20160628
9.348500000000001 [4, 6, 7, 9] [53, 54, 55, 56, 57, 58, 59, 60, 61, 62, 63, 64, 65, 66, 67, 68, 69, 70, 71, 72, 73, 74, 75, 76, 77, 78, 79, 80, 81, 82, 83, 84, 85, 86, 87, 88] 20160514
9.34845555871842 [2, 3, 4, 5] [231, 232] 20160529
9.3335 [2, 3, 4, 5] [237, 238] 20160529
9.305154288529199 [5, 7, 8] [249, 250] 20160628
9.3 [3] [279, 280] 20160324
9.298454172603098 [5, 7] [246, 247] 20160628
9.276286775069718 [3, 4, 5, 7] [55, 56] 20160911
9.252038063763754 [3, 4, 5, 7] [56, 57] 20160911
9.25 [6, 7, 8, 9] [167, 168] 20160922
9.247419261610236 [4, 5, 6] [253, 254] 20160514
9.234107455515122 [6, 7] [35, 36] 20160421
9.153 [2] [238, 239, 240, 241, 242] 20160514
9.131949207772312 [7, 8, 9] [47, 48] 20160301
9.131949207772312 [1, 2, 3] [70, 71] 20160412
9.112319298619864 [2, 3, 5, 7] [229, 230] 20160324
9.096 [1, 2, 3, 4] [47, 48] 20160621
9.083 [8] [126, 127] 20160911
9.074301322966964 [5, 7] [247, 248] 20160628
9.064399226277125 [5, 7, 8] [248, 249] 20160628
9.0415 [1, 2, 3, 4] [163, 164, 165] 20160308
9.033289129658144 [2, 3] [243, 244, 245, 246, 247, 248] 20160514
9.033 [7] [191, 192] 20160309
9.016479153934387 [1, 2, 3, 4] [46, 47] 20160621
9.0085 [3, 4, 5, 6] [251, 252] 20160514
9.008 [7] [189, 190] 20160309
8.9875 [3, 5, 6, 7] [172, 173] 20160922
8.96394027943813 [3, 5, 7, 9] [278, 279, 280, 281, 282, 283] 20160911
8.962499999999999 [6, 7, 8, 9] [195, 196, 197, 198, 199, 200, 201, 202, 203, 204, 205, 206, 207, 208, 209, 210, 211, 212, 213, 214, 215, 216, 217, 218, 219, 220, 221, 222, 223, 224, 225, 226, 227, 228, 229, 230] 20160301
8.933 [8] [124, 125] 20160911
8.9255 [3, 5, 7, 9] [157, 158, 159] 20160922
8.897524627670327 [5, 6] [56, 57] 20160621
8.875 [0] [45, 46] 20160412
8.868533249641679 [6, 7] [169, 170] 20160922
8.867 [3] [52, 53] 20160911
8.85 [2] [239, 240] 20160514
8.8415 [1, 2, 3, 5] [282, 283, 284, 285] 20160308
8.83 [2, 3, 4, 6] [6, 7, 8, 9, 10, 11, 12, 13, 14, 15, 16, 17, 18, 19, 20, 21, 22, 23, 24, 25, 26, 27, 28, 29, 30, 31, 32, 33, 34, 35, 36, 37, 38] 20160313
8.819025361871534 [1, 2, 3] [69, 70] 20160412
8.817 [5] [99, 100] 20160309
8.783 [2] [238, 239] 20160514
8.775 [9] [144, 145] 20160911
8.767 [9] [145, 146] 20160911
8.751475380376348 [4, 6, 7] [230, 231, 232, 233] 20160324
8.75 [2, 3, 4, 5] [152, 153] 20160313
8.733000171762281 [3, 4, 5, 7] [53, 54] 20160313
8.733 [4, 5, 7, 8] [134, 135, 136, 137] 20160514
8.697413408594535 [1, 2] [284, 285] 20160911
8.693999999999999 [5, 7, 8, 9] [162, 163, 164, 165, 166] 20160405
8.674078884815378 [2, 3] [71, 72] 20160412
8.646 [0, 1, 2, 3] [282, 283, 284] 20160911
8.6415 [1, 2, 3, 4] [163, 164] 20160308
8.573651497465942 [5, 7, 9] [270, 271] 20160922
8.525731425123205 [3, 4, 5] [160, 161] 20160313
8.522267323508066 [0, 1, 2, 3] [193, 194, 195, 196, 197] 20160308
8.479624519989079 [2, 3] [243, 244] 20160514
8.442 [3] [198, 199] 20160312
8.414880173438796 [4, 5, 6] [254, 255] 20160514
8.40968402101609 [3, 5, 7, 8] [71, 72, 73, 74] 20160419
8.4 [0] [195, 196] 20160312
8.392 [1, 2, 3, 5] [280, 281] 20160308
8.392 [3] [280, 281] 20160324
8.38487221131008 [2, 3] [72, 73] 20160412
8.367 [9] [146, 147] 20160412
8.3405 [4, 5, 7, 8] [11, 12, 13, 14, 15, 16, 17, 18, 19] 20160419
8.317 [9] [147, 148] 20160412
8.309225074177094 [0, 1, 2] [171, 172, 173, 174] 20160312
8.304 [4, 5, 7, 8] [137, 138, 139, 140, 141, 142] 20160514
8.2955 [1, 2, 3, 4] [164, 165, 166] 20160308
8.2585 [4, 5, 6, 7] [255, 256] 20160514
8.237794000823278 [7, 8] [252, 253] 20160628
8.214459477044123 [8, 9] [159, 160, 161] 20160405
8.209499999999998 [5, 6, 7, 8] [139, 140, 141, 142, 143] 20160514
8.20880262279463 [1, 2] [79, 80] 20160419
8.208095516013444 [2, 3] [244, 245] 20160514
8.2 [0] [46, 47] 20160412
8.158 [6] [201, 202] 20160628
8.14940565317496 [1, 2] [80, 81] 20160419
8.137384837894787 [1, 2] [81, 82] 20160419
8.136019993420208 [2, 3, 5] [25, 26, 27, 28, 29, 30, 31, 32, 33, 34, 35, 36, 37, 38, 39] 20160419
8.1045 [4, 5, 7, 8] [133, 134, 135] 20160514
8.073038120806812 [8, 9] [159, 160] 20160405
8.067 [2] [240, 241] 20160514
8.054 [1, 2, 3, 5] [279, 280] 20160308
8.048840102772573 [0, 1, 2, 3] [193, 194] 20160308
8.0335 [0, 1, 2, 3] [160, 161, 162, 163, 164, 165] 20160312
7.990306627407987 [1, 2] [66, 67] 20160412
7.981867471546576 [2, 3, 4] [242, 243] 20160328
7.961315249379338 [1, 2] [67, 68] 20160412
7.952999958087095 [6, 7, 8] [121, 122] 20160412
7.938566201357355 [0, 1, 2] [82, 83] 20160419
7.933 [9] [148, 149] 20160412
7.933 [6] [204, 205] 20160628
7.919595949289331 [2, 3] [73, 74] 20160412
7.91489484032058 [6, 7, 8] [122, 123] 20160412
7.875 [2] [138, 139] 20160405
7.856582463132428 [1, 2, 3] [284, 285] 20160308
7.85196366097891 [0, 1, 2] [83, 84] 20160419
7.807873077861857 [3, 5, 7, 9] [279, 280, 281, 282] 20160312
7.775176075176691 [1, 2, 3, 4] [170, 171] 20160308
7.760496923522358 [1, 2] [214, 215] 20160324
7.760496923522358 [5, 7] [241, 242] 20160628
7.74630856171721 [0, 1, 2] [84, 85] 20160419
7.713827875964047 [2, 3] [285, 286] 20160308
7.6665 [6, 7, 8, 9] [160, 161, 162, 163] 20160312
7.659706021338765 [0, 1, 2, 3] [191, 192] 20160308
7.6499999999999995 [2, 3, 4, 5] [145, 146] 20160405
7.630261157610094 [1, 2, 3, 5] [282, 283] 20160308
7.606589796573321 [2, 3, 4] [243, 244] 20160328
7.595033936724707 [2, 3, 5, 7] [230, 231] 20160324
7.578299633383027 [2, 3, 4] [157, 158, 159, 160] 20160308
7.524606058348393 [0, 1, 2] [216, 217] 20160324
7.5066455890763875 [3, 5] [281, 282] 20160308
7.458 [2] [139, 140] 20160405
7.424621202458749 [0, 1] [191, 192] 20160312
7.413754806663985 [6, 7, 8] [75, 76] 20160419
7.4 [1, 2, 3, 4] [241, 242] 20160328
7.396000000000001 [2, 3, 4, 5] [178, 179, 180, 181] 20160308
7.3415 [2, 3, 4, 5] [276, 277] 20160312
7.321 [2, 3, 4, 5] [283, 284] 20160312
7.283199846221439 [1, 2] [213, 214] 20160324
7.283 [1] [207, 208] 20160324
7.279232193942802 [0, 1, 2] [210, 211] 20160324
7.274613391789285 [0, 1, 2] [85, 86] 20160419
7.2705 [0, 1, 2, 3] [209, 210] 20160324
7.255560832906028 [6, 7, 8] [73, 74] 20160419
7.2365082740227695 [1, 2, 3] [202, 203] 20160312
7.226693319446546 [0, 1, 2] [170, 171] 20160312
7.225 [3] [281, 282] 20160324
7.172999744411911 [3, 4, 5, 7] [69, 70, 71] 20160419
7.140090779068103 [1, 2, 3, 5] [230, 231] 20160328
7.134894626645396 [0, 1, 2] [220, 221, 222] 20160324
7.101408311032397 [1, 2, 3] [208, 209] 20160324
7.087 [5] [200, 201, 202, 203, 204, 205, 206, 207, 208, 209, 210, 211, 212, 213, 214, 215, 216, 217, 218, 219, 220, 221, 222, 223] 20160328
7.08235575214914 [1, 2, 3, 5] [232, 233] 20160328
7.014805770653954 [1, 2, 3, 5] [231, 232] 20160328
7.008 [2] [137, 138] 20160405
6.945523738351199 [3, 4, 5, 7] [10, 11, 12, 13, 14, 15] 20160419
6.875087005510064 [2, 3, 4] [244, 245] 20160328
6.620475536797438 [1, 2, 3, 5] [233, 234] 20160328
6.5159751380741175 [0, 1, 2, 3] [158, 159, 160, 161, 162, 163, 164, 165, 166, 167, 168, 169, 170, 171, 172, 173, 174, 175, 176, 177, 178, 179, 180, 181, 182, 183, 184, 185, 186, 187, 188, 189, 190, 191, 192, 193] 20160328
6.5125 [1, 2, 3, 4] [240, 241] 20160328
6.498 [0] [157, 158, 159, 160, 161, 162, 163, 164, 165, 166, 167, 168, 169, 170, 171, 172, 173, 174, 175, 176, 177, 178, 179, 180, 181, 182] 20160328
6.2379999999999995 [5, 6, 7, 8] [273, 274] 20160328
6.182266682482513 [2, 3, 4] [245, 246] 20160328
6.153399169023032 [1, 2, 3] [235, 236] 20160328
6.124499999999999 [5, 6, 7, 8] [274, 275] 20160328
6.1199128534100335 [0, 1, 2] [228, 229] 20160328
6.086426537797035 [1, 2, 3] [236, 237] 20160328
5.9415 [5, 6, 7, 8] [272, 273] 20160328
5.9374701683461115 [2, 3, 4] [246, 247] 20160328
