10 0.0 0.0 0.001
15 0.0 0.0 0.001
20 0.0 0.0 0.001
25 0.041666666666666664 0.010309278350515464 0.01652892561983471
30 0.034482758620689655 0.010309278350515464 0.015873015873015872
35 0.06060606060606061 0.020618556701030927 0.030769230769230767
40 0.07894736842105263 0.030927835051546393 0.044444444444444446
45 0.07142857142857142 0.030927835051546393 0.04316546762589928
50 0.10638297872340426 0.05154639175257732 0.06944444444444445
55 0.1 0.05154639175257732 0.06802721088435373
60 0.11320754716981132 0.061855670103092786 0.08
65 0.12280701754385964 0.07216494845360824 0.0909090909090909
70 0.14285714285714285 0.09278350515463918 0.1125
75 0.1323529411764706 0.09278350515463918 0.10909090909090909
80 0.1388888888888889 0.10309278350515463 0.11834319526627218
85 0.12987012987012986 0.10309278350515463 0.11494252873563218
90 0.13580246913580246 0.1134020618556701 0.12359550561797754
95 0.12790697674418605 0.1134020618556701 0.12021857923497269
100 0.12087912087912088 0.1134020618556701 0.11702127659574468
105 0.11578947368421053 0.1134020618556701 0.11458333333333331
110 0.12 0.12371134020618557 0.12182741116751268
115 0.11428571428571428 0.12371134020618557 0.11881188118811882
120 0.10909090909090909 0.12371134020618557 0.11594202898550726
125 0.10434782608695652 0.12371134020618557 0.11320754716981131
130 0.1 0.12371134020618557 0.11059907834101383
135 0.096 0.12371134020618557 0.10810810810810811
140 0.09230769230769231 0.12371134020618557 0.10572687224669604
145 0.08888888888888889 0.12371134020618557 0.10344827586206896
150 0.08571428571428572 0.12371134020618557 0.10126582278481013
155 0.09090909090909091 0.13402061855670103 0.10833333333333334
160 0.08783783783783784 0.13402061855670103 0.10612244897959183
165 0.08496732026143791 0.13402061855670103 0.104
170 0.08227848101265822 0.13402061855670103 0.10196078431372549
175 0.07975460122699386 0.13402061855670103 0.09999999999999999
180 0.08383233532934131 0.14432989690721648 0.10606060606060605
185 0.08139534883720931 0.14432989690721648 0.10408921933085502
190 0.07954545454545454 0.14432989690721648 0.10256410256410256
195 0.07734806629834254 0.14432989690721648 0.10071942446043164
200 0.07526881720430108 0.14432989690721648 0.0989399293286219
205 0.07329842931937172 0.14432989690721648 0.09722222222222221
210 0.07653061224489796 0.15463917525773196 0.10238907849829351
215 0.07960199004975124 0.16494845360824742 0.10738255033557047
220 0.07766990291262135 0.16494845360824742 0.1056105610561056
225 0.07582938388625593 0.16494845360824742 0.1038961038961039
230 0.07407407407407407 0.16494845360824742 0.10223642172523961
235 0.07239819004524888 0.16494845360824742 0.10062893081761008
240 0.07079646017699115 0.16494845360824742 0.09907120743034055
245 0.06926406926406926 0.16494845360824742 0.09756097560975609
250 0.06779661016949153 0.16494845360824742 0.09609609609609608
255 0.06639004149377593 0.16494845360824742 0.09467455621301774
260 0.0653061224489796 0.16494845360824742 0.09356725146198831
265 0.06451612903225806 0.16494845360824742 0.0927536231884058
270 0.06324110671936758 0.16494845360824742 0.09142857142857143
275 0.06976744186046512 0.18556701030927836 0.10140845070422534
280 0.06870229007633588 0.18556701030927836 0.10027855153203344
285 0.06741573033707865 0.18556701030927836 0.0989010989010989
290 0.06985294117647059 0.1958762886597938 0.10298102981029811
295 0.06884057971014493 0.1958762886597938 0.10187667560321716
300 0.06761565836298933 0.1958762886597938 0.10052910052910054
305 0.06643356643356643 0.1958762886597938 0.09921671018276763
310 0.0657439446366782 0.1958762886597938 0.09844559585492228
315 0.06462585034013606 0.1958762886597938 0.09718670076726343
320 0.06354515050167224 0.1958762886597938 0.09595959595959597
325 0.0625 0.1958762886597938 0.09476309226932669
330 0.061488673139158574 0.1958762886597938 0.09359605911330048
335 0.06389776357827476 0.20618556701030927 0.09756097560975609
340 0.0660377358490566 0.21649484536082475 0.10120481927710843
345 0.06501547987616099 0.21649484536082475 0.1
350 0.06769230769230769 0.2268041237113402 0.1042654028436019
355 0.0705521472392638 0.23711340206185566 0.10874704491725767
360 0.0729483282674772 0.24742268041237114 0.11267605633802814
365 0.07807807807807808 0.26804123711340205 0.12093023255813953
370 0.0830860534124629 0.28865979381443296 0.12903225806451613
375 0.08797653958944282 0.30927835051546393 0.136986301369863
380 0.08771929824561403 0.30927835051546393 0.1366742596810934
385 0.08645533141210375 0.30927835051546393 0.13513513513513514
390 0.08522727272727272 0.30927835051546393 0.133630289532294
395 0.08403361344537816 0.30927835051546393 0.13215859030837004
