30.273 [6, 7, 8, 9] [141, 142, 143, 144, 145, 146, 147, 148, 149, 150, 151, 152, 153, 154, 155, 156, 157, 158, 159, 160, 161, 162, 163, 164, 165, 166, 167, 168, 169, 170, 171, 172, 173, 174, 175] 20160421
29.7795 [3, 5, 7, 8] [158, 159, 160, 161, 162, 163, 164, 165, 166, 167, 168, 169, 170, 171, 172, 173, 174, 175, 176, 177, 178, 179, 180, 181, 182, 183, 184, 185, 186, 187, 188, 189, 190, 191, 192] 20160421
28.392 [3, 5, 7, 8] [192, 193, 194, 195, 196, 197] 20160312
25.9899997178402 [4, 5, 7, 9] [159, 160, 161, 162, 163, 164, 165, 166, 167, 168, 169, 170, 171, 172, 173, 174, 175, 176, 177, 178, 179, 180, 181, 182, 183, 184, 185, 186, 187, 188, 189, 190] 20160309
25.979000000000003 [1, 2, 3, 4] [15, 16, 17, 18, 19, 20, 21, 22, 23, 24, 25, 26, 27, 28, 29, 30, 31, 32, 33, 34, 35, 36, 37, 38, 39, 40, 41, 42, 43, 44, 45, 46, 47, 48, 49, 50] 20160301
25.8085 [0, 1, 2, 3] [65, 66, 67, 68, 69, 70, 71, 72, 73, 74, 75, 76, 77, 78, 79, 80, 81, 82, 83] 20160325
24.5195 [2, 3, 4, 5] [140, 141, 142, 143, 144, 145, 146, 147, 148, 149, 150, 151, 152, 153, 154, 155, 156, 157, 158, 159, 160, 161, 162, 163, 164, 165, 166, 167, 168, 169, 170, 171, 172, 173, 174, 175] 20160405
24.400000000000002 [0, 1, 2, 3] [69, 70, 71, 72, 73, 74, 75, 76] 20160325
22.92657918952004 [6, 7, 9] [148, 149, 150, 151, 152, 153, 154, 155, 156, 157, 158, 159, 160, 161, 162, 163, 164, 165, 166, 167, 168, 169, 170, 171, 172, 173, 174, 175, 176, 177, 178, 179, 180, 181, 182, 183] 20160922
22.817999999999998 [2, 3, 4, 5] [159, 160, 161, 162, 163, 164, 165, 166, 167, 168, 169, 170, 171, 172, 173, 174, 175, 176, 177, 178, 179, 180, 181, 182, 183, 184, 185, 186, 187, 188, 189, 190, 191, 192, 193, 194] 20160308
22.4805 [2, 3, 4, 5] [151, 152, 153, 154, 155, 156, 157, 158, 159, 160, 161, 162, 163, 164, 165, 166, 167, 168, 169, 170, 171, 172, 173, 174, 175, 176, 177, 178, 179, 180, 181, 182, 183, 184, 185, 186] 20160313
21.837500000000002 [0, 1, 2, 3] [70, 71] 20160325
21.82838633522872 [1, 2] [203, 204, 205, 206, 207, 208, 209, 210, 211, 212, 213, 214, 215, 216, 217, 218, 219, 220, 221, 222, 223, 224, 225, 226, 227, 228, 229, 230, 231, 232, 233, 234, 235, 236, 237, 238] 20160324
21.3585 [1, 2, 3, 5] [218, 219, 220, 221, 222, 223, 224, 225, 226, 227, 228, 229, 230, 231, 232, 233, 234, 235, 236, 237, 238, 239, 240, 241, 242, 243, 244, 245, 246, 247, 248, 249, 250, 251, 252] 20160324
21.243 [1, 2, 3, 4] [237, 238, 239, 240, 241, 242, 243, 244, 245, 246, 247, 248, 249, 250, 251, 252, 253, 254, 255, 256, 257, 258, 259, 260, 261, 262, 263, 264, 265, 266, 267, 268, 269, 270, 271, 272] 20160813
20.8625 [2, 3, 4, 5] [226, 227, 228, 229, 230, 231, 232, 233, 234, 235, 236, 237, 238, 239, 240, 241, 242, 243, 244, 245, 246, 247, 248, 249, 250, 251, 252, 253, 254, 255, 256, 257, 258, 259, 260, 261] 20160529
20.8335 [3, 5, 7, 8] [196, 197] 20160312
20.7125 [0, 1, 2, 3] [71, 72] 20160325
20.5435 [3, 5, 7, 9] [263, 264, 265, 266, 267, 268, 269, 270, 271, 272, 273, 274, 275, 276, 277, 278, 279, 280, 281, 282, 283, 284, 285, 286] 20160922
20.506096654409877 [3, 5, 7, 8] [193, 194, 195] 20160312
20.038 [0, 1, 2, 3] [69, 70] 20160325
20.0015 [1, 2, 3, 5] [45, 46, 47, 48, 49, 50, 51, 52, 53, 54, 55, 56, 57, 58, 59, 60, 61, 62, 63, 64, 65, 66, 67, 68, 69, 70, 71, 72, 73, 74, 75, 76, 77, 78, 79, 80] 20160621
19.8935 [5, 7, 8, 9] [135, 136, 137, 138, 139, 140, 141, 142, 143, 144, 145, 146, 147, 148, 149, 150, 151, 152, 153, 154, 155, 156, 157, 158, 159, 160, 161, 162, 163, 164, 165, 166, 167, 168] 20160514
19.698999999999998 [6, 7, 8, 9] [131, 132, 133, 134, 135, 136, 137, 138, 139, 140, 141, 142, 143, 144, 145, 146, 147, 148, 149, 150, 151, 152, 153, 154, 155, 156, 157, 158, 159, 160, 161, 162, 163, 164, 165, 166] 20160529
19.417 [3, 4, 5, 6] [110, 111, 112, 113, 114, 115, 116, 117, 118, 119, 120, 121, 122, 123, 124, 125, 126, 127, 128, 129, 130, 131, 132, 133, 134, 135, 136, 137, 138, 139, 140, 141, 142, 143, 144, 145] 20160302
19.3525 [6, 7, 8, 9] [135, 136, 137, 138, 139, 140, 141, 142, 143, 144, 145, 146, 147, 148, 149, 150, 151, 152, 153, 154, 155, 156, 157, 158, 159, 160, 161, 162, 163, 164, 165, 166, 167, 168, 169, 170] 20160302
19.2545 [0, 1, 2, 3] [72, 73] 20160325
19.206434390589003 [7, 8] [272, 273, 274, 275, 276, 277, 278, 279, 280, 281, 282, 283, 284, 285, 286, 287] 20160813
19.0865 [4, 5, 6, 7] [252, 253, 254, 255, 256, 257, 258, 259, 260, 261, 262, 263, 264, 265, 266, 267, 268, 269, 270, 271, 272, 273, 274, 275, 276, 277, 278, 279, 280, 281, 282, 283, 284, 285, 286, 287] 20160514
19.015500000000003 [5, 6, 7, 9] [33, 34, 35, 36, 37, 38, 39, 40, 41, 42, 43, 44, 45, 46, 47, 48, 49, 50, 51, 52, 53, 54, 55, 56, 57, 58, 59, 60, 61, 62, 63, 64, 65, 66, 67, 68] 20160301
18.902378474678788 [3, 5, 7, 8] [61, 62, 63, 64, 65, 66, 67, 68, 69, 70, 71, 72, 73, 74, 75, 76, 77, 78, 79, 80, 81, 82, 83, 84, 85, 86, 87, 88, 89, 90, 91, 92, 93, 94, 95, 96] 20160309
18.785 [0, 1, 2, 3] [75, 76, 77, 78, 79, 80, 81, 82, 83, 84, 85, 86, 87, 88, 89, 90, 91, 92, 93, 94, 95, 96, 97, 98, 99, 100, 101, 102, 103, 104, 105, 106] 20160419
18.618 [2, 3, 5, 6] [182, 183, 184, 185, 186, 187, 188, 189, 190, 191, 192, 193, 194, 195, 196, 197, 198, 199, 200, 201, 202, 203, 204, 205, 206, 207, 208, 209, 210, 211, 212, 213, 214, 215, 216, 217] 20160308
18.0905 [4, 6, 7, 9] [1, 2, 3, 4, 5, 6, 7, 8, 9, 10, 11, 12, 13, 14, 15, 16, 17, 18, 19, 20, 21, 22, 23, 24, 25, 26, 27, 28, 29, 30, 31, 32, 33] 20160529
17.854 [3, 5, 7, 8] [163, 164, 165, 166, 167, 168, 169, 170, 171, 172, 173, 174, 175, 176] 20160421
17.836768555430663 [0, 1, 2, 3] [80, 81, 82, 83, 84, 85, 86, 87, 88, 89, 90, 91, 92, 93, 94, 95, 96, 97, 98, 99, 100, 101, 102, 103, 104, 105, 106, 107, 108, 109, 110, 111, 112, 113, 114, 115] 20160302
17.679000000000002 [1, 2, 3, 4] [65, 66, 67, 68, 69, 70, 71, 72, 73, 74, 75, 76, 77, 78, 79, 80, 81, 82, 83, 84, 85, 86, 87, 88, 89, 90, 91, 92, 93, 94, 95, 96, 97, 98, 99, 100] 20160412
17.6085 [1, 2, 3, 4] [17, 18] 20160301
17.5705 [0, 1, 2, 3] [153, 154, 155, 156, 157, 158, 159, 160, 161, 162, 163, 164, 165, 166, 167, 168, 169, 170, 171, 172, 173, 174, 175, 176, 177, 178, 179, 180, 181, 182, 183, 184, 185, 186, 187, 188] 20160312
17.554499999999997 [0, 1, 2, 3] [73, 74] 20160325
17.47897252415027 [1, 2, 3] [79, 80, 81, 82, 83, 84, 85, 86, 87, 88, 89, 90, 91, 92] 20160302
17.371 [2, 3, 4, 6] [72, 73, 74, 75, 76, 77, 78, 79, 80, 81, 82, 83, 84, 85, 86, 87, 88, 89, 90, 91, 92, 93, 94] 20160419
17.121 [1, 2, 3, 4] [18, 19] 20160301
16.871000000000002 [1, 2, 3, 4] [16, 17] 20160301
16.7055 [1, 2, 3, 5] [228, 229, 230, 231, 232, 233, 234, 235, 236, 237, 238, 239, 240, 241, 242, 243, 244, 245, 246, 247, 248, 249, 250, 251, 252, 253, 254, 255, 256, 257, 258, 259, 260, 261, 262, 263] 20160328
16.639 [5, 6, 7, 8] [113, 114, 115, 116, 117, 118, 119, 120, 121, 122, 123, 124, 125, 126, 127, 128, 129, 130, 131, 132, 133, 134, 135, 136, 137, 138, 139, 140, 141, 142, 143, 144, 145, 146, 147, 148] 20160911
16.531847607975745 [1, 2, 3, 4] [40, 41, 42, 43, 44, 45, 46, 47, 48, 49, 50, 51, 52, 53, 54, 55] 20160621
16.523 [2, 3, 5, 7] [13, 14, 15, 16, 17, 18, 19, 20, 21, 22, 23, 24, 25, 26, 27, 28, 29, 30, 31, 32, 33, 34, 35, 36, 37, 38, 39, 40, 41, 42, 43, 44, 45, 46, 47, 48] 20160421
16.492 [3] [62, 63] 20160309
16.304948952184223 [5, 7, 8] [241, 242, 243, 244, 245, 246, 247, 248, 249, 250, 251, 252, 253, 254, 255, 256, 257, 258, 259, 260, 261, 262, 263, 264, 265, 266, 267, 268, 269, 270, 271, 272, 273, 274, 275, 276] 20160628
16.291 [3] [66, 67, 68, 69, 70, 71, 72, 73, 74, 75, 76] 20160302
16.2335 [1, 2, 3, 4] [19, 20] 20160301
16.175067619642274 [3, 4] [239, 240] 20160813
16.13 [2, 3, 5, 6] [87, 88, 89, 90, 91, 92, 93, 94, 95, 96, 97, 98, 99, 100, 101, 102, 103, 104, 105, 106, 107, 108, 109, 110, 111, 112, 113, 114, 115, 116, 117, 118, 119, 120, 121, 122] 20160911
16.045667078685135 [3, 4] [238, 239] 20160813
15.867 [3] [63, 64] 20160309
15.623 [5, 6, 7, 9] [272, 273, 274, 275, 276, 277, 278] 20160922
15.473617692705218 [3, 4] [240, 241] 20160813
15.425 [0, 1, 2, 3] [197, 198, 199, 200] 20160312
15.25 [5] [99, 100, 101, 102, 103, 104, 105, 106, 107, 108, 109, 110, 111, 112, 113, 114, 115, 116, 117, 118, 119, 120, 121, 122, 123, 124, 125, 126, 127, 128, 129, 130, 131, 132, 133, 134] 20160309
15.068842025849234 [1, 2, 3] [68, 69] 20160325
15.046 [1, 2, 3, 4] [20, 21] 20160301
15.017 [3] [67, 68] 20160302
14.919953083036154 [1, 2, 3] [83, 84] 20160302
14.908 [7] [273, 274] 20160813
14.876584386209089 [2, 3, 4] [93, 94, 95, 96, 97, 98, 99, 100, 101, 102, 103, 104, 105, 106, 107, 108, 109, 110, 111, 112, 113, 114, 115, 116, 117, 118, 119, 120, 121, 122, 123, 124, 125, 126, 127, 128] 20160325
14.725498718209852 [1, 2, 3] [82, 83] 20160302
14.68894554872246 [0, 1, 2, 3] [84, 85] 20160302
14.685500000000001 [4, 5, 6, 7] [31, 32, 33, 34, 35, 36, 37, 38, 39, 40, 41, 42, 43, 44, 45, 46, 47, 48, 49, 50, 51, 52, 53, 54, 55, 56, 57, 58, 59, 60, 61, 62, 63, 64, 65, 66] 20160421
14.617 [3] [64, 65] 20160309
14.568279342461828 [0, 1, 2, 3] [85, 86] 20160302
14.392 [7] [274, 275] 20160813
14.253151388377237 [4, 6, 7, 9] [65, 66, 67, 68, 69, 70, 71, 72, 73, 74, 75, 76, 77, 78, 79, 80, 81, 82, 83, 84, 85, 86, 87, 88, 89, 90, 91, 92, 93, 94, 95, 96, 97, 98, 99] 20160313
14.25 [3] [66, 67] 20160302
14.239 [8] [189, 190, 191, 192, 193, 194, 195, 196, 197, 198, 199, 200, 201, 202, 203, 204, 205, 206, 207, 208, 209, 210, 211, 212, 213, 214, 215, 216, 217, 218, 219, 220, 221, 222, 223, 224] 20160325
14.224867117129776 [3, 4] [241, 242] 20160813
14.175 [4, 6, 7, 9] [1, 2, 3, 4, 5, 6, 7, 8, 9, 10, 11, 12, 13, 14, 15, 16, 17, 18] 20160529
14.167 [3] [192, 193, 194] 20160312
14.136478769481458 [3, 4] [237, 238] 20160813
14.0 [5, 6, 7, 9] [272, 273, 274, 275] 20160922
13.975 [2] [67, 68] 20160325
13.960329509005152 [2, 3, 4] [49, 50, 51, 52, 53, 54, 55, 56, 57, 58, 59, 60, 61, 62, 63, 64, 65, 66, 67, 68, 69, 70, 71, 72, 73, 74, 75, 76, 77, 78, 79, 80, 81, 82, 83, 84] 20160911
13.925 [3] [61, 62] 20160309
13.888160725356448 [6, 7, 8] [117, 118, 119, 120, 121, 122, 123, 124, 125, 126, 127, 128, 129, 130, 131, 132, 133, 134, 135, 136, 137, 138, 139, 140, 141, 142, 143, 144, 145, 146, 147, 148, 149, 150, 151, 152] 20160412
13.629 [1, 2, 3, 4] [21, 22] 20160301
13.471499999999999 [4, 6, 7, 9] [62, 63, 64, 65, 66, 67, 68, 69, 70, 71, 72, 73, 74, 75, 76, 77, 78, 79, 80, 81, 82, 83, 84, 85, 86, 87, 88, 89, 90, 91, 92, 93, 94, 95, 96, 97] 20160301
13.163499838568768 [7, 8] [275, 276] 20160813
13.145999999999999 [5, 6, 7, 9] [174, 175, 176, 177, 178, 179, 180, 181, 182, 183, 184, 185, 186, 187, 188, 189, 190, 191, 192, 193, 194, 195, 196, 197, 198, 199, 200, 201, 202, 203, 204, 205, 206, 207, 208, 209] 20160419
13.142 [3] [193, 194] 20160312
13.067 [3] [65, 66, 67, 68] 20160309
13.046120112891801 [1, 2, 3, 5] [50, 51, 52, 53] 20160621
13.034259677224993 [6, 7, 9] [164, 165, 166, 167, 168, 169, 170, 171, 172, 173, 174] 20160922
13.033 [7] [272, 273] 20160813
12.992 [3] [65, 66] 20160309
12.975000000000001 [3, 5, 7, 8] [191, 192] 20160312
12.968 [1, 2, 3, 5] [270, 271, 272, 273, 274, 275, 276, 277, 278, 279, 280, 281, 282, 283, 284, 285, 286, 287] 20160308
12.739235769856839 [5, 6] [95, 96, 97, 98, 99, 100, 101, 102, 103, 104, 105, 106, 107, 108, 109, 110, 111, 112, 113, 114, 115, 116, 117, 118, 119, 120, 121, 122, 123, 124, 125, 126, 127, 128, 129, 130] 20160412
12.6835 [1, 2, 3, 4] [15, 16] 20160301
12.6655 [3, 5, 7, 9] [155, 156, 157, 158, 159, 160, 161, 162, 163] 20160922
12.65 [5] [102, 103] 20160309
12.5 [5] [101, 102] 20160309
12.471 [4, 5, 7, 8] [11, 12, 13, 14, 15, 16, 17, 18, 19, 20, 21, 22, 23, 24, 25, 26, 27, 28, 29, 30, 31, 32, 33, 34, 35, 36, 37, 38, 39, 40, 41, 42, 43, 44, 45, 46] 20160514
12.4195 [3, 4, 5, 7] [55, 56, 57, 58, 59, 60, 61, 62, 63, 64, 65, 66, 67, 68, 69, 70, 71, 72, 73, 74, 75, 76, 77, 78, 79, 80, 81, 82, 83, 84, 85, 86, 87, 88, 89, 90] 20160405
12.3775 [4, 5, 7, 9] [5, 6, 7, 8, 9, 10, 11, 12, 13, 14, 15, 16, 17, 18, 19, 20, 21, 22, 23, 24, 25, 26, 27, 28, 29, 30, 31, 32, 33, 34, 35, 36, 37, 38, 39, 40] 20160419
12.372247350421022 [0, 1] [90, 91, 92, 93, 94, 95, 96, 97, 98, 99, 100, 101, 102, 103, 104, 105, 106, 107, 108, 109, 110, 111, 112, 113, 114, 115, 116, 117, 118, 119, 120, 121, 122, 123, 124, 125] 20160421
12.3625 [5, 6, 7, 9] [272, 273] 20160922
12.355 [3, 4, 5, 6] [154, 155, 156, 157, 158] 20160421
12.325 [3] [195, 196, 197, 198, 199, 200, 201, 202, 203] 20160312
12.287745779162806 [5, 6, 7] [273, 274] 20160922
12.2725 [3, 4, 5, 6] [38, 39, 40, 41, 42, 43, 44, 45, 46, 47, 48, 49, 50, 51, 52, 53, 54, 55, 56, 57, 58, 59, 60, 61, 62, 63, 64, 65, 66, 67, 68, 69, 70, 71, 72, 73] 20160405
12.249063311127102 [3, 4, 5] [149, 150] 20160405
12.179203928555156 [0, 1, 2, 3] [37, 38, 39, 40, 41, 42, 43, 44, 45, 46, 47, 48, 49, 50, 51, 52, 53, 54, 55, 56, 57, 58, 59, 60, 61, 62, 63, 64, 65, 66, 67, 68, 69, 70, 71] 20160313
12.134170607558366 [3, 4, 5] [150, 151] 20160405
12.120999999999999 [1, 2, 3, 5] [50, 51] 20160621
12.067 [9] [143, 144, 145, 146, 147, 148, 149, 150, 151, 152, 153, 154, 155, 156, 157, 158, 159, 160, 161, 162, 163, 164, 165, 166, 167, 168, 169, 170, 171, 172, 173, 174, 175, 176, 177, 178] 20160412
12.052 [2, 3, 4, 5] [274, 275, 276, 277, 278, 279, 280, 281, 282, 283, 284, 285, 286, 287] 20160312
12.050500000000001 [6, 7, 8, 9] [157, 158, 159, 160, 161, 162] 20160421
11.9915 [1, 2, 3, 4] [22, 23] 20160301
11.904499999999999 [4, 5, 6, 7] [275, 276] 20160922
11.8725 [1, 2, 3, 4] [251, 252, 253, 254, 255, 256, 257, 258, 259, 260, 261, 262, 263, 264, 265, 266, 267, 268, 269, 270, 271, 272, 273, 274, 275, 276, 277, 278, 279, 280, 281, 282, 283, 284, 285, 286] 20160421
11.733 [1, 2, 3, 5] [279, 280, 281, 282, 283, 284, 285, 286, 287] 20160911
11.7295 [3, 5, 7, 8] [165, 166, 167, 168] 20160421
11.670499999999999 [2, 3, 4, 5] [155, 156] 20160313
11.643422878747185 [1, 2, 3, 4] [43, 44] 20160621
11.633 [2, 3, 4, 5] [156, 157] 20160313
11.62059284201972 [1, 2, 3, 5] [51, 52] 20160621
11.614555365287703 [5, 6, 7, 8] [264, 265, 266, 267, 268, 269, 270, 271, 272, 273, 274, 275, 276, 277, 278, 279, 280, 281, 282, 283, 284, 285, 286, 287] 20160328
11.56968115377429 [3, 5, 7, 8] [161, 162, 163, 164, 165] 20160421
11.5375 [0, 1, 2, 3] [200, 201, 202, 203, 204, 205] 20160312
11.486 [0] [3, 4, 5, 6, 7, 8, 9, 10, 11, 12, 13, 14, 15, 16, 17, 18, 19, 20, 21, 22, 23, 24, 25, 26, 27, 28, 29, 30, 31, 32, 33, 34, 35, 36, 37, 38] 20160911
11.335117834999922 [3, 4, 5] [148, 149] 20160405
11.328766982038838 [2, 3, 4] [1, 2, 3, 4, 5, 6, 7, 8, 9, 10, 11, 12, 13, 14, 15, 16, 17, 18, 19, 20, 21, 22, 23, 24, 25, 26, 27, 28, 29, 30, 31, 32, 33, 34, 35, 36] 20160628
11.323500000000001 [4, 5, 7, 8] [140, 141, 142, 143, 144, 145, 146, 147, 148, 149, 150, 151, 152, 153, 154, 155, 156, 157, 158, 159, 160, 161, 162, 163, 164, 165, 166, 167, 168, 169, 170, 171, 172, 173, 174] 20160628
11.318000000000001 [3, 4, 6, 7] [0, 1, 2, 3, 4, 5, 6, 7, 8, 9, 10, 11, 12, 13] 20160529
11.255018636146277 [5, 6] [53, 54] 20160621
11.25431152936509 [3, 4] [42, 43] 20160621
11.205214024432259 [3, 4, 5] [151, 152] 20160405
11.172994249528637 [5, 6] [257, 258, 259, 260, 261, 262, 263, 264, 265, 266, 267, 268, 269, 270, 271, 272, 273, 274, 275, 276, 277, 278, 279, 280, 281, 282, 283, 284, 285, 286, 287] 20160529
11.152 [9] [75, 76, 77, 78, 79, 80, 81] 20160313
11.101576464628796 [3, 4] [41, 42] 20160621
11.09436277274785 [2, 3, 4, 6] [75, 76] 20160419
11.087499999999999 [3, 4, 5, 6] [153, 154] 20160405
11.0795 [3, 4, 5, 6] [152, 153] 20160405
11.075 [6, 7, 8, 9] [169, 170, 171, 172] 20160922
11.051638852827816 [1, 2, 3, 4] [44, 45] 20160621
11.036627745828886 [3, 4, 5] [157, 158] 20160313
11.024999999999999 [6, 7, 8, 9] [167, 168, 169, 170] 20160922
11.000832029139131 [0, 1, 2] [249, 250, 251, 252, 253, 254, 255, 256, 257, 258, 259, 260, 261, 262, 263, 264, 265, 266, 267, 268, 269, 270, 271, 272, 273, 274, 275, 276, 277, 278, 279, 280, 281, 282, 283, 284] 20160324
10.971 [2, 3, 4, 5] [154, 155] 20160313
10.960417510295857 [2, 3, 4, 6] [76, 77] 20160419
10.925 [9] [76, 77] 20160313
10.908499999999998 [2, 3, 4, 5] [233, 234] 20160529
10.899000000000001 [1, 2, 3, 5] [283, 284, 285, 286, 287] 20160911
10.8665 [3, 4, 6, 7] [6, 7, 8, 9, 10, 11, 12, 13, 14, 15, 16, 17, 18, 19, 20, 21, 22, 23, 24, 25] 20160529
10.801056082624513 [5, 6] [52, 53] 20160621
10.791831231692486 [3, 4, 5] [154, 155] 20160405
10.66 [5, 7, 8, 9] [153, 154, 155, 156, 157, 158, 159, 160, 161, 162, 163, 164, 165, 166, 167, 168, 169, 170, 171, 172, 173, 174, 175, 176, 177, 178, 179, 180, 181, 182, 183, 184, 185, 186, 187, 188] 20160628
10.658000000000001 [5, 6, 7, 9] [140, 141, 142, 143, 144, 145, 146, 147, 148, 149, 150] 20160529
10.65 [6] [202, 203, 204] 20160628
10.629 [9] [140, 141, 142, 143, 144, 145, 146, 147, 148, 149, 150, 151, 152, 153, 154, 155, 156, 157, 158, 159, 160, 161] 20160911
10.617 [6] [202, 203] 20160628
10.60303769366748 [6, 7, 9] [144, 145, 146, 147, 148, 149, 150, 151, 152, 153, 154, 155, 156, 157, 158] 20160529
10.554 [2, 3, 4, 5] [236, 237] 20160529
10.494495843059829 [1, 2, 3] [41, 42, 43, 44, 45, 46, 47, 48, 49, 50, 51, 52, 53, 54, 55, 56, 57, 58, 59, 60, 61, 62, 63, 64, 65, 66, 67, 68, 69, 70, 71, 72, 73, 74, 75, 76] 20160308
10.471 [3] [277, 278, 279, 280, 281, 282, 283, 284] 20160324
10.464473629061967 [2, 3, 4, 6] [77, 78] 20160419
10.414 [1, 2, 3, 4] [160, 161, 162, 163, 164, 165, 166] 20160308
10.333499999999999 [2, 3, 4, 5] [158, 159] 20160313
10.331683067148353 [2, 3, 5, 7] [228, 229, 230, 231, 232] 20160324
10.267000000000001 [1, 2, 3, 5] [284, 285] 20160911
10.258 [0] [43, 44] 20160412
10.2415 [3, 4, 5, 6] [155, 156] 20160405
10.233 [0] [42, 43] 20160412
10.1 [3] [278, 279] 20160324
10.067 [9] [75, 76] 20160313
9.983 [6] [203, 204] 20160628
9.957 [5, 6, 7, 8] [139, 140, 141, 142, 143, 144, 145, 146, 147] 20160514
9.840097966991994 [5, 7] [244, 245] 20160628
9.816763443212839 [5, 7] [243, 244] 20160628
9.780890910341451 [1, 2, 3, 5] [82, 83] 20160911
9.7335 [2, 3, 4, 6] [72, 73, 74, 75] 20160419
9.670617008926232 [4, 5, 6] [252, 253] 20160514
9.658 [3] [277, 278] 20160324
9.644 [1, 2, 3, 5] [279, 280, 281, 282, 283] 20160308
9.622 [4, 5, 7, 8] [10, 11, 12, 13, 14, 15, 16, 17, 18, 19, 20, 21, 22, 23, 24, 25, 26, 27] 20160419
9.59331770035789 [7, 8] [250, 251] 20160628
9.588000000000001 [0, 1, 2, 3] [281, 282, 283, 284, 285] 20160911
9.583 [0] [44, 45] 20160412
9.5755 [1, 2, 3, 5] [285, 286] 20160911
9.522607022239233 [7, 8] [251, 252] 20160628
9.408 [1, 2, 3, 4] [161, 162, 163, 164] 20160308
9.3 [3] [279, 280] 20160324
9.298454172603098 [2, 3] [74, 75, 76, 77] 20160419
9.284 [2, 3, 4, 5] [236, 237, 238, 239, 240, 241, 242, 243, 244, 245] 20160324
9.247419261610236 [4, 5, 6] [253, 254] 20160514
9.2415 [2, 3, 4, 6] [73, 74] 20160419
9.217500000000001 [4, 6, 7, 9] [52, 53, 54, 55, 56, 57, 58, 59, 60, 61, 62, 63, 64, 65, 66, 67, 68, 69, 70, 71, 72, 73, 74, 75, 76, 77, 78, 79, 80, 81, 82, 83, 84, 85, 86] 20160514
9.153 [2] [238, 239, 240, 241, 242] 20160514
9.131949207772312 [1, 2, 3] [70, 71] 20160412
9.1305 [2, 3, 5, 6] [191, 192, 193, 194, 195] 20160308
9.112319298619864 [2, 3, 5, 7] [229, 230] 20160324
9.033289129658144 [2, 3] [243, 244, 245, 246, 247, 248] 20160514
9.0085 [3, 4, 5, 6] [251, 252] 20160514
8.875 [0] [45, 46] 20160412
8.85 [2] [239, 240] 20160514
8.819025361871534 [1, 2, 3] [69, 70] 20160412
8.804591605141793 [1, 2, 3] [71, 72] 20160412
8.703555308033609 [4, 5, 7] [230, 231, 232] 20160324
8.535546379699428 [1, 2, 3, 4] [169, 170, 171, 172] 20160308
8.424117777745831 [1, 2, 3, 5] [281, 282] 20160308
8.392 [1, 2, 3, 5] [280, 281] 20160308
7.981867471546576 [2, 3, 4] [242, 243] 20160328
7.606589796573321 [2, 3, 4] [243, 244] 20160328
7.4 [1, 2, 3, 4] [241, 242] 20160328
7.140090779068103 [1, 2, 3, 5] [230, 231] 20160328
7.117 [5] [200, 201, 202, 203, 204, 205, 206, 207, 208, 209, 210, 211, 212, 213, 214, 215, 216, 217, 218, 219, 220, 221, 222, 223, 224] 20160328
7.08235575214914 [1, 2, 3, 5] [232, 233] 20160328
7.014805770653954 [1, 2, 3, 5] [231, 232] 20160328
6.875087005510064 [2, 3, 4] [244, 245] 20160328
6.620475536797438 [1, 2, 3, 5] [233, 234] 20160328
