10 1.0 0.030927835051546393 0.06000000000000001
15 0.8333333333333334 0.05154639175257732 0.0970873786407767
20 0.8333333333333334 0.05154639175257732 0.0970873786407767
25 0.7 0.07216494845360824 0.1308411214953271
30 0.5333333333333333 0.08247422680412371 0.14285714285714285
35 0.4 0.08247422680412371 0.13675213675213677
40 0.34782608695652173 0.08247422680412371 0.13333333333333333
45 0.2857142857142857 0.08247422680412371 0.128
50 0.25 0.08247422680412371 0.12403100775193798
55 0.2631578947368421 0.10309278350515463 0.14814814814814814
60 0.24390243902439024 0.10309278350515463 0.14492753623188406
65 0.2222222222222222 0.10309278350515463 0.14084507042253522
70 0.2 0.10309278350515463 0.13605442176870747
75 0.18181818181818182 0.10309278350515463 0.13157894736842102
80 0.1694915254237288 0.10309278350515463 0.12820512820512822
85 0.1746031746031746 0.1134020618556701 0.1375
90 0.16417910447761194 0.1134020618556701 0.13414634146341464
95 0.15714285714285714 0.1134020618556701 0.1317365269461078
100 0.1506849315068493 0.1134020618556701 0.12941176470588237
105 0.16666666666666666 0.13402061855670103 0.14857142857142855
110 0.18292682926829268 0.15463917525773196 0.16759776536312848
115 0.17647058823529413 0.15463917525773196 0.16483516483516483
120 0.16666666666666666 0.15463917525773196 0.16042780748663102
125 0.15789473684210525 0.15463917525773196 0.15625
130 0.15 0.15463917525773196 0.15228426395939085
135 0.14285714285714285 0.15463917525773196 0.14851485148514854
140 0.13636363636363635 0.15463917525773196 0.14492753623188406
145 0.13043478260869565 0.15463917525773196 0.14150943396226415
150 0.125 0.15463917525773196 0.1382488479262673
155 0.12 0.15463917525773196 0.13513513513513514
160 0.11538461538461539 0.15463917525773196 0.13215859030837004
165 0.1111111111111111 0.15463917525773196 0.12931034482758622
170 0.10714285714285714 0.15463917525773196 0.12658227848101264
175 0.10344827586206896 0.15463917525773196 0.12396694214876033
180 0.1 0.15463917525773196 0.12145748987854252
185 0.0967741935483871 0.15463917525773196 0.11904761904761903
190 0.1 0.16494845360824742 0.1245136186770428
195 0.09696969696969697 0.16494845360824742 0.12213740458015267
200 0.10059171597633136 0.17525773195876287 0.12781954887218044
205 0.09770114942528736 0.17525773195876287 0.12546125461254612
210 0.09497206703910614 0.17525773195876287 0.12318840579710146
215 0.09782608695652174 0.18556701030927836 0.12811387900355872
220 0.0962566844919786 0.18556701030927836 0.1267605633802817
225 0.09424083769633508 0.18556701030927836 0.125
230 0.09183673469387756 0.18556701030927836 0.12286689419795224
235 0.08955223880597014 0.18556701030927836 0.12080536912751678
240 0.08823529411764706 0.18556701030927836 0.11960132890365448
245 0.0861244019138756 0.18556701030927836 0.11764705882352942
250 0.08411214953271028 0.18556701030927836 0.11575562700964628
255 0.0821917808219178 0.18556701030927836 0.11392405063291139
260 0.08035714285714286 0.18556701030927836 0.11214953271028039
265 0.07860262008733625 0.18556701030927836 0.11042944785276074
270 0.07692307692307693 0.18556701030927836 0.10876132930513596
275 0.07531380753138076 0.18556701030927836 0.10714285714285716
280 0.07407407407407407 0.18556701030927836 0.10588235294117647
285 0.07258064516129033 0.18556701030927836 0.10434782608695654
290 0.07142857142857142 0.18556701030927836 0.10315186246418338
295 0.0703125 0.18556701030927836 0.10198300283286119
300 0.07279693486590039 0.1958762886597938 0.10614525139664804
305 0.07142857142857142 0.1958762886597938 0.10468319559228649
310 0.07011070110701106 0.1958762886597938 0.10326086956521736
315 0.06884057971014493 0.1958762886597938 0.10187667560321716
320 0.07168458781362007 0.20618556701030927 0.10638297872340426
325 0.07092198581560284 0.20618556701030927 0.10554089709762533
330 0.06968641114982578 0.20618556701030927 0.10416666666666666
335 0.0684931506849315 0.20618556701030927 0.10282776349614395
340 0.06734006734006734 0.20618556701030927 0.10152284263959392
345 0.06622516556291391 0.20618556701030927 0.10025062656641605
350 0.06514657980456026 0.20618556701030927 0.09900990099009901
355 0.0641025641025641 0.20618556701030927 0.09779951100244498
360 0.06645569620253164 0.21649484536082475 0.10169491525423727
365 0.06853582554517133 0.2268041237113402 0.10526315789473685
370 0.07407407407407407 0.24742268041237114 0.11401425178147269
375 0.07951070336391437 0.26804123711340205 0.12264150943396226
380 0.08231707317073171 0.27835051546391754 0.12705882352941175
385 0.08734939759036145 0.29896907216494845 0.1351981351981352
390 0.08656716417910448 0.29896907216494845 0.13425925925925927
395 0.08656716417910448 0.29896907216494845 0.13425925925925927
400 0.08605341246290801 0.29896907216494845 0.1336405529953917
405 0.0847953216374269 0.29896907216494845 0.13211845102505693
410 0.08357348703170028 0.29896907216494845 0.13063063063063063
415 0.08238636363636363 0.29896907216494845 0.12917594654788417
