10 1.0 0.010309278350515464 0.020408163265306124
11 1.0 0.010309278350515464 0.020408163265306124
12 1.0 0.010309278350515464 0.020408163265306124
13 1.0 0.010309278350515464 0.020408163265306124
14 1.0 0.010309278350515464 0.020408163265306124
15 1.0 0.010309278350515464 0.020408163265306124
16 1.0 0.010309278350515464 0.020408163265306124
17 1.0 0.010309278350515464 0.020408163265306124
18 1.0 0.010309278350515464 0.020408163265306124
19 1.0 0.010309278350515464 0.020408163265306124
20 1.0 0.010309278350515464 0.020408163265306124
21 1.0 0.010309278350515464 0.020408163265306124
22 1.0 0.010309278350515464 0.020408163265306124
23 1.0 0.010309278350515464 0.020408163265306124
24 1.0 0.010309278350515464 0.020408163265306124
25 1.0 0.010309278350515464 0.020408163265306124
26 1.0 0.010309278350515464 0.020408163265306124
27 1.0 0.010309278350515464 0.020408163265306124
28 1.0 0.010309278350515464 0.020408163265306124
29 1.0 0.010309278350515464 0.020408163265306124
30 1.0 0.010309278350515464 0.020408163265306124
31 1.0 0.010309278350515464 0.020408163265306124
32 1.0 0.010309278350515464 0.020408163265306124
33 1.0 0.010309278350515464 0.020408163265306124
34 1.0 0.010309278350515464 0.020408163265306124
35 1.0 0.010309278350515464 0.020408163265306124
36 1.0 0.010309278350515464 0.020408163265306124
37 1.0 0.010309278350515464 0.020408163265306124
38 1.0 0.010309278350515464 0.020408163265306124
39 1.0 0.010309278350515464 0.020408163265306124
40 1.0 0.010309278350515464 0.020408163265306124
41 1.0 0.010309278350515464 0.020408163265306124
42 1.0 0.010309278350515464 0.020408163265306124
43 1.0 0.010309278350515464 0.020408163265306124
44 1.0 0.010309278350515464 0.020408163265306124
45 1.0 0.010309278350515464 0.020408163265306124
46 1.0 0.010309278350515464 0.020408163265306124
47 1.0 0.010309278350515464 0.020408163265306124
48 1.0 0.010309278350515464 0.020408163265306124
49 1.0 0.010309278350515464 0.020408163265306124
50 1.0 0.010309278350515464 0.020408163265306124
51 1.0 0.010309278350515464 0.020408163265306124
52 1.0 0.010309278350515464 0.020408163265306124
53 1.0 0.010309278350515464 0.020408163265306124
54 1.0 0.010309278350515464 0.020408163265306124
55 1.0 0.010309278350515464 0.020408163265306124
56 1.0 0.010309278350515464 0.020408163265306124
57 1.0 0.010309278350515464 0.020408163265306124
58 1.0 0.010309278350515464 0.020408163265306124
59 1.0 0.010309278350515464 0.020408163265306124
60 1.0 0.010309278350515464 0.020408163265306124
61 1.0 0.010309278350515464 0.020408163265306124
62 1.0 0.010309278350515464 0.020408163265306124
63 1.0 0.010309278350515464 0.020408163265306124
64 1.0 0.010309278350515464 0.020408163265306124
65 1.0 0.010309278350515464 0.020408163265306124
66 1.0 0.010309278350515464 0.020408163265306124
67 1.0 0.010309278350515464 0.020408163265306124
68 1.0 0.010309278350515464 0.020408163265306124
69 1.0 0.010309278350515464 0.020408163265306124
70 1.0 0.010309278350515464 0.020408163265306124
71 1.0 0.010309278350515464 0.020408163265306124
72 1.0 0.010309278350515464 0.020408163265306124
73 1.0 0.010309278350515464 0.020408163265306124
74 1.0 0.010309278350515464 0.020408163265306124
75 1.0 0.010309278350515464 0.020408163265306124
76 1.0 0.010309278350515464 0.020408163265306124
77 1.0 0.010309278350515464 0.020408163265306124
78 1.0 0.010309278350515464 0.020408163265306124
79 1.0 0.010309278350515464 0.020408163265306124
80 1.0 0.010309278350515464 0.020408163265306124
81 1.0 0.010309278350515464 0.020408163265306124
82 1.0 0.010309278350515464 0.020408163265306124
83 1.0 0.010309278350515464 0.020408163265306124
84 1.0 0.010309278350515464 0.020408163265306124
85 1.0 0.010309278350515464 0.020408163265306124
86 1.0 0.010309278350515464 0.020408163265306124
87 1.0 0.010309278350515464 0.020408163265306124
88 1.0 0.010309278350515464 0.020408163265306124
89 1.0 0.010309278350515464 0.020408163265306124
90 1.0 0.010309278350515464 0.020408163265306124
91 1.0 0.010309278350515464 0.020408163265306124
92 1.0 0.010309278350515464 0.020408163265306124
93 1.0 0.010309278350515464 0.020408163265306124
94 1.0 0.010309278350515464 0.020408163265306124
95 1.0 0.010309278350515464 0.020408163265306124
96 1.0 0.010309278350515464 0.020408163265306124
97 1.0 0.010309278350515464 0.020408163265306124
98 1.0 0.010309278350515464 0.020408163265306124
99 1.0 0.010309278350515464 0.020408163265306124
100 1.0 0.010309278350515464 0.020408163265306124
101 1.0 0.020618556701030927 0.04040404040404041
102 1.0 0.020618556701030927 0.04040404040404041
103 1.0 0.020618556701030927 0.04040404040404041
104 1.0 0.020618556701030927 0.04040404040404041
105 1.0 0.020618556701030927 0.04040404040404041
106 1.0 0.030927835051546393 0.06000000000000001
107 1.0 0.030927835051546393 0.06000000000000001
108 1.0 0.030927835051546393 0.06000000000000001
109 1.0 0.030927835051546393 0.06000000000000001
110 1.0 0.030927835051546393 0.06000000000000001
111 1.0 0.030927835051546393 0.06000000000000001
112 1.0 0.030927835051546393 0.06000000000000001
113 1.0 0.030927835051546393 0.06000000000000001
114 1.0 0.030927835051546393 0.06000000000000001
115 1.0 0.030927835051546393 0.06000000000000001
116 1.0 0.030927835051546393 0.06000000000000001
117 1.0 0.030927835051546393 0.06000000000000001
118 1.0 0.030927835051546393 0.06000000000000001
119 1.0 0.030927835051546393 0.06000000000000001
120 1.0 0.030927835051546393 0.06000000000000001
121 1.0 0.030927835051546393 0.06000000000000001
122 1.0 0.030927835051546393 0.06000000000000001
123 1.0 0.030927835051546393 0.06000000000000001
124 1.0 0.030927835051546393 0.06000000000000001
125 1.0 0.030927835051546393 0.06000000000000001
126 1.0 0.030927835051546393 0.06000000000000001
127 1.0 0.030927835051546393 0.06000000000000001
128 1.0 0.030927835051546393 0.06000000000000001
129 1.0 0.030927835051546393 0.06000000000000001
130 1.0 0.030927835051546393 0.06000000000000001
131 1.0 0.030927835051546393 0.06000000000000001
132 1.0 0.030927835051546393 0.06000000000000001
133 1.0 0.030927835051546393 0.06000000000000001
134 1.0 0.030927835051546393 0.06000000000000001
135 1.0 0.030927835051546393 0.06000000000000001
136 1.0 0.030927835051546393 0.06000000000000001
137 1.0 0.030927835051546393 0.06000000000000001
138 1.0 0.030927835051546393 0.06000000000000001
139 1.0 0.030927835051546393 0.06000000000000001
140 1.0 0.030927835051546393 0.06000000000000001
141 1.0 0.030927835051546393 0.06000000000000001
142 1.0 0.030927835051546393 0.06000000000000001
143 1.0 0.030927835051546393 0.06000000000000001
144 1.0 0.030927835051546393 0.06000000000000001
145 1.0 0.030927835051546393 0.06000000000000001
146 1.0 0.030927835051546393 0.06000000000000001
147 1.0 0.030927835051546393 0.06000000000000001
148 1.0 0.030927835051546393 0.06000000000000001
149 1.0 0.030927835051546393 0.06000000000000001
150 1.0 0.030927835051546393 0.06000000000000001
151 1.0 0.030927835051546393 0.06000000000000001
152 1.0 0.030927835051546393 0.06000000000000001
153 1.0 0.030927835051546393 0.06000000000000001
154 1.0 0.030927835051546393 0.06000000000000001
155 1.0 0.030927835051546393 0.06000000000000001
156 1.0 0.030927835051546393 0.06000000000000001
157 1.0 0.030927835051546393 0.06000000000000001
158 1.0 0.030927835051546393 0.06000000000000001
159 1.0 0.030927835051546393 0.06000000000000001
160 1.0 0.030927835051546393 0.06000000000000001
161 1.0 0.030927835051546393 0.06000000000000001
162 1.0 0.030927835051546393 0.06000000000000001
163 1.0 0.030927835051546393 0.06000000000000001
164 1.0 0.030927835051546393 0.06000000000000001
165 1.0 0.030927835051546393 0.06000000000000001
166 1.0 0.030927835051546393 0.06000000000000001
167 1.0 0.041237113402061855 0.0792079207920792
168 1.0 0.041237113402061855 0.0792079207920792
169 1.0 0.041237113402061855 0.0792079207920792
170 1.0 0.041237113402061855 0.0792079207920792
171 1.0 0.041237113402061855 0.0792079207920792
172 1.0 0.041237113402061855 0.0792079207920792
173 1.0 0.041237113402061855 0.0792079207920792
174 1.0 0.041237113402061855 0.0792079207920792
175 1.0 0.041237113402061855 0.0792079207920792
176 1.0 0.041237113402061855 0.0792079207920792
177 1.0 0.041237113402061855 0.0792079207920792
178 1.0 0.041237113402061855 0.0792079207920792
179 1.0 0.041237113402061855 0.0792079207920792
180 1.0 0.041237113402061855 0.0792079207920792
181 1.0 0.041237113402061855 0.0792079207920792
182 1.0 0.041237113402061855 0.0792079207920792
183 1.0 0.041237113402061855 0.0792079207920792
184 1.0 0.041237113402061855 0.0792079207920792
185 1.0 0.041237113402061855 0.0792079207920792
186 1.0 0.041237113402061855 0.0792079207920792
187 1.0 0.041237113402061855 0.0792079207920792
188 1.0 0.05154639175257732 0.0980392156862745
189 1.0 0.05154639175257732 0.0980392156862745
190 1.0 0.05154639175257732 0.0980392156862745
191 1.0 0.05154639175257732 0.0980392156862745
192 1.0 0.05154639175257732 0.0980392156862745
193 1.0 0.05154639175257732 0.0980392156862745
194 1.0 0.05154639175257732 0.0980392156862745
195 1.0 0.05154639175257732 0.0980392156862745
196 1.0 0.05154639175257732 0.0980392156862745
197 1.0 0.05154639175257732 0.0980392156862745
198 1.0 0.05154639175257732 0.0980392156862745
199 1.0 0.05154639175257732 0.0980392156862745
200 1.0 0.05154639175257732 0.0980392156862745
201 1.0 0.05154639175257732 0.0980392156862745
202 1.0 0.05154639175257732 0.0980392156862745
203 1.0 0.05154639175257732 0.0980392156862745
204 1.0 0.05154639175257732 0.0980392156862745
205 1.0 0.05154639175257732 0.0980392156862745
206 1.0 0.05154639175257732 0.0980392156862745
207 1.0 0.05154639175257732 0.0980392156862745
208 1.0 0.05154639175257732 0.0980392156862745
209 1.0 0.05154639175257732 0.0980392156862745
210 1.0 0.05154639175257732 0.0980392156862745
211 1.0 0.05154639175257732 0.0980392156862745
212 1.0 0.05154639175257732 0.0980392156862745
213 1.0 0.05154639175257732 0.0980392156862745
214 1.0 0.061855670103092786 0.11650485436893204
215 1.0 0.061855670103092786 0.11650485436893204
216 1.0 0.061855670103092786 0.11650485436893204
217 1.0 0.061855670103092786 0.11650485436893204
218 1.0 0.061855670103092786 0.11650485436893204
219 1.0 0.061855670103092786 0.11650485436893204
220 1.0 0.061855670103092786 0.11650485436893204
221 1.0 0.061855670103092786 0.11650485436893204
222 1.0 0.061855670103092786 0.11650485436893204
223 1.0 0.061855670103092786 0.11650485436893204
224 1.0 0.061855670103092786 0.11650485436893204
225 1.0 0.061855670103092786 0.11650485436893204
226 1.0 0.061855670103092786 0.11650485436893204
227 1.0 0.061855670103092786 0.11650485436893204
228 1.0 0.061855670103092786 0.11650485436893204
229 1.0 0.061855670103092786 0.11650485436893204
230 1.0 0.061855670103092786 0.11650485436893204
231 1.0 0.061855670103092786 0.11650485436893204
232 1.0 0.061855670103092786 0.11650485436893204
233 1.0 0.061855670103092786 0.11650485436893204
234 1.0 0.061855670103092786 0.11650485436893204
235 1.0 0.061855670103092786 0.11650485436893204
236 1.0 0.061855670103092786 0.11650485436893204
237 1.0 0.061855670103092786 0.11650485436893204
238 1.0 0.061855670103092786 0.11650485436893204
239 1.0 0.061855670103092786 0.11650485436893204
240 1.0 0.061855670103092786 0.11650485436893204
241 1.0 0.061855670103092786 0.11650485436893204
242 1.0 0.061855670103092786 0.11650485436893204
243 1.0 0.061855670103092786 0.11650485436893204
244 1.0 0.061855670103092786 0.11650485436893204
245 1.0 0.061855670103092786 0.11650485436893204
246 1.0 0.061855670103092786 0.11650485436893204
247 1.0 0.061855670103092786 0.11650485436893204
248 1.0 0.061855670103092786 0.11650485436893204
249 1.0 0.061855670103092786 0.11650485436893204
250 1.0 0.061855670103092786 0.11650485436893204
251 1.0 0.061855670103092786 0.11650485436893204
252 1.0 0.061855670103092786 0.11650485436893204
253 1.0 0.061855670103092786 0.11650485436893204
254 1.0 0.061855670103092786 0.11650485436893204
255 1.0 0.061855670103092786 0.11650485436893204
256 1.0 0.061855670103092786 0.11650485436893204
257 1.0 0.061855670103092786 0.11650485436893204
258 1.0 0.061855670103092786 0.11650485436893204
259 1.0 0.061855670103092786 0.11650485436893204
260 1.0 0.061855670103092786 0.11650485436893204
261 1.0 0.061855670103092786 0.11650485436893204
262 1.0 0.061855670103092786 0.11650485436893204
263 1.0 0.061855670103092786 0.11650485436893204
264 1.0 0.061855670103092786 0.11650485436893204
265 1.0 0.061855670103092786 0.11650485436893204
266 1.0 0.061855670103092786 0.11650485436893204
267 1.0 0.061855670103092786 0.11650485436893204
268 1.0 0.061855670103092786 0.11650485436893204
269 1.0 0.061855670103092786 0.11650485436893204
270 1.0 0.061855670103092786 0.11650485436893204
271 1.0 0.061855670103092786 0.11650485436893204
272 1.0 0.061855670103092786 0.11650485436893204
273 1.0 0.061855670103092786 0.11650485436893204
274 1.0 0.061855670103092786 0.11650485436893204
275 1.0 0.061855670103092786 0.11650485436893204
276 1.0 0.061855670103092786 0.11650485436893204
277 1.0 0.061855670103092786 0.11650485436893204
278 1.0 0.061855670103092786 0.11650485436893204
279 1.0 0.061855670103092786 0.11650485436893204
280 1.0 0.061855670103092786 0.11650485436893204
281 1.0 0.061855670103092786 0.11650485436893204
282 1.0 0.061855670103092786 0.11650485436893204
283 1.0 0.061855670103092786 0.11650485436893204
284 1.0 0.061855670103092786 0.11650485436893204
285 1.0 0.061855670103092786 0.11650485436893204
286 1.0 0.061855670103092786 0.11650485436893204
287 1.0 0.061855670103092786 0.11650485436893204
288 1.0 0.061855670103092786 0.11650485436893204
289 1.0 0.061855670103092786 0.11650485436893204
290 1.0 0.061855670103092786 0.11650485436893204
291 1.0 0.061855670103092786 0.11650485436893204
292 1.0 0.061855670103092786 0.11650485436893204
293 1.0 0.061855670103092786 0.11650485436893204
294 1.0 0.061855670103092786 0.11650485436893204
295 1.0 0.061855670103092786 0.11650485436893204
296 1.0 0.061855670103092786 0.11650485436893204
297 1.0 0.061855670103092786 0.11650485436893204
298 1.0 0.061855670103092786 0.11650485436893204
299 1.0 0.061855670103092786 0.11650485436893204
300 1.0 0.061855670103092786 0.11650485436893204
301 1.0 0.061855670103092786 0.11650485436893204
302 1.0 0.061855670103092786 0.11650485436893204
303 1.0 0.061855670103092786 0.11650485436893204
304 1.0 0.061855670103092786 0.11650485436893204
305 1.0 0.061855670103092786 0.11650485436893204
306 1.0 0.061855670103092786 0.11650485436893204
307 1.0 0.061855670103092786 0.11650485436893204
308 1.0 0.061855670103092786 0.11650485436893204
309 1.0 0.061855670103092786 0.11650485436893204
310 1.0 0.061855670103092786 0.11650485436893204
311 1.0 0.061855670103092786 0.11650485436893204
312 1.0 0.061855670103092786 0.11650485436893204
313 1.0 0.061855670103092786 0.11650485436893204
314 1.0 0.061855670103092786 0.11650485436893204
315 1.0 0.061855670103092786 0.11650485436893204
316 1.0 0.061855670103092786 0.11650485436893204
317 1.0 0.061855670103092786 0.11650485436893204
318 1.0 0.061855670103092786 0.11650485436893204
319 1.0 0.061855670103092786 0.11650485436893204
320 1.0 0.061855670103092786 0.11650485436893204
321 1.0 0.061855670103092786 0.11650485436893204
322 1.0 0.061855670103092786 0.11650485436893204
323 1.0 0.061855670103092786 0.11650485436893204
324 1.0 0.061855670103092786 0.11650485436893204
325 1.0 0.061855670103092786 0.11650485436893204
326 1.0 0.061855670103092786 0.11650485436893204
327 1.0 0.061855670103092786 0.11650485436893204
328 1.0 0.061855670103092786 0.11650485436893204
329 1.0 0.061855670103092786 0.11650485436893204
330 1.0 0.061855670103092786 0.11650485436893204
331 1.0 0.061855670103092786 0.11650485436893204
332 1.0 0.061855670103092786 0.11650485436893204
333 1.0 0.061855670103092786 0.11650485436893204
334 1.0 0.061855670103092786 0.11650485436893204
335 1.0 0.061855670103092786 0.11650485436893204
336 1.0 0.061855670103092786 0.11650485436893204
337 1.0 0.061855670103092786 0.11650485436893204
338 1.0 0.061855670103092786 0.11650485436893204
339 1.0 0.061855670103092786 0.11650485436893204
340 1.0 0.061855670103092786 0.11650485436893204
341 1.0 0.061855670103092786 0.11650485436893204
342 1.0 0.061855670103092786 0.11650485436893204
343 1.0 0.061855670103092786 0.11650485436893204
344 1.0 0.061855670103092786 0.11650485436893204
345 1.0 0.061855670103092786 0.11650485436893204
346 1.0 0.061855670103092786 0.11650485436893204
347 1.0 0.061855670103092786 0.11650485436893204
348 1.0 0.061855670103092786 0.11650485436893204
349 1.0 0.061855670103092786 0.11650485436893204
350 1.0 0.061855670103092786 0.11650485436893204
351 1.0 0.061855670103092786 0.11650485436893204
352 1.0 0.061855670103092786 0.11650485436893204
353 1.0 0.061855670103092786 0.11650485436893204
354 1.0 0.061855670103092786 0.11650485436893204
355 1.0 0.061855670103092786 0.11650485436893204
356 1.0 0.061855670103092786 0.11650485436893204
357 1.0 0.061855670103092786 0.11650485436893204
358 1.0 0.061855670103092786 0.11650485436893204
359 1.0 0.061855670103092786 0.11650485436893204
360 1.0 0.061855670103092786 0.11650485436893204
361 1.0 0.061855670103092786 0.11650485436893204
362 1.0 0.061855670103092786 0.11650485436893204
363 1.0 0.061855670103092786 0.11650485436893204
364 1.0 0.061855670103092786 0.11650485436893204
365 1.0 0.061855670103092786 0.11650485436893204
366 1.0 0.061855670103092786 0.11650485436893204
367 1.0 0.061855670103092786 0.11650485436893204
368 1.0 0.061855670103092786 0.11650485436893204
369 1.0 0.061855670103092786 0.11650485436893204
370 1.0 0.061855670103092786 0.11650485436893204
371 1.0 0.061855670103092786 0.11650485436893204
372 1.0 0.061855670103092786 0.11650485436893204
373 1.0 0.061855670103092786 0.11650485436893204
374 1.0 0.061855670103092786 0.11650485436893204
375 1.0 0.061855670103092786 0.11650485436893204
376 1.0 0.061855670103092786 0.11650485436893204
377 1.0 0.061855670103092786 0.11650485436893204
378 1.0 0.061855670103092786 0.11650485436893204
379 1.0 0.061855670103092786 0.11650485436893204
380 1.0 0.061855670103092786 0.11650485436893204
381 1.0 0.061855670103092786 0.11650485436893204
382 1.0 0.061855670103092786 0.11650485436893204
383 1.0 0.061855670103092786 0.11650485436893204
384 1.0 0.061855670103092786 0.11650485436893204
385 1.0 0.061855670103092786 0.11650485436893204
386 1.0 0.061855670103092786 0.11650485436893204
387 1.0 0.061855670103092786 0.11650485436893204
388 1.0 0.061855670103092786 0.11650485436893204
389 1.0 0.061855670103092786 0.11650485436893204
390 1.0 0.061855670103092786 0.11650485436893204
391 1.0 0.061855670103092786 0.11650485436893204
392 1.0 0.061855670103092786 0.11650485436893204
393 1.0 0.061855670103092786 0.11650485436893204
394 1.0 0.061855670103092786 0.11650485436893204
395 1.0 0.061855670103092786 0.11650485436893204
396 1.0 0.061855670103092786 0.11650485436893204
397 1.0 0.061855670103092786 0.11650485436893204
398 1.0 0.061855670103092786 0.11650485436893204
399 1.0 0.061855670103092786 0.11650485436893204
400 1.0 0.061855670103092786 0.11650485436893204
401 1.0 0.061855670103092786 0.11650485436893204
402 1.0 0.061855670103092786 0.11650485436893204
403 1.0 0.061855670103092786 0.11650485436893204
404 1.0 0.061855670103092786 0.11650485436893204
405 1.0 0.08247422680412371 0.1523809523809524
406 1.0 0.08247422680412371 0.1523809523809524
407 1.0 0.08247422680412371 0.1523809523809524
408 1.0 0.08247422680412371 0.1523809523809524
409 1.0 0.08247422680412371 0.1523809523809524
410 1.0 0.08247422680412371 0.1523809523809524
411 1.0 0.08247422680412371 0.1523809523809524
412 1.0 0.08247422680412371 0.1523809523809524
413 1.0 0.08247422680412371 0.1523809523809524
414 1.0 0.08247422680412371 0.1523809523809524
415 1.0 0.08247422680412371 0.1523809523809524
416 1.0 0.08247422680412371 0.1523809523809524
417 1.0 0.08247422680412371 0.1523809523809524
418 1.0 0.08247422680412371 0.1523809523809524
419 1.0 0.08247422680412371 0.1523809523809524
420 1.0 0.08247422680412371 0.1523809523809524
421 1.0 0.08247422680412371 0.1523809523809524
422 1.0 0.08247422680412371 0.1523809523809524
423 1.0 0.08247422680412371 0.1523809523809524
424 1.0 0.08247422680412371 0.1523809523809524
425 1.0 0.08247422680412371 0.1523809523809524
426 1.0 0.08247422680412371 0.1523809523809524
427 1.0 0.08247422680412371 0.1523809523809524
428 1.0 0.08247422680412371 0.1523809523809524
429 1.0 0.08247422680412371 0.1523809523809524
430 1.0 0.08247422680412371 0.1523809523809524
431 1.0 0.08247422680412371 0.1523809523809524
432 1.0 0.08247422680412371 0.1523809523809524
433 1.0 0.08247422680412371 0.1523809523809524
434 1.0 0.08247422680412371 0.1523809523809524
435 1.0 0.08247422680412371 0.1523809523809524
436 1.0 0.08247422680412371 0.1523809523809524
437 1.0 0.08247422680412371 0.1523809523809524
438 1.0 0.08247422680412371 0.1523809523809524
439 1.0 0.08247422680412371 0.1523809523809524
440 1.0 0.08247422680412371 0.1523809523809524
441 1.0 0.08247422680412371 0.1523809523809524
442 1.0 0.08247422680412371 0.1523809523809524
443 1.0 0.08247422680412371 0.1523809523809524
444 1.0 0.08247422680412371 0.1523809523809524
445 1.0 0.08247422680412371 0.1523809523809524
446 1.0 0.10309278350515463 0.18691588785046725
447 1.0 0.10309278350515463 0.18691588785046725
448 1.0 0.10309278350515463 0.18691588785046725
449 1.0 0.10309278350515463 0.18691588785046725
450 1.0 0.10309278350515463 0.18691588785046725
451 1.0 0.10309278350515463 0.18691588785046725
452 1.0 0.10309278350515463 0.18691588785046725
453 1.0 0.10309278350515463 0.18691588785046725
454 1.0 0.10309278350515463 0.18691588785046725
455 1.0 0.10309278350515463 0.18691588785046725
456 1.0 0.10309278350515463 0.18691588785046725
457 1.0 0.10309278350515463 0.18691588785046725
458 1.0 0.10309278350515463 0.18691588785046725
459 1.0 0.10309278350515463 0.18691588785046725
460 1.0 0.10309278350515463 0.18691588785046725
461 1.0 0.10309278350515463 0.18691588785046725
462 1.0 0.10309278350515463 0.18691588785046725
463 1.0 0.10309278350515463 0.18691588785046725
464 1.0 0.10309278350515463 0.18691588785046725
465 1.0 0.10309278350515463 0.18691588785046725
466 0.9090909090909091 0.10309278350515463 0.18518518518518517
467 0.9090909090909091 0.10309278350515463 0.18518518518518517
468 0.8333333333333334 0.10309278350515463 0.1834862385321101
469 0.8333333333333334 0.10309278350515463 0.1834862385321101
470 0.8333333333333334 0.10309278350515463 0.1834862385321101
471 0.8333333333333334 0.10309278350515463 0.1834862385321101
472 0.8333333333333334 0.10309278350515463 0.1834862385321101
473 0.7692307692307693 0.10309278350515463 0.1818181818181818
474 0.7692307692307693 0.10309278350515463 0.1818181818181818
475 0.7692307692307693 0.10309278350515463 0.1818181818181818
476 0.7692307692307693 0.10309278350515463 0.1818181818181818
477 0.7142857142857143 0.10309278350515463 0.1801801801801802
478 0.6666666666666666 0.10309278350515463 0.17857142857142858
479 0.6666666666666666 0.10309278350515463 0.17857142857142858
480 0.6666666666666666 0.10309278350515463 0.17857142857142858
481 0.625 0.10309278350515463 0.17699115044247787
482 0.625 0.10309278350515463 0.17699115044247787
483 0.6470588235294118 0.1134020618556701 0.19298245614035087
484 0.6111111111111112 0.1134020618556701 0.19130434782608693
485 0.6111111111111112 0.1134020618556701 0.19130434782608693
486 0.6111111111111112 0.1134020618556701 0.19130434782608693
487 0.6111111111111112 0.1134020618556701 0.19130434782608693
488 0.5789473684210527 0.1134020618556701 0.18965517241379312
489 0.5789473684210527 0.1134020618556701 0.18965517241379312
490 0.5789473684210527 0.1134020618556701 0.18965517241379312
491 0.55 0.1134020618556701 0.18803418803418803
492 0.55 0.1134020618556701 0.18803418803418803
493 0.5238095238095238 0.1134020618556701 0.1864406779661017
494 0.5238095238095238 0.1134020618556701 0.1864406779661017
495 0.5454545454545454 0.12371134020618557 0.20168067226890754
496 0.5454545454545454 0.12371134020618557 0.20168067226890754
497 0.5454545454545454 0.12371134020618557 0.20168067226890754
498 0.5217391304347826 0.12371134020618557 0.2
499 0.5 0.12371134020618557 0.19834710743801653
500 0.48 0.12371134020618557 0.19672131147540983
501 0.46153846153846156 0.12371134020618557 0.1951219512195122
502 0.4444444444444444 0.12371134020618557 0.1935483870967742
503 0.4444444444444444 0.12371134020618557 0.1935483870967742
504 0.4444444444444444 0.12371134020618557 0.1935483870967742
505 0.4444444444444444 0.12371134020618557 0.1935483870967742
506 0.4444444444444444 0.12371134020618557 0.1935483870967742
507 0.4444444444444444 0.12371134020618557 0.1935483870967742
508 0.4444444444444444 0.12371134020618557 0.1935483870967742
509 0.4444444444444444 0.12371134020618557 0.1935483870967742
510 0.42857142857142855 0.12371134020618557 0.19199999999999998
511 0.42857142857142855 0.12371134020618557 0.19199999999999998
512 0.41379310344827586 0.12371134020618557 0.1904761904761905
513 0.41379310344827586 0.12371134020618557 0.1904761904761905
514 0.41379310344827586 0.12371134020618557 0.1904761904761905
515 0.41379310344827586 0.12371134020618557 0.1904761904761905
516 0.41379310344827586 0.12371134020618557 0.1904761904761905
517 0.41379310344827586 0.12371134020618557 0.1904761904761905
518 0.4 0.12371134020618557 0.1889763779527559
519 0.4 0.12371134020618557 0.1889763779527559
520 0.4 0.12371134020618557 0.1889763779527559
521 0.4 0.12371134020618557 0.1889763779527559
522 0.3870967741935484 0.12371134020618557 0.1875
523 0.375 0.12371134020618557 0.18604651162790697
524 0.36363636363636365 0.12371134020618557 0.18461538461538463
525 0.36363636363636365 0.12371134020618557 0.18461538461538463
526 0.35294117647058826 0.12371134020618557 0.183206106870229
527 0.35294117647058826 0.12371134020618557 0.183206106870229
528 0.35294117647058826 0.12371134020618557 0.183206106870229
529 0.35294117647058826 0.12371134020618557 0.183206106870229
530 0.34285714285714286 0.12371134020618557 0.18181818181818182
531 0.3333333333333333 0.12371134020618557 0.18045112781954886
532 0.32432432432432434 0.12371134020618557 0.1791044776119403
533 0.32432432432432434 0.12371134020618557 0.1791044776119403
534 0.3157894736842105 0.12371134020618557 0.17777777777777778
535 0.3157894736842105 0.12371134020618557 0.17777777777777778
536 0.3076923076923077 0.12371134020618557 0.17647058823529413
537 0.3 0.12371134020618557 0.17518248175182483
538 0.3 0.12371134020618557 0.17518248175182483
539 0.3 0.12371134020618557 0.17518248175182483
540 0.3 0.12371134020618557 0.17518248175182483
541 0.2926829268292683 0.12371134020618557 0.1739130434782609
542 0.2926829268292683 0.12371134020618557 0.1739130434782609
543 0.2857142857142857 0.12371134020618557 0.17266187050359713
544 0.27906976744186046 0.12371134020618557 0.17142857142857143
545 0.2727272727272727 0.12371134020618557 0.1702127659574468
546 0.26666666666666666 0.12371134020618557 0.16901408450704225
547 0.26666666666666666 0.12371134020618557 0.16901408450704225
548 0.26666666666666666 0.12371134020618557 0.16901408450704225
549 0.26666666666666666 0.12371134020618557 0.16901408450704225
550 0.26666666666666666 0.12371134020618557 0.16901408450704225
551 0.2608695652173913 0.12371134020618557 0.16783216783216784
552 0.2608695652173913 0.12371134020618557 0.16783216783216784
553 0.2553191489361702 0.12371134020618557 0.16666666666666669
554 0.25 0.12371134020618557 0.16551724137931034
555 0.24489795918367346 0.12371134020618557 0.16438356164383564
556 0.24489795918367346 0.12371134020618557 0.16438356164383564
557 0.24 0.12371134020618557 0.16326530612244897
558 0.24 0.12371134020618557 0.16326530612244897
559 0.24 0.12371134020618557 0.16326530612244897
560 0.23529411764705882 0.12371134020618557 0.16216216216216217
561 0.23529411764705882 0.12371134020618557 0.16216216216216217
562 0.23529411764705882 0.12371134020618557 0.16216216216216217
563 0.23076923076923078 0.12371134020618557 0.16107382550335572
564 0.23076923076923078 0.12371134020618557 0.16107382550335572
565 0.22641509433962265 0.12371134020618557 0.16
566 0.2222222222222222 0.12371134020618557 0.15894039735099338
567 0.2222222222222222 0.12371134020618557 0.15894039735099338
568 0.2222222222222222 0.12371134020618557 0.15894039735099338
569 0.2222222222222222 0.12371134020618557 0.15894039735099338
570 0.21818181818181817 0.12371134020618557 0.15789473684210528
571 0.21818181818181817 0.12371134020618557 0.15789473684210528
572 0.21428571428571427 0.12371134020618557 0.1568627450980392
573 0.21052631578947367 0.12371134020618557 0.15584415584415584
574 0.21052631578947367 0.12371134020618557 0.15584415584415584
575 0.21052631578947367 0.12371134020618557 0.15584415584415584
576 0.21052631578947367 0.12371134020618557 0.15584415584415584
577 0.21052631578947367 0.12371134020618557 0.15584415584415584
578 0.21052631578947367 0.12371134020618557 0.15584415584415584
579 0.21052631578947367 0.12371134020618557 0.15584415584415584
580 0.20689655172413793 0.12371134020618557 0.15483870967741936
581 0.20689655172413793 0.12371134020618557 0.15483870967741936
582 0.20689655172413793 0.12371134020618557 0.15483870967741936
583 0.2033898305084746 0.12371134020618557 0.15384615384615385
584 0.2033898305084746 0.12371134020618557 0.15384615384615385
585 0.2 0.12371134020618557 0.15286624203821655
586 0.19672131147540983 0.12371134020618557 0.1518987341772152
587 0.1935483870967742 0.12371134020618557 0.15094339622641512
588 0.1935483870967742 0.12371134020618557 0.15094339622641512
589 0.1935483870967742 0.12371134020618557 0.15094339622641512
590 0.19047619047619047 0.12371134020618557 0.15
591 0.19047619047619047 0.12371134020618557 0.15
592 0.1875 0.12371134020618557 0.14906832298136646
593 0.1875 0.12371134020618557 0.14906832298136646
594 0.1875 0.12371134020618557 0.14906832298136646
595 0.18461538461538463 0.12371134020618557 0.14814814814814817
596 0.18461538461538463 0.12371134020618557 0.14814814814814817
597 0.18181818181818182 0.12371134020618557 0.147239263803681
598 0.1791044776119403 0.12371134020618557 0.14634146341463417
599 0.17647058823529413 0.12371134020618557 0.14545454545454545
600 0.17391304347826086 0.12371134020618557 0.14457831325301204
601 0.17391304347826086 0.12371134020618557 0.14457831325301204
602 0.17391304347826086 0.12371134020618557 0.14457831325301204
603 0.17142857142857143 0.12371134020618557 0.1437125748502994
604 0.16901408450704225 0.12371134020618557 0.14285714285714285
605 0.16901408450704225 0.12371134020618557 0.14285714285714285
606 0.16901408450704225 0.12371134020618557 0.14285714285714285
607 0.16901408450704225 0.12371134020618557 0.14285714285714285
608 0.16666666666666666 0.12371134020618557 0.14201183431952663
609 0.1643835616438356 0.12371134020618557 0.1411764705882353
610 0.1643835616438356 0.12371134020618557 0.1411764705882353
611 0.1643835616438356 0.12371134020618557 0.1411764705882353
612 0.1643835616438356 0.12371134020618557 0.1411764705882353
613 0.16216216216216217 0.12371134020618557 0.14035087719298245
614 0.16216216216216217 0.12371134020618557 0.14035087719298245
615 0.16216216216216217 0.12371134020618557 0.14035087719298245
616 0.16216216216216217 0.12371134020618557 0.14035087719298245
617 0.16 0.12371134020618557 0.13953488372093023
618 0.16 0.12371134020618557 0.13953488372093023
619 0.16 0.12371134020618557 0.13953488372093023
620 0.16 0.12371134020618557 0.13953488372093023
621 0.16 0.12371134020618557 0.13953488372093023
622 0.16 0.12371134020618557 0.13953488372093023
623 0.16 0.12371134020618557 0.13953488372093023
624 0.16 0.12371134020618557 0.13953488372093023
625 0.16 0.12371134020618557 0.13953488372093023
626 0.15789473684210525 0.12371134020618557 0.13872832369942198
627 0.15789473684210525 0.12371134020618557 0.13872832369942198
628 0.15789473684210525 0.12371134020618557 0.13872832369942198
629 0.15789473684210525 0.12371134020618557 0.13872832369942198
630 0.15584415584415584 0.12371134020618557 0.13793103448275862
631 0.15384615384615385 0.12371134020618557 0.13714285714285715
632 0.15384615384615385 0.12371134020618557 0.13714285714285715
633 0.15384615384615385 0.12371134020618557 0.13714285714285715
634 0.15384615384615385 0.12371134020618557 0.13714285714285715
635 0.15384615384615385 0.12371134020618557 0.13714285714285715
636 0.15384615384615385 0.12371134020618557 0.13714285714285715
637 0.15384615384615385 0.12371134020618557 0.13714285714285715
638 0.15384615384615385 0.12371134020618557 0.13714285714285715
639 0.15384615384615385 0.12371134020618557 0.13714285714285715
640 0.1518987341772152 0.12371134020618557 0.13636363636363635
641 0.15 0.12371134020618557 0.13559322033898305
642 0.15 0.12371134020618557 0.13559322033898305
643 0.15 0.12371134020618557 0.13559322033898305
644 0.14814814814814814 0.12371134020618557 0.1348314606741573
645 0.14814814814814814 0.12371134020618557 0.1348314606741573
646 0.14814814814814814 0.12371134020618557 0.1348314606741573
647 0.14634146341463414 0.12371134020618557 0.1340782122905028
648 0.14457831325301204 0.12371134020618557 0.13333333333333333
649 0.14285714285714285 0.12371134020618557 0.13259668508287292
650 0.14285714285714285 0.12371134020618557 0.13259668508287292
651 0.14285714285714285 0.12371134020618557 0.13259668508287292
652 0.1411764705882353 0.12371134020618557 0.13186813186813187
653 0.13953488372093023 0.12371134020618557 0.13114754098360654
654 0.13953488372093023 0.12371134020618557 0.13114754098360654
655 0.13953488372093023 0.12371134020618557 0.13114754098360654
656 0.13953488372093023 0.12371134020618557 0.13114754098360654
657 0.13953488372093023 0.12371134020618557 0.13114754098360654
658 0.13953488372093023 0.12371134020618557 0.13114754098360654
659 0.13953488372093023 0.12371134020618557 0.13114754098360654
660 0.13953488372093023 0.12371134020618557 0.13114754098360654
661 0.13793103448275862 0.12371134020618557 0.13043478260869565
662 0.13636363636363635 0.12371134020618557 0.1297297297297297
663 0.13636363636363635 0.12371134020618557 0.1297297297297297
664 0.13636363636363635 0.12371134020618557 0.1297297297297297
665 0.1348314606741573 0.12371134020618557 0.12903225806451615
666 0.1348314606741573 0.12371134020618557 0.12903225806451615
667 0.1348314606741573 0.12371134020618557 0.12903225806451615
668 0.1348314606741573 0.12371134020618557 0.12903225806451615
669 0.1348314606741573 0.12371134020618557 0.12903225806451615
670 0.1348314606741573 0.12371134020618557 0.12903225806451615
671 0.13333333333333333 0.12371134020618557 0.12834224598930483
672 0.13333333333333333 0.12371134020618557 0.12834224598930483
673 0.13333333333333333 0.12371134020618557 0.12834224598930483
674 0.13333333333333333 0.12371134020618557 0.12834224598930483
675 0.13333333333333333 0.12371134020618557 0.12834224598930483
676 0.13333333333333333 0.12371134020618557 0.12834224598930483
677 0.13333333333333333 0.12371134020618557 0.12834224598930483
678 0.13333333333333333 0.12371134020618557 0.12834224598930483
679 0.13186813186813187 0.12371134020618557 0.12765957446808512
680 0.13043478260869565 0.12371134020618557 0.12698412698412698
681 0.13043478260869565 0.12371134020618557 0.12698412698412698
682 0.13043478260869565 0.12371134020618557 0.12698412698412698
683 0.12903225806451613 0.12371134020618557 0.12631578947368421
684 0.12903225806451613 0.12371134020618557 0.12631578947368421
685 0.12903225806451613 0.12371134020618557 0.12631578947368421
686 0.1276595744680851 0.12371134020618557 0.12565445026178013
687 0.1276595744680851 0.12371134020618557 0.12565445026178013
688 0.1276595744680851 0.12371134020618557 0.12565445026178013
689 0.1276595744680851 0.12371134020618557 0.12565445026178013
690 0.1276595744680851 0.12371134020618557 0.12565445026178013
691 0.1276595744680851 0.12371134020618557 0.12565445026178013
692 0.1276595744680851 0.12371134020618557 0.12565445026178013
693 0.12631578947368421 0.12371134020618557 0.125
694 0.12631578947368421 0.12371134020618557 0.125
695 0.125 0.12371134020618557 0.12435233160621761
696 0.125 0.12371134020618557 0.12435233160621761
697 0.12371134020618557 0.12371134020618557 0.12371134020618557
698 0.12371134020618557 0.12371134020618557 0.12371134020618557
699 0.12371134020618557 0.12371134020618557 0.12371134020618557
700 0.12371134020618557 0.12371134020618557 0.12371134020618557
701 0.12371134020618557 0.12371134020618557 0.12371134020618557
702 0.12371134020618557 0.12371134020618557 0.12371134020618557
703 0.12371134020618557 0.12371134020618557 0.12371134020618557
704 0.12244897959183673 0.12371134020618557 0.12307692307692308
705 0.12244897959183673 0.12371134020618557 0.12307692307692308
706 0.12121212121212122 0.12371134020618557 0.12244897959183673
707 0.12121212121212122 0.12371134020618557 0.12244897959183673
708 0.12 0.12371134020618557 0.12182741116751268
709 0.1188118811881188 0.12371134020618557 0.1212121212121212
710 0.1188118811881188 0.12371134020618557 0.1212121212121212
711 0.1188118811881188 0.12371134020618557 0.1212121212121212
712 0.1188118811881188 0.12371134020618557 0.1212121212121212
713 0.1188118811881188 0.12371134020618557 0.1212121212121212
714 0.1188118811881188 0.12371134020618557 0.1212121212121212
715 0.1188118811881188 0.12371134020618557 0.1212121212121212
716 0.1188118811881188 0.12371134020618557 0.1212121212121212
717 0.1188118811881188 0.12371134020618557 0.1212121212121212
718 0.1188118811881188 0.12371134020618557 0.1212121212121212
719 0.1188118811881188 0.12371134020618557 0.1212121212121212
720 0.1188118811881188 0.12371134020618557 0.1212121212121212
721 0.1188118811881188 0.12371134020618557 0.1212121212121212
722 0.1188118811881188 0.12371134020618557 0.1212121212121212
723 0.1188118811881188 0.12371134020618557 0.1212121212121212
724 0.1188118811881188 0.12371134020618557 0.1212121212121212
725 0.1188118811881188 0.12371134020618557 0.1212121212121212
726 0.1188118811881188 0.12371134020618557 0.1212121212121212
727 0.1188118811881188 0.12371134020618557 0.1212121212121212
728 0.1188118811881188 0.12371134020618557 0.1212121212121212
729 0.1188118811881188 0.12371134020618557 0.1212121212121212
730 0.1188118811881188 0.12371134020618557 0.1212121212121212
731 0.1188118811881188 0.12371134020618557 0.1212121212121212
732 0.1188118811881188 0.12371134020618557 0.1212121212121212
733 0.1188118811881188 0.12371134020618557 0.1212121212121212
734 0.1188118811881188 0.12371134020618557 0.1212121212121212
735 0.1188118811881188 0.12371134020618557 0.1212121212121212
736 0.1188118811881188 0.12371134020618557 0.1212121212121212
737 0.1188118811881188 0.12371134020618557 0.1212121212121212
738 0.1188118811881188 0.12371134020618557 0.1212121212121212
739 0.1188118811881188 0.12371134020618557 0.1212121212121212
740 0.1188118811881188 0.12371134020618557 0.1212121212121212
741 0.1188118811881188 0.12371134020618557 0.1212121212121212
742 0.1188118811881188 0.12371134020618557 0.1212121212121212
743 0.1188118811881188 0.12371134020618557 0.1212121212121212
744 0.1188118811881188 0.12371134020618557 0.1212121212121212
745 0.1188118811881188 0.12371134020618557 0.1212121212121212
746 0.1188118811881188 0.12371134020618557 0.1212121212121212
747 0.1188118811881188 0.12371134020618557 0.1212121212121212
748 0.1188118811881188 0.12371134020618557 0.1212121212121212
749 0.1188118811881188 0.12371134020618557 0.1212121212121212
750 0.1188118811881188 0.12371134020618557 0.1212121212121212
751 0.1188118811881188 0.12371134020618557 0.1212121212121212
752 0.1188118811881188 0.12371134020618557 0.1212121212121212
753 0.1188118811881188 0.12371134020618557 0.1212121212121212
754 0.1188118811881188 0.12371134020618557 0.1212121212121212
755 0.1188118811881188 0.12371134020618557 0.1212121212121212
756 0.1188118811881188 0.12371134020618557 0.1212121212121212
757 0.1188118811881188 0.12371134020618557 0.1212121212121212
758 0.1188118811881188 0.12371134020618557 0.1212121212121212
759 0.1188118811881188 0.12371134020618557 0.1212121212121212
760 0.1188118811881188 0.12371134020618557 0.1212121212121212
761 0.1188118811881188 0.12371134020618557 0.1212121212121212
762 0.1188118811881188 0.12371134020618557 0.1212121212121212
763 0.1188118811881188 0.12371134020618557 0.1212121212121212
764 0.1188118811881188 0.12371134020618557 0.1212121212121212
765 0.1188118811881188 0.12371134020618557 0.1212121212121212
766 0.1188118811881188 0.12371134020618557 0.1212121212121212
767 0.1188118811881188 0.12371134020618557 0.1212121212121212
768 0.1188118811881188 0.12371134020618557 0.1212121212121212
769 0.1188118811881188 0.12371134020618557 0.1212121212121212
770 0.1188118811881188 0.12371134020618557 0.1212121212121212
771 0.1188118811881188 0.12371134020618557 0.1212121212121212
772 0.1188118811881188 0.12371134020618557 0.1212121212121212
773 0.1188118811881188 0.12371134020618557 0.1212121212121212
774 0.1188118811881188 0.12371134020618557 0.1212121212121212
775 0.1188118811881188 0.12371134020618557 0.1212121212121212
776 0.1188118811881188 0.12371134020618557 0.1212121212121212
777 0.1188118811881188 0.12371134020618557 0.1212121212121212
778 0.1188118811881188 0.12371134020618557 0.1212121212121212
779 0.1188118811881188 0.12371134020618557 0.1212121212121212
780 0.1188118811881188 0.12371134020618557 0.1212121212121212
781 0.1188118811881188 0.12371134020618557 0.1212121212121212
782 0.1188118811881188 0.12371134020618557 0.1212121212121212
783 0.1188118811881188 0.12371134020618557 0.1212121212121212
784 0.1188118811881188 0.12371134020618557 0.1212121212121212
785 0.1188118811881188 0.12371134020618557 0.1212121212121212
786 0.1188118811881188 0.12371134020618557 0.1212121212121212
787 0.1188118811881188 0.12371134020618557 0.1212121212121212
788 0.1188118811881188 0.12371134020618557 0.1212121212121212
789 0.1188118811881188 0.12371134020618557 0.1212121212121212
790 0.1188118811881188 0.12371134020618557 0.1212121212121212
791 0.1188118811881188 0.12371134020618557 0.1212121212121212
792 0.1188118811881188 0.12371134020618557 0.1212121212121212
793 0.1188118811881188 0.12371134020618557 0.1212121212121212
794 0.1188118811881188 0.12371134020618557 0.1212121212121212
795 0.1188118811881188 0.12371134020618557 0.1212121212121212
796 0.1188118811881188 0.12371134020618557 0.1212121212121212
797 0.11764705882352941 0.12371134020618557 0.12060301507537688
798 0.11764705882352941 0.12371134020618557 0.12060301507537688
799 0.11764705882352941 0.12371134020618557 0.12060301507537688
800 0.11764705882352941 0.12371134020618557 0.12060301507537688
801 0.11764705882352941 0.12371134020618557 0.12060301507537688
802 0.11764705882352941 0.12371134020618557 0.12060301507537688
803 0.11764705882352941 0.12371134020618557 0.12060301507537688
804 0.11764705882352941 0.12371134020618557 0.12060301507537688
805 0.1262135922330097 0.13402061855670103 0.12999999999999998
806 0.1262135922330097 0.13402061855670103 0.12999999999999998
807 0.1262135922330097 0.13402061855670103 0.12999999999999998
808 0.1262135922330097 0.13402061855670103 0.12999999999999998
809 0.1262135922330097 0.13402061855670103 0.12999999999999998
810 0.1262135922330097 0.13402061855670103 0.12999999999999998
811 0.1262135922330097 0.13402061855670103 0.12999999999999998
812 0.1262135922330097 0.13402061855670103 0.12999999999999998
813 0.1262135922330097 0.13402061855670103 0.12999999999999998
814 0.1262135922330097 0.13402061855670103 0.12999999999999998
815 0.1262135922330097 0.13402061855670103 0.12999999999999998
816 0.1262135922330097 0.13402061855670103 0.12999999999999998
817 0.1262135922330097 0.13402061855670103 0.12999999999999998
818 0.1262135922330097 0.13402061855670103 0.12999999999999998
819 0.1262135922330097 0.13402061855670103 0.12999999999999998
820 0.1262135922330097 0.13402061855670103 0.12999999999999998
821 0.1262135922330097 0.13402061855670103 0.12999999999999998
822 0.1262135922330097 0.13402061855670103 0.12999999999999998
823 0.1262135922330097 0.13402061855670103 0.12999999999999998
824 0.1262135922330097 0.13402061855670103 0.12999999999999998
825 0.1262135922330097 0.13402061855670103 0.12999999999999998
826 0.1262135922330097 0.13402061855670103 0.12999999999999998
827 0.1262135922330097 0.13402061855670103 0.12999999999999998
828 0.1262135922330097 0.13402061855670103 0.12999999999999998
829 0.1262135922330097 0.13402061855670103 0.12999999999999998
830 0.1262135922330097 0.13402061855670103 0.12999999999999998
831 0.1262135922330097 0.13402061855670103 0.12999999999999998
832 0.1262135922330097 0.13402061855670103 0.12999999999999998
833 0.1262135922330097 0.13402061855670103 0.12999999999999998
834 0.1262135922330097 0.13402061855670103 0.12999999999999998
835 0.1262135922330097 0.13402061855670103 0.12999999999999998
836 0.1262135922330097 0.13402061855670103 0.12999999999999998
837 0.125 0.13402061855670103 0.1293532338308458
838 0.12380952380952381 0.13402061855670103 0.12871287128712872
839 0.12380952380952381 0.13402061855670103 0.12871287128712872
840 0.12380952380952381 0.13402061855670103 0.12871287128712872
841 0.12380952380952381 0.13402061855670103 0.12871287128712872
842 0.12380952380952381 0.13402061855670103 0.12871287128712872
843 0.12380952380952381 0.13402061855670103 0.12871287128712872
844 0.12264150943396226 0.13402061855670103 0.12807881773399013
845 0.12149532710280374 0.13402061855670103 0.12745098039215685
846 0.12037037037037036 0.13402061855670103 0.12682926829268293
847 0.12037037037037036 0.13402061855670103 0.12682926829268293
848 0.11926605504587157 0.13402061855670103 0.12621359223300968
849 0.11926605504587157 0.13402061855670103 0.12621359223300968
850 0.11818181818181818 0.13402061855670103 0.1256038647342995
851 0.11711711711711711 0.13402061855670103 0.125
852 0.11607142857142858 0.13402061855670103 0.12440191387559808
853 0.11607142857142858 0.13402061855670103 0.12440191387559808
854 0.11504424778761062 0.13402061855670103 0.12380952380952381
855 0.11403508771929824 0.13402061855670103 0.12322274881516587
856 0.11304347826086956 0.13402061855670103 0.12264150943396226
857 0.11304347826086956 0.13402061855670103 0.12264150943396226
858 0.11206896551724138 0.13402061855670103 0.12206572769953052
859 0.1111111111111111 0.13402061855670103 0.12149532710280374
860 0.11016949152542373 0.13402061855670103 0.12093023255813953
861 0.1092436974789916 0.13402061855670103 0.12037037037037038
862 0.10833333333333334 0.13402061855670103 0.11981566820276499
863 0.10743801652892562 0.13402061855670103 0.11926605504587157
864 0.10655737704918032 0.13402061855670103 0.1187214611872146
865 0.10569105691056911 0.13402061855670103 0.1181818181818182
866 0.10483870967741936 0.13402061855670103 0.11764705882352941
867 0.104 0.13402061855670103 0.1171171171171171
868 0.10317460317460317 0.13402061855670103 0.11659192825112108
869 0.10317460317460317 0.13402061855670103 0.11659192825112108
870 0.10236220472440945 0.13402061855670103 0.11607142857142856
871 0.1015625 0.13402061855670103 0.11555555555555556
872 0.10077519379844961 0.13402061855670103 0.11504424778761062
873 0.1 0.13402061855670103 0.1145374449339207
874 0.1 0.13402061855670103 0.1145374449339207
875 0.1 0.13402061855670103 0.1145374449339207
876 0.09923664122137404 0.13402061855670103 0.11403508771929825
877 0.09923664122137404 0.13402061855670103 0.11403508771929825
878 0.09848484848484848 0.13402061855670103 0.11353711790393013
879 0.09774436090225563 0.13402061855670103 0.11304347826086955
880 0.09701492537313433 0.13402061855670103 0.11255411255411256
881 0.09701492537313433 0.13402061855670103 0.11255411255411256
882 0.0962962962962963 0.13402061855670103 0.11206896551724138
883 0.09558823529411764 0.13402061855670103 0.11158798283261802
884 0.09558823529411764 0.13402061855670103 0.11158798283261802
885 0.0948905109489051 0.13402061855670103 0.1111111111111111
886 0.09420289855072464 0.13402061855670103 0.11063829787234043
887 0.09352517985611511 0.13402061855670103 0.11016949152542374
888 0.09352517985611511 0.13402061855670103 0.11016949152542374
889 0.09352517985611511 0.13402061855670103 0.11016949152542374
890 0.09285714285714286 0.13402061855670103 0.10970464135021098
891 0.09219858156028368 0.13402061855670103 0.1092436974789916
892 0.09154929577464789 0.13402061855670103 0.1087866108786611
893 0.09154929577464789 0.13402061855670103 0.1087866108786611
894 0.09154929577464789 0.13402061855670103 0.1087866108786611
895 0.09154929577464789 0.13402061855670103 0.1087866108786611
896 0.09090909090909091 0.13402061855670103 0.10833333333333334
897 0.09090909090909091 0.13402061855670103 0.10833333333333334
898 0.09027777777777778 0.13402061855670103 0.10788381742738588
899 0.0896551724137931 0.13402061855670103 0.10743801652892562
900 0.08904109589041095 0.13402061855670103 0.10699588477366255
901 0.08843537414965986 0.13402061855670103 0.10655737704918031
902 0.08843537414965986 0.13402061855670103 0.10655737704918031
903 0.08843537414965986 0.13402061855670103 0.10655737704918031
904 0.08783783783783784 0.13402061855670103 0.10612244897959183
905 0.087248322147651 0.13402061855670103 0.1056910569105691
906 0.08666666666666667 0.13402061855670103 0.10526315789473684
907 0.08666666666666667 0.13402061855670103 0.10526315789473684
908 0.09271523178807947 0.14432989690721648 0.11290322580645161
909 0.09210526315789473 0.14432989690721648 0.11244979919678713
910 0.09210526315789473 0.14432989690721648 0.11244979919678713
911 0.09210526315789473 0.14432989690721648 0.11244979919678713
912 0.09803921568627451 0.15463917525773196 0.12000000000000001
913 0.09803921568627451 0.15463917525773196 0.12000000000000001
914 0.09740259740259741 0.15463917525773196 0.11952191235059763
915 0.0967741935483871 0.15463917525773196 0.11904761904761903
916 0.0967741935483871 0.15463917525773196 0.11904761904761903
917 0.0967741935483871 0.15463917525773196 0.11904761904761903
918 0.0967741935483871 0.15463917525773196 0.11904761904761903
919 0.09615384615384616 0.15463917525773196 0.11857707509881424
920 0.09615384615384616 0.15463917525773196 0.11857707509881424
921 0.09554140127388536 0.15463917525773196 0.11811023622047247
922 0.0949367088607595 0.15463917525773196 0.11764705882352942
923 0.0949367088607595 0.15463917525773196 0.11764705882352942
924 0.09433962264150944 0.15463917525773196 0.11718750000000001
925 0.09433962264150944 0.15463917525773196 0.11718750000000001
926 0.09433962264150944 0.15463917525773196 0.11718750000000001
927 0.09375 0.15463917525773196 0.11673151750972763
928 0.09316770186335403 0.15463917525773196 0.11627906976744186
929 0.09316770186335403 0.15463917525773196 0.11627906976744186
930 0.09259259259259259 0.15463917525773196 0.11583011583011582
931 0.09202453987730061 0.15463917525773196 0.11538461538461539
932 0.09146341463414634 0.15463917525773196 0.11494252873563218
933 0.09090909090909091 0.15463917525773196 0.11450381679389314
934 0.09036144578313253 0.15463917525773196 0.11406844106463877
935 0.08982035928143713 0.15463917525773196 0.11363636363636365
936 0.08928571428571429 0.15463917525773196 0.11320754716981132
937 0.08875739644970414 0.15463917525773196 0.11278195488721804
938 0.08875739644970414 0.15463917525773196 0.11278195488721804
939 0.08875739644970414 0.15463917525773196 0.11278195488721804
940 0.08823529411764706 0.15463917525773196 0.11235955056179775
941 0.08771929824561403 0.15463917525773196 0.11194029850746268
942 0.08771929824561403 0.15463917525773196 0.11194029850746268
943 0.0872093023255814 0.15463917525773196 0.11152416356877325
944 0.08670520231213873 0.15463917525773196 0.1111111111111111
945 0.08620689655172414 0.15463917525773196 0.11070110701107011
946 0.08620689655172414 0.15463917525773196 0.11070110701107011
947 0.08620689655172414 0.15463917525773196 0.11070110701107011
948 0.08620689655172414 0.15463917525773196 0.11070110701107011
949 0.08620689655172414 0.15463917525773196 0.11070110701107011
950 0.08571428571428572 0.15463917525773196 0.11029411764705882
951 0.08571428571428572 0.15463917525773196 0.11029411764705882
952 0.08522727272727272 0.15463917525773196 0.1098901098901099
953 0.08522727272727272 0.15463917525773196 0.1098901098901099
954 0.08522727272727272 0.15463917525773196 0.1098901098901099
955 0.08522727272727272 0.15463917525773196 0.1098901098901099
956 0.08522727272727272 0.15463917525773196 0.1098901098901099
957 0.08522727272727272 0.15463917525773196 0.1098901098901099
958 0.08522727272727272 0.15463917525773196 0.1098901098901099
959 0.0847457627118644 0.15463917525773196 0.10948905109489052
960 0.08426966292134831 0.15463917525773196 0.1090909090909091
961 0.08379888268156424 0.15463917525773196 0.10869565217391304
962 0.08333333333333333 0.15463917525773196 0.10830324909747292
963 0.08287292817679558 0.15463917525773196 0.1079136690647482
964 0.08287292817679558 0.15463917525773196 0.1079136690647482
965 0.08287292817679558 0.15463917525773196 0.1079136690647482
966 0.08287292817679558 0.15463917525773196 0.1079136690647482
967 0.08287292817679558 0.15463917525773196 0.1079136690647482
968 0.08241758241758242 0.15463917525773196 0.10752688172043011
969 0.08196721311475409 0.15463917525773196 0.10714285714285715
970 0.08152173913043478 0.15463917525773196 0.10676156583629894
971 0.08152173913043478 0.15463917525773196 0.10676156583629894
972 0.08152173913043478 0.15463917525773196 0.10676156583629894
973 0.08152173913043478 0.15463917525773196 0.10676156583629894
974 0.08152173913043478 0.15463917525773196 0.10676156583629894
975 0.08152173913043478 0.15463917525773196 0.10676156583629894
976 0.08108108108108109 0.15463917525773196 0.10638297872340426
977 0.08108108108108109 0.15463917525773196 0.10638297872340426
978 0.08108108108108109 0.15463917525773196 0.10638297872340426
979 0.08108108108108109 0.15463917525773196 0.10638297872340426
980 0.08108108108108109 0.15463917525773196 0.10638297872340426
981 0.08064516129032258 0.15463917525773196 0.10600706713780919
982 0.08064516129032258 0.15463917525773196 0.10600706713780919
983 0.08064516129032258 0.15463917525773196 0.10600706713780919
984 0.08064516129032258 0.15463917525773196 0.10600706713780919
985 0.08064516129032258 0.15463917525773196 0.10600706713780919
986 0.08064516129032258 0.15463917525773196 0.10600706713780919
987 0.08064516129032258 0.15463917525773196 0.10600706713780919
988 0.08021390374331551 0.15463917525773196 0.10563380281690142
989 0.08021390374331551 0.15463917525773196 0.10563380281690142
990 0.0797872340425532 0.15463917525773196 0.10526315789473685
991 0.07936507936507936 0.15463917525773196 0.1048951048951049
992 0.07894736842105263 0.15463917525773196 0.10452961672473866
993 0.07853403141361257 0.15463917525773196 0.10416666666666666
994 0.08333333333333333 0.16494845360824742 0.1107266435986159
995 0.08333333333333333 0.16494845360824742 0.1107266435986159
996 0.08333333333333333 0.16494845360824742 0.1107266435986159
997 0.08290155440414508 0.16494845360824742 0.11034482758620691
998 0.08290155440414508 0.16494845360824742 0.11034482758620691
999 0.08290155440414508 0.16494845360824742 0.11034482758620691
1000 0.08290155440414508 0.16494845360824742 0.11034482758620691
1001 0.08290155440414508 0.16494845360824742 0.11034482758620691
1002 0.08247422680412371 0.16494845360824742 0.1099656357388316
1003 0.08247422680412371 0.16494845360824742 0.1099656357388316
1004 0.08247422680412371 0.16494845360824742 0.1099656357388316
1005 0.08205128205128205 0.16494845360824742 0.1095890410958904
1006 0.08163265306122448 0.16494845360824742 0.1092150170648464
1007 0.08163265306122448 0.16494845360824742 0.1092150170648464
1008 0.08121827411167512 0.16494845360824742 0.10884353741496598
1009 0.08121827411167512 0.16494845360824742 0.10884353741496598
1010 0.08121827411167512 0.16494845360824742 0.10884353741496598
1011 0.08080808080808081 0.16494845360824742 0.10847457627118645
1012 0.08080808080808081 0.16494845360824742 0.10847457627118645
1013 0.08040201005025126 0.16494845360824742 0.10810810810810811
1014 0.08040201005025126 0.16494845360824742 0.10810810810810811
1015 0.08 0.16494845360824742 0.10774410774410775
1016 0.07960199004975124 0.16494845360824742 0.10738255033557047
1017 0.07960199004975124 0.16494845360824742 0.10738255033557047
1018 0.07920792079207921 0.16494845360824742 0.10702341137123747
1019 0.07920792079207921 0.16494845360824742 0.10702341137123747
1020 0.07920792079207921 0.16494845360824742 0.10702341137123747
1021 0.07881773399014778 0.16494845360824742 0.10666666666666667
1022 0.07881773399014778 0.16494845360824742 0.10666666666666667
1023 0.07881773399014778 0.16494845360824742 0.10666666666666667
1024 0.07881773399014778 0.16494845360824742 0.10666666666666667
1025 0.0784313725490196 0.16494845360824742 0.10631229235880398
1026 0.0784313725490196 0.16494845360824742 0.10631229235880398
1027 0.07804878048780488 0.16494845360824742 0.10596026490066227
1028 0.07804878048780488 0.16494845360824742 0.10596026490066227
1029 0.07766990291262135 0.16494845360824742 0.1056105610561056
1030 0.07729468599033816 0.16494845360824742 0.10526315789473685
1031 0.07692307692307693 0.16494845360824742 0.10491803278688525
1032 0.07692307692307693 0.16494845360824742 0.10491803278688525
1033 0.07692307692307693 0.16494845360824742 0.10491803278688525
1034 0.07655502392344497 0.16494845360824742 0.10457516339869281
1035 0.07655502392344497 0.16494845360824742 0.10457516339869281
1036 0.07655502392344497 0.16494845360824742 0.10457516339869281
1037 0.0761904761904762 0.16494845360824742 0.10423452768729642
1038 0.07582938388625593 0.16494845360824742 0.1038961038961039
1039 0.07547169811320754 0.16494845360824742 0.1035598705501618
1040 0.07511737089201878 0.16494845360824742 0.10322580645161292
1041 0.08796296296296297 0.1958762886597938 0.12140575079872204
1042 0.08796296296296297 0.1958762886597938 0.12140575079872204
1043 0.08755760368663594 0.1958762886597938 0.12101910828025476
1044 0.08755760368663594 0.1958762886597938 0.12101910828025476
1045 0.08755760368663594 0.1958762886597938 0.12101910828025476
1046 0.0871559633027523 0.1958762886597938 0.12063492063492064
1047 0.0871559633027523 0.1958762886597938 0.12063492063492064
1048 0.0871559633027523 0.1958762886597938 0.12063492063492064
1049 0.0871559633027523 0.1958762886597938 0.12063492063492064
1050 0.0871559633027523 0.1958762886597938 0.12063492063492064
1051 0.0871559633027523 0.1958762886597938 0.12063492063492064
1052 0.0867579908675799 0.1958762886597938 0.12025316455696201
1053 0.08636363636363636 0.1958762886597938 0.11987381703470029
1054 0.08636363636363636 0.1958762886597938 0.11987381703470029
1055 0.08636363636363636 0.1958762886597938 0.11987381703470029
1056 0.08597285067873303 0.1958762886597938 0.11949685534591195
1057 0.08597285067873303 0.1958762886597938 0.11949685534591195
1058 0.08597285067873303 0.1958762886597938 0.11949685534591195
1059 0.08597285067873303 0.1958762886597938 0.11949685534591195
1060 0.08558558558558559 0.1958762886597938 0.11912225705329155
1061 0.08558558558558559 0.1958762886597938 0.11912225705329155
1062 0.08520179372197309 0.1958762886597938 0.11875
1063 0.08520179372197309 0.1958762886597938 0.11875
1064 0.08482142857142858 0.1958762886597938 0.11838006230529595
1065 0.08444444444444445 0.1958762886597938 0.11801242236024845
1066 0.08444444444444445 0.1958762886597938 0.11801242236024845
1067 0.084070796460177 0.1958762886597938 0.11764705882352942
1068 0.084070796460177 0.1958762886597938 0.11764705882352942
1069 0.084070796460177 0.1958762886597938 0.11764705882352942
1070 0.08370044052863436 0.1958762886597938 0.11728395061728393
1071 0.08333333333333333 0.1958762886597938 0.11692307692307691
1072 0.08333333333333333 0.1958762886597938 0.11692307692307691
1073 0.08296943231441048 0.1958762886597938 0.1165644171779141
1074 0.08296943231441048 0.1958762886597938 0.1165644171779141
1075 0.08296943231441048 0.1958762886597938 0.1165644171779141
1076 0.08296943231441048 0.1958762886597938 0.1165644171779141
1077 0.08296943231441048 0.1958762886597938 0.1165644171779141
1078 0.08260869565217391 0.1958762886597938 0.1162079510703364
1079 0.08260869565217391 0.1958762886597938 0.1162079510703364
1080 0.08260869565217391 0.1958762886597938 0.1162079510703364
1081 0.08225108225108226 0.1958762886597938 0.11585365853658537
1082 0.08189655172413793 0.1958762886597938 0.1155015197568389
1083 0.0815450643776824 0.1958762886597938 0.11515151515151514
1084 0.0811965811965812 0.1958762886597938 0.11480362537764349
1085 0.08085106382978724 0.1958762886597938 0.11445783132530121
1086 0.08050847457627118 0.1958762886597938 0.1141141141141141
1087 0.08016877637130802 0.1958762886597938 0.11377245508982038
1088 0.07983193277310924 0.1958762886597938 0.11343283582089551
1089 0.07983193277310924 0.1958762886597938 0.11343283582089551
1090 0.07983193277310924 0.1958762886597938 0.11343283582089551
1091 0.0794979079497908 0.1958762886597938 0.11309523809523808
1092 0.07916666666666666 0.1958762886597938 0.11275964391691393
1093 0.07883817427385892 0.1958762886597938 0.11242603550295856
1094 0.07883817427385892 0.1958762886597938 0.11242603550295856
1095 0.07883817427385892 0.1958762886597938 0.11242603550295856
1096 0.07851239669421488 0.1958762886597938 0.112094395280236
1097 0.07818930041152264 0.1958762886597938 0.11176470588235295
1098 0.07818930041152264 0.1958762886597938 0.11176470588235295
1099 0.0778688524590164 0.1958762886597938 0.11143695014662758
1100 0.0778688524590164 0.1958762886597938 0.11143695014662758
1101 0.0778688524590164 0.1958762886597938 0.11143695014662758
1102 0.0778688524590164 0.1958762886597938 0.11143695014662758
1103 0.0778688524590164 0.1958762886597938 0.11143695014662758
1104 0.0778688524590164 0.1958762886597938 0.11143695014662758
1105 0.0778688524590164 0.1958762886597938 0.11143695014662758
1106 0.07755102040816327 0.1958762886597938 0.1111111111111111
1107 0.07755102040816327 0.1958762886597938 0.1111111111111111
1108 0.07755102040816327 0.1958762886597938 0.1111111111111111
1109 0.07755102040816327 0.1958762886597938 0.1111111111111111
1110 0.07755102040816327 0.1958762886597938 0.1111111111111111
1111 0.07755102040816327 0.1958762886597938 0.1111111111111111
1112 0.07755102040816327 0.1958762886597938 0.1111111111111111
1113 0.07723577235772358 0.1958762886597938 0.11078717201166181
1114 0.07723577235772358 0.1958762886597938 0.11078717201166181
1115 0.07723577235772358 0.1958762886597938 0.11078717201166181
1116 0.07692307692307693 0.1958762886597938 0.11046511627906976
1117 0.07661290322580645 0.1958762886597938 0.11014492753623188
1118 0.07630522088353414 0.1958762886597938 0.10982658959537572
1119 0.08 0.20618556701030927 0.11527377521613832
1120 0.0796812749003984 0.20618556701030927 0.1149425287356322
1121 0.0796812749003984 0.20618556701030927 0.1149425287356322
1122 0.07936507936507936 0.20618556701030927 0.1146131805157593
1123 0.07905138339920949 0.20618556701030927 0.1142857142857143
1124 0.07874015748031496 0.20618556701030927 0.11396011396011395
1125 0.0784313725490196 0.20618556701030927 0.11363636363636363
1126 0.078125 0.20618556701030927 0.11331444759206798
1127 0.078125 0.20618556701030927 0.11331444759206798
1128 0.07782101167315175 0.20618556701030927 0.11299435028248588
1129 0.07751937984496124 0.20618556701030927 0.11267605633802817
1130 0.07751937984496124 0.20618556701030927 0.11267605633802817
1131 0.07722007722007722 0.20618556701030927 0.11235955056179774
1132 0.07692307692307693 0.20618556701030927 0.11204481792717086
1133 0.07662835249042145 0.20618556701030927 0.11173184357541899
1134 0.07662835249042145 0.20618556701030927 0.11173184357541899
1135 0.07633587786259542 0.20618556701030927 0.11142061281337047
1136 0.07604562737642585 0.20618556701030927 0.11111111111111112
1137 0.07575757575757576 0.20618556701030927 0.11080332409972299
1138 0.07575757575757576 0.20618556701030927 0.11080332409972299
1139 0.07547169811320754 0.20618556701030927 0.11049723756906078
1140 0.07547169811320754 0.20618556701030927 0.11049723756906078
1141 0.07547169811320754 0.20618556701030927 0.11049723756906078
1142 0.07547169811320754 0.20618556701030927 0.11049723756906078
1143 0.07518796992481203 0.20618556701030927 0.11019283746556473
1144 0.0749063670411985 0.20618556701030927 0.10989010989010989
1145 0.07462686567164178 0.20618556701030927 0.1095890410958904
1146 0.07434944237918216 0.20618556701030927 0.1092896174863388
1147 0.07407407407407407 0.20618556701030927 0.10899182561307902
1148 0.07380073800738007 0.20618556701030927 0.10869565217391304
1149 0.07380073800738007 0.20618556701030927 0.10869565217391304
1150 0.07380073800738007 0.20618556701030927 0.10869565217391304
1151 0.07380073800738007 0.20618556701030927 0.10869565217391304
1152 0.07352941176470588 0.20618556701030927 0.1084010840108401
1153 0.07352941176470588 0.20618556701030927 0.1084010840108401
1154 0.07326007326007326 0.20618556701030927 0.1081081081081081
1155 0.072992700729927 0.20618556701030927 0.1078167115902965
1156 0.07272727272727272 0.20618556701030927 0.10752688172043011
1157 0.07246376811594203 0.20618556701030927 0.10723860589812334
1158 0.07220216606498195 0.20618556701030927 0.10695187165775402
1159 0.07194244604316546 0.20618556701030927 0.10666666666666666
1160 0.07168458781362007 0.20618556701030927 0.10638297872340426
1161 0.07142857142857142 0.20618556701030927 0.10610079575596815
1162 0.0711743772241993 0.20618556701030927 0.10582010582010583
1163 0.07092198581560284 0.20618556701030927 0.10554089709762533
1164 0.0706713780918728 0.20618556701030927 0.10526315789473684
1165 0.07042253521126761 0.20618556701030927 0.10498687664041995
1166 0.07017543859649122 0.20618556701030927 0.10471204188481675
1167 0.06993006993006994 0.20618556701030927 0.10443864229765014
1168 0.06968641114982578 0.20618556701030927 0.10416666666666666
1169 0.06944444444444445 0.20618556701030927 0.10389610389610389
1170 0.06920415224913495 0.20618556701030927 0.10362694300518135
1171 0.06896551724137931 0.20618556701030927 0.103359173126615
1172 0.06872852233676977 0.20618556701030927 0.10309278350515463
1173 0.0684931506849315 0.20618556701030927 0.10282776349614395
1174 0.06825938566552901 0.20618556701030927 0.10256410256410256
1175 0.06802721088435375 0.20618556701030927 0.10230179028132992
1176 0.06779661016949153 0.20618556701030927 0.10204081632653061
1177 0.06756756756756757 0.20618556701030927 0.10178117048346055
1178 0.06734006734006734 0.20618556701030927 0.10152284263959392
1179 0.06711409395973154 0.20618556701030927 0.10126582278481013
1180 0.06688963210702341 0.20618556701030927 0.101010101010101
1181 0.06666666666666667 0.20618556701030927 0.10075566750629723
1182 0.0664451827242525 0.20618556701030927 0.10050251256281408
1183 0.06622516556291391 0.20618556701030927 0.10025062656641605
1184 0.066006600660066 0.20618556701030927 0.1
1185 0.06578947368421052 0.20618556701030927 0.09975062344139651
1186 0.06557377049180328 0.20618556701030927 0.09950248756218905
1187 0.06535947712418301 0.20618556701030927 0.09925558312655088
1188 0.06514657980456026 0.20618556701030927 0.09900990099009901
1189 0.06493506493506493 0.20618556701030927 0.09876543209876544
1190 0.06472491909385113 0.20618556701030927 0.0985221674876847
1191 0.06451612903225806 0.20618556701030927 0.09828009828009827
1192 0.06430868167202572 0.20618556701030927 0.09803921568627451
1193 0.0641025641025641 0.20618556701030927 0.09779951100244498
1194 0.06389776357827476 0.20618556701030927 0.09756097560975609
1195 0.06369426751592357 0.20618556701030927 0.09732360097323602
1196 0.06349206349206349 0.20618556701030927 0.0970873786407767
1197 0.06329113924050633 0.20618556701030927 0.09685230024213076
1198 0.06309148264984227 0.20618556701030927 0.0966183574879227
1199 0.06289308176100629 0.20618556701030927 0.0963855421686747
1200 0.06269592476489028 0.20618556701030927 0.09615384615384615
1201 0.0625 0.20618556701030927 0.09592326139088729
1202 0.06230529595015576 0.20618556701030927 0.09569377990430622
1203 0.062111801242236024 0.20618556701030927 0.0954653937947494
1204 0.06191950464396285 0.20618556701030927 0.09523809523809523
1205 0.06172839506172839 0.20618556701030927 0.09501187648456057
1206 0.06153846153846154 0.20618556701030927 0.09478672985781991
1207 0.06134969325153374 0.20618556701030927 0.09456264775413711
1208 0.06116207951070336 0.20618556701030927 0.09433962264150943
1209 0.06097560975609756 0.20618556701030927 0.09411764705882353
1210 0.060790273556231005 0.20618556701030927 0.09389671361502347
1211 0.06060606060606061 0.20618556701030927 0.09367681498829039
1212 0.06042296072507553 0.20618556701030927 0.09345794392523366
1213 0.060240963855421686 0.20618556701030927 0.09324009324009322
1214 0.06006006006006006 0.20618556701030927 0.09302325581395349
1215 0.059880239520958084 0.20618556701030927 0.09280742459396753
1216 0.05970149253731343 0.20618556701030927 0.09259259259259259
1217 0.05952380952380952 0.20618556701030927 0.09237875288683602
1218 0.05934718100890208 0.20618556701030927 0.09216589861751152
1219 0.05917159763313609 0.20618556701030927 0.09195402298850573
1220 0.058997050147492625 0.20618556701030927 0.09174311926605505
1221 0.058823529411764705 0.20618556701030927 0.09153318077803202
1222 0.05865102639296188 0.20618556701030927 0.09132420091324202
1223 0.05847953216374269 0.20618556701030927 0.09111617312072892
1224 0.05830903790087463 0.20618556701030927 0.09090909090909088
1225 0.05813953488372093 0.20618556701030927 0.09070294784580499
1226 0.057971014492753624 0.20618556701030927 0.0904977375565611
1227 0.057803468208092484 0.20618556701030927 0.09029345372460496
1228 0.05763688760806916 0.20618556701030927 0.09009009009009009
1229 0.05747126436781609 0.20618556701030927 0.0898876404494382
1230 0.05730659025787966 0.20618556701030927 0.08968609865470852
1231 0.05714285714285714 0.20618556701030927 0.08948545861297538
1232 0.05698005698005698 0.20618556701030927 0.08928571428571429
1233 0.056818181818181816 0.20618556701030927 0.08908685968819598
1234 0.056657223796033995 0.20618556701030927 0.08888888888888889
1235 0.05649717514124294 0.20618556701030927 0.08869179600886919
1236 0.056338028169014086 0.20618556701030927 0.08849557522123894
1237 0.056179775280898875 0.20618556701030927 0.08830022075055188
1238 0.056022408963585436 0.20618556701030927 0.0881057268722467
1239 0.055865921787709494 0.20618556701030927 0.0879120879120879
1240 0.055710306406685235 0.20618556701030927 0.08771929824561403
1241 0.05555555555555555 0.20618556701030927 0.08752735229759301
1242 0.055401662049861494 0.20618556701030927 0.08733624454148473
1243 0.055248618784530384 0.20618556701030927 0.08714596949891067
1244 0.05509641873278237 0.20618556701030927 0.08695652173913043
1245 0.054945054945054944 0.20618556701030927 0.08676789587852496
1246 0.0547945205479452 0.20618556701030927 0.08658008658008658
1247 0.0546448087431694 0.20618556701030927 0.08639308855291576
1248 0.05449591280653951 0.20618556701030927 0.08620689655172414
1249 0.05434782608695652 0.20618556701030927 0.08602150537634408
1250 0.05420054200542006 0.20618556701030927 0.08583690987124463
1251 0.05405405405405406 0.20618556701030927 0.08565310492505354
1252 0.05390835579514825 0.20618556701030927 0.08547008547008547
1253 0.053763440860215055 0.20618556701030927 0.08528784648187633
1254 0.05361930294906166 0.20618556701030927 0.0851063829787234
1255 0.053475935828877004 0.20618556701030927 0.08492569002123142
1256 0.05333333333333334 0.20618556701030927 0.08474576271186442
1257 0.05319148936170213 0.20618556701030927 0.08456659619450317
1258 0.05305039787798409 0.20618556701030927 0.08438818565400844
1259 0.05291005291005291 0.20618556701030927 0.08421052631578946
1260 0.052770448548812667 0.20618556701030927 0.08403361344537816
1261 0.05263157894736842 0.20618556701030927 0.08385744234800838
1262 0.05249343832020997 0.20618556701030927 0.08368200836820083
1263 0.05235602094240838 0.20618556701030927 0.08350730688935282
1264 0.05221932114882506 0.20618556701030927 0.08333333333333333
1265 0.052083333333333336 0.20618556701030927 0.08316008316008316
1266 0.05194805194805195 0.20618556701030927 0.08298755186721993
1267 0.05181347150259067 0.20618556701030927 0.08281573498964802
1268 0.05167958656330749 0.20618556701030927 0.08264462809917354
1269 0.05154639175257732 0.20618556701030927 0.08247422680412371
1270 0.05141388174807198 0.20618556701030927 0.08230452674897118
1271 0.05384615384615385 0.21649484536082475 0.08624229979466118
1272 0.05370843989769821 0.21649484536082475 0.08606557377049182
1273 0.05357142857142857 0.21649484536082475 0.08588957055214724
1274 0.05343511450381679 0.21649484536082475 0.08571428571428572
1275 0.0532994923857868 0.21649484536082475 0.08553971486761712
1276 0.0532994923857868 0.21649484536082475 0.08553971486761712
1277 0.053164556962025315 0.21649484536082475 0.08536585365853658
1278 0.05303030303030303 0.21649484536082475 0.08519269776876268
1279 0.05289672544080604 0.21649484536082475 0.08502024291497975
1280 0.052763819095477386 0.21649484536082475 0.08484848484848484
1281 0.05263157894736842 0.21649484536082475 0.0846774193548387
1282 0.0525 0.21649484536082475 0.08450704225352113
1283 0.05236907730673317 0.21649484536082475 0.08433734939759036
1284 0.05223880597014925 0.21649484536082475 0.0841683366733467
1285 0.052109181141439205 0.21649484536082475 0.084
1286 0.05198019801980198 0.21649484536082475 0.08383233532934133
1287 0.05185185185185185 0.21649484536082475 0.08366533864541832
1288 0.05172413793103448 0.21649484536082475 0.08349900596421471
1289 0.05172413793103448 0.21649484536082475 0.08349900596421471
1290 0.051597051597051594 0.21649484536082475 0.08333333333333333
1291 0.051470588235294115 0.21649484536082475 0.08316831683168317
1292 0.05134474327628362 0.21649484536082475 0.08300395256916995
1293 0.05121951219512195 0.21649484536082475 0.08284023668639053
1294 0.051094890510948905 0.21649484536082475 0.0826771653543307
1295 0.050970873786407765 0.21649484536082475 0.0825147347740668
1296 0.05084745762711865 0.21649484536082475 0.0823529411764706
1297 0.050724637681159424 0.21649484536082475 0.08219178082191782
1298 0.050724637681159424 0.21649484536082475 0.08219178082191782
1299 0.05060240963855422 0.21649484536082475 0.08203125
1300 0.05048076923076923 0.21649484536082475 0.08187134502923978
1301 0.05048076923076923 0.21649484536082475 0.08187134502923978
1302 0.050359712230215826 0.21649484536082475 0.08171206225680934
1303 0.050239234449760764 0.21649484536082475 0.08155339805825243
1304 0.050119331742243436 0.21649484536082475 0.08139534883720931
1305 0.05 0.21649484536082475 0.08123791102514508
1306 0.05 0.21649484536082475 0.08123791102514508
1307 0.05 0.21649484536082475 0.08123791102514508
1308 0.05 0.21649484536082475 0.08123791102514508
1309 0.0498812351543943 0.21649484536082475 0.08108108108108109
1310 0.04976303317535545 0.21649484536082475 0.08092485549132948
1311 0.04964539007092199 0.21649484536082475 0.08076923076923077
1312 0.049528301886792456 0.21649484536082475 0.08061420345489442
1313 0.04941176470588235 0.21649484536082475 0.08045977011494251
1314 0.04929577464788732 0.21649484536082475 0.08030592734225621
1315 0.04918032786885246 0.21649484536082475 0.0801526717557252
1316 0.04906542056074766 0.21649484536082475 0.08
1317 0.04895104895104895 0.21649484536082475 0.07984790874524715
1318 0.04883720930232558 0.21649484536082475 0.07969639468690701
1319 0.04883720930232558 0.21649484536082475 0.07969639468690701
1320 0.048723897911832945 0.21649484536082475 0.07954545454545453
1321 0.04861111111111111 0.21649484536082475 0.07939508506616258
1322 0.04849884526558892 0.21649484536082475 0.07924528301886793
1323 0.04838709677419355 0.21649484536082475 0.0790960451977401
1324 0.04838709677419355 0.21649484536082475 0.0790960451977401
1325 0.04838709677419355 0.21649484536082475 0.0790960451977401
1326 0.04827586206896552 0.21649484536082475 0.07894736842105263
1327 0.04827586206896552 0.21649484536082475 0.07894736842105263
1328 0.0481651376146789 0.21649484536082475 0.07879924953095685
1329 0.04805491990846682 0.21649484536082475 0.07865168539325842
1330 0.04794520547945205 0.21649484536082475 0.07850467289719627
1331 0.04783599088838269 0.21649484536082475 0.07835820895522388
1332 0.04772727272727273 0.21649484536082475 0.0782122905027933
1333 0.047619047619047616 0.21649484536082475 0.07806691449814127
1334 0.04751131221719457 0.21649484536082475 0.07792207792207792
1335 0.04751131221719457 0.21649484536082475 0.07792207792207792
1336 0.04740406320541761 0.21649484536082475 0.07777777777777778
1337 0.0472972972972973 0.21649484536082475 0.07763401109057301
1338 0.0472972972972973 0.21649484536082475 0.07763401109057301
1339 0.04719101123595506 0.21649484536082475 0.07749077490774908
1340 0.04719101123595506 0.21649484536082475 0.07749077490774908
1341 0.04708520179372197 0.21649484536082475 0.07734806629834254
1342 0.04708520179372197 0.21649484536082475 0.07734806629834254
1343 0.04708520179372197 0.21649484536082475 0.07734806629834254
1344 0.04697986577181208 0.21649484536082475 0.07720588235294118
1345 0.046875 0.21649484536082475 0.07706422018348624
1346 0.0467706013363029 0.21649484536082475 0.07692307692307693
1347 0.04666666666666667 0.21649484536082475 0.07678244972577697
1348 0.04656319290465632 0.21649484536082475 0.07664233576642336
1349 0.046460176991150445 0.21649484536082475 0.07650273224043716
1350 0.046460176991150445 0.21649484536082475 0.07650273224043716
1351 0.046357615894039736 0.21649484536082475 0.07636363636363637
1352 0.046255506607929514 0.21649484536082475 0.0762250453720508
1353 0.046153846153846156 0.21649484536082475 0.07608695652173914
1354 0.046153846153846156 0.21649484536082475 0.07608695652173914
1355 0.046052631578947366 0.21649484536082475 0.0759493670886076
1356 0.045951859956236324 0.21649484536082475 0.07581227436823106
1357 0.045951859956236324 0.21649484536082475 0.07581227436823106
1358 0.045951859956236324 0.21649484536082475 0.07581227436823106
1359 0.045951859956236324 0.21649484536082475 0.07581227436823106
1360 0.04585152838427948 0.21649484536082475 0.07567567567567568
1361 0.0457516339869281 0.21649484536082475 0.07553956834532373
1362 0.04565217391304348 0.21649484536082475 0.07540394973070018
1363 0.04565217391304348 0.21649484536082475 0.07540394973070018
1364 0.0455531453362256 0.21649484536082475 0.07526881720430106
1365 0.045454545454545456 0.21649484536082475 0.07513416815742398
1366 0.04535637149028078 0.21649484536082475 0.075
1367 0.04525862068965517 0.21649484536082475 0.0748663101604278
1368 0.04516129032258064 0.21649484536082475 0.07473309608540925
1369 0.04516129032258064 0.21649484536082475 0.07473309608540925
1370 0.045064377682403435 0.21649484536082475 0.07460035523978685
1371 0.044967880085653104 0.21649484536082475 0.07446808510638298
1372 0.044967880085653104 0.21649484536082475 0.07446808510638298
1373 0.04487179487179487 0.21649484536082475 0.0743362831858407
1374 0.04477611940298507 0.21649484536082475 0.07420494699646642
1375 0.04468085106382979 0.21649484536082475 0.07407407407407408
1376 0.04670912951167728 0.2268041237113402 0.07746478873239435
1377 0.046610169491525424 0.2268041237113402 0.0773286467486819
1378 0.046511627906976744 0.2268041237113402 0.07719298245614035
1379 0.046511627906976744 0.2268041237113402 0.07719298245614035
1380 0.046413502109704644 0.2268041237113402 0.07705779334500876
1381 0.046413502109704644 0.2268041237113402 0.07705779334500876
1382 0.04631578947368421 0.2268041237113402 0.07692307692307693
1383 0.04631578947368421 0.2268041237113402 0.07692307692307693
1384 0.046218487394957986 0.2268041237113402 0.07678883071553229
1385 0.04612159329140461 0.2268041237113402 0.07665505226480836
1386 0.04612159329140461 0.2268041237113402 0.07665505226480836
1387 0.04612159329140461 0.2268041237113402 0.07665505226480836
1388 0.04602510460251046 0.2268041237113402 0.0765217391304348
1389 0.04602510460251046 0.2268041237113402 0.0765217391304348
1390 0.04592901878914405 0.2268041237113402 0.07638888888888888
1391 0.04583333333333333 0.2268041237113402 0.07625649913344888
1392 0.04583333333333333 0.2268041237113402 0.07625649913344888
1393 0.04583333333333333 0.2268041237113402 0.07625649913344888
1394 0.04583333333333333 0.2268041237113402 0.07625649913344888
1395 0.04573804573804574 0.2268041237113402 0.07612456747404844
1396 0.04564315352697095 0.2268041237113402 0.07599309153713299
1397 0.04564315352697095 0.2268041237113402 0.07599309153713299
1398 0.045548654244306416 0.2268041237113402 0.07586206896551724
1399 0.045454545454545456 0.2268041237113402 0.0757314974182444
1400 0.04536082474226804 0.2268041237113402 0.07560137457044673
1401 0.04526748971193416 0.2268041237113402 0.07547169811320756
1402 0.045174537987679675 0.2268041237113402 0.07534246575342467
1403 0.045081967213114756 0.2268041237113402 0.07521367521367521
1404 0.044989775051124746 0.2268041237113402 0.07508532423208192
1405 0.044897959183673466 0.2268041237113402 0.07495741056218057
1406 0.044897959183673466 0.2268041237113402 0.07495741056218057
1407 0.04480651731160896 0.2268041237113402 0.0748299319727891
1408 0.04480651731160896 0.2268041237113402 0.0748299319727891
1409 0.044715447154471545 0.2268041237113402 0.07470288624787776
1410 0.04462474645030426 0.2268041237113402 0.07457627118644067
1411 0.044534412955465584 0.2268041237113402 0.07445008460236886
1412 0.044444444444444446 0.2268041237113402 0.07432432432432433
1413 0.044444444444444446 0.2268041237113402 0.07432432432432433
1414 0.04435483870967742 0.2268041237113402 0.07419898819561552
1415 0.04435483870967742 0.2268041237113402 0.07419898819561552
1416 0.04435483870967742 0.2268041237113402 0.07419898819561552
1417 0.04426559356136821 0.2268041237113402 0.07407407407407407
1418 0.04417670682730924 0.2268041237113402 0.07394957983193276
1419 0.04408817635270541 0.2268041237113402 0.07382550335570469
1420 0.044 0.2268041237113402 0.07370184254606364
1421 0.043912175648702596 0.2268041237113402 0.07357859531772575
1422 0.043824701195219126 0.2268041237113402 0.07345575959933223
1423 0.0437375745526839 0.2268041237113402 0.07333333333333335
1424 0.04365079365079365 0.2268041237113402 0.07321131447587355
1425 0.04365079365079365 0.2268041237113402 0.07321131447587355
1426 0.04365079365079365 0.2268041237113402 0.07321131447587355
1427 0.04356435643564356 0.2268041237113402 0.07308970099667773
1428 0.04356435643564356 0.2268041237113402 0.07308970099667773
1429 0.043478260869565216 0.2268041237113402 0.07296849087893864
1430 0.04339250493096647 0.2268041237113402 0.07284768211920531
1431 0.04330708661417323 0.2268041237113402 0.07272727272727272
1432 0.043222003929273084 0.2268041237113402 0.07260726072607261
1433 0.043222003929273084 0.2268041237113402 0.07260726072607261
1434 0.043137254901960784 0.2268041237113402 0.07248764415156508
1435 0.043052837573385516 0.2268041237113402 0.07236842105263158
1436 0.04296875 0.2268041237113402 0.07224958949096881
1437 0.042884990253411304 0.2268041237113402 0.07213114754098361
1438 0.042884990253411304 0.2268041237113402 0.07213114754098361
1439 0.042801556420233464 0.2268041237113402 0.07201309328968904
1440 0.04271844660194175 0.2268041237113402 0.0718954248366013
1441 0.04263565891472868 0.2268041237113402 0.07177814029363785
1442 0.0425531914893617 0.2268041237113402 0.07166123778501629
1443 0.04247104247104247 0.2268041237113402 0.07154471544715447
1444 0.04238921001926782 0.2268041237113402 0.07142857142857142
1445 0.04230769230769231 0.2268041237113402 0.0713128038897893
1446 0.04230769230769231 0.2268041237113402 0.0713128038897893
1447 0.04222648752399232 0.2268041237113402 0.07119741100323625
1448 0.0421455938697318 0.2268041237113402 0.07108239095315025
1449 0.04206500956022945 0.2268041237113402 0.07096774193548387
1450 0.04198473282442748 0.2268041237113402 0.07085346215781
1451 0.0419047619047619 0.2268041237113402 0.07073954983922828
1452 0.04182509505703422 0.2268041237113402 0.07062600321027288
1453 0.04174573055028463 0.2268041237113402 0.07051282051282053
1454 0.04174573055028463 0.2268041237113402 0.07051282051282053
1455 0.041666666666666664 0.2268041237113402 0.0704
1456 0.04158790170132325 0.2268041237113402 0.07028753993610225
1457 0.04150943396226415 0.2268041237113402 0.07017543859649122
1458 0.04143126177024482 0.2268041237113402 0.07006369426751592
1459 0.041353383458646614 0.2268041237113402 0.06995230524642289
1460 0.04127579737335835 0.2268041237113402 0.06984126984126983
1461 0.04127579737335835 0.2268041237113402 0.06984126984126983
1462 0.04119850187265917 0.2268041237113402 0.06973058637083993
1463 0.041121495327102804 0.2268041237113402 0.06962025316455696
1464 0.041044776119402986 0.2268041237113402 0.06951026856240128
1465 0.040968342644320296 0.2268041237113402 0.0694006309148265
1466 0.040892193308550186 0.2268041237113402 0.06929133858267716
1467 0.04081632653061224 0.2268041237113402 0.0691823899371069
1468 0.040740740740740744 0.2268041237113402 0.06907378335949765
1469 0.04066543438077634 0.2268041237113402 0.06896551724137931
1470 0.04059040590405904 0.2268041237113402 0.06885758998435054
1471 0.040515653775322284 0.2268041237113402 0.06875
1472 0.04044117647058824 0.2268041237113402 0.0686427457098284
1473 0.04036697247706422 0.2268041237113402 0.06853582554517135
1474 0.04036697247706422 0.2268041237113402 0.06853582554517135
1475 0.040293040293040296 0.2268041237113402 0.06842923794712287
1476 0.04021937842778794 0.2268041237113402 0.06832298136645963
1477 0.040145985401459854 0.2268041237113402 0.06821705426356589
1478 0.04007285974499089 0.2268041237113402 0.06811145510835913
1479 0.04 0.2268041237113402 0.06800618238021638
1480 0.039927404718693285 0.2268041237113402 0.06790123456790123
1481 0.03985507246376811 0.2268041237113402 0.06779661016949153
1482 0.039783001808318265 0.2268041237113402 0.0676923076923077
1483 0.039711191335740074 0.2268041237113402 0.06758832565284179
1484 0.03963963963963964 0.2268041237113402 0.06748466257668712
1485 0.039568345323741004 0.2268041237113402 0.0673813169984686
1486 0.03949730700179533 0.2268041237113402 0.0672782874617737
1487 0.03942652329749104 0.2268041237113402 0.06717557251908396
1488 0.03935599284436494 0.2268041237113402 0.06707317073170732
1489 0.039285714285714285 0.2268041237113402 0.0669710806697108
1490 0.0392156862745098 0.2268041237113402 0.0668693009118541
1491 0.03914590747330961 0.2268041237113402 0.06676783004552352
1492 0.03907637655417407 0.2268041237113402 0.06666666666666667
1493 0.03900709219858156 0.2268041237113402 0.06656580937972768
1494 0.03893805309734513 0.2268041237113402 0.06646525679758308
1495 0.038869257950530034 0.2268041237113402 0.06636500754147813
1496 0.03880070546737213 0.2268041237113402 0.06626506024096386
1497 0.03873239436619718 0.2268041237113402 0.0661654135338346
1498 0.03866432337434095 0.2268041237113402 0.06606606606606606
1499 0.03859649122807018 0.2268041237113402 0.06596701649175413
1500 0.03852889667250438 0.2268041237113402 0.06586826347305388
1501 0.038461538461538464 0.2268041237113402 0.06576980568011959
1502 0.038394415357766144 0.2268041237113402 0.06567164179104477
1503 0.03832752613240418 0.2268041237113402 0.06557377049180327
1504 0.03826086956521739 0.2268041237113402 0.06547619047619048
1505 0.03819444444444445 0.2268041237113402 0.06537890044576523
1506 0.038128249566724434 0.2268041237113402 0.06528189910979229
1507 0.03806228373702422 0.2268041237113402 0.0651851851851852
1508 0.037996545768566495 0.2268041237113402 0.0650887573964497
1509 0.037996545768566495 0.2268041237113402 0.0650887573964497
1510 0.03793103448275862 0.2268041237113402 0.06499261447562776
1511 0.0378657487091222 0.2268041237113402 0.06489675516224189
1512 0.037800687285223365 0.2268041237113402 0.06480117820324005
1513 0.03773584905660377 0.2268041237113402 0.06470588235294117
1514 0.03767123287671233 0.2268041237113402 0.06461086637298091
1515 0.037606837606837605 0.2268041237113402 0.06451612903225806
1516 0.037606837606837605 0.2268041237113402 0.06451612903225806
1517 0.03754266211604096 0.2268041237113402 0.06442166910688142
1518 0.03747870528109029 0.2268041237113402 0.06432748538011697
1519 0.03741496598639456 0.2268041237113402 0.06423357664233577
1520 0.03741496598639456 0.2268041237113402 0.06423357664233577
1521 0.03735144312393888 0.2268041237113402 0.0641399416909621
1522 0.03728813559322034 0.2268041237113402 0.06404657933042213
1523 0.03722504230118443 0.2268041237113402 0.06395348837209301
1524 0.037162162162162164 0.2268041237113402 0.06386066763425255
1525 0.037162162162162164 0.2268041237113402 0.06386066763425255
1526 0.03709949409780776 0.2268041237113402 0.06376811594202898
1527 0.037037037037037035 0.2268041237113402 0.06367583212735164
1528 0.03697478991596639 0.2268041237113402 0.06358381502890173
1529 0.03691275167785235 0.2268041237113402 0.0634920634920635
1530 0.03691275167785235 0.2268041237113402 0.0634920634920635
1531 0.03685092127303183 0.2268041237113402 0.06340057636887608
1532 0.03678929765886288 0.2268041237113402 0.06330935251798563
1533 0.03672787979966611 0.2268041237113402 0.06321839080459771
1534 0.03666666666666667 0.2268041237113402 0.06312769010043043
1535 0.036605657237936774 0.2268041237113402 0.06303724928366762
1536 0.036544850498338874 0.2268041237113402 0.06294706723891275
1537 0.03648424543946932 0.2268041237113402 0.06285714285714285
1538 0.03642384105960265 0.2268041237113402 0.06276747503566334
1539 0.03636363636363636 0.2268041237113402 0.06267806267806268
1540 0.036303630363036306 0.2268041237113402 0.06258890469416785
1541 0.036243822075782535 0.2268041237113402 0.062499999999999986
1542 0.03618421052631579 0.2268041237113402 0.0624113475177305
1543 0.0361247947454844 0.2268041237113402 0.06232294617563739
1544 0.036065573770491806 0.2268041237113402 0.06223479490806224
1545 0.03600654664484452 0.2268041237113402 0.062146892655367235
1546 0.03594771241830065 0.2268041237113402 0.062059238363892794
1547 0.03588907014681892 0.2268041237113402 0.06197183098591549
1548 0.035830618892508145 0.2268041237113402 0.06188466947960619
1549 0.03577235772357724 0.2268041237113402 0.06179775280898876
1550 0.03571428571428571 0.2268041237113402 0.06171107994389901
1551 0.03565640194489465 0.2268041237113402 0.06162464985994398
1552 0.03559870550161812 0.2268041237113402 0.061538461538461535
1553 0.035541195476575124 0.2268041237113402 0.06145251396648046
1554 0.035483870967741936 0.2268041237113402 0.06136680613668062
1555 0.03542673107890499 0.2268041237113402 0.06128133704735376
1556 0.03536977491961415 0.2268041237113402 0.061196105702364396
1557 0.03531300160513644 0.2268041237113402 0.061111111111111116
1558 0.035256410256410256 0.2268041237113402 0.061026352288488205
1559 0.0352 0.2268041237113402 0.060941828254847646
1560 0.03514376996805112 0.2268041237113402 0.06085753803596128
1561 0.03508771929824561 0.2268041237113402 0.06077348066298343
1562 0.03503184713375796 0.2268041237113402 0.06068965517241379
1563 0.034976152623211444 0.2268041237113402 0.0606060606060606
1564 0.03492063492063492 0.2268041237113402 0.06052269601100412
1565 0.03486529318541997 0.2268041237113402 0.06043956043956044
1566 0.03481012658227848 0.2268041237113402 0.06035665294924555
