10 1.0 0.07216494845360824 0.1346153846153846
15 1.0 0.08247422680412371 0.1523809523809524
20 1.0 0.17525773195876287 0.2982456140350877
25 1.0 0.20618556701030927 0.3418803418803419
30 1.0 0.25773195876288657 0.40983606557377045
35 0.9666666666666667 0.29896907216494845 0.45669291338582674
40 0.9736842105263158 0.38144329896907214 0.548148148148148
45 0.9772727272727273 0.44329896907216493 0.6099290780141844
50 0.9607843137254902 0.5051546391752577 0.6621621621621621
55 0.9482758620689655 0.5670103092783505 0.7096774193548387
60 0.9354838709677419 0.5979381443298969 0.7295597484276729
65 0.9384615384615385 0.6288659793814433 0.7530864197530864
70 0.9117647058823529 0.6391752577319587 0.7515151515151515
75 0.9166666666666666 0.6804123711340206 0.7810650887573964
80 0.9178082191780822 0.6907216494845361 0.7882352941176471
85 0.92 0.711340206185567 0.8023255813953489
90 0.922077922077922 0.7319587628865979 0.8160919540229885
95 0.8987341772151899 0.7319587628865979 0.8068181818181818
100 0.8780487804878049 0.7422680412371134 0.8044692737430169
105 0.8588235294117647 0.7525773195876289 0.8021978021978021
110 0.8314606741573034 0.7628865979381443 0.7956989247311828
115 0.8020833333333334 0.7938144329896907 0.7979274611398963
120 0.7722772277227723 0.8041237113402062 0.787878787878788
125 0.75 0.8041237113402062 0.7761194029850748
130 0.7222222222222222 0.8041237113402062 0.7609756097560977
135 0.7027027027027027 0.8041237113402062 0.7499999999999999
140 0.6964285714285714 0.8041237113402062 0.7464114832535885
145 0.6956521739130435 0.8247422680412371 0.7547169811320755
150 0.6779661016949152 0.8247422680412371 0.7441860465116279
155 0.6585365853658537 0.8350515463917526 0.7363636363636364
160 0.6377952755905512 0.8350515463917526 0.7232142857142858
165 0.6136363636363636 0.8350515463917526 0.7074235807860262
170 0.5955882352941176 0.8350515463917526 0.6952789699570815
175 0.5827338129496403 0.8350515463917526 0.6864406779661018
180 0.5785714285714286 0.8350515463917526 0.6835443037974684
185 0.5704225352112676 0.8350515463917526 0.6778242677824268
190 0.5616438356164384 0.845360824742268 0.6748971193415637
195 0.56 0.865979381443299 0.6801619433198381
200 0.5454545454545454 0.865979381443299 0.6693227091633466
205 0.5379746835443038 0.8762886597938144 0.6666666666666666
210 0.53125 0.8762886597938144 0.6614785992217899
215 0.524390243902439 0.8865979381443299 0.6590038314176245
220 0.5180722891566265 0.8865979381443299 0.6539923954372623
225 0.5029239766081871 0.8865979381443299 0.6417910447761193
230 0.48863636363636365 0.8865979381443299 0.63003663003663
235 0.48044692737430167 0.8865979381443299 0.6231884057971014
240 0.4725274725274725 0.8865979381443299 0.6164874551971326
245 0.45989304812834225 0.8865979381443299 0.6056338028169014
250 0.455026455026455 0.8865979381443299 0.6013986013986015
255 0.44329896907216493 0.8865979381443299 0.5910652920962199
260 0.4365482233502538 0.8865979381443299 0.5850340136054422
265 0.42786069651741293 0.8865979381443299 0.5771812080536912
270 0.42574257425742573 0.8865979381443299 0.5752508361204014
275 0.41545893719806765 0.8865979381443299 0.5657894736842105
280 0.4056603773584906 0.8865979381443299 0.5566343042071197
285 0.39631336405529954 0.8865979381443299 0.5477707006369427
290 0.3891402714932127 0.8865979381443299 0.5408805031446541
295 0.38392857142857145 0.8865979381443299 0.5358255451713396
