10 0.3333333333333333 0.010309278350515464 0.02
15 0.25 0.010309278350515464 0.0198019801980198
20 0.25 0.020618556701030927 0.0380952380952381
25 0.45454545454545453 0.05154639175257732 0.09259259259259259
30 0.5 0.07216494845360824 0.12612612612612611
35 0.5 0.08247422680412371 0.1415929203539823
40 0.42105263157894735 0.08247422680412371 0.13793103448275862
45 0.42105263157894735 0.08247422680412371 0.13793103448275862
50 0.42105263157894735 0.08247422680412371 0.13793103448275862
55 0.4090909090909091 0.09278350515463918 0.1512605042016807
60 0.44 0.1134020618556701 0.18032786885245902
65 0.4827586206896552 0.14432989690721648 0.2222222222222222
70 0.4838709677419355 0.15463917525773196 0.234375
75 0.45454545454545453 0.15463917525773196 0.2307692307692308
80 0.47058823529411764 0.16494845360824742 0.24427480916030536
85 0.4444444444444444 0.16494845360824742 0.24060150375939848
90 0.43243243243243246 0.16494845360824742 0.23880597014925375
95 0.43243243243243246 0.16494845360824742 0.23880597014925375
100 0.42105263157894735 0.16494845360824742 0.23703703703703707
105 0.41025641025641024 0.16494845360824742 0.23529411764705882
110 0.3902439024390244 0.16494845360824742 0.2318840579710145
115 0.36363636363636365 0.16494845360824742 0.2269503546099291
120 0.35555555555555557 0.16494845360824742 0.22535211267605632
125 0.3617021276595745 0.17525773195876287 0.23611111111111108
130 0.3541666666666667 0.17525773195876287 0.23448275862068965
135 0.34 0.17525773195876287 0.23129251700680273
140 0.34545454545454546 0.1958762886597938 0.25
145 0.3620689655172414 0.21649484536082475 0.27096774193548384
150 0.3442622950819672 0.21649484536082475 0.26582278481012656
155 0.3333333333333333 0.21649484536082475 0.26249999999999996
160 0.3283582089552239 0.2268041237113402 0.2682926829268293
165 0.32857142857142857 0.23711340206185566 0.2754491017964072
170 0.3194444444444444 0.23711340206185566 0.272189349112426
175 0.3108108108108108 0.23711340206185566 0.26900584795321636
180 0.2987012987012987 0.23711340206185566 0.26436781609195403
185 0.2839506172839506 0.23711340206185566 0.25842696629213485
190 0.27380952380952384 0.23711340206185566 0.2541436464088398
195 0.26744186046511625 0.23711340206185566 0.2513661202185792
200 0.25555555555555554 0.23711340206185566 0.2459893048128342
205 0.25 0.23711340206185566 0.24338624338624337
210 0.25 0.24742268041237114 0.24870466321243523
215 0.25510204081632654 0.25773195876288657 0.2564102564102564
220 0.24752475247524752 0.25773195876288657 0.25252525252525254
225 0.24509803921568626 0.25773195876288657 0.2512562814070351
230 0.23809523809523808 0.25773195876288657 0.2475247524752475
235 0.23148148148148148 0.25773195876288657 0.2439024390243902
240 0.23214285714285715 0.26804123711340205 0.24880382775119617
245 0.22608695652173913 0.26804123711340205 0.24528301886792453
250 0.21666666666666667 0.26804123711340205 0.23963133640552997
255 0.21311475409836064 0.26804123711340205 0.2374429223744292
260 0.20634920634920634 0.26804123711340205 0.23318385650224216
265 0.2 0.26804123711340205 0.2290748898678414
270 0.2 0.27835051546391754 0.23275862068965517
275 0.19285714285714287 0.27835051546391754 0.2278481012658228
280 0.2108843537414966 0.31958762886597936 0.2540983606557377
285 0.20394736842105263 0.31958762886597936 0.24899598393574296
290 0.19745222929936307 0.31958762886597936 0.24409448818897642
295 0.19135802469135801 0.31958762886597936 0.23938223938223938
300 0.1927710843373494 0.32989690721649484 0.24334600760456276
305 0.2023121387283237 0.36082474226804123 0.2592592592592593
310 0.19662921348314608 0.36082474226804123 0.2545454545454546
315 0.1912568306010929 0.36082474226804123 0.24999999999999994
320 0.18617021276595744 0.36082474226804123 0.2456140350877193
325 0.18229166666666666 0.36082474226804123 0.2422145328719723
330 0.17857142857142858 0.36082474226804123 0.23890784982935157
335 0.17412935323383086 0.36082474226804123 0.2348993288590604
340 0.16990291262135923 0.36082474226804123 0.23102310231023104
345 0.16587677725118483 0.36082474226804123 0.22727272727272727
350 0.16203703703703703 0.36082474226804123 0.22364217252396165
355 0.1583710407239819 0.36082474226804123 0.22012578616352205
360 0.15486725663716813 0.36082474226804123 0.21671826625386997
365 0.15217391304347827 0.36082474226804123 0.21406727828746175
370 0.14957264957264957 0.36082474226804123 0.21148036253776434
375 0.14705882352941177 0.36082474226804123 0.20895522388059704
380 0.14522821576763487 0.36082474226804123 0.20710059171597633
385 0.14227642276422764 0.36082474226804123 0.20408163265306123
390 0.14 0.36082474226804123 0.2017291066282421
395 0.1422924901185771 0.3711340206185567 0.20571428571428568
400 0.13953488372093023 0.3711340206185567 0.20281690140845068
405 0.13688212927756654 0.3711340206185567 0.19999999999999998
410 0.13432835820895522 0.3711340206185567 0.19726027397260276
415 0.13186813186813187 0.3711340206185567 0.1945945945945946
