10 0.9 0.09278350515463918 0.16822429906542058
15 0.9411764705882353 0.16494845360824742 0.2807017543859649
20 0.9545454545454546 0.21649484536082475 0.3529411764705882
25 0.9642857142857143 0.27835051546391754 0.432
30 0.9411764705882353 0.32989690721649484 0.4885496183206107
35 0.926829268292683 0.3917525773195876 0.5507246376811594
40 0.9318181818181818 0.422680412371134 0.5815602836879433
45 0.9411764705882353 0.4948453608247423 0.6486486486486487
50 0.9464285714285714 0.5463917525773195 0.6928104575163397
55 0.9193548387096774 0.5876288659793815 0.7169811320754718
60 0.9242424242424242 0.6288659793814433 0.7484662576687117
65 0.927536231884058 0.6597938144329897 0.7710843373493975
70 0.9324324324324325 0.711340206185567 0.8070175438596491
75 0.9333333333333333 0.7216494845360825 0.8139534883720931
80 0.9342105263157895 0.7319587628865979 0.8208092485549132
85 0.9113924050632911 0.7422680412371134 0.8181818181818182
90 0.8780487804878049 0.7422680412371134 0.8044692737430169
95 0.8604651162790697 0.7628865979381443 0.8087431693989071
100 0.8426966292134831 0.7731958762886598 0.8064516129032259
105 0.8172043010752689 0.7835051546391752 0.8
110 0.7916666666666666 0.7835051546391752 0.7875647668393783
115 0.7745098039215687 0.8144329896907216 0.793969849246231
120 0.7452830188679245 0.8144329896907216 0.7783251231527093
125 0.7181818181818181 0.8144329896907216 0.7632850241545894
130 0.7117117117117117 0.8144329896907216 0.7596153846153846
135 0.7017543859649122 0.8247422680412371 0.7582938388625592
140 0.6779661016949152 0.8247422680412371 0.7441860465116279
145 0.6504065040650406 0.8247422680412371 0.7272727272727273
150 0.6377952755905512 0.8350515463917526 0.7232142857142858
155 0.6136363636363636 0.8350515463917526 0.7074235807860262
160 0.5912408759124088 0.8350515463917526 0.6923076923076923
165 0.5928571428571429 0.8556701030927835 0.70042194092827
170 0.5763888888888888 0.8556701030927835 0.6887966804979252
175 0.5608108108108109 0.8556701030927835 0.6775510204081633
180 0.5496688741721855 0.8556701030927835 0.6693548387096775
185 0.5454545454545454 0.865979381443299 0.6693227091633466
190 0.535031847133758 0.865979381443299 0.6614173228346457
195 0.5279503105590062 0.8762886597938144 0.6589147286821705
200 0.5182926829268293 0.8762886597938144 0.6513409961685824
205 0.5151515151515151 0.8762886597938144 0.648854961832061
210 0.5089820359281437 0.8762886597938144 0.643939393939394
215 0.49707602339181284 0.8762886597938144 0.6343283582089553
220 0.4885057471264368 0.8762886597938144 0.6273062730627307
225 0.48044692737430167 0.8865979381443299 0.6231884057971014
230 0.4725274725274725 0.8865979381443299 0.6164874551971326
235 0.46236559139784944 0.8865979381443299 0.6077738515901059
240 0.45263157894736844 0.8865979381443299 0.5993031358885017
245 0.441025641025641 0.8865979381443299 0.5890410958904109
250 0.43434343434343436 0.8865979381443299 0.5830508474576271
255 0.42786069651741293 0.8865979381443299 0.5771812080536912
260 0.4215686274509804 0.8865979381443299 0.5714285714285714
265 0.41545893719806765 0.8865979381443299 0.5657894736842105
270 0.4075829383886256 0.8865979381443299 0.5584415584415585
275 0.39814814814814814 0.8865979381443299 0.5495207667731629
280 0.39090909090909093 0.8865979381443299 0.5425867507886436
285 0.38392857142857145 0.8865979381443299 0.5358255451713396
290 0.37719298245614036 0.8865979381443299 0.5292307692307692
295 0.3706896551724138 0.8865979381443299 0.5227963525835867
300 0.3628691983122363 0.8865979381443299 0.5149700598802395
305 0.35684647302904565 0.8865979381443299 0.5088757396449703
310 0.3524590163934426 0.8865979381443299 0.504398826979472
315 0.3467741935483871 0.8865979381443299 0.49855072463768124
320 0.3412698412698413 0.8865979381443299 0.492836676217765
325 0.3346303501945525 0.8865979381443299 0.48587570621468923
330 0.32950191570881227 0.8865979381443299 0.4804469273743016
335 0.3233082706766917 0.8865979381443299 0.4738292011019284
340 0.3173431734317343 0.8865979381443299 0.46739130434782605
345 0.31272727272727274 0.8865979381443299 0.46236559139784944
350 0.30824372759856633 0.8865979381443299 0.45744680851063835
355 0.303886925795053 0.8865979381443299 0.4526315789473684
360 0.29965156794425085 0.8865979381443299 0.44791666666666663
365 0.296551724137931 0.8865979381443299 0.4444444444444444
370 0.29591836734693877 0.8969072164948454 0.44501278772378516
375 0.2939189189189189 0.8969072164948454 0.44274809160305345
380 0.2909698996655518 0.8969072164948454 0.43939393939393945
385 0.2871287128712871 0.8969072164948454 0.435
390 0.28338762214983715 0.8969072164948454 0.4306930693069307
395 0.2806451612903226 0.8969072164948454 0.4275184275184275
400 0.2779552715654952 0.8969072164948454 0.424390243902439
405 0.2761904761904762 0.8969072164948454 0.4223300970873787
410 0.2727272727272727 0.8969072164948454 0.4182692307692307
415 0.2701863354037267 0.8969072164948454 0.4152744630071599
