10 1.0 0.08247422680412371 0.1523809523809524
15 0.75 0.09278350515463918 0.1651376146788991
20 0.6666666666666666 0.12371134020618557 0.20869565217391306
25 0.6086956521739131 0.14432989690721648 0.23333333333333334
30 0.6 0.18556701030927836 0.28346456692913385
35 0.5714285714285714 0.20618556701030927 0.30303030303030304
40 0.5909090909090909 0.26804123711340205 0.36879432624113473
45 0.5686274509803921 0.29896907216494845 0.39189189189189183
50 0.5357142857142857 0.30927835051546393 0.39215686274509803
55 0.4918032786885246 0.30927835051546393 0.379746835443038
60 0.45454545454545453 0.30927835051546393 0.36809815950920244
65 0.4444444444444444 0.32989690721649484 0.378698224852071
70 0.4342105263157895 0.3402061855670103 0.38150289017341044
75 0.4074074074074074 0.3402061855670103 0.37078651685393266
80 0.38372093023255816 0.3402061855670103 0.36065573770491804
85 0.3626373626373626 0.3402061855670103 0.3510638297872341
90 0.34375 0.3402061855670103 0.34196891191709844
95 0.32673267326732675 0.3402061855670103 0.33333333333333337
100 0.3113207547169811 0.3402061855670103 0.32512315270935965
105 0.2972972972972973 0.3402061855670103 0.31730769230769235
110 0.28448275862068967 0.3402061855670103 0.3098591549295775
115 0.2727272727272727 0.3402061855670103 0.30275229357798167
120 0.2619047619047619 0.3402061855670103 0.2959641255605381
125 0.25190839694656486 0.3402061855670103 0.2894736842105263
130 0.2426470588235294 0.3402061855670103 0.28326180257510725
135 0.24113475177304963 0.35051546391752575 0.2857142857142857
140 0.23972602739726026 0.36082474226804123 0.28806584362139914
145 0.23178807947019867 0.36082474226804123 0.282258064516129
150 0.22435897435897437 0.36082474226804123 0.2766798418972332
155 0.21739130434782608 0.36082474226804123 0.2713178294573643
160 0.21686746987951808 0.3711340206185567 0.27376425855513303
165 0.21637426900584794 0.38144329896907214 0.27611940298507465
170 0.21022727272727273 0.38144329896907214 0.27106227106227104
175 0.20441988950276244 0.38144329896907214 0.26618705035971224
180 0.20430107526881722 0.3917525773195876 0.26855123674911663
185 0.19895287958115182 0.3917525773195876 0.26388888888888884
190 0.19387755102040816 0.3917525773195876 0.2593856655290102
195 0.19402985074626866 0.4020618556701031 0.26174496644295303
200 0.18932038834951456 0.4020618556701031 0.2574257425742574
205 0.1848341232227488 0.4020618556701031 0.2532467532467532
210 0.18518518518518517 0.41237113402061853 0.255591054313099
215 0.18552036199095023 0.422680412371134 0.2578616352201258
220 0.18141592920353983 0.422680412371134 0.25386996904024767
225 0.1774891774891775 0.422680412371134 0.25
230 0.17372881355932204 0.422680412371134 0.24624624624624625
235 0.17842323651452283 0.44329896907216493 0.2544378698224852
240 0.17479674796747968 0.44329896907216493 0.25072886297376096
245 0.176 0.4536082474226804 0.2536023054755043
250 0.17647058823529413 0.4639175257731959 0.2556818181818182
255 0.17374517374517376 0.4639175257731959 0.252808988764045
260 0.17045454545454544 0.4639175257731959 0.2493074792243767
265 0.16728624535315986 0.4639175257731959 0.2459016393442623
270 0.16423357664233576 0.4639175257731959 0.24258760107816713
