10 0.0 0.0 0.001
15 0.0 0.0 0.001
20 0.0 0.0 0.001
25 0.0 0.0 0.001
30 0.0 0.0 0.001
35 0.0 0.0 0.001
40 0.0 0.0 0.001
45 0.0 0.0 0.001
50 0.0 0.0 0.001
55 0.0 0.0 0.001
60 0.0 0.0 0.001
65 0.015625 0.010309278350515464 0.012422360248447206
70 0.03076923076923077 0.020618556701030927 0.02469135802469136
75 0.03076923076923077 0.020618556701030927 0.02469135802469136
80 0.030303030303030304 0.020618556701030927 0.024539877300613498
85 0.02857142857142857 0.020618556701030927 0.02395209580838323
90 0.02666666666666667 0.020618556701030927 0.023255813953488375
95 0.025 0.020618556701030927 0.022598870056497175
100 0.03529411764705882 0.030927835051546393 0.03296703296703297
105 0.044444444444444446 0.041237113402061855 0.0427807486631016
110 0.054945054945054944 0.05154639175257732 0.05319148936170213
115 0.053763440860215055 0.05154639175257732 0.052631578947368425
120 0.05154639175257732 0.05154639175257732 0.05154639175257732
125 0.05 0.05154639175257732 0.050761421319796954
130 0.04807692307692308 0.05154639175257732 0.04975124378109452
135 0.046296296296296294 0.05154639175257732 0.048780487804878044
140 0.04424778761061947 0.05154639175257732 0.047619047619047616
145 0.05128205128205128 0.061855670103092786 0.056074766355140186
150 0.04918032786885246 0.061855670103092786 0.05479452054794521
155 0.047244094488188976 0.061855670103092786 0.05357142857142857
160 0.046511627906976744 0.061855670103092786 0.05309734513274336
165 0.04477611940298507 0.061855670103092786 0.05194805194805195
170 0.050724637681159424 0.07216494845360824 0.059574468085106386
175 0.04895104895104895 0.07216494845360824 0.058333333333333334
180 0.047619047619047616 0.07216494845360824 0.05737704918032786
185 0.046052631578947366 0.07216494845360824 0.056224899598393566
190 0.044585987261146494 0.07216494845360824 0.05511811023622047
195 0.043209876543209874 0.07216494845360824 0.05405405405405405
200 0.041916167664670656 0.07216494845360824 0.053030303030303025
205 0.040697674418604654 0.07216494845360824 0.05204460966542751
210 0.03954802259887006 0.07216494845360824 0.05109489051094891
215 0.038461538461538464 0.07216494845360824 0.05017921146953405
220 0.0374331550802139 0.07216494845360824 0.04929577464788732
225 0.036458333333333336 0.07216494845360824 0.048442906574394456
230 0.03553299492385787 0.07216494845360824 0.04761904761904762
235 0.034653465346534656 0.07216494845360824 0.046822742474916385
240 0.033816425120772944 0.07216494845360824 0.046052631578947366
245 0.03773584905660377 0.08247422680412371 0.0517799352750809
250 0.037037037037037035 0.08247422680412371 0.051118210862619806
255 0.04090909090909091 0.09278350515463918 0.05678233438485805
260 0.04 0.09278350515463918 0.055900621118012424
265 0.039301310043668124 0.09278350515463918 0.05521472392638037
270 0.038461538461538464 0.09278350515463918 0.05438066465256798
275 0.037815126050420166 0.09278350515463918 0.05373134328358209
280 0.037037037037037035 0.09278350515463918 0.052941176470588235
285 0.036290322580645164 0.09278350515463918 0.05217391304347827
290 0.03557312252964427 0.09278350515463918 0.05142857142857142
295 0.03488372093023256 0.09278350515463918 0.05070422535211267
300 0.03435114503816794 0.09278350515463918 0.05013927576601672
305 0.033707865168539325 0.09278350515463918 0.04945054945054945
310 0.03308823529411765 0.09278350515463918 0.04878048780487805
315 0.032490974729241874 0.09278350515463918 0.0481283422459893
320 0.031914893617021274 0.09278350515463918 0.0474934036939314
325 0.0313588850174216 0.09278350515463918 0.04687500000000001
330 0.030821917808219176 0.09278350515463918 0.04627249357326478
335 0.030303030303030304 0.09278350515463918 0.04568527918781726
340 0.029801324503311258 0.09278350515463918 0.045112781954887216
345 0.035830618892508145 0.1134020618556701 0.054455445544554455
350 0.035256410256410256 0.1134020618556701 0.05378973105134474
355 0.0438871473354232 0.14432989690721648 0.0673076923076923
360 0.046875 0.15463917525773196 0.07194244604316546
365 0.046153846153846156 0.15463917525773196 0.07109004739336493
370 0.04573170731707317 0.15463917525773196 0.07058823529411765
375 0.04504504504504504 0.15463917525773196 0.06976744186046512
380 0.04451038575667656 0.15463917525773196 0.06912442396313365
385 0.04398826979472141 0.15463917525773196 0.0684931506849315
390 0.0463768115942029 0.16494845360824742 0.07239819004524888
395 0.045714285714285714 0.16494845360824742 0.07158836689038031
