44.00416666666667 [3, 5, 7, 8] [158, 159, 160, 161, 162, 163, 164, 165, 166, 167, 168, 169, 170, 171, 172, 173, 174, 175, 176, 177, 178, 179, 180, 181, 182, 183, 184, 185, 186, 187, 188, 189, 190, 191, 192, 193] 20160312
36.736379310344816 [3, 5, 7, 8] [157, 158, 159, 160, 161, 162, 163, 164, 165, 166, 167, 168, 169, 170, 171, 172, 173, 174, 175, 176, 177, 178, 179, 180, 181, 182, 183, 184, 185, 186, 187, 188, 189, 190] 20160421
36.49057148516148 [4, 5, 7, 9] [166, 167, 168, 169, 170, 171, 172, 173, 174, 175, 176, 177, 178, 179, 180, 181, 182, 183, 184, 185, 186, 187, 188, 189, 190, 191, 192, 193, 194, 195, 196, 197, 198, 199, 200, 201] 20160309
35.37906319633199 [6, 7, 9] [135, 136, 137, 138, 139, 140, 141, 142, 143, 144, 145, 146, 147, 148, 149, 150, 151, 152, 153, 154, 155, 156, 157, 158, 159, 160, 161, 162, 163, 164, 165, 166, 167, 168, 169, 170] 20160421
31.826116823402476 [6, 7, 9] [146, 147, 148, 149, 150, 151, 152, 153, 154, 155, 156, 157, 158, 159, 160, 161, 162, 163, 164, 165, 166, 167, 168, 169, 170, 171, 172, 173, 174, 175, 176, 177, 178, 179, 180, 181] 20160922
31.729828722002626 [3, 5, 7, 9] [157, 158, 159, 160, 161, 162, 163, 164, 165, 166, 167, 168, 169, 170, 171, 172, 173, 174, 175, 176, 177, 178, 179, 180, 181, 182, 183, 184, 185, 186, 187, 188, 189, 190, 191, 192] 20160922
30.712797619047628 [0, 1, 2, 3] [55, 56, 57, 58, 59, 60, 61, 62, 63, 64, 65, 66, 67, 68, 69, 70, 71, 72, 73, 74, 75, 76] 20160325
30.082892972830432 [7, 8, 9] [194, 195, 196, 197, 198, 199, 200, 201, 202, 203, 204, 205, 206, 207, 208, 209, 210, 211, 212, 213, 214, 215, 216, 217, 218, 219, 220, 221, 222, 223, 224, 225, 226, 227] 20160312
29.57176659125189 [5, 7, 8, 9] [254, 255, 256, 257, 258, 259, 260, 261, 262, 263, 264, 265, 266, 267, 268, 269, 270, 271, 272, 273, 274, 275, 276, 277, 278, 279, 280, 281, 282, 283, 284, 285, 286, 287] 20160922
29.20882608695652 [2, 3, 4, 5] [156, 157, 158, 159, 160, 161, 162, 163, 164, 165, 166, 167, 168, 169, 170, 171, 172, 173, 174, 175, 176, 177, 178, 179, 180, 181, 182, 183, 184, 185, 186, 187, 188, 189, 190, 191] 20160308
29.1985321969697 [1, 2, 3, 4] [14, 15, 16, 17, 18, 19, 20, 21, 22, 23, 24, 25, 26, 27, 28, 29, 30, 31, 32, 33, 34, 35, 36, 37, 38, 39, 40, 41, 42, 43, 44, 45, 46, 47, 48] 20160301
29.131249999999998 [3, 5, 7, 8] [191, 192, 193, 194, 195, 196, 197, 198, 199] 20160312
29.130293916609705 [2, 3, 4, 5] [138, 139, 140, 141, 142, 143, 144, 145, 146, 147, 148, 149, 150, 151, 152, 153, 154, 155, 156, 157, 158, 159, 160, 161, 162, 163, 164, 165, 166, 167, 168, 169] 20160405
28.95416666666667 [3, 5, 7, 8] [192, 193, 194, 195, 196] 20160312
28.317858819568254 [1, 2] [203, 204, 205, 206, 207, 208, 209, 210, 211, 212, 213, 214, 215, 216, 217, 218, 219, 220, 221, 222, 223, 224, 225, 226, 227, 228, 229, 230, 231, 232, 233, 234, 235, 236, 237] 20160324
27.804812431388118 [2, 3, 4] [219, 220, 221, 222, 223, 224, 225, 226, 227, 228, 229, 230, 231, 232, 233, 234, 235, 236, 237, 238, 239, 240, 241, 242, 243, 244, 245, 246, 247, 248, 249, 250, 251, 252, 253, 254] 20160529
27.14 [3, 5, 7, 8] [194, 195, 196, 197, 198, 199, 200] 20160312
26.464610389610392 [1, 2, 3, 4] [41, 42, 43, 44, 45, 46, 47, 48, 49, 50, 51, 52, 53, 54, 55, 56, 57, 58, 59, 60, 61, 62, 63, 64, 65, 66, 67, 68, 69, 70, 71, 72, 73, 74, 75, 76] 20160621
26.369841430499328 [5, 7, 8, 9] [131, 132, 133, 134, 135, 136, 137, 138, 139, 140, 141, 142, 143, 144, 145, 146, 147, 148, 149, 150, 151, 152, 153, 154, 155, 156, 157, 158, 159, 160, 161, 162, 163, 164, 165, 166] 20160514
26.286391184604174 [5, 6, 7, 8] [109, 110, 111, 112, 113, 114, 115, 116, 117, 118, 119, 120, 121, 122, 123, 124, 125, 126, 127, 128, 129, 130, 131, 132, 133, 134, 135, 136, 137, 138, 139, 140, 141, 142, 143, 144] 20160302
26.22892424242425 [6, 7, 8, 9] [258, 259, 260, 261, 262, 263, 264, 265, 266, 267, 268, 269, 270, 271, 272, 273, 274, 275, 276, 277, 278, 279, 280, 281, 282, 283, 284, 285, 286, 287] 20160813
25.940041125541125 [2, 3, 4, 6] [225, 226, 227, 228, 229, 230, 231, 232, 233, 234, 235, 236, 237, 238, 239, 240, 241, 242, 243, 244, 245, 246, 247, 248, 249, 250, 251, 252, 253, 254, 255, 256, 257, 258, 259] 20160324
25.57916666666666 [3, 5, 7, 8] [194, 195, 196, 197] 20160312
25.243096801346788 [6, 7, 8, 9] [38, 39, 40, 41, 42, 43, 44, 45, 46, 47, 48, 49, 50, 51, 52, 53, 54, 55, 56, 57, 58, 59, 60, 61, 62, 63, 64, 65, 66, 67, 68, 69, 70, 71, 72] 20160301
25.228794642857142 [4, 5, 6, 7] [254, 255, 256, 257, 258, 259, 260, 261, 262, 263, 264, 265, 266, 267, 268, 269, 270, 271, 272, 273, 274, 275, 276, 277, 278, 279, 280, 281, 282, 283, 284, 285, 286, 287] 20160514
25.06884985374696 [2, 3, 4, 5] [148, 149, 150, 151, 152, 153, 154, 155, 156, 157, 158, 159, 160, 161, 162, 163, 164, 165, 166, 167, 168, 169, 170, 171, 172, 173, 174, 175, 176, 177, 178, 179, 180, 181, 182, 183] 20160313
24.738300681338277 [6, 7, 8, 9] [133, 134, 135, 136, 137, 138, 139, 140, 141, 142, 143, 144, 145, 146, 147, 148, 149, 150, 151, 152, 153, 154, 155, 156, 157, 158, 159, 160, 161, 162, 163, 164, 165, 166, 167] 20160302
24.681724007856502 [3, 5, 7, 8] [189, 190, 191, 192, 193] 20160312
23.97029800724637 [1, 2, 3, 4] [236, 237, 238, 239, 240, 241, 242, 243, 244, 245, 246, 247, 248, 249, 250, 251, 252, 253, 254, 255, 256, 257, 258, 259, 260, 261, 262, 263, 264, 265, 266, 267, 268, 269] 20160813
23.93441176470589 [1, 2, 3, 4] [14, 15, 16, 17, 18, 19, 20, 21, 22, 23, 24, 25, 26, 27, 28, 29, 30, 31, 32, 33] 20160301
23.811820856456976 [3, 4] [81, 82, 83, 84, 85, 86, 87, 88, 89, 90, 91, 92, 93, 94, 95, 96, 97, 98, 99, 100, 101, 102, 103, 104, 105, 106, 107, 108, 109, 110, 111, 112, 113, 114, 115, 116] 20160302
23.760524125911523 [6, 7, 8, 9] [130, 131, 132, 133, 134, 135, 136, 137, 138, 139, 140, 141, 142, 143, 144, 145, 146, 147, 148, 149, 150, 151, 152, 153, 154, 155, 156, 157, 158, 159, 160, 161, 162, 163, 164, 165] 20160529
23.751430403054396 [5, 7, 8] [224, 225, 226, 227, 228, 229, 230, 231, 232, 233, 234, 235, 236, 237, 238, 239, 240, 241, 242, 243, 244, 245, 246, 247, 248, 249, 250, 251, 252, 253, 254, 255, 256, 257, 258, 259] 20160628
23.573552769069998 [0, 1, 2, 3] [68, 69, 70, 71, 72, 73, 74, 75, 76, 77, 78, 79, 80, 81, 82, 83, 84, 85, 86, 87, 88, 89, 90, 91, 92, 93, 94, 95, 96, 97, 98, 99, 100, 101, 102, 103] 20160419
23.40708333333333 [4, 5, 7, 9] [6, 7, 8, 9, 10, 11, 12, 13, 14, 15, 16, 17, 18, 19, 20, 21, 22, 23, 24, 25, 26, 27, 28, 29, 30, 31, 32] 20160421
23.36988705738706 [5, 6, 7, 8] [95, 96, 97, 98, 99, 100, 101, 102, 103, 104, 105, 106, 107, 108, 109, 110, 111, 112, 113, 114, 115, 116, 117, 118, 119, 120, 121, 122, 123, 124, 125, 126, 127, 128, 129, 130] 20160911
23.158160797494993 [1, 2, 3, 5] [66, 67, 68, 69, 70, 71, 72, 73, 74, 75, 76, 77, 78, 79, 80, 81, 82, 83, 84, 85, 86, 87, 88, 89, 90, 91, 92, 93, 94, 95, 96, 97, 98] 20160302
22.61467948717949 [1, 2, 3, 5] [226, 227, 228, 229, 230, 231, 232, 233, 234, 235, 236, 237, 238, 239, 240, 241, 242, 243, 244, 245, 246, 247, 248, 249, 250, 251, 252, 253, 254, 255, 256, 257, 258, 259, 260, 261] 20160328
22.23561976022383 [3, 5, 7, 8] [60, 61, 62, 63, 64, 65, 66, 67, 68, 69, 70, 71, 72, 73, 74, 75, 76, 77, 78, 79, 80, 81, 82, 83, 84, 85, 86, 87, 88, 89, 90, 91, 92, 93, 94, 95] 20160309
22.137829094680267 [6, 7, 8, 9] [116, 117, 118, 119, 120, 121, 122, 123, 124, 125, 126, 127, 128, 129, 130, 131, 132, 133, 134, 135, 136, 137, 138, 139, 140, 141, 142, 143, 144, 145, 146, 147, 148, 149, 150, 151] 20160911
22.055624362384627 [1, 2, 3, 5] [77, 78, 79, 80, 81, 82, 83, 84, 85, 86, 87, 88, 89, 90, 91, 92, 93, 94, 95, 96, 97, 98] 20160302
22.036214285714284 [5, 6, 7, 8] [20, 21, 22, 23, 24, 25, 26, 27, 28, 29, 30, 31, 32, 33, 34, 35, 36, 37, 38, 39, 40, 41, 42, 43, 44, 45, 46, 47, 48, 49, 50, 51, 52, 53, 54, 55] 20160421
21.945397543632847 [1, 2, 3, 4] [60, 61, 62, 63, 64, 65, 66, 67, 68, 69, 70, 71, 72, 73, 74, 75, 76, 77, 78, 79, 80, 81, 82, 83, 84, 85, 86, 87, 88, 89, 90, 91, 92, 93, 94, 95] 20160412
21.56588411588412 [1, 2, 3, 5] [77, 78, 79, 80, 81, 82, 83, 84, 85, 86, 87, 88, 89, 90, 91, 92, 93, 94, 95, 96, 97, 98, 99, 100, 101, 102, 103, 104, 105, 106, 107, 108, 109, 110, 111, 112] 20160911
21.16363263929052 [0, 1, 2, 3] [54, 55, 56, 57, 58, 59, 60, 61, 62, 63, 64, 65, 66, 67, 68, 69, 70, 71, 72, 73, 74, 75, 76, 77, 78, 79, 80, 81, 82, 83, 84, 85, 86, 87, 88] 20160911
20.59237155388471 [4, 6, 7, 8] [150, 151, 152, 153, 154, 155, 156, 157, 158, 159, 160, 161, 162, 163, 164, 165, 166, 167, 168, 169, 170, 171, 172, 173, 174, 175, 176, 177, 178, 179, 180, 181, 182] 20160312
20.5075 [1, 2, 3, 5] [262, 263, 264, 265, 266, 267, 268, 269, 270, 271, 272, 273, 274, 275, 276, 277, 278, 279, 280, 281, 282, 283, 284, 285, 286, 287] 20160308
20.113748313090426 [1, 2, 3, 4] [251, 252, 253, 254, 255, 256, 257, 258, 259, 260, 261, 262, 263, 264, 265, 266, 267, 268, 269, 270, 271, 272, 273, 274, 275, 276, 277, 278, 279, 280, 281, 282, 283, 284, 285, 286] 20160421
20.028799577108956 [1, 2, 3] [66, 67, 68, 69, 70, 71, 72, 73, 74, 75, 76, 77, 78, 79, 80, 81, 82, 83, 84, 85, 86, 87] 20160302
20.008175629324352 [1, 2, 3] [78, 79, 80, 81, 82, 83, 84, 85, 86, 87, 88, 89] 20160302
19.829987212276208 [4, 5, 6, 7] [7, 8, 9, 10, 11, 12, 13, 14, 15, 16, 17, 18, 19, 20, 21, 22, 23, 24, 25, 26, 27, 28, 29, 30, 31, 32, 33, 34, 35, 36, 37, 38, 39, 40, 41, 42] 20160529
19.795833333333324 [0, 1, 2, 3] [42, 43, 44, 45, 46, 47, 48, 49, 50, 51, 52, 53, 54, 55, 56, 57, 58, 59, 60, 61, 62, 63, 64, 65, 66, 67, 68, 69, 70, 71, 72, 73, 74, 75, 76, 77] 20160412
19.662900596400966 [4, 6, 7] [2, 3, 4, 5, 6, 7, 8, 9, 10, 11, 12, 13, 14, 15, 16, 17, 18, 19, 20, 21, 22, 23, 24, 25, 26, 27] 20160529
19.54027777777778 [4, 6, 7, 9] [139, 140, 141, 142, 143, 144, 145, 146, 147, 148, 149, 150, 151, 152, 153, 154, 155, 156, 157, 158, 159, 160, 161, 162, 163, 164, 165, 166, 167, 168, 169, 170, 171, 172, 173, 174] 20160813
19.45922425143684 [1, 2, 3, 4] [40, 41, 42, 43, 44, 45, 46, 47, 48, 49, 50] 20160621
19.3361111111111 [1, 2, 3, 5] [256, 257, 258, 259, 260, 261, 262, 263, 264, 265, 266, 267, 268, 269, 270, 271, 272, 273, 274, 275, 276, 277, 278, 279, 280, 281, 282, 283, 284, 285] 20160911
19.091883092036802 [3, 4] [237, 238, 239, 240, 241, 242] 20160813
18.884325396825396 [1, 2, 3, 5] [266, 267, 268, 269, 270, 271, 272, 273, 274, 275, 276, 277, 278, 279, 280, 281, 282, 283, 284, 285, 286] 20160911
18.783121212121213 [5, 6, 7, 8] [95, 96, 97, 98, 99, 100, 101, 102, 103, 104, 105, 106, 107, 108, 109, 110, 111, 112, 113, 114, 115, 116, 117, 118, 119, 120, 121, 122, 123, 124, 125, 126, 127, 128, 129, 130] 20160412
18.605333968960217 [6, 7, 8, 9] [116, 117, 118, 119, 120, 121, 122, 123, 124, 125, 126, 127, 128, 129, 130, 131, 132, 133, 134, 135, 136, 137, 138, 139, 140, 141, 142, 143, 144, 145, 146, 147, 148, 149, 150, 151] 20160412
18.36118832148244 [3, 4, 5, 6] [33, 34, 35, 36, 37, 38, 39, 40, 41, 42, 43, 44, 45, 46, 47, 48, 49, 50, 51, 52, 53, 54, 55, 56, 57, 58, 59, 60, 61, 62, 63, 64, 65, 66, 67, 68] 20160405
18.262381456013813 [4, 6, 7, 9] [64, 65, 66, 67, 68, 69, 70, 71, 72, 73, 74, 75, 76, 77, 78, 79, 80, 81, 82, 83, 84, 85, 86, 87, 88, 89, 90, 91, 92, 93, 94, 95] 20160313
18.248070175438592 [5, 6, 7, 9] [62, 63, 64, 65, 66, 67, 68, 69, 70, 71, 72, 73, 74, 75, 76, 77, 78, 79, 80, 81, 82, 83, 84, 85, 86, 87, 88, 89, 90, 91, 92, 93, 94, 95, 96] 20160301
17.966404798648192 [3, 5, 7, 8] [44, 45, 46, 47, 48, 49, 50, 51, 52, 53, 54, 55, 56, 57, 58, 59, 60, 61, 62, 63, 64, 65, 66, 67, 68, 69] 20160302
17.7559382540776 [2, 3, 4] [92, 93, 94, 95, 96, 97, 98, 99, 100, 101, 102, 103, 104, 105, 106, 107, 108, 109, 110, 111, 112, 113, 114, 115, 116, 117, 118, 119, 120, 121, 122, 123, 124, 125, 126, 127] 20160325
17.492507002801123 [4, 5, 7, 9] [47, 48, 49, 50, 51, 52, 53, 54, 55, 56, 57, 58, 59, 60, 61, 62, 63, 64, 65, 66, 67, 68, 69, 70, 71, 72, 73, 74, 75, 76, 77, 78, 79, 80, 81, 82] 20160405
17.355535714285715 [0, 1, 2, 3] [159, 160, 161, 162, 163, 164, 165, 166, 167, 168, 169, 170, 171, 172, 173, 174] 20160312
17.32063725490196 [5, 6, 7, 9] [170, 171, 172, 173, 174, 175, 176, 177, 178, 179, 180, 181, 182, 183, 184, 185, 186, 187, 188, 189, 190, 191, 192, 193, 194, 195, 196, 197, 198, 199, 200, 201, 202, 203, 204, 205] 20160419
17.156666666666666 [3, 5, 7, 8] [161, 162, 163, 164, 165, 166, 167, 168] 20160421
17.117261904761907 [1, 2, 3, 4] [273, 274, 275, 276, 277, 278, 279, 280, 281, 282, 283, 284, 285, 286, 287] 20160911
16.94850775125443 [3, 5, 7, 8] [189, 190, 191, 192, 193, 194, 195, 196, 197, 198, 199, 200, 201, 202, 203, 204, 205, 206, 207, 208, 209, 210, 211, 212, 213, 214, 215, 216, 217, 218, 219, 220, 221, 222, 223, 224] 20160325
16.898611111111112 [2, 3, 5, 6] [238, 239, 240, 241, 242, 243, 244, 245, 246, 247, 248, 249, 250, 251, 252, 253, 254] 20160514
16.594444444444452 [2, 3, 4, 5] [269, 270, 271, 272, 273, 274, 275, 276, 277, 278, 279, 280, 281, 282, 283, 284, 285, 286] 20160312
16.594025054466226 [4, 5, 7, 8] [2, 3, 4, 5, 6, 7, 8, 9, 10, 11, 12, 13, 14, 15, 16, 17, 18, 19, 20, 21, 22, 23, 24, 25, 26, 27, 28, 29, 30, 31, 32, 33, 34, 35, 36, 37] 20160514
16.479486154414637 [8, 9] [153, 154, 155, 156, 157, 158, 159, 160, 161, 162, 163, 164, 165, 166, 167, 168, 169, 170, 171, 172, 173, 174, 175, 176, 177, 178, 179, 180, 181, 182, 183, 184, 185, 186, 187, 188] 20160325
16.360096153846165 [4, 5, 7, 9] [75, 76, 77, 78, 79, 80, 81, 82, 83, 84, 85, 86, 87, 88, 89, 90, 91, 92, 93, 94, 95, 96, 97, 98, 99, 100, 101, 102, 103, 104, 105, 106, 107, 108, 109, 110] 20160313
16.21054274934378 [5, 6, 7, 8] [259, 260, 261, 262, 263, 264, 265, 266, 267, 268, 269, 270, 271, 272, 273, 274, 275, 276, 277, 278, 279, 280, 281, 282, 283, 284, 285, 286, 287] 20160328
16.140488049244613 [4, 5, 7, 9] [2, 3, 4, 5, 6, 7, 8, 9, 10, 11, 12, 13, 14, 15, 16, 17, 18, 19, 20, 21, 22, 23, 24, 25, 26, 27, 28, 29, 30, 31, 32, 33, 34, 35] 20160419
15.877935490435497 [4, 5, 7, 8] [133, 134, 135, 136, 137, 138, 139, 140, 141, 142, 143, 144, 145, 146, 147, 148, 149, 150, 151, 152, 153, 154, 155, 156, 157, 158, 159, 160, 161, 162, 163, 164, 165, 166, 167, 168] 20160628
15.785338774389603 [0, 1, 2, 3] [28, 29, 30, 31, 32, 33, 34, 35, 36, 37, 38, 39, 40, 41, 42, 43, 44, 45, 46, 47, 48, 49, 50, 51, 52, 53, 54, 55, 56, 57, 58, 59, 60, 61, 62, 63] 20160313
15.651347208156627 [2, 3, 5, 7] [223, 224, 225, 226, 227, 228, 229, 230, 231, 232, 233, 234, 235] 20160324
15.521428571428572 [5] [99, 100, 101, 102, 103, 104, 105, 106, 107, 108, 109, 110, 111, 112, 113, 114, 115, 116, 117, 118, 119, 120] 20160309
15.28423913043478 [5, 7, 8, 9] [66, 67, 68, 69, 70, 71, 72, 73, 74, 75, 76, 77, 78, 79, 80, 81, 82, 83, 84, 85, 86, 87, 88, 89, 90, 91, 92, 93, 94, 95, 96, 97, 98, 99, 100] 20160405
15.208368340903386 [1, 2, 3, 5] [47, 48, 49, 50, 51, 52] 20160621
15.200616883116886 [0, 1, 2, 3] [123, 124, 125, 126, 127, 128, 129, 130, 131, 132, 133, 134, 135, 136, 137, 138, 139, 140, 141, 142, 143, 144, 145, 146, 147, 148, 149, 150, 151, 152, 153, 154, 155, 156, 157, 158] 20160325
15.07835841694537 [5, 7, 8, 9] [108, 109, 110, 111, 112, 113, 114, 115, 116, 117, 118, 119, 120, 121, 122, 123, 124, 125, 126, 127, 128, 129, 130, 131, 132, 133, 134, 135, 136, 137, 138, 139, 140] 20160313
14.881666666666682 [3, 4, 6, 7] [1, 2, 3, 4, 5, 6, 7, 8, 9, 10, 11, 12] 20160529
14.824999999999989 [4, 5, 6, 7] [273, 274, 275, 276] 20160922
14.714150555327027 [2, 3, 4, 6] [14, 15, 16, 17, 18, 19, 20, 21, 22, 23, 24, 25, 26, 27, 28, 29, 30, 31, 32, 33, 34, 35, 36, 37, 38, 39, 40, 41, 42, 43, 44, 45, 46, 47, 48, 49] 20160405
14.706073606708433 [7, 8, 9] [199, 200, 201, 202, 203, 204, 205] 20160312
14.561254914186678 [2, 3, 4] [0, 1, 2, 3, 4, 5, 6, 7, 8, 9, 10, 11, 12, 13, 14, 15, 16, 17, 18, 19, 20, 21, 22, 23, 24] 20160628
14.55833333333333 [2, 3, 4, 5] [229, 230, 231, 232, 233, 234] 20160529
14.092261904761898 [4, 5, 7, 9] [258, 259, 260, 261, 262, 263, 264, 265, 266, 267, 268, 269, 270, 271, 272, 273, 274, 275, 276, 277, 278, 279, 280, 281, 282, 283, 284, 285, 286] 20160309
14.067424242424249 [1, 2, 3, 5] [11, 12, 13, 14, 15, 16, 17, 18, 19, 20, 21] 20160421
14.065757575757576 [3, 5, 7, 9] [215, 216, 217, 218, 219, 220, 221, 222, 223, 224, 225, 226, 227, 228, 229, 230, 231, 232, 233, 234, 235, 236, 237, 238, 239, 240, 241, 242, 243, 244, 245, 246, 247, 248, 249, 250] 20160325
13.866666666666646 [1] [205, 206, 207, 208, 209, 210, 211, 212] 20160529
13.772336158195346 [0, 1, 2] [85, 86, 87, 88, 89, 90, 91, 92, 93, 94, 95, 96, 97, 98, 99, 100, 101, 102, 103, 104, 105, 106, 107, 108] 20160421
13.649999999999999 [3] [101, 102, 103, 104, 105, 106, 107, 108, 109, 110] 20160325
13.612096273291911 [6, 7, 8, 9] [161, 162, 163, 164, 165, 166, 167, 168, 169, 170, 171, 172, 173, 174, 175, 176, 177, 178, 179, 180, 181, 182, 183, 184, 185, 186, 187, 188, 189, 190, 191, 192, 193, 194, 195] 20160628
13.553297569226446 [0, 1, 2, 3] [198, 199, 200, 201, 202, 203, 204, 205] 20160813
13.520957556935816 [1, 2, 3, 4] [42, 43, 44, 45, 46, 47, 48, 49, 50, 51, 52, 53, 54, 55, 56, 57, 58, 59, 60, 61, 62, 63, 64, 65, 66, 67, 68, 69, 70, 71, 72, 73, 74, 75, 76, 77] 20160308
13.518777777777771 [1, 2, 3, 4] [31, 32, 33, 34, 35, 36, 37, 38, 39, 40, 41, 42, 43, 44, 45, 46, 47, 48, 49, 50, 51, 52, 53, 54, 55, 56, 57, 58, 59, 60, 61, 62, 63, 64, 65, 66] 20160308
13.479166666666668 [1, 2, 3, 4] [198, 199, 200] 20160312
13.4176202559669 [6, 7, 9] [58, 59, 60, 61, 62, 63, 64, 65, 66, 67, 68, 69, 70, 71, 72, 73, 74, 75, 76, 77, 78, 79, 80, 81, 82, 83, 84, 85, 86, 87, 88, 89, 90, 91, 92, 93] 20160514
13.327168713793851 [1, 2, 3] [246, 247, 248] 20160813
13.308333333333337 [5] [184, 185, 186, 187, 188, 189, 190, 191, 192, 193, 194] 20160529
13.240566173415413 [4, 5, 7, 9] [156, 157, 158, 159, 160, 161, 162] 20160309
13.062499999999996 [3, 5, 7, 9] [156, 157, 158, 159, 160, 161] 20160922
12.929759278501667 [4, 5, 6] [152, 153, 154, 155, 156, 157, 158] 20160421
12.893333333333338 [3, 4, 6, 7] [1, 2, 3, 4, 5, 6, 7, 8] 20160529
12.883636363636366 [4, 6, 7, 9] [0, 1, 2, 3, 4, 5, 6, 7, 8, 9, 10, 11, 12, 13, 14, 15, 16, 17, 18, 19, 20, 21, 22, 23, 24, 25, 26] 20160313
12.873948752480013 [4, 5, 7, 9] [173, 174, 175, 176, 177, 178] 20160309
12.861035489581196 [7, 8, 9] [252, 253, 254, 255, 256, 257, 258, 259, 260, 261, 262, 263, 264, 265, 266, 267, 268, 269, 270, 271, 272, 273, 274, 275, 276, 277, 278, 279, 280, 281, 282, 283, 284, 285, 286, 287] 20160325
12.769719169719167 [2, 3, 5, 7] [2, 3, 4, 5, 6, 7, 8, 9, 10, 11, 12, 13, 14, 15, 16, 17, 18, 19, 20, 21, 22, 23, 24, 25, 26, 27, 28, 29, 30, 31, 32, 33, 34, 35, 36, 37] 20160325
12.758064516129032 [9] [141, 142, 143, 144, 145, 146, 147, 148, 149, 150, 151, 152, 153, 154, 155, 156, 157, 158, 159, 160, 161, 162, 163, 164, 165, 166, 167, 168, 169, 170, 171, 172, 173, 174, 175, 176] 20160412
12.648782147496055 [2, 3, 4, 6] [72, 73, 74, 75, 76] 20160419
12.61333333333333 [0] [3, 4, 5, 6, 7, 8, 9, 10, 11, 12, 13, 14, 15, 16, 17, 18, 19, 20, 21, 22, 23, 24, 25, 26, 27, 28, 29, 30, 31, 32, 33, 34] 20160911
12.55833333333334 [3, 5, 7, 8] [166, 167, 168, 169, 170] 20160421
12.508333333333333 [3, 4, 5, 6] [154, 155, 156, 157] 20160421
12.414285714285718 [6, 7, 8, 9] [2, 3, 4, 5, 6, 7, 8, 9, 10, 11, 12, 13, 14, 15, 16, 17, 18, 19, 20, 21, 22, 23, 24, 25, 26, 27, 28, 29, 30, 31] 20160309
12.307183238225528 [7, 8, 9] [200, 201, 202, 203] 20160312
12.25907071579306 [6, 7, 9] [165, 166, 167, 168, 169] 20160922
12.157735154191272 [0, 1, 2] [134, 135, 136, 137, 138, 139, 140, 141, 142, 143, 144, 145, 146, 147, 148, 149, 150, 151, 152, 153, 154, 155, 156, 157, 158, 159, 160, 161, 162, 163, 164, 165] 20160621
12.150451523388844 [2, 3] [101, 102, 103] 20160325
12.117803030303026 [0, 1, 2, 3] [10, 11, 12, 13, 14, 15, 16, 17, 18, 19, 20, 21, 22, 23, 24, 25, 26, 27, 28, 29, 30, 31, 32, 33, 34, 35, 36, 37, 38, 39, 40, 41, 42, 43, 44, 45] 20160308
12.081054382792917 [2, 3, 4, 6] [74, 75, 76] 20160419
12.029999999999998 [3, 4, 6, 7] [1, 2, 3, 4, 5, 6, 7, 8, 9, 10, 11, 12, 13, 14, 15, 16, 17, 18, 19, 20, 21, 22, 23, 24, 25, 26, 27, 28, 29, 30, 31, 32] 20160922
11.97083333333331 [4, 6, 7, 9] [224, 225, 226, 227, 228] 20160529
11.91000000000001 [9] [139, 140, 141, 142, 143, 144, 145, 146, 147, 148, 149, 150, 151, 152, 153] 20160911
11.904166666666667 [2, 3, 4, 6] [113, 114, 115, 116, 117] 20160302
11.88920454545454 [3, 5, 7, 8] [11, 12, 13, 14, 15, 16, 17, 18, 19, 20, 21] 20160419
11.872280701754386 [6, 7, 8, 9] [215, 216, 217, 218, 219, 220, 221, 222, 223, 224, 225, 226, 227, 228, 229, 230, 231, 232, 233, 234, 235, 236, 237, 238, 239, 240, 241, 242, 243, 244, 245, 246, 247, 248] 20160301
11.86666666666666 [9] [75, 76, 77] 20160313
11.82916666666667 [3, 4, 5, 6] [146, 147, 148, 149] 20160421
11.790109324062831 [6, 7, 9] [252, 253, 254, 255, 256, 257, 258, 259, 260, 261, 262, 263, 264, 265, 266, 267, 268, 269, 270, 271, 272, 273, 274, 275, 276, 277, 278, 279, 280, 281, 282, 283, 284, 285, 286] 20160313
11.688699229691874 [6, 7, 8, 9] [201, 202, 203, 204, 205, 206, 207, 208, 209, 210, 211, 212, 213, 214, 215, 216, 217, 218, 219, 220, 221, 222, 223, 224, 225, 226, 227, 228, 229, 230, 231, 232, 233, 234, 235, 236] 20160301
11.658333333333339 [6] [201, 202, 203, 204, 205, 206, 207, 208, 209, 210, 211, 212] 20160628
11.642727427018684 [3, 5, 7, 9] [275, 276, 277, 278, 279, 280, 281, 282, 283, 284, 285, 286, 287] 20160324
11.634166666666662 [3, 4, 5, 6] [151, 152, 153, 154, 155, 156, 157] 20160922
11.516666666666655 [3, 5, 6, 7] [171, 172, 173, 174] 20160922
11.501666666666651 [5, 6, 7, 9] [143, 144, 145, 146, 147, 148, 149, 150, 151] 20160529
11.437499999999993 [2, 3, 5, 7] [228, 229, 230, 231] 20160324
11.414077357529097 [4, 5, 6] [97, 98, 99, 100, 101, 102, 103, 104, 105, 106] 20160302
11.331386168514427 [3, 5, 7, 8] [162, 163, 164] 20160421
11.277575258170689 [6, 7, 9] [153, 154, 155] 20160421
11.227777777777767 [4, 5, 7, 9] [256, 257, 258, 259, 260, 261, 262, 263, 264, 265, 266, 267, 268, 269, 270, 271, 272, 273, 274, 275, 276, 277, 278, 279, 280, 281, 282, 283, 284, 285, 286, 287] 20160419
11.200000000000003 [3, 4, 5, 6] [149, 150, 151] 20160421
11.158333333333317 [6] [200, 201, 202, 203, 204] 20160628
11.125 [4, 6, 7, 9] [180, 181, 182] 20160309
11.09474767292731 [6, 7, 9] [152, 153, 154] 20160421
11.06588015946783 [3, 5, 6] [161, 162, 163, 164, 165, 166] 20160922
10.962499999999999 [5, 6, 7, 8] [138, 139, 140, 141, 142, 143] 20160514
10.918907212822278 [3, 5, 7, 8] [161, 162, 163] 20160421
10.858333333333327 [3] [277, 278, 279, 280] 20160324
10.829166666666659 [4, 5, 6, 7] [15, 16, 17, 18, 19, 20, 21, 22, 23, 24, 25, 26, 27] 20160313
10.738547237076645 [5, 7, 8, 9] [15, 16, 17, 18, 19, 20, 21, 22, 23, 24, 25, 26, 27, 28, 29, 30, 31, 32, 33, 34, 35, 36, 37, 38, 39, 40, 41, 42, 43, 44, 45, 46, 47, 48, 49, 50] 20160312
10.658333333333339 [5] [96, 97, 98] 20160302
10.654166666666658 [5, 7, 8, 9] [173, 174, 175, 176] 20160421
10.651259635883406 [6, 7, 8, 9] [183, 184, 185, 186, 187, 188, 189, 190, 191, 192, 193, 194, 195, 196, 197, 198, 199, 200, 201, 202, 203, 204, 205, 206, 207, 208, 209, 210, 211, 212, 213, 214, 215, 216, 217, 218] 20160301
10.641666666666659 [4, 6, 7, 9] [181, 182, 183] 20160309
10.608333333333341 [6, 7, 8, 9] [212, 213, 214, 215] 20160529
10.594377439629621 [6, 7, 9] [167, 168, 169] 20160922
10.533534017075619 [0, 1] [218, 219, 220, 221, 222, 223, 224, 225, 226, 227, 228, 229, 230, 231, 232, 233, 234, 235, 236, 237, 238, 239, 240, 241, 242, 243, 244, 245, 246, 247, 248, 249, 250, 251, 252] 20160421
10.453928571428577 [2, 3, 4, 6] [5, 6, 7, 8, 9, 10, 11, 12, 13, 14, 15, 16, 17, 18, 19] 20160313
10.365303030303032 [5, 6, 7, 8] [179, 180, 181, 182, 183, 184, 185, 186, 187, 188, 189, 190, 191, 192, 193, 194, 195, 196, 197, 198, 199, 200, 201, 202, 203, 204, 205, 206, 207, 208, 209, 210, 211, 212, 213, 214] 20160328
10.317866448813705 [1, 2, 3, 5] [103, 104, 105, 106, 107, 108, 109] 20160302
10.313226669445314 [5, 7, 8, 9] [99, 100, 101, 102, 103, 104, 105, 106, 107, 108, 109, 110, 111, 112, 113, 114, 115, 116, 117, 118, 119, 120, 121, 122, 123, 124, 125, 126, 127, 128, 129, 130, 131] 20160405
10.258333333333326 [1] [41, 42, 43, 44, 45, 46, 47, 48, 49, 50, 51, 52, 53, 54] 20160308
10.177335858585856 [5, 7, 8, 9] [251, 252, 253, 254, 255, 256, 257, 258, 259, 260, 261, 262, 263, 264, 265, 266, 267, 268, 269, 270, 271, 272, 273, 274, 275, 276, 277, 278, 279, 280, 281, 282, 283, 284, 285, 286] 20160621
10.166450918680269 [5, 7, 8, 9] [111, 112, 113, 114, 115, 116, 117, 118, 119, 120, 121, 122, 123] 20160313
10.054166666666656 [4, 6, 7, 9] [182, 183, 184] 20160309
9.932686781609203 [6, 7, 8, 9] [163, 164, 165, 166, 167, 168, 169, 170, 171, 172, 173, 174, 175, 176, 177, 178, 179, 180, 181, 182, 183, 184, 185, 186, 187, 188, 189, 190, 191, 192, 193, 194, 195, 196, 197, 198] 20160911
9.896745864358834 [4, 6, 7] [64, 65, 66, 67] 20160313
9.854166666666654 [3, 5, 7, 9] [158, 159, 160] 20160922
9.829166666666655 [1, 2, 3, 4] [159, 160, 161, 162] 20160308
9.757219549304676 [6, 7, 9] [143, 144, 145] 20160421
9.754166666666666 [4, 5, 7, 8] [134, 135, 136, 137, 138] 20160514
9.750000000000007 [3, 5, 7, 8] [160, 161, 162, 163, 164, 165, 166, 167, 168, 169] 20160529
9.729166666666668 [4, 5, 7, 8] [132, 133, 134, 135, 136] 20160514
9.725000000000001 [3] [197, 198, 199] 20160312
9.694673270142463 [5, 6, 7, 8] [129, 130, 131, 132] 20160302
9.675000000000004 [5] [104, 105, 106] 20160302
9.674702380952374 [5, 7, 8, 9] [44, 45, 46, 47, 48, 49, 50, 51, 52, 53, 54, 55, 56, 57, 58, 59, 60, 61, 62, 63, 64, 65, 66, 67, 68, 69, 70, 71, 72, 73, 74, 75, 76, 77, 78, 79] 20160312
9.598252344416025 [0, 1, 2, 3] [77, 78, 79, 80, 81, 82, 83, 84, 85, 86, 87, 88, 89, 90, 91, 92, 93, 94, 95, 96, 97, 98, 99, 100, 101, 102, 103, 104, 105, 106, 107, 108, 109, 110, 111, 112] 20160628
9.581296885077709 [5, 7, 8] [127, 128, 129] 20160302
9.566666666666666 [3, 5, 7, 9] [157, 158, 159] 20160922
9.483333333333327 [2] [238, 239, 240] 20160514
9.367508117601679 [6, 7, 9] [166, 167, 168] 20160922
9.357500000000005 [4, 6, 7, 9] [270, 271, 272, 273, 274, 275, 276, 277, 278, 279, 280, 281, 282, 283, 284, 285, 286] 20160313
9.327916955152533 [5, 7, 8] [128, 129, 130] 20160302
9.319395595169205 [6, 7, 9] [160, 161, 162, 163] 20160922
9.287499999999998 [3, 5, 6, 7] [156, 157, 158, 159, 160, 161] 20160312
9.28090557722324 [7, 8, 9] [170, 171, 172] 20160309
9.225000000000009 [1, 2, 3, 5] [220, 221, 222, 223] 20160324
9.218359298061035 [6, 7, 9] [164, 165, 166, 167] 20160922
9.168817929385567 [8, 9] [158, 159, 160] 20160405
9.091666666666669 [2, 3, 5, 7] [194, 195, 196, 197, 198] 20160308
9.047831154642486 [5, 7, 8, 9] [171, 172, 173, 174, 175, 176, 177, 178, 179, 180, 181, 182, 183, 184, 185, 186, 187, 188, 189, 190, 191, 192, 193, 194, 195, 196, 197, 198, 199, 200, 201, 202, 203, 204, 205] 20160301
9.008333333333322 [1, 2, 3, 5] [278, 279, 280, 281] 20160911
8.950000000000003 [2] [0, 1, 2, 3, 4, 5, 6, 7, 8, 9, 10, 11, 12, 13, 14, 15, 16, 17] 20160308
8.947500000000002 [5, 6, 7, 8] [104, 105, 106, 107, 108, 109, 110, 111, 112, 113, 114, 115, 116, 117, 118] 20160621
8.915437999460382 [1, 2, 3] [96, 97, 98, 99, 100, 101, 102, 103, 104, 105, 106, 107, 108, 109, 110, 111] 20160514
8.910439154493218 [5, 6, 7, 8] [140, 141, 142, 143] 20160514
8.905627902249972 [1, 2, 3] [153, 154, 155, 156] 20160922
8.881571641033748 [4, 5, 7] [231, 232, 233] 20160324
8.849999999999994 [4, 6, 7, 8] [88, 89, 90, 91, 92] 20160309
8.819025361871546 [2, 3, 5] [26, 27, 28, 29, 30] 20160419
8.787499999999987 [6, 7, 8, 9] [144, 145, 146, 147] 20160529
8.78083333333333 [2, 3, 5, 6] [98, 99, 100, 101, 102, 103] 20160911
8.749999999999986 [3, 5, 7, 9] [264, 265, 266] 20160922
8.730360856245966 [7, 8, 9] [150, 151, 152, 153, 154, 155, 156, 157] 20160529
8.679735739064874 [2, 3, 5, 6] [211, 212, 213, 214, 215, 216] 20160813
8.639847664228718 [0, 1] [51, 52, 53, 54, 55, 56, 57, 58, 59, 60, 61, 62, 63, 64, 65, 66, 67, 68, 69, 70, 71, 72, 73, 74, 75, 76, 77, 78] 20160628
8.63750000000001 [2, 3, 4, 5] [240, 241, 242, 243, 244, 245, 246] 20160324
8.595833333333324 [5, 6, 7, 9] [142, 143, 144, 145] 20160529
8.537567105641605 [1, 2, 3] [104, 105, 106, 107, 108, 109, 110, 111, 112, 113, 114, 115, 116, 117, 118] 20160529
8.520727722790214 [3, 5, 6] [133, 134, 135, 136, 137, 138, 139] 20160529
8.483333333333334 [2, 3, 4, 5] [55, 56, 57, 58, 59, 60, 61, 62, 63] 20160405
8.472615200357755 [5, 6, 7, 8] [131, 132, 133] 20160302
8.454166666666673 [4, 5, 7, 8] [137, 138, 139, 140] 20160514
8.37083333333333 [2, 3, 4, 5] [275, 276, 277] 20160312
8.352333894276592 [0, 1, 2] [171, 172, 173] 20160312
8.336066308243723 [6, 7, 8, 9] [17, 18, 19, 20, 21, 22, 23, 24, 25, 26, 27, 28, 29, 30, 31, 32, 33, 34, 35, 36, 37, 38, 39, 40, 41, 42, 43, 44, 45, 46, 47, 48, 49, 50, 51, 52] 20160328
8.333333333333332 [1, 2, 3, 5] [277, 278, 279] 20160308
8.304166666666653 [0, 1, 2, 3] [274, 275, 276, 277, 278] 20160308
8.258333333333336 [2, 3, 5, 6] [152, 153, 154, 155, 156, 157] 20160308
8.25 [3] [45, 46, 47, 48] 20160313
8.231785714285717 [0, 1, 2, 3] [156, 157, 158, 159, 160, 161, 162, 163, 164, 165, 166, 167, 168, 169, 170, 171, 172, 173, 174, 175, 176, 177, 178, 179, 180, 181, 182] 20160328
8.125835427135403 [2, 3, 4] [93, 94, 95, 96, 97] 20160325
8.116666666666674 [4, 5, 7, 8] [91, 92, 93, 94] 20160309
8.025000000000006 [5, 6, 7, 9] [147, 148, 149, 150] 20160529
8.020833333333343 [6, 7, 8, 9] [273, 274, 275, 276, 277, 278, 279, 280, 281, 282, 283, 284, 285, 286, 287] 20160621
7.984414070898092 [0, 1] [64, 65, 66, 67, 68, 69, 70, 71, 72, 73, 74, 75, 76, 77, 78, 79, 80] 20160628
7.970833333333317 [2, 3, 4, 5] [284, 285, 286] 20160922
7.954166666666673 [4, 5, 7, 8] [90, 91, 92] 20160309
7.914509940141118 [1, 2, 3, 4] [227, 228, 229, 230, 231] 20160514
7.912499999999998 [2, 3, 5, 6] [98, 99, 100, 101] 20160911
7.870833333333332 [2, 3, 5, 6] [156, 157, 158, 159] 20160308
7.855975877192977 [5, 7, 8, 9] [99, 100, 101, 102, 103, 104, 105, 106, 107, 108, 109, 110, 111, 112, 113, 114, 115, 116, 117, 118, 119, 120, 121, 122, 123, 124, 125, 126, 127, 128, 129, 130, 131, 132, 133] 20160308
7.8374999999999915 [3, 4, 5, 6] [181, 182, 183, 184, 185] 20160308
7.830000000000002 [6, 7, 8, 9] [3, 4, 5, 6, 7, 8, 9, 10, 11, 12, 13, 14, 15, 16, 17, 18, 19, 20, 21, 22, 23, 24, 25, 26, 27, 28, 29, 30, 31, 32, 33, 34, 35] 20160328
7.813529932111337 [1, 2, 3] [108, 109, 110, 111, 112, 113, 114, 115, 116] 20160514
7.800000000000011 [3, 4, 5, 6] [12, 13, 14, 15] 20160529
7.791477272727267 [4, 6, 7, 8] [74, 75, 76, 77, 78, 79, 80, 81, 82, 83, 84, 85, 86, 87, 88, 89, 90, 91, 92, 93, 94, 95, 96, 97, 98, 99, 100, 101, 102, 103, 104, 105, 106, 107, 108, 109] 20160922
7.762500000000003 [2, 3, 4, 5] [273, 274, 275] 20160312
7.762012152339203 [1, 2] [7, 8, 9, 10, 11, 12, 13, 14, 15, 16, 17, 18, 19] 20160813
7.731682354897742 [7, 8, 9] [163, 164, 165, 166] 20160405
7.722059850411241 [5, 6, 7, 8] [133, 134, 135] 20160302
7.712437345924748 [4, 5, 7, 8] [73, 74, 75] 20160309
7.6541666666666615 [1, 2, 3, 5] [273, 274, 275, 276] 20160308
7.649999999999977 [6] [264, 265, 266] 20160813
7.602150793650797 [0, 1, 2, 3] [128, 129, 130, 131, 132, 133, 134, 135, 136, 137, 138, 139, 140, 141, 142, 143, 144, 145, 146, 147, 148, 149, 150, 151, 152, 153, 154, 155, 156, 157, 158, 159, 160, 161, 162, 163] 20160328
7.599903711484595 [5, 6, 7, 9] [237, 238, 239, 240, 241, 242, 243, 244, 245, 246, 247, 248, 249, 250, 251, 252, 253, 254, 255, 256, 257, 258] 20160301
7.579166666666662 [3, 5, 7, 8] [130, 131, 132, 133] 20160514
7.575000000000003 [2] [16, 17, 18, 19, 20, 21, 22] 20160309
7.560621406706964 [4, 6, 7, 9] [188, 189, 190, 191, 192, 193, 194, 195, 196, 197, 198, 199, 200, 201, 202, 203, 204, 205, 206, 207, 208, 209, 210, 211, 212, 213, 214, 215, 216, 217, 218, 219, 220, 221, 222, 223] 20160412
7.542472332656505 [6, 7, 8] [34, 35, 36, 37, 38, 39] 20160313
7.541666666666666 [2, 3, 5, 6] [151, 152, 153, 154, 155] 20160308
7.5007422472218845 [2, 3, 4] [235, 236, 237, 238] 20160324
7.451157407407408 [2, 3, 4, 5] [252, 253, 254, 255, 256, 257, 258, 259, 260, 261, 262, 263, 264, 265, 266, 267, 268, 269, 270, 271, 272, 273, 274, 275, 276, 277, 278, 279, 280, 281, 282, 283, 284, 285, 286, 287] 20160412
7.433333333333337 [3] [197, 198, 199] 20160813
7.420833333333333 [4, 5, 7, 9] [76, 77, 78, 79, 80, 81] 20160405
7.404517202356953 [5, 7, 8, 9] [147, 148, 149, 150] 20160514
7.333333333333337 [4, 6, 7, 9] [165, 166, 167, 168, 169] 20160405
7.327537166464994 [2, 3, 5, 6] [18, 19, 20] 20160313
7.322664835164833 [3, 4, 5, 6] [113, 114, 115, 116, 117, 118, 119, 120, 121, 122, 123, 124, 125, 126, 127, 128, 129, 130, 131, 132, 133, 134, 135, 136, 137, 138, 139, 140, 141, 142, 143, 144, 145, 146, 147, 148] 20160328
7.316871597706523 [0, 1, 2] [227, 228, 229, 230, 231, 232, 233, 234, 235, 236, 237, 238, 239, 240, 241, 242, 243, 244, 245, 246, 247, 248, 249, 250, 251, 252, 253, 254, 255, 256, 257, 258, 259, 260, 261, 262] 20160309
7.315027910632568 [7, 8, 9] [10, 11, 12, 13] 20160419
7.236123373843321 [0, 1, 2] [225, 226, 227, 228] 20160328
7.212500000000013 [2, 3, 5, 7] [197, 198, 199, 200] 20160308
7.192822103654097 [2, 3, 4] [240, 241, 242] 20160324
7.179490851647424 [4, 6, 7, 8] [147, 148, 149, 150, 151, 152, 153, 154, 155, 156] 20160628
7.162500000000001 [2, 3, 4, 5] [176, 177, 178] 20160308
7.16 [5, 7, 8, 9] [265, 266, 267, 268, 269, 270, 271] 20160324
7.153563603003906 [5, 6] [224, 225, 226] 20160324
7.147671046494023 [2, 3, 4] [90, 91, 92, 93, 94] 20160325
7.147671046494013 [7, 9] [72, 73, 74, 75, 76, 77, 78, 79, 80] 20160308
7.133333333333336 [2, 3, 5, 6] [101, 102, 103, 104] 20160911
7.129166666666649 [2, 3, 4, 5] [88, 89, 90, 91] 20160911
7.116666666666664 [2, 3, 5, 7] [23, 24, 25] 20160514
7.083333333333343 [3] [196, 197, 198] 20160813
7.053390142335807 [6, 7] [79, 80, 81, 82, 83, 84, 85, 86, 87, 88, 89, 90, 91, 92, 93] 20160514
7.035712472806139 [1, 2, 3] [108, 109, 110, 111] 20160514
6.991666666666667 [3] [47, 48, 49] 20160313
6.983333333333334 [1] [78, 79, 80] 20160628
6.966693248221483 [4, 5, 7] [24, 25, 26, 27] 20160514
6.850742069159232 [5, 6, 7, 9] [93, 94, 95, 96, 97, 98, 99, 100, 101, 102, 103, 104, 105, 106, 107, 108, 109, 110, 111, 112, 113, 114, 115, 116, 117, 118, 119, 120, 121, 122, 123, 124, 125, 126, 127, 128] 20160328
6.817687881940294 [5, 7, 8] [18, 19, 20, 21] 20160419
6.812733176437587 [2, 3, 5, 6] [19, 20, 21] 20160313
6.7886769152213535 [4, 5, 6] [94, 95, 96, 97] 20160911
6.764620654005121 [7, 8, 9] [28, 29, 30, 31] 20160309
6.724999999999998 [5, 7, 8, 9] [99, 100, 101, 102, 103, 104, 105, 106, 107, 108, 109, 110, 111] 20160405
6.712500000000009 [6, 7, 8, 9] [272, 273, 274, 275] 20160911
6.650000000000006 [8] [221, 222, 223, 224, 225, 226, 227, 228, 229] 20160628
6.63471684343745 [4, 5, 7, 8] [52, 53, 54, 55] 20160309
6.595416666666665 [6, 7, 8, 9] [169, 170, 171, 172, 173, 174, 175, 176, 177, 178, 179] 20160628
6.577944066967135 [5, 6, 7, 9] [243, 244, 245, 246, 247, 248, 249, 250, 251, 252, 253, 254] 20160301
6.569587320574161 [6, 7, 8, 9] [208, 209, 210, 211, 212, 213, 214, 215, 216, 217, 218, 219, 220, 221, 222, 223, 224, 225, 226, 227, 228, 229, 230, 231, 232, 233, 234, 235, 236, 237, 238, 239, 240, 241, 242, 243] 20160405
6.533333333333346 [1] [260, 261, 262] 20160813
6.504263175470555 [0, 1, 2] [180, 181, 182, 183, 184, 185, 186, 187, 188, 189, 190, 191, 192, 193, 194, 195, 196, 197, 198, 199, 200, 201, 202, 203, 204, 205, 206, 207, 208, 209, 210, 211, 212, 213, 214, 215] 20160302
6.4750000000000085 [1, 2, 3, 4] [8, 9, 10, 11] 20160628
6.464134491347026 [6, 7, 8] [113, 114, 115, 116] 20160412
6.458241934837133 [1, 2] [230, 231, 232] 20160324
6.422886595777813 [7, 9] [178, 179, 180] 20160309
6.399999999999997 [6, 7, 8, 9] [166, 167, 168] 20160405
6.360425496772998 [4, 6, 7, 8] [144, 145, 146, 147, 148, 149, 150, 151] 20160628
6.350852961085888 [7, 8, 9] [8, 9, 10, 11] 20160419
6.333333333333336 [3, 4, 6, 7] [54, 55, 56, 57, 58, 59, 60, 61, 62, 63, 64, 65, 66, 67, 68, 69, 70, 71, 72, 73, 74, 75, 76, 77, 78, 79, 80, 81, 82] 20160813
6.183333333333351 [1] [261, 262, 263] 20160813
6.145833333333329 [2, 3, 4, 5] [90, 91, 92] 20160911
6.14004388330319 [4, 6, 7, 8] [148, 149, 150, 151, 152, 153, 154] 20160628
6.124724105653277 [2, 3, 5, 7] [129, 130, 131] 20160313
6.099999999999994 [7] [16, 17, 18, 19, 20] 20160412
6.0958565921937975 [7, 8, 9] [99, 100, 101, 102, 103, 104, 105, 106] 20160405
6.066976182580561 [1, 2, 3, 5] [111, 112, 113, 114, 115, 116, 117, 118, 119, 120, 121, 122, 123] 20160628
6.023484848484847 [4, 5, 7, 8] [256, 257, 258, 259, 260, 261, 262, 263, 264, 265, 266, 267, 268, 269, 270, 271, 272, 273, 274, 275, 276, 277, 278, 279, 280, 281, 282, 283, 284, 285, 286, 287] 20160405
5.950000000000003 [2, 3, 4, 6] [91, 92, 93] 20160911
5.9467077726531485 [5, 7, 8] [39, 40, 41] 20160313
5.94558951847688 [0, 1] [96, 97, 98, 99] 20160621
5.9396969619669875 [2, 3] [71, 72, 73] 20160419
5.899999999999999 [6, 7, 8, 9] [183, 184, 185, 186, 187, 188, 189, 190, 191] 20160628
5.89844906639779 [5, 6] [276, 277, 278, 279] 20160911
5.872200405581015 [2, 3, 5, 7] [11, 12, 13] 20160628
5.857201170828572 [4, 5] [20, 21, 22, 23] 20160419
5.8443452380952365 [4, 6, 7, 9] [270, 271, 272, 273, 274, 275, 276, 277, 278, 279, 280, 281, 282, 283, 284, 285, 286, 287] 20160412
5.829166666666669 [5, 7, 8, 9] [85, 86, 87, 88, 89, 90, 91] 20160301
5.8102439227439255 [4, 6, 7, 8] [12, 13, 14, 15, 16, 17, 18, 19, 20, 21, 22, 23, 24, 25, 26, 27, 28, 29, 30, 31, 32, 33, 34, 35, 36, 37, 38, 39, 40, 41, 42, 43, 44, 45] 20160324
5.804168162239584 [4, 6, 7, 9] [200, 201, 202, 203, 204, 205, 206] 20160412
5.799999999999998 [4, 6, 7, 9] [170, 171, 172, 173] 20160405
5.741391941391939 [2, 3, 5, 6] [236, 237, 238, 239, 240, 241, 242, 243, 244, 245, 246, 247, 248, 249, 250, 251, 252, 253, 254, 255, 256, 257, 258, 259, 260, 261, 262, 263, 264, 265, 266, 267] 20160412
5.721672371101148 [6, 7, 8] [126, 127, 128, 129, 130] 20160405
5.684150864521677 [5, 6, 7, 9] [240, 241, 242, 243, 244, 245, 246, 247, 248] 20160301
5.672466394788071 [5, 7, 8, 9] [154, 155, 156, 157, 158, 159, 160] 20160302
5.632500000000002 [6, 7, 8, 9] [105, 106, 107, 108, 109, 110, 111, 112, 113, 114] 20160405
5.566618845436637 [0, 1, 2] [144, 145, 146, 147, 148, 149, 150] 20160621
5.547373836463647 [2, 3, 5] [33, 34, 35] 20160419
5.483928571428567 [4, 5, 7, 8] [43, 44, 45, 46, 47, 48, 49, 50] 20160419
5.483333333333341 [0, 1, 2, 3] [23, 24, 25, 26, 27, 28, 29] 20160628
5.4725 [2, 3, 4, 5] [252, 253, 254, 255, 256, 257, 258, 259, 260, 261, 262, 263, 264, 265, 266, 267, 268, 269, 270] 20160412
5.456507328156173 [8, 9] [283, 284, 285, 286] 20160621
5.433333333333319 [5, 6, 7, 8] [283, 284, 285, 286, 287] 20160419
5.431903782625737 [2, 3, 4] [164, 165, 166, 167] 20160813
5.404166666666672 [5, 7, 8, 9] [268, 269, 270, 271] 20160324
5.37083333333333 [4, 6, 7, 9] [152, 153, 154, 155] 20160813
5.333333333333332 [5, 7, 8, 9] [270, 271, 272, 273] 20160324
5.291666666666669 [3, 5, 7, 8] [67, 68, 69] 20160405
5.225019936166128 [7, 8, 9] [156, 157, 158, 159] 20160813
5.148039900274158 [5, 7, 8] [164, 165, 166, 167, 168, 169, 170, 171, 172, 173, 174] 20160412
5.095116125598449 [5, 7, 8] [50, 51, 52, 53, 54, 55] 20160419
5.074285714285718 [4, 6, 7, 8] [44, 45, 46, 47, 48, 49, 50, 51, 52, 53, 54, 55, 56, 57, 58, 59, 60, 61, 62, 63, 64, 65, 66, 67, 68, 69, 70] 20160328
5.043339649534584 [0, 1, 2] [263, 264, 265, 266, 267, 268, 269, 270, 271, 272, 273, 274, 275, 276, 277, 278, 279, 280, 281, 282, 283, 284, 285, 286, 287] 20160301
5.015249338360558 [1, 2, 3] [48, 49, 50, 51, 52, 53, 54, 55, 56, 57, 58, 59, 60] 20160813
5.011030056008661 [1, 2] [52, 53, 54, 55, 56, 57, 58, 59] 20160813
5.000000000000007 [4, 6, 7, 9] [188, 189, 190, 191, 192, 193, 194] 20160813
4.966666666666647 [6, 7, 8, 9] [285, 286, 287] 20160621
4.958333333333336 [6, 7, 8, 9] [171, 172, 173, 174] 20160419
4.954166666666655 [2, 3, 4, 5] [81, 82, 83, 84, 85, 86, 87] 20160621
4.94166666666667 [9] [223, 224, 225, 226] 20160325
4.917099792598316 [4, 6, 7, 9] [207, 208, 209, 210, 211] 20160325
4.840119756706363 [0, 1, 2] [136, 137, 138, 139, 140, 141] 20160621
4.820111225088301 [3, 5] [202, 203, 204, 205, 206] 20160328
4.796540999048751 [6, 7, 9] [244, 245, 246, 247, 248] 20160301
4.716666666666665 [5, 6, 7, 8] [188, 189, 190] 20160419
4.633333333333336 [2, 3, 5, 6] [211, 212, 213] 20160328
4.633235910246746 [0, 1, 2] [140, 141, 142, 143, 144] 20160621
4.613990901273755 [7, 8, 9] [72, 73, 74, 75] 20160301
4.585123387814276 [5, 7, 8] [52, 53, 54] 20160419
4.524999999999999 [9] [210, 211, 212] 20160325
4.507805730064235 [4, 6, 7, 9] [205, 206, 207, 208, 209, 210, 211, 212] 20160412
4.49602061704447 [6, 7, 9] [242, 243, 244, 245] 20160301
4.469653333976349 [5, 7, 8, 9] [77, 78, 79, 80, 81] 20160301
4.3749999999999964 [0, 1, 2, 3] [132, 133, 134, 135] 20160325
4.32513647825771 [0, 1] [198, 199, 200, 201] 20160328
4.320833333333351 [4, 6, 7, 8] [167, 168, 169, 170, 171, 172] 20160621
4.307458808728048 [4, 6, 7, 8] [167, 168, 169] 20160325
4.266666666666659 [9] [211, 212, 213] 20160325
4.262499999999974 [0, 1, 2, 3] [86, 87, 88] 20160621
4.216666666666672 [2, 3, 5, 7] [10, 11, 12, 13] 20160325
4.171930009000634 [2, 3, 5, 6] [261, 262, 263] 20160412
4.1617331904085475 [4, 6, 7, 9] [206, 207, 208, 209] 20160301
4.160144895980859 [8, 9] [200, 201, 202, 203, 204, 205, 206] 20160301
4.137676929192317 [6, 7, 8] [171, 172, 173, 174, 175, 176] 20160621
4.1232431724625895 [2, 3, 4] [155, 156, 157, 158, 159] 20160621
4.11362066797608 [2, 3, 4] [151, 152, 153, 154, 155] 20160621
4.107111887391871 [0, 1] [200, 201, 202] 20160328
4.07031939778686 [0, 1, 2, 3] [222, 223, 224] 20160328
4.0375 [5, 7, 8, 9] [89, 90, 91] 20160301
4.033333333333342 [1, 2, 3, 5] [152, 153, 154] 20160325
4.027018127597636 [0, 1, 2, 3] [88, 89, 90] 20160621
4.022206875354394 [6, 7, 8] [282, 283, 284, 285, 286] 20160328
3.685419218327107 [5, 7, 8] [171, 172, 173, 174] 20160412
3.6709854615973754 [4, 5, 7, 8] [241, 242, 243, 244, 245] 20160412
3.4749999999999908 [1, 2, 3, 4] [193, 194, 195, 196, 197] 20160412
3.3630653180295678 [4, 6, 7, 9] [219, 220, 221, 222, 223, 224] 20160412
2.9999999999999964 [3, 4, 6, 7] [0, 1, 2, 3, 4, 5, 6] 20160328
2.9999999999999964 [4, 6, 7, 8] [28, 29, 30, 31] 20160328
2.9208333333333165 [1, 2, 3, 5] [179, 180, 181, 182, 183] 20160328
2.8290163190291717 [7, 8, 9] [168, 169, 170, 171] 20160324
2.6181818181818173 [5, 7, 8, 9] [56, 57, 58, 59, 60, 61, 62, 63, 64, 65, 66, 67, 68, 69, 70, 71, 72, 73, 74, 75, 76, 77, 78, 79, 80, 81, 82, 83, 84, 85, 86, 87, 88, 89, 90, 91] 20160324
2.56050779286074 [5, 7, 8, 9] [81, 82, 83, 84, 85, 86, 87, 88, 89, 90, 91, 92, 93, 94, 95, 96, 97, 98, 99, 100, 101, 102, 103, 104, 105, 106, 107, 108, 109, 110, 111, 112] 20160324
