56.1569361831776 [1, 2, 3] [283, 284] 20160325
55.132139455366016 [1, 2, 3] [265, 266] 20160325
55.055159419474066 [1, 2, 3] [264, 265] 20160325
54.76648428487925 [1, 2, 3] [261, 262] 20160325
54.69166666666666 [1, 2, 3, 4] [225, 226] 20160325
54.570833333333326 [1, 2, 3, 4] [250, 251] 20160312
54.5 [1, 2, 3, 4] [249, 250] 20160312
54.453752889068205 [1, 2, 3] [258, 259] 20160325
54.24166666666666 [1, 2, 3, 4] [247, 248] 20160312
54.20833333333334 [1, 2, 3, 4] [259, 260] 20160312
53.95833333333333 [1, 2, 3, 4] [261, 262] 20160312
53.941666666666656 [1, 2, 3, 4] [222, 223] 20160325
53.8375 [1, 2, 3, 4] [262, 263] 20160312
53.72083333333333 [1, 2, 3, 4] [221, 222] 20160325
53.65833333333333 [1, 2, 3, 4] [243, 244] 20160312
53.470833333333324 [1, 2, 3, 5] [285, 286] 20160324
53.28333333333333 [1, 2, 3, 4] [218, 219] 20160325
53.23750000000001 [1, 2, 3, 4] [241, 242] 20160312
53.21666666666667 [1, 2, 3, 4] [217, 218] 20160325
53.1125 [1, 2, 3, 4] [266, 267] 20160312
53.062499999999986 [1, 2, 3, 4] [214, 215] 20160325
52.99583333333332 [1, 2, 3, 4] [213, 214] 20160325
52.883333333333326 [1, 2, 3, 4] [267, 268] 20160312
52.874999999999986 [1, 2, 3, 4] [212, 213] 20160325
52.775000000000006 [1, 2, 3, 4] [239, 240] 20160312
52.695833333333326 [1, 2, 3, 4] [211, 212] 20160325
52.69166666666666 [1, 2, 3, 5] [272, 273] 20160324
52.673589559066855 [1, 2, 3] [246, 247] 20160325
52.595833333333324 [1, 2, 3, 5] [283, 284] 20160324
52.420833333333334 [1, 2, 3, 4] [210, 211] 20160325
52.00416666666666 [1, 2, 3, 4] [270, 271] 20160312
51.97916666666667 [1, 2, 3, 4] [236, 237] 20160312
51.95190172257982 [1, 2, 3] [239, 240] 20160325
51.766666666666666 [1, 2, 3, 4] [208, 209] 20160325
51.624999999999986 [1, 2, 3, 4] [271, 272] 20160312
51.54294528190385 [1, 2, 3] [236, 237] 20160325
51.4875 [1, 2, 3, 4] [234, 235] 20160312
51.36974020114695 [1, 2, 3] [235, 236] 20160325
51.30833333333332 [2, 3, 4, 5] [148, 149] 20160301
51.291666666666664 [2, 3, 4, 5] [147, 148] 20160301
51.25833333333334 [2, 3, 4, 5] [149, 150] 20160301
51.24166666666666 [2, 3, 4, 5] [146, 147] 20160301
51.17916666666666 [2, 3, 4, 5] [150, 151] 20160301
51.116666666666674 [1, 2, 3, 4] [233, 234] 20160312
50.829166666666666 [2, 3, 4, 5] [142, 143] 20160301
50.724999999999994 [2, 3, 4, 5] [153, 154] 20160301
50.53333333333333 [2, 3, 4, 5] [154, 155] 20160301
50.391666666666666 [2, 3, 4, 5] [139, 140] 20160301
50.329166666666666 [2, 3, 4, 5] [155, 156] 20160301
50.13750000000002 [1, 2, 3, 4] [230, 231] 20160312
50.10416666666667 [2, 3, 4, 5] [156, 157] 20160301
50.07083333333334 [0, 1, 2, 3] [254, 255] 20160312
49.954166666666666 [1, 2, 3, 5] [138, 139] 20160301
49.9 [1, 2, 3, 5] [137, 138] 20160301
49.82083333333334 [1, 2, 3, 5] [136, 137] 20160301
49.570833333333326 [1, 2, 3, 5] [133, 134] 20160301
49.56250000000001 [2, 3, 4, 5] [158, 159] 20160301
49.554166666666674 [1, 2, 3, 4] [228, 229] 20160312
49.5 [1, 2, 3, 5] [132, 133] 20160301
49.349999999999994 [1, 2, 3, 5] [130, 131] 20160301
49.27916666666667 [2, 3, 4, 5] [159, 160] 20160301
49.25 [1, 2, 3, 5] [129, 130] 20160301
49.12083333333332 [0, 1, 2, 3] [260, 261] 20160312
48.1893271378632 [1, 2] [261, 262] 20160324
48.12450901625444 [1, 2] [260, 261] 20160324
48.03612066860612 [1, 2] [259, 260] 20160324
47.906484425388584 [1, 2] [262, 263] 20160324
47.86523652981936 [1, 2] [258, 259] 20160324
47.67667472150295 [1, 2] [257, 258] 20160324
47.520738406549455 [1, 2, 3, 5] [277, 278] 20160324
47.47043524365687 [1, 2] [256, 257] 20160324
47.37026178298878 [1, 2] [263, 264] 20160324
47.28187343534047 [1, 2] [254, 255] 20160324
47.28187343534046 [1, 2] [255, 256] 20160324
47.15223719212293 [1, 2] [253, 254] 20160324
46.863501923138415 [1, 2] [264, 265] 20160324
46.781006131999995 [1, 2] [252, 253] 20160324
46.333171837248514 [1, 2] [251, 252] 20160324
46.309601611208954 [1, 2] [265, 266] 20160324
45.95833333333334 [2, 3, 5, 7] [216, 217] 20160309
45.86765987296739 [1, 2] [266, 267] 20160324
45.099999999999994 [2, 3, 4, 5] [245, 246] 20160421
43.945833333333354 [2, 3, 4, 5] [253, 254] 20160421
43.75 [0, 1, 2, 3] [138, 139] 20160911
43.724999999999994 [0, 1, 2, 3] [129, 130] 20160911
43.724999999999994 [0, 1, 2, 3] [141, 142] 20160911
43.66249999999998 [0, 1, 2, 3] [123, 124] 20160911
43.57499999999999 [0, 1, 2, 3] [121, 122] 20160911
43.29999999999999 [0, 1, 2, 3] [118, 119] 20160911
43.295833333333334 [0, 1, 2, 3] [145, 146] 20160911
43.06666666666668 [2, 3, 4, 5] [245, 246] 20160922
43.029166666666654 [0, 1, 2, 3] [116, 117] 20160911
42.9375 [0, 1, 2, 3] [147, 148] 20160911
42.804166666666674 [2, 3, 5, 7] [206, 207] 20160309
42.7527874334918 [0, 1, 2] [124, 125] 20160621
42.733333333333334 [0, 1, 2, 3] [114, 115] 20160911
42.57499999999999 [0, 1, 2, 3] [113, 114] 20160911
42.29166666666667 [0, 1, 2, 3] [150, 151] 20160911
42.24583333333334 [6, 7, 8, 9] [133, 134] 20160421
42.125000000000014 [2, 3, 4, 5] [260, 261] 20160421
41.98749999999998 [0, 1, 2, 3] [110, 111] 20160911
41.9733645700858 [3, 4, 5] [129, 130] 20160621
41.8375 [0, 1, 2, 3] [152, 153] 20160911
41.791666666666664 [5, 6, 7, 9] [113, 114] 20160421
41.77610322811268 [3, 4, 5] [131, 132] 20160621
41.75 [6, 7, 8, 9] [134, 135] 20160421
41.649999999999984 [0, 1, 2, 3] [109, 110] 20160911
41.641666666666666 [2, 3, 4, 5] [126, 127] 20160405
41.483333333333334 [2, 3, 4, 5] [125, 126] 20160405
41.37083333333334 [2, 3, 4, 5] [124, 125] 20160405
41.329166666666666 [3, 4, 5, 6] [140, 141] 20160405
41.26249999999998 [0, 1, 2, 3] [108, 109] 20160911
41.24166666666667 [3, 4, 5, 6] [123, 124] 20160405
41.22916666666668 [6, 7, 8, 9] [135, 136] 20160421
41.12916666666665 [0, 1, 2, 3] [156, 157] 20160911
41.08333333333333 [2, 3, 4, 5] [121, 122] 20160405
41.001491616949934 [3, 4, 5] [121, 122] 20160621
40.99166666666667 [3, 4, 5, 6] [141, 142] 20160405
40.86666666666666 [0, 1, 2, 3] [158, 159] 20160911
40.73687274357137 [3, 4, 5] [120, 121] 20160621
40.604166666666664 [2, 3, 4, 5] [119, 120] 20160405
40.529166666666676 [6, 7, 8, 9] [136, 137] 20160421
40.52083333333333 [0, 1, 2, 3] [106, 107] 20160911
40.453008861219786 [3, 4, 5] [119, 120] 20160621
40.358333333333334 [2, 3, 4, 5] [118, 119] 20160405
40.32916666666667 [0, 1, 2, 3] [161, 162] 20160911
40.21666666666667 [2, 3, 4, 5] [139, 140] 20160405
40.19166666666668 [0, 1, 2, 3] [166, 167] 20160419
40.159522474381724 [3, 4, 5] [118, 119] 20160621
40.12916666666666 [0, 1, 2, 3] [207, 208] 20160421
40.09166666666667 [2, 3, 4, 5] [117, 118] 20160405
39.880469844273414 [3, 4, 5] [117, 118] 20160621
39.841666666666654 [0, 1, 2, 3] [206, 207] 20160421
39.8125 [2, 3, 4, 5] [116, 117] 20160405
39.6875 [6, 7, 8, 9] [137, 138] 20160421
39.57499999999999 [0, 1, 2, 3] [205, 206] 20160421
39.545833333333334 [2, 3, 4, 5] [115, 116] 20160405
39.42083333333334 [2, 3, 4, 6] [237, 238] 20160922
39.35416666666666 [0, 1, 2, 3] [204, 205] 20160421
39.16666666666667 [0, 1, 2, 3] [203, 204] 20160421
39.08333333333334 [0, 1, 2, 3] [93, 94] 20160621
38.866666666666674 [6, 7, 8, 9] [138, 139] 20160421
38.85567311646183 [2, 3, 5] [251, 252] 20160922
38.83161685524559 [2, 3, 5] [250, 251] 20160922
38.80833333333334 [2, 3, 4, 5] [112, 113] 20160405
38.79312683729961 [2, 3, 5] [249, 250] 20160922
38.773881828326616 [2, 3, 5] [248, 249] 20160922
38.74982556711038 [3, 4, 5] [113, 114] 20160621
38.7402030626239 [2, 3, 5] [246, 247] 20160922
38.711335549164424 [2, 3, 5] [244, 245] 20160922
38.70171304467791 [7, 8, 9] [263, 264] 20160421
38.69690179243469 [2, 3, 5] [243, 244] 20160922
38.68750000000001 [0, 1, 2, 3] [201, 202] 20160421
38.66803427897522 [2, 3, 5] [242, 243] 20160922
38.66322302673197 [2, 3, 5] [241, 242] 20160922
38.65841177448869 [6, 7, 9] [129, 130] 20160421
38.63435551327245 [6, 7, 9] [130, 131] 20160421
38.619921756542716 [6, 7, 9] [128, 129] 20160421
38.60833333333335 [2, 3, 4, 5] [153, 154] 20160621
38.605487999813 [2, 3, 5] [240, 241] 20160922
38.5236967116778 [2, 3, 5] [239, 240] 20160922
38.50926295494805 [2, 3, 5] [257, 258] 20160922
38.46115043251559 [2, 3, 5] [238, 239] 20160922
38.37454789213713 [2, 3, 5] [236, 237] 20160922
38.35416666666667 [2, 3, 4, 5] [110, 111] 20160405
38.235021577082975 [3, 4, 5] [111, 112] 20160621
38.206154063623494 [2, 3, 5] [234, 235] 20160922
38.10511776651529 [1, 2, 3] [229, 230] 20160309
38.07083333333334 [2, 3, 4, 5] [142, 143] 20160405
38.041666666666664 [1, 2, 3, 5] [267, 268] 20160922
37.994458964920625 [3, 4, 5] [110, 111] 20160621
37.98483646043413 [0, 1, 2] [140, 141] 20160621
37.929166666666674 [6, 7, 8, 9] [158, 159] 20160419
37.90416666666667 [2, 3, 4, 5] [107, 108] 20160405
37.806820127434 [0, 1, 2] [155, 156] 20160419
37.79166666666666 [2, 3, 4, 5] [214, 215] 20160922
37.69616132583933 [3, 4, 5] [109, 110] 20160621
37.503711236109446 [0, 1, 2] [141, 142] 20160621
37.395833333333336 [3, 4, 5, 6] [147, 148] 20160405
37.36418492105528 [3, 4, 5] [108, 109] 20160621
37.329166666666666 [2, 3, 4, 5] [104, 105] 20160405
37.11666666666667 [2, 3, 4, 5] [103, 104] 20160405
37.05145352524424 [3, 4, 5] [107, 108] 20160621
37.032208516271254 [0, 1, 2] [142, 143] 20160621
36.98168465605642 [0, 1] [122, 123] 20160621
36.56331314385439 [7, 9] [257, 258] 20160309
36.55742058734448 [7, 9] [256, 257] 20160309
36.52795780479506 [7, 9] [255, 256] 20160309
36.404214118087424 [7, 9] [260, 261] 20160309
36.37787821118968 [0, 1, 2] [133, 134] 20160419
36.27916666666667 [2, 3, 4, 5] [259, 260] 20160308
36.22154486628091 [7, 9] [262, 263] 20160309
35.933333333333344 [1, 2, 3, 5] [207, 208] 20160922
35.90156423910824 [0, 1, 2] [122, 123] 20160419
35.810150446486546 [0, 1, 2] [120, 121] 20160419
35.714785006430525 [7, 9] [242, 243] 20160309
35.6610016269459 [0, 1, 2] [118, 119] 20160419
35.60416666666666 [3, 4, 5, 6] [251, 252] 20160308
35.525000000000006 [3, 4, 5, 6] [233, 234] 20160308
35.48298529394576 [3, 4, 6] [154, 155] 20160419
35.37232649235108 [6, 7, 8] [160, 161] 20160419
35.338647726648354 [6, 7, 8] [162, 163] 20160419
35.333836474405096 [6, 7, 8] [159, 160] 20160419
35.32587627677792 [2, 3] [226, 227] 20160309
35.30015770870238 [0, 1, 2] [115, 116] 20160419
35.27610144748615 [6, 7, 8] [163, 164] 20160419
35.19166666666667 [3, 4, 5, 6] [228, 229] 20160308
35.18445492054064 [7, 9] [238, 239] 20160309
35.13750000000002 [4, 6, 7, 9] [117, 118] 20160529
35.0625 [0, 1, 2, 3] [137, 138] 20160412
35.016666666666666 [4, 6, 7, 9] [98, 99] 20160529
34.99583333333335 [4, 6, 7, 9] [116, 117] 20160529
34.99583333333334 [0, 1, 2, 3] [141, 142] 20160412
34.958333333333336 [4, 6, 7, 9] [104, 105] 20160529
34.948936294945355 [5, 6, 7] [161, 162] 20160419
34.925000000000004 [5, 6, 7, 8] [178, 179] 20160419
34.8625 [0, 1, 2, 3] [142, 143] 20160412
34.85833333333332 [4, 6, 7, 9] [105, 106] 20160529
34.791666666666664 [1, 2, 3, 5] [255, 256] 20160308
34.790164970918205 [6, 7, 8] [167, 168] 20160419
34.737500000000004 [4, 6, 7, 9] [113, 114] 20160529
34.72916666666666 [3, 4, 5, 6] [224, 225] 20160308
34.72483551276937 [7, 9] [270, 271] 20160309
34.72083333333333 [1, 2, 3, 5] [253, 254] 20160308
34.69166666666666 [0, 1, 2, 3] [134, 135] 20160412
34.66666666666667 [0, 1, 2, 3] [143, 144] 20160412
34.65833333333333 [1, 2, 3, 5] [250, 251] 20160308
34.64999999999999 [4, 6, 7, 9] [107, 108] 20160529
34.636204899134306 [6, 7, 8] [168, 169] 20160419
34.629166666666656 [4, 6, 7, 9] [109, 110] 20160529
34.62177114240457 [0, 1, 2] [111, 112] 20160419
34.62083333333332 [3, 4, 5, 6] [223, 224] 20160308
34.6125 [4, 6, 7, 9] [128, 129] 20160529
34.608333333333334 [4, 6, 7, 9] [111, 112] 20160529
34.579166666666666 [4, 6, 7, 9] [110, 111] 20160529
34.448566061647675 [6, 7, 8] [151, 152] 20160419
34.44166666666666 [0, 1, 2, 3] [144, 145] 20160412
34.42450980043144 [5, 6, 7] [165, 166] 20160419
34.37916666666668 [0, 1, 2, 3] [132, 133] 20160412
34.341666666666654 [3, 4, 5, 6] [220, 221] 20160308
34.24166666666667 [0, 1, 2, 3] [131, 132] 20160412
34.16504264433001 [7, 9] [230, 231] 20160309
34.15416666666667 [0, 1, 2, 3] [145, 146] 20160412
33.966666666666676 [0, 1, 2, 3] [129, 130] 20160412
33.912499999999994 [2, 3, 4, 6] [144, 145] 20160313
33.87083333333333 [1, 2, 3, 5] [191, 192] 20160309
33.85000000000001 [3, 4, 5, 6] [218, 219] 20160308
33.85 [0, 1, 2, 3] [146, 147] 20160412
33.59166666666667 [2, 3, 4, 6] [148, 149] 20160313
33.52083333333334 [0, 1, 2, 3] [147, 148] 20160412
33.40416666666667 [2, 3, 4, 6] [141, 142] 20160313
33.21666666666667 [2, 3, 4, 6] [150, 151] 20160313
33.2125 [2, 3, 4, 5] [273, 274] 20160308
33.141666666666666 [0, 1, 2, 3] [148, 149] 20160412
33.108333333333334 [1, 2, 3, 4] [135, 136] 20160313
33.050000000000004 [1, 2, 3, 4] [133, 134] 20160313
32.974999999999994 [4, 6, 7, 9] [85, 86] 20160529
32.9330216050249 [7, 8, 9] [283, 284] 20160309
32.8704753258627 [6, 7, 9] [101, 102] 20160529
32.80792904670049 [6, 7, 9] [102, 103] 20160529
32.77916666666667 [2, 3, 4, 6] [137, 138] 20160313
32.741666666666674 [0, 1, 2, 3] [149, 150] 20160412
32.72916666666667 [2, 3, 4, 6] [136, 137] 20160313
32.66250000000001 [4, 6, 7, 9] [84, 85] 20160529
32.64999999999999 [3, 4, 5, 6] [272, 273] 20160308
32.608333333333334 [5, 7, 8, 9] [123, 124] 20160514
32.6 [2, 3, 4, 5] [126, 127] 20160313
32.36666666666667 [0, 1, 2, 3] [150, 151] 20160412
32.22916666666667 [4, 6, 7, 9] [79, 80] 20160529
32.15833333333334 [5, 7, 8, 9] [121, 122] 20160514
32.12499999999999 [0, 1, 2, 3] [115, 116] 20160412
32.08333333333333 [4, 6, 7, 9] [69, 70] 20160529
32.081429957970194 [7, 8, 9] [285, 286] 20160309
32.0125 [0, 1, 2, 3] [151, 152] 20160412
31.991666666666656 [3, 4, 5, 6] [274, 275] 20160308
31.89379112048359 [4, 5, 6] [240, 241] 20160308
31.888979868240334 [4, 5, 6] [241, 242] 20160308
31.869734859267346 [4, 5, 6] [242, 243] 20160308
31.864923607024096 [4, 5, 6] [239, 240] 20160308
31.855301102537613 [4, 5, 6] [243, 244] 20160308
31.850489850294355 [4, 5, 6] [238, 239] 20160308
31.845678598051116 [1, 2, 3] [282, 283] 20160309
31.716666666666676 [5, 7, 8, 9] [120, 121] 20160514
31.69166666666667 [1, 2, 3, 5] [187, 188] 20160309
31.633333333333333 [0, 1, 2, 3] [152, 153] 20160412
31.60833333333333 [0, 1, 2, 3] [261, 262] 20160328
31.295833333333338 [1, 2, 3, 4] [120, 121] 20160313
31.21666666666667 [0, 1, 2, 3] [109, 110] 20160412
31.195833333333326 [0, 1, 2, 3] [259, 260] 20160328
31.029166666666672 [2, 3, 4, 6] [119, 120] 20160313
30.825000000000003 [0, 1, 2, 3] [105, 106] 20160412
30.445833333333322 [0, 1, 2, 3] [257, 258] 20160328
30.248342853293142 [6, 7, 9] [83, 84] 20160529
30.123250294968724 [2, 3, 5] [188, 189] 20160309
30.099999999999998 [5, 7, 8, 9] [116, 117] 20160514
30.066666666666652 [4, 5, 6, 7] [101, 102] 20160514
30.025000000000002 [4, 5, 6, 7] [115, 116] 20160514
30.016666666666655 [4, 5, 6, 7] [103, 104] 20160514
29.966666666666658 [4, 5, 6, 7] [104, 105] 20160514
29.930800205238846 [3, 4, 6] [147, 148] 20160313
29.883333333333336 [4, 5, 6, 7] [105, 106] 20160514
29.874999999999996 [4, 5, 6, 7] [114, 115] 20160514
29.825 [4, 5, 6, 7] [96, 97] 20160514
29.779166666666665 [4, 5, 6, 7] [95, 96] 20160514
29.775 [4, 5, 6, 7] [98, 99] 20160514
29.774999999999995 [4, 5, 6, 7] [97, 98] 20160514
29.680615088590002 [7, 8, 9] [251, 252] 20160813
29.651747575130532 [7, 8, 9] [250, 251] 20160813
29.632502566157537 [7, 8, 9] [252, 253] 20160813
29.565145034752103 [7, 8, 9] [253, 254] 20160813
29.541088773535858 [7, 8, 9] [257, 258] 20160813
29.536277521292615 [7, 8, 9] [254, 255] 20160813
29.536277521292597 [7, 8, 9] [256, 257] 20160813
29.531466269049364 [7, 8, 9] [249, 250] 20160813
29.531466269049353 [7, 8, 9] [255, 256] 20160813
29.52184376456287 [7, 8, 9] [258, 259] 20160813
29.444863728670907 [7, 8, 9] [259, 260] 20160813
29.391666666666662 [4, 5, 6, 7] [93, 94] 20160514
29.37269494502222 [7, 8, 9] [248, 249] 20160813
29.32458242258974 [7, 8, 9] [260, 261] 20160813
29.314959918103245 [7, 8, 9] [233, 234] 20160813
29.242791134454546 [6, 7, 9] [133, 134] 20160529
29.216666666666676 [4, 5, 7, 8] [88, 89] 20160514
29.175433603049097 [7, 8, 9] [261, 262] 20160813
29.15618859407611 [7, 8, 9] [232, 233] 20160813
29.133333333333322 [4, 5, 6, 7] [92, 93] 20160514
29.12250982837337 [7, 8, 9] [247, 248] 20160813
29.122509828373364 [7, 8, 9] [235, 236] 20160813
29.100000000000005 [4, 5, 7, 8] [82, 83] 20160514
29.04999999999999 [4, 5, 7, 8] [81, 82] 20160514
29.040718540238174 [2, 3, 5] [186, 187] 20160309
29.02147353126519 [7, 8, 9] [262, 263] 20160813
28.930059738643518 [7, 8, 9] [246, 247] 20160813
28.87916666666667 [4, 5, 6, 7] [91, 92] 20160514
28.791666666666675 [2, 3, 4, 6] [111, 112] 20160313
28.651007108535175 [2, 3, 4] [283, 284] 20160328
28.608333333333324 [0, 1, 2, 3] [253, 254] 20160328
28.444123262075564 [2, 3, 4] [282, 283] 20160328
28.404166666666676 [4, 6, 7, 9] [49, 50] 20160529
28.28535193804842 [2, 3, 4] [117, 118] 20160313
28.064034334859063 [1, 2, 3] [132, 133] 20160313
28.05922308261582 [2, 3, 4] [280, 281] 20160328
28.02083333333332 [0, 1, 2, 3] [252, 253] 20160328
27.675000000000004 [2, 3, 4, 6] [107, 108] 20160313
27.616587876237098 [0, 1, 2, 3] [143, 144] 20160313
27.562500000000004 [2, 3, 4, 6] [106, 107] 20160313
27.486684065669436 [2, 3, 4] [277, 278] 20160328
27.46743905669645 [0, 1, 2, 3] [142, 143] 20160313
27.42083333333333 [2, 3, 4, 6] [105, 106] 20160313
27.29423397593956 [2, 3, 4] [276, 277] 20160328
25.932649591100688 [2, 3, 4] [269, 270] 20160328
25.69208697893835 [2, 3, 4] [268, 269] 20160328
25.432279357803015 [2, 3, 4] [267, 268] 20160328
25.167660484424434 [2, 3, 4] [266, 267] 20160328
24.181353774558833 [1, 2, 3, 5] [80, 81, 82, 83, 84, 85, 86, 87, 88, 89, 90, 91, 92, 93, 94, 95, 96, 97, 98, 99, 100, 101] 20160302
23.708333333333336 [5, 6, 7, 8] [106, 107] 20160302
23.252782091612175 [5, 6, 7, 8] [104, 105] 20160302
23.252027988017637 [0, 1] [250, 251] 20160328
23.21666666666667 [5, 6, 7, 8] [103, 104] 20160302
22.869011814874924 [0, 1] [248, 249] 20160328
22.790901876260474 [2, 3, 4] [123, 124] 20160628
22.74760060607126 [2, 3, 4] [122, 123] 20160628
22.708333333333336 [5, 6, 7, 8] [102, 103] 20160302
22.4637367237197 [2, 3, 4] [126, 127] 20160628
22.362499999999997 [2, 3, 4, 5] [106, 107] 20160628
22.324210408665543 [2, 3, 4] [127, 128] 20160628
22.26207849435647 [0, 1] [245, 246] 20160328
22.098081553232937 [2, 3, 4] [114, 115] 20160628
22.09583333333333 [6, 7, 8, 9] [114, 115] 20160302
22.0875 [3, 4, 5, 6] [184, 185] 20160302
22.083333333333336 [5, 6, 7, 8] [101, 102] 20160302
22.074999999999996 [0] [256, 257] 20160328
22.04999999999999 [0] [258, 259] 20160328
22.04583333333333 [3, 4, 5, 6] [186, 187] 20160302
22.033333333333324 [0] [255, 256] 20160328
21.99583333333333 [3, 4, 5, 6] [187, 188] 20160302
21.920065220232804 [2, 3, 4] [113, 114] 20160628
21.900000000000002 [6, 7, 8, 9] [115, 116] 20160302
21.875 [3, 4, 5, 6] [192, 193] 20160302
21.875 [3, 4, 5, 6] [196, 197] 20160302
21.741666666666664 [3, 4, 5, 6] [198, 199] 20160302
21.71318137377318 [0, 1, 2] [99, 100] 20160628
21.708370121529935 [2, 3, 4] [112, 113] 20160628
21.637499999999996 [6, 7, 8, 9] [116, 117] 20160302
21.56666666666666 [2, 3, 5, 7] [110, 111] 20160628
21.56403255423251 [2, 3, 4] [111, 112] 20160628
21.342714951043167 [0, 1, 2] [98, 99] 20160628
21.31384743758368 [2, 3, 4] [134, 135] 20160628
21.312500000000004 [6, 7, 8, 9] [117, 118] 20160302
21.27083333333333 [6, 7, 8, 9] [142, 143, 144, 145, 146, 147, 148, 149, 150, 151, 152, 153, 154, 155, 156, 157, 158, 159, 160, 161, 162, 163, 164, 165] 20160302
21.222433644962 [2, 3, 4] [109, 110] 20160628
21.208333333333336 [3, 4, 5, 6] [205, 206] 20160302
21.045833333333327 [3, 4, 5, 6] [214, 215] 20160302
21.034794807475354 [2, 3, 4] [108, 109] 20160628
21.033333333333335 [3, 4, 5, 6] [208, 209] 20160302
20.981871032799642 [0, 1, 2] [97, 98] 20160628
20.885645987934705 [2, 3, 4] [136, 137] 20160628
20.698007150448056 [2, 3, 4] [137, 138] 20160628
20.64989462801561 [2, 3, 4] [105, 106] 20160628
20.52961332193442 [2, 3, 4] [138, 139] 20160628
