10 1.0 0.08247422680412371 0.1523809523809524
15 1.0 0.18556701030927836 0.3130434782608696
20 1.0 0.26804123711340205 0.42276422764227645
25 1.0 0.30927835051546393 0.47244094488188976
30 0.9714285714285714 0.35051546391752575 0.5151515151515151
35 0.9772727272727273 0.44329896907216493 0.6099290780141844
40 0.9787234042553191 0.4742268041237113 0.6388888888888888
45 0.9807692307692307 0.5257731958762887 0.6845637583892616
50 0.9827586206896551 0.5876288659793815 0.7354838709677419
55 0.9696969696969697 0.6597938144329897 0.7852760736196319
60 0.9577464788732394 0.7010309278350515 0.8095238095238095
65 0.9459459459459459 0.7216494845360825 0.8187134502923976
70 0.935064935064935 0.7422680412371134 0.8275862068965517
75 0.935064935064935 0.7422680412371134 0.8275862068965517
80 0.9358974358974359 0.7525773195876289 0.8342857142857143
85 0.926829268292683 0.7835051546391752 0.8491620111731844
90 0.8953488372093024 0.7938144329896907 0.8415300546448087
95 0.8764044943820225 0.8041237113402062 0.8387096774193549
100 0.8681318681318682 0.8144329896907216 0.8404255319148937
105 0.8229166666666666 0.8144329896907216 0.8186528497409326
110 0.7961165048543689 0.845360824742268 0.82
115 0.780952380952381 0.845360824742268 0.8118811881188118
120 0.7522935779816514 0.845360824742268 0.796116504854369
125 0.7280701754385965 0.8556701030927835 0.7867298578199052
130 0.7155172413793104 0.8556701030927835 0.7793427230046949
135 0.6974789915966386 0.8556701030927835 0.7685185185185186
140 0.680327868852459 0.8556701030927835 0.7579908675799086
145 0.6614173228346457 0.865979381443299 0.75
150 0.648854961832061 0.8762886597938144 0.7456140350877193
155 0.6343283582089553 0.8762886597938144 0.7359307359307359
160 0.6159420289855072 0.8762886597938144 0.7234042553191489
165 0.6056338028169014 0.8865979381443299 0.7196652719665271
170 0.593103448275862 0.8865979381443299 0.7107438016528925
175 0.5733333333333334 0.8865979381443299 0.6963562753036437
180 0.5612903225806452 0.8969072164948454 0.6904761904761905
185 0.5471698113207547 0.8969072164948454 0.6796875
190 0.5304878048780488 0.8969072164948454 0.6666666666666666
195 0.5178571428571429 0.8969072164948454 0.6566037735849057
