10 0.75 0.030927835051546393 0.05940594059405941
15 0.6666666666666666 0.041237113402061855 0.07766990291262137
20 0.5 0.041237113402061855 0.0761904761904762
25 0.45454545454545453 0.05154639175257732 0.09259259259259259
30 0.42857142857142855 0.061855670103092786 0.10810810810810811
35 0.3333333333333333 0.061855670103092786 0.10434782608695653
40 0.2608695652173913 0.061855670103092786 0.1
45 0.25 0.07216494845360824 0.112
50 0.21212121212121213 0.07216494845360824 0.10769230769230768
55 0.19444444444444445 0.07216494845360824 0.10526315789473684
60 0.1794871794871795 0.07216494845360824 0.10294117647058823
65 0.1590909090909091 0.07216494845360824 0.09929078014184396
70 0.14893617021276595 0.07216494845360824 0.09722222222222221
75 0.1346153846153846 0.07216494845360824 0.09395973154362415
80 0.12727272727272726 0.07216494845360824 0.09210526315789473
85 0.11666666666666667 0.07216494845360824 0.08917197452229299
90 0.13846153846153847 0.09278350515463918 0.11111111111111112
95 0.14705882352941177 0.10309278350515463 0.12121212121212122
100 0.1388888888888889 0.10309278350515463 0.11834319526627218
105 0.13157894736842105 0.10309278350515463 0.11560693641618497
110 0.13580246913580246 0.1134020618556701 0.12359550561797754
115 0.12790697674418605 0.1134020618556701 0.12021857923497269
120 0.13186813186813187 0.12371134020618557 0.12765957446808512
125 0.125 0.12371134020618557 0.12435233160621761
130 0.1188118811881188 0.12371134020618557 0.1212121212121212
135 0.11320754716981132 0.12371134020618557 0.11822660098522168
140 0.10810810810810811 0.12371134020618557 0.11538461538461539
145 0.10344827586206896 0.12371134020618557 0.11267605633802817
150 0.09917355371900827 0.12371134020618557 0.11009174311926606
155 0.09523809523809523 0.12371134020618557 0.10762331838565022
160 0.0916030534351145 0.12371134020618557 0.10526315789473685
165 0.08823529411764706 0.12371134020618557 0.10300429184549356
170 0.0851063829787234 0.12371134020618557 0.10084033613445377
175 0.0821917808219178 0.12371134020618557 0.09876543209876543
180 0.07947019867549669 0.12371134020618557 0.0967741935483871
185 0.07692307692307693 0.12371134020618557 0.09486166007905139
190 0.08641975308641975 0.14432989690721648 0.1081081081081081
195 0.08484848484848485 0.14432989690721648 0.1068702290076336
200 0.08235294117647059 0.14432989690721648 0.10486891385767791
205 0.08092485549132948 0.14432989690721648 0.10370370370370369
210 0.08 0.14432989690721648 0.10294117647058823
215 0.0782122905027933 0.14432989690721648 0.10144927536231883
220 0.07650273224043716 0.14432989690721648 0.09999999999999999
225 0.07526881720430108 0.14432989690721648 0.0989399293286219
230 0.0748663101604278 0.14432989690721648 0.09859154929577464
235 0.07291666666666667 0.14432989690721648 0.09688581314878891
240 0.07106598984771574 0.14432989690721648 0.09523809523809525
245 0.06930693069306931 0.14432989690721648 0.09364548494983277
250 0.06763285024154589 0.14432989690721648 0.09210526315789473
255 0.0660377358490566 0.14432989690721648 0.09061488673139159
260 0.06451612903225806 0.14432989690721648 0.089171974522293
265 0.06306306306306306 0.14432989690721648 0.0877742946708464
270 0.06167400881057269 0.14432989690721648 0.08641975308641975
275 0.0603448275862069 0.14432989690721648 0.0851063829787234
280 0.05907172995780591 0.14432989690721648 0.08383233532934131
285 0.05785123966942149 0.14432989690721648 0.08259587020648966
290 0.05668016194331984 0.14432989690721648 0.0813953488372093
295 0.05555555555555555 0.14432989690721648 0.08022922636103151
300 0.054474708171206226 0.14432989690721648 0.07909604519774012
305 0.05343511450381679 0.14432989690721648 0.07799442896935933
310 0.052434456928838954 0.14432989690721648 0.07692307692307691
315 0.051470588235294115 0.14432989690721648 0.07588075880758807
320 0.05434782608695652 0.15463917525773196 0.08042895442359249
325 0.05357142857142857 0.15463917525773196 0.07957559681697612
330 0.05263157894736842 0.15463917525773196 0.07853403141361257
335 0.05172413793103448 0.15463917525773196 0.07751937984496124
340 0.05084745762711865 0.15463917525773196 0.07653061224489796
345 0.05 0.15463917525773196 0.07556675062972293
350 0.04918032786885246 0.15463917525773196 0.07462686567164178
355 0.04838709677419355 0.15463917525773196 0.0737100737100737
360 0.051118210862619806 0.16494845360824742 0.07804878048780488
365 0.050793650793650794 0.16494845360824742 0.07766990291262135
370 0.05329153605015674 0.17525773195876287 0.08173076923076923
375 0.05625 0.18556701030927836 0.08633093525179857
380 0.058823529411764705 0.1958762886597938 0.09047619047619047
385 0.06116207951070336 0.20618556701030927 0.09433962264150943
390 0.06402439024390244 0.21649484536082475 0.0988235294117647
395 0.06927710843373494 0.23711340206185566 0.10722610722610722
400 0.07164179104477612 0.24742268041237114 0.1111111111111111
405 0.07058823529411765 0.24742268041237114 0.10983981693363845
410 0.06956521739130435 0.24742268041237114 0.1085972850678733
415 0.06857142857142857 0.24742268041237114 0.10738255033557047
