10 0.7777777777777778 0.07216494845360824 0.1320754716981132
15 0.8461538461538461 0.1134020618556701 0.19999999999999998
20 0.8235294117647058 0.14432989690721648 0.24561403508771928
25 0.85 0.17525773195876287 0.2905982905982906
30 0.8181818181818182 0.18556701030927836 0.3025210084033614
35 0.782608695652174 0.18556701030927836 0.3
40 0.7777777777777778 0.21649484536082475 0.33870967741935487
45 0.7241379310344828 0.21649484536082475 0.3333333333333333
50 0.6774193548387096 0.21649484536082475 0.328125
55 0.65625 0.21649484536082475 0.3255813953488372
60 0.6363636363636364 0.21649484536082475 0.3230769230769231
65 0.6388888888888888 0.23711340206185566 0.3458646616541353
70 0.631578947368421 0.24742268041237114 0.35555555555555557
75 0.6153846153846154 0.24742268041237114 0.35294117647058826
80 0.6 0.24742268041237114 0.35036496350364965
85 0.5952380952380952 0.25773195876288657 0.3597122302158273
90 0.6046511627906976 0.26804123711340205 0.37142857142857144
95 0.6 0.27835051546391754 0.38028169014084506
100 0.5957446808510638 0.28865979381443296 0.38888888888888884
105 0.5833333333333334 0.28865979381443296 0.3862068965517241
110 0.5714285714285714 0.28865979381443296 0.3835616438356164
115 0.5490196078431373 0.28865979381443296 0.37837837837837834
120 0.5283018867924528 0.28865979381443296 0.37333333333333335
125 0.509090909090909 0.28865979381443296 0.3684210526315789
130 0.4827586206896552 0.28865979381443296 0.36129032258064514
135 0.4918032786885246 0.30927835051546393 0.379746835443038
140 0.47619047619047616 0.30927835051546393 0.375
145 0.46875 0.30927835051546393 0.3726708074534162
150 0.45454545454545453 0.30927835051546393 0.36809815950920244
155 0.44776119402985076 0.30927835051546393 0.3658536585365854
160 0.45588235294117646 0.31958762886597936 0.37575757575757573
165 0.45588235294117646 0.31958762886597936 0.37575757575757573
170 0.463768115942029 0.32989690721649484 0.38554216867469876
175 0.4647887323943662 0.3402061855670103 0.3928571428571429
180 0.44594594594594594 0.3402061855670103 0.38596491228070173
185 0.4358974358974359 0.35051546391752575 0.38857142857142857
190 0.4430379746835443 0.36082474226804123 0.3977272727272727
195 0.43902439024390244 0.3711340206185567 0.40223463687150846
200 0.43373493975903615 0.3711340206185567 0.39999999999999997
205 0.42857142857142855 0.3711340206185567 0.3977900552486187
210 0.4318181818181818 0.3917525773195876 0.4108108108108108
215 0.42696629213483145 0.3917525773195876 0.4086021505376344
220 0.4175824175824176 0.3917525773195876 0.40425531914893614
225 0.41304347826086957 0.3917525773195876 0.40211640211640215
230 0.40860215053763443 0.3917525773195876 0.4
235 0.4 0.3917525773195876 0.3958333333333333
240 0.3958333333333333 0.3917525773195876 0.39378238341968913
245 0.3877551020408163 0.3917525773195876 0.3897435897435898
250 0.3838383838383838 0.3917525773195876 0.3877551020408163
255 0.37254901960784315 0.3917525773195876 0.3819095477386935
260 0.375 0.4020618556701031 0.3880597014925374
265 0.36792452830188677 0.4020618556701031 0.3842364532019705
270 0.3611111111111111 0.4020618556701031 0.38048780487804884
275 0.3482142857142857 0.4020618556701031 0.37320574162679426
280 0.34513274336283184 0.4020618556701031 0.37142857142857144
285 0.3448275862068966 0.41237113402061853 0.3755868544600939
290 0.33613445378151263 0.41237113402061853 0.3703703703703704
295 0.3360655737704918 0.422680412371134 0.3744292237442922
300 0.328 0.422680412371134 0.3693693693693693
305 0.3359375 0.44329896907216493 0.38222222222222224
310 0.33076923076923076 0.44329896907216493 0.3788546255506608
315 0.3282442748091603 0.44329896907216493 0.3771929824561403
320 0.3283582089552239 0.4536082474226804 0.380952380952381
325 0.3235294117647059 0.4536082474226804 0.3776824034334764
330 0.32608695652173914 0.4639175257731959 0.3829787234042553
335 0.32142857142857145 0.4639175257731959 0.379746835443038
340 0.3146853146853147 0.4639175257731959 0.375
345 0.3082191780821918 0.4639175257731959 0.37037037037037035
350 0.30201342281879195 0.4639175257731959 0.36585365853658536
355 0.3 0.4639175257731959 0.3643724696356276
360 0.2980132450331126 0.4639175257731959 0.3629032258064516
365 0.29605263157894735 0.4639175257731959 0.3614457831325301
370 0.29411764705882354 0.4639175257731959 0.36000000000000004
375 0.2929936305732484 0.4742268041237113 0.36220472440944873
380 0.2893081761006289 0.4742268041237113 0.35937499999999994
385 0.2857142857142857 0.4742268041237113 0.3565891472868217
390 0.2822085889570552 0.4742268041237113 0.35384615384615375
395 0.28313253012048195 0.4845360824742268 0.3574144486692015
400 0.281437125748503 0.4845360824742268 0.3560606060606061
405 0.27647058823529413 0.4845360824742268 0.352059925093633
410 0.27325581395348836 0.4845360824742268 0.3494423791821561
415 0.27167630057803466 0.4845360824742268 0.34814814814814815
420 0.26704545454545453 0.4845360824742268 0.3443223443223443
425 0.2640449438202247 0.4845360824742268 0.3418181818181818
430 0.2596685082872928 0.4845360824742268 0.3381294964028777
435 0.2608695652173913 0.4948453608247423 0.34163701067615654
440 0.2594594594594595 0.4948453608247423 0.3404255319148936
445 0.25806451612903225 0.4948453608247423 0.33922261484098937
450 0.25668449197860965 0.4948453608247423 0.33802816901408456
455 0.25396825396825395 0.4948453608247423 0.3356643356643357
460 0.25396825396825395 0.4948453608247423 0.3356643356643357
465 0.25654450261780104 0.5051546391752577 0.34027777777777773
470 0.2552083333333333 0.5051546391752577 0.3391003460207612
475 0.2552083333333333 0.5051546391752577 0.3391003460207612
480 0.2552083333333333 0.5051546391752577 0.3391003460207612
485 0.25257731958762886 0.5051546391752577 0.33676975945017185
490 0.25510204081632654 0.5154639175257731 0.341296928327645
495 0.25510204081632654 0.5154639175257731 0.341296928327645
500 0.25510204081632654 0.5154639175257731 0.341296928327645
505 0.2613065326633166 0.5360824742268041 0.35135135135135137
510 0.25742574257425743 0.5360824742268041 0.34782608695652173
515 0.2549019607843137 0.5360824742268041 0.34551495016611294
520 0.2549019607843137 0.5360824742268041 0.34551495016611294
525 0.25365853658536586 0.5360824742268041 0.3443708609271523
530 0.25365853658536586 0.5360824742268041 0.3443708609271523
535 0.25120772946859904 0.5360824742268041 0.34210526315789475
540 0.2571428571428571 0.5567010309278351 0.3517915309446254
545 0.2559241706161137 0.5567010309278351 0.35064935064935066
550 0.2535211267605634 0.5567010309278351 0.3483870967741935
555 0.2558139534883721 0.5670103092783505 0.3525641025641026
560 0.2534562211981567 0.5670103092783505 0.3503184713375796
565 0.2534562211981567 0.5670103092783505 0.3503184713375796
570 0.25229357798165136 0.5670103092783505 0.34920634920634924
575 0.25 0.5670103092783505 0.3470031545741325
580 0.25 0.5670103092783505 0.3470031545741325
585 0.248868778280543 0.5670103092783505 0.34591194968553457
590 0.25112107623318386 0.5773195876288659 0.35
595 0.25112107623318386 0.5773195876288659 0.35
600 0.2555066079295154 0.5979381443298969 0.35802469135802467
605 0.25217391304347825 0.5979381443298969 0.3547400611620795
610 0.2510822510822511 0.5979381443298969 0.35365853658536583
615 0.24892703862660945 0.5979381443298969 0.3515151515151515
620 0.2457627118644068 0.5979381443298969 0.3483483483483484
625 0.24369747899159663 0.5979381443298969 0.3462686567164179
630 0.24066390041493776 0.5979381443298969 0.3431952662721893
635 0.2396694214876033 0.5979381443298969 0.3421828908554572
640 0.23868312757201646 0.5979381443298969 0.34117647058823525
645 0.23673469387755103 0.5979381443298969 0.3391812865497076
650 0.23673469387755103 0.5979381443298969 0.3391812865497076
655 0.23387096774193547 0.5979381443298969 0.336231884057971
660 0.23107569721115537 0.5979381443298969 0.3333333333333333
665 0.23412698412698413 0.6082474226804123 0.33810888252149
670 0.23137254901960785 0.6082474226804123 0.33522727272727276
675 0.22868217054263565 0.6082474226804123 0.3323943661971831
680 0.22692307692307692 0.6082474226804123 0.33053221288515405
685 0.22348484848484848 0.6082474226804123 0.3268698060941828
690 0.2209737827715356 0.6082474226804123 0.3241758241758242
695 0.21933085501858737 0.6082474226804123 0.3224043715846995
700 0.21611721611721613 0.6082474226804123 0.31891891891891894
705 0.21818181818181817 0.6185567010309279 0.32258064516129037
710 0.21739130434782608 0.6185567010309279 0.32171581769436997
715 0.21505376344086022 0.6185567010309279 0.3191489361702128
720 0.21428571428571427 0.6185567010309279 0.3183023872679045
725 0.21052631578947367 0.6185567010309279 0.31413612565445026
730 0.21254355400696864 0.6288659793814433 0.31770833333333337
735 0.21107266435986158 0.6288659793814433 0.3160621761658031
740 0.2103448275862069 0.6288659793814433 0.3152454780361757
745 0.20819112627986347 0.6288659793814433 0.31282051282051276
750 0.20608108108108109 0.6288659793814433 0.31043256997455465
755 0.20333333333333334 0.6288659793814433 0.30730478589420657
760 0.20198675496688742 0.6288659793814433 0.3057644110275689
765 0.2 0.6288659793814433 0.3034825870646766
770 0.19934640522875818 0.6288659793814433 0.3027295285359802
775 0.2 0.6391752577319587 0.3046683046683047
780 0.19808306709265175 0.6391752577319587 0.3024390243902439
785 0.19682539682539682 0.6391752577319587 0.3009708737864078
790 0.19558359621451105 0.6391752577319587 0.2995169082125604
795 0.19375 0.6391752577319587 0.2973621103117506
800 0.19076923076923077 0.6391752577319587 0.2938388625592417
805 0.18902439024390244 0.6391752577319587 0.291764705882353
810 0.1884498480243161 0.6391752577319587 0.29107981220657275
815 0.18731117824773413 0.6391752577319587 0.2897196261682243
820 0.18562874251497005 0.6391752577319587 0.2877030162412993
825 0.18452380952380953 0.6391752577319587 0.2863741339491917
830 0.18289085545722714 0.6391752577319587 0.28440366972477066
835 0.18128654970760233 0.6391752577319587 0.2824601366742596
840 0.18075801749271136 0.6391752577319587 0.2818181818181818
845 0.17971014492753623 0.6391752577319587 0.28054298642533937
850 0.1839080459770115 0.6597938144329897 0.2876404494382023
855 0.18285714285714286 0.6597938144329897 0.28635346756152125
860 0.18309859154929578 0.6701030927835051 0.28761061946902655
865 0.181058495821727 0.6701030927835051 0.28508771929824556
870 0.18055555555555555 0.6701030927835051 0.2844638949671772
875 0.17955801104972377 0.6701030927835051 0.2832244008714597
880 0.17857142857142858 0.6701030927835051 0.28199566160520606
885 0.18032786885245902 0.6804123711340206 0.28509719222462204
890 0.17983651226158037 0.6804123711340206 0.2844827586206896
895 0.17983651226158037 0.6804123711340206 0.2844827586206896
900 0.1793478260869565 0.6804123711340206 0.2838709677419355
905 0.18010752688172044 0.6907216494845361 0.2857142857142857
910 0.1830238726790451 0.711340206185567 0.2911392405063291
915 0.18421052631578946 0.7216494845360825 0.2935010482180293
920 0.18324607329842932 0.7216494845360825 0.29227557411273486
925 0.18229166666666666 0.7216494845360825 0.2910602910602911
930 0.18229166666666666 0.7216494845360825 0.2910602910602911
935 0.18181818181818182 0.7216494845360825 0.29045643153526973
940 0.18134715025906736 0.7216494845360825 0.2898550724637681
945 0.18041237113402062 0.7216494845360825 0.288659793814433
950 0.1794871794871795 0.7216494845360825 0.2874743326488707
955 0.1794871794871795 0.7216494845360825 0.2874743326488707
960 0.17857142857142858 0.7216494845360825 0.2862985685071575
965 0.17766497461928935 0.7216494845360825 0.28513238289205706
970 0.17721518987341772 0.7216494845360825 0.28455284552845533
975 0.17632241813602015 0.7216494845360825 0.2834008097165992
980 0.17587939698492464 0.7216494845360825 0.2828282828282829
985 0.17587939698492464 0.7216494845360825 0.2828282828282829
990 0.17587939698492464 0.7216494845360825 0.2828282828282829
995 0.1745635910224439 0.7216494845360825 0.28112449799196787
1000 0.1728395061728395 0.7216494845360825 0.2788844621513944
1005 0.171990171990172 0.7216494845360825 0.2777777777777778
1010 0.1715686274509804 0.7216494845360825 0.27722772277227725
1015 0.17114914425427874 0.7216494845360825 0.2766798418972332
1020 0.17073170731707318 0.7216494845360825 0.27613412228796846
1025 0.1694915254237288 0.7216494845360825 0.2745098039215686
1030 0.1686746987951807 0.7216494845360825 0.2734375
1035 0.1686746987951807 0.7216494845360825 0.2734375
1040 0.16786570743405277 0.7216494845360825 0.27237354085603116
1045 0.16706443914081145 0.7216494845360825 0.2713178294573643
1050 0.16587677725118483 0.7216494845360825 0.2697495183044316
1055 0.16470588235294117 0.7216494845360825 0.2681992337164751
1060 0.16470588235294117 0.7216494845360825 0.2681992337164751
1065 0.1658878504672897 0.7319587628865979 0.2704761904761905
1070 0.16435185185185186 0.7319587628865979 0.2684310018903592
1075 0.16397228637413394 0.7319587628865979 0.2679245283018868
1080 0.16359447004608296 0.7319587628865979 0.2674199623352166
1085 0.1628440366972477 0.7319587628865979 0.26641651031894936
1090 0.1628440366972477 0.7319587628865979 0.26641651031894936
1095 0.16247139588100687 0.7319587628865979 0.26591760299625467
1100 0.16210045662100456 0.7319587628865979 0.2654205607476635
1105 0.16136363636363638 0.7319587628865979 0.2644320297951583
1110 0.16027088036117382 0.7319587628865979 0.26296296296296295
1115 0.15955056179775282 0.7319587628865979 0.26199261992619927
1120 0.15812917594654788 0.7319587628865979 0.2600732600732601
1125 0.1574279379157428 0.7319587628865979 0.2591240875912409
1130 0.15673289183222958 0.7319587628865979 0.2581818181818182
1135 0.15604395604395604 0.7319587628865979 0.25724637681159424
1140 0.15570175438596492 0.7319587628865979 0.2567811934900543
1145 0.15502183406113537 0.7319587628865979 0.25585585585585585
1150 0.15434782608695652 0.7319587628865979 0.25493716337522443
1155 0.15367965367965367 0.7319587628865979 0.25402504472271914
1160 0.15334773218142547 0.7319587628865979 0.2535714285714285
1165 0.15334773218142547 0.7319587628865979 0.2535714285714285
1170 0.15301724137931033 0.7319587628865979 0.25311942959001776
1175 0.15203426124197003 0.7319587628865979 0.2517730496453901
1180 0.1513859275053305 0.7319587628865979 0.2508833922261484
1185 0.15074309978768577 0.7319587628865979 0.25
1190 0.1504237288135593 0.7319587628865979 0.24956063268892792
1195 0.14947368421052631 0.7319587628865979 0.24825174825174823
1200 0.1488469601677149 0.7319587628865979 0.24738675958188153
1205 0.14853556485355648 0.7319587628865979 0.24695652173913044
1210 0.14822546972860126 0.7319587628865979 0.2465277777777778
1215 0.14822546972860126 0.7319587628865979 0.2465277777777778
1220 0.14791666666666667 0.7319587628865979 0.2461005199306759
1225 0.14730290456431536 0.7319587628865979 0.24525043177892916
1230 0.1463917525773196 0.7319587628865979 0.24398625429553264
1235 0.1457905544147844 0.7319587628865979 0.24315068493150685
1240 0.14519427402862986 0.7319587628865979 0.242320819112628
1245 0.14489795918367346 0.7319587628865979 0.24190800681431002
1250 0.1443089430894309 0.7319587628865979 0.2410865874363328
1255 0.1437246963562753 0.7319587628865979 0.24027072758037227
1260 0.1431451612903226 0.7319587628865979 0.23946037099494097
1265 0.1431451612903226 0.7319587628865979 0.23946037099494097
1270 0.142570281124498 0.7319587628865979 0.23865546218487393
1275 0.14171656686626746 0.7319587628865979 0.23745819397993312
1280 0.14087301587301587 0.7319587628865979 0.2362728785357737
1285 0.14003944773175542 0.7319587628865979 0.23509933774834438
1290 0.14145383104125736 0.7422680412371134 0.2376237623762376
1295 0.14230019493177387 0.7525773195876289 0.23934426229508193
1300 0.1436893203883495 0.7628865979381443 0.24183006535947713
1305 0.1434108527131783 0.7628865979381443 0.24143556280587275
1310 0.14313346228239845 0.7628865979381443 0.24104234527687296
1315 0.1420345489443378 0.7628865979381443 0.2394822006472492
1320 0.1420345489443378 0.7628865979381443 0.2394822006472492
1325 0.1417624521072797 0.7628865979381443 0.23909531502423265
1330 0.14149139579349904 0.7628865979381443 0.23870967741935484
1335 0.1431297709923664 0.7731958762886598 0.24154589371980675
1340 0.14204545454545456 0.7731958762886598 0.24000000000000002
1345 0.14204545454545456 0.7731958762886598 0.24000000000000002
1350 0.14204545454545456 0.7731958762886598 0.24000000000000002
1355 0.14150943396226415 0.7731958762886598 0.23923444976076555
1360 0.14150943396226415 0.7731958762886598 0.23923444976076555
1365 0.1431261770244821 0.7835051546391752 0.24203821656050953
1370 0.1425891181988743 0.7835051546391752 0.24126984126984125
1375 0.14205607476635515 0.7835051546391752 0.24050632911392406
1380 0.1417910447761194 0.7835051546391752 0.24012638230647707
1385 0.14152700186219738 0.7835051546391752 0.23974763406940064
1390 0.14152700186219738 0.7835051546391752 0.23974763406940064
1395 0.14100185528756956 0.7835051546391752 0.23899371069182387
1400 0.14074074074074075 0.7835051546391752 0.23861852433281006
1405 0.14074074074074075 0.7835051546391752 0.23861852433281006
1410 0.14048059149722736 0.7835051546391752 0.23824451410658307
1415 0.14022140221402213 0.7835051546391752 0.23787167449139276
1420 0.13970588235294118 0.7835051546391752 0.23712948517940716
1425 0.13944954128440368 0.7835051546391752 0.23676012461059193
1430 0.13944954128440368 0.7835051546391752 0.23676012461059193
1435 0.1386861313868613 0.7835051546391752 0.23565891472868214
1440 0.13818181818181818 0.7835051546391752 0.2349304482225657
1445 0.13818181818181818 0.7835051546391752 0.2349304482225657
1450 0.13743218806509946 0.7835051546391752 0.23384615384615384
1455 0.13743218806509946 0.7835051546391752 0.23384615384615384
1460 0.1371841155234657 0.7835051546391752 0.2334869431643625
1465 0.1371841155234657 0.7835051546391752 0.2334869431643625
1470 0.1371841155234657 0.7835051546391752 0.2334869431643625
