10 0.5 0.010309278350515464 0.020202020202020204
15 0.5 0.010309278350515464 0.020202020202020204
20 0.25 0.010309278350515464 0.0198019801980198
25 0.5 0.041237113402061855 0.0761904761904762
30 0.5454545454545454 0.061855670103092786 0.1111111111111111
35 0.5 0.061855670103092786 0.11009174311926606
40 0.5333333333333333 0.08247422680412371 0.14285714285714285
45 0.5 0.09278350515463918 0.1565217391304348
50 0.47368421052631576 0.09278350515463918 0.15517241379310343
55 0.45 0.09278350515463918 0.15384615384615385
60 0.5 0.12371134020618557 0.19834710743801653
65 0.5 0.13402061855670103 0.21138211382113822
70 0.5172413793103449 0.15463917525773196 0.2380952380952381
75 0.5333333333333333 0.16494845360824742 0.25196850393700787
80 0.5 0.16494845360824742 0.24806201550387597
85 0.48484848484848486 0.16494845360824742 0.24615384615384614
90 0.45714285714285713 0.16494845360824742 0.2424242424242424
95 0.4444444444444444 0.16494845360824742 0.24060150375939848
100 0.41025641025641024 0.16494845360824742 0.23529411764705882
105 0.4 0.16494845360824742 0.23357664233576644
110 0.38095238095238093 0.16494845360824742 0.2302158273381295
115 0.35555555555555557 0.16494845360824742 0.22535211267605632
120 0.35555555555555557 0.16494845360824742 0.22535211267605632
125 0.3541666666666667 0.17525773195876287 0.23448275862068965
130 0.3541666666666667 0.17525773195876287 0.23448275862068965
135 0.34 0.17525773195876287 0.23129251700680273
140 0.32075471698113206 0.17525773195876287 0.22666666666666666
145 0.3157894736842105 0.18556701030927836 0.23376623376623376
150 0.3050847457627119 0.18556701030927836 0.23076923076923078
155 0.29508196721311475 0.18556701030927836 0.22784810126582278
160 0.2857142857142857 0.18556701030927836 0.225
165 0.28125 0.18556701030927836 0.2236024844720497
170 0.2898550724637681 0.20618556701030927 0.24096385542168675
175 0.28169014084507044 0.20618556701030927 0.23809523809523808
180 0.273972602739726 0.20618556701030927 0.23529411764705882
185 0.2692307692307692 0.21649484536082475 0.24000000000000002
190 0.25609756097560976 0.21649484536082475 0.2346368715083799
195 0.2558139534883721 0.2268041237113402 0.24043715846994537
200 0.24719101123595505 0.2268041237113402 0.23655913978494622
205 0.2391304347826087 0.2268041237113402 0.2328042328042328
210 0.23157894736842105 0.2268041237113402 0.22916666666666663
215 0.22448979591836735 0.2268041237113402 0.22564102564102564
220 0.2376237623762376 0.24742268041237114 0.2424242424242424
225 0.23076923076923078 0.24742268041237114 0.23880597014925375
230 0.22641509433962265 0.24742268041237114 0.23645320197044337
235 0.2222222222222222 0.24742268041237114 0.23414634146341462
240 0.21621621621621623 0.24742268041237114 0.23076923076923078
245 0.21428571428571427 0.24742268041237114 0.2296650717703349
250 0.20869565217391303 0.24742268041237114 0.22641509433962262
255 0.20833333333333334 0.25773195876288657 0.23041474654377878
260 0.2066115702479339 0.25773195876288657 0.22935779816513763
265 0.1984126984126984 0.25773195876288657 0.2242152466367713
270 0.19083969465648856 0.25773195876288657 0.2192982456140351
275 0.18796992481203006 0.25773195876288657 0.21739130434782605
280 0.18518518518518517 0.25773195876288657 0.21551724137931033
285 0.17985611510791366 0.25773195876288657 0.21186440677966098
290 0.1736111111111111 0.25773195876288657 0.20746887966804978
295 0.16891891891891891 0.25773195876288657 0.2040816326530612
300 0.17105263157894737 0.26804123711340205 0.20883534136546184
305 0.16774193548387098 0.26804123711340205 0.20634920634920634
310 0.18012422360248448 0.29896907216494845 0.22480620155038758
315 0.17682926829268292 0.29896907216494845 0.2222222222222222
320 0.17159763313609466 0.29896907216494845 0.21804511278195485
325 0.16666666666666666 0.29896907216494845 0.2140221402214022
330 0.16201117318435754 0.29896907216494845 0.21014492753623187
335 0.15846994535519127 0.29896907216494845 0.20714285714285713
340 0.1595744680851064 0.30927835051546393 0.2105263157894737
345 0.15625 0.30927835051546393 0.20761245674740483
350 0.1658291457286432 0.3402061855670103 0.22297297297297294
355 0.16176470588235295 0.3402061855670103 0.21926910299003324
360 0.15789473684210525 0.3402061855670103 0.2156862745098039
365 0.1542056074766355 0.3402061855670103 0.2122186495176849
370 0.15137614678899083 0.3402061855670103 0.20952380952380956
375 0.14798206278026907 0.3402061855670103 0.20625000000000002
380 0.14537444933920704 0.3402061855670103 0.2037037037037037
385 0.14347826086956522 0.3402061855670103 0.2018348623853211
390 0.14042553191489363 0.3402061855670103 0.1987951807228916
395 0.14166666666666666 0.35051546391752575 0.20178041543026706
400 0.13877551020408163 0.35051546391752575 0.19883040935672514
405 0.136 0.35051546391752575 0.19596541786743518
410 0.13385826771653545 0.35051546391752575 0.19373219373219377
415 0.13127413127413126 0.35051546391752575 0.19101123595505617
420 0.12878787878787878 0.35051546391752575 0.18836565096952906
425 0.12639405204460966 0.35051546391752575 0.18579234972677597
430 0.12454212454212454 0.35051546391752575 0.1837837837837838
435 0.1223021582733813 0.35051546391752575 0.18133333333333332
440 0.12099644128113879 0.35051546391752575 0.17989417989417988
445 0.11888111888111888 0.35051546391752575 0.17754569190600522
450 0.11724137931034483 0.35051546391752575 0.17571059431524547
455 0.11564625850340136 0.35051546391752575 0.17391304347826086
460 0.1174496644295302 0.36082474226804123 0.17721518987341772
465 0.11551155115511551 0.36082474226804123 0.175
470 0.11400651465798045 0.36082474226804123 0.17326732673267328
475 0.11290322580645161 0.36082474226804123 0.17199017199017197
480 0.1111111111111111 0.36082474226804123 0.1699029126213592
485 0.109375 0.36082474226804123 0.16786570743405274
490 0.1076923076923077 0.36082474226804123 0.16587677725118483
495 0.10606060606060606 0.36082474226804123 0.16393442622950818
500 0.10510510510510511 0.36082474226804123 0.16279069767441862
505 0.10355029585798817 0.36082474226804123 0.16091954022988503
510 0.10204081632653061 0.36082474226804123 0.1590909090909091
515 0.10057471264367816 0.36082474226804123 0.15730337078651685
