86.75 [1, 2, 3, 5] [0, 1, 2, 3, 4, 5, 6, 7, 8, 9, 10, 11] 20160301
81.9 [5, 6, 7, 8] [14, 15, 16, 17, 18, 19, 20, 21, 22, 23, 24, 25] 20160301
71.1295531641619 [5, 7, 8] [6, 7, 8, 9, 10, 11, 12, 13, 14, 15, 16, 17] 20160301
67.37677641442933 [7, 8, 9] [26, 27, 28, 29, 30, 31, 32, 33, 34, 35, 36, 37] 20160301
66.95 [6, 7, 8, 9] [256, 257, 258, 259, 260, 261, 262, 263, 264, 265, 266, 267] 20160301
66.1 [6, 7, 8, 9] [246, 247, 248, 249, 250, 251, 252, 253, 254, 255, 256, 257] 20160301
64.83643522999496 [7, 8, 9] [37, 38, 39, 40, 41, 42, 43, 44, 45, 46, 47, 48] 20160301
62.45 [5, 7, 8, 9] [232, 233, 234, 235, 236, 237, 238, 239, 240, 241, 242, 243] 20160301
60.159898049559004 [7, 8, 9] [46, 47, 48, 49, 50, 51, 52, 53, 54, 55, 56, 57] 20160301
59.099999999999994 [6, 7, 8, 9] [223, 224, 225, 226, 227, 228, 229, 230, 231, 232, 233, 234] 20160301
57.0 [6, 7, 8, 9] [216, 217, 218, 219, 220, 221, 222, 223, 224, 225, 226, 227] 20160301
54.0 [6, 7, 8, 9] [208, 209, 210, 211, 212, 213, 214, 215, 216, 217, 218, 219] 20160301
53.75131006155416 [1, 2, 3] [245, 246, 247, 248, 249, 250, 251, 252, 253, 254, 255, 256] 20160301
53.34716487312143 [1, 2, 3] [252, 253, 254, 255, 256, 257, 258, 259, 260, 261, 262, 263] 20160301
52.192464334742176 [2, 3, 4] [258, 259, 260, 261, 262, 263, 264, 265, 266, 267, 268, 269] 20160301
52.13472930782321 [2, 3, 4] [270, 271, 272, 273, 274, 275, 276, 277, 278, 279, 280, 281] 20160301
52.01925925398528 [2, 3, 4] [265, 266, 267, 268, 269, 270, 271, 272, 273, 274, 275, 276] 20160301
51.96152422706632 [1, 2, 3] [233, 234, 235, 236, 237, 238, 239, 240, 241, 242, 243, 244] 20160301
51.901637739092585 [8, 9] [251, 252, 253, 254, 255, 256, 257, 258, 259, 260, 261, 262] 20160301
51.73058411939047 [2, 3, 5] [275, 276, 277, 278, 279, 280, 281, 282, 283, 284, 285, 286] 20160301
51.24999999999999 [6, 7, 8, 9] [68, 69, 70, 71, 72, 73, 74, 75, 76, 77, 78, 79] 20160301
