181.75 [1, 2, 3, 4] [222, 223, 224, 225, 226, 227, 228] 20160813
181.65 [1, 2, 3, 4] [227, 228, 229, 230] 20160813
181.5 [1, 2, 3, 4] [229, 230, 231, 232, 233, 234, 235] 20160813
181.4 [1, 2, 3, 4] [228, 229] 20160813
181.3 [1, 2, 3, 4] [227, 228] 20160813
180.6 [1, 2, 3, 4] [224, 225] 20160813
180.4 [1, 2, 3, 4] [232, 233] 20160813
177.85 [1, 2, 3, 4] [216, 217, 218, 219, 220, 221, 222, 223] 20160813
177.79999999999998 [0, 1, 2, 3] [230, 231, 232] 20160813
177.4 [0, 1, 2, 3] [234, 235] 20160813
177.0 [0, 1, 2, 3] [187, 188, 189, 190, 191, 192, 193] 20160813
176.85 [0, 1, 2, 3] [222, 223, 224] 20160813
176.8 [0, 1, 2, 3] [194, 195, 196] 20160813
176.7 [0, 1, 2, 3] [193, 194, 195] 20160813
176.55 [0, 1, 2, 3] [186, 187, 188, 189, 190] 20160813
176.5 [1, 2, 3, 4] [216, 217, 218, 219] 20160813
176.45 [0, 1, 2, 3] [195, 196] 20160813
176.10000000000002 [0, 1, 2, 3] [222, 223] 20160813
176.0 [0, 1, 2, 3] [225, 226] 20160813
175.79999999999998 [0, 1, 2, 3] [191, 192] 20160813
175.7 [1, 2, 3, 4] [189, 190] 20160813
167.45 [6, 7, 8, 9] [164, 165, 166, 167, 168, 169, 170, 171, 172, 173, 174, 175, 176, 177, 178, 179, 180, 181, 182, 183, 184, 185, 186] 20160529
167.2 [1, 2, 3, 4] [193, 194] 20160529
166.8 [1, 2, 3, 4] [199, 200] 20160529
166.35 [1, 2, 3, 5] [1, 2, 3, 4, 5] 20160911
166.15 [5, 7, 8, 9] [173, 174, 175, 176, 177, 178, 179, 180, 181, 182, 183, 184] 20160529
165.85000000000002 [1, 2, 3, 4] [239, 240, 241, 242, 243, 244, 245] 20160922
165.8 [1, 2, 3, 5] [238, 239, 240] 20160922
165.5 [0, 1, 2, 3] [239, 240, 241, 242] 20160922
165.5 [1, 2, 3, 4] [250, 251] 20160922
165.45 [1, 2, 3, 4] [235, 236, 237] 20160922
165.45 [0, 1, 2, 3] [239, 240] 20160922
165.4 [0, 1, 2, 3] [238, 239] 20160922
165.35 [1, 2, 3, 5] [240, 241] 20160922
165.3 [0, 1, 2, 3] [229, 230, 231, 232] 20160922
165.2 [5, 7, 8, 9] [178, 179, 180, 181, 182] 20160529
165.1 [5, 7, 8, 9] [179, 180] 20160529
165.1 [0, 1, 2, 3] [244, 245] 20160922
165.0 [1, 2, 3, 5] [219, 220, 221, 222, 223, 224, 225, 226] 20160922
165.0 [1, 2, 3, 4] [224, 225, 226, 227, 228, 229, 230] 20160922
165.0 [0, 1, 2, 3] [241, 242] 20160922
165.0 [0, 1, 2, 3] [247, 248, 249, 250] 20160922
164.95 [0, 1, 2, 3] [232, 233, 234] 20160922
164.89999999999998 [0, 1, 2, 3] [233, 234] 20160922
164.8 [1, 2, 3, 4] [21, 22, 23, 24, 25, 26, 27, 28, 29, 30, 31] 20160911
164.8 [2, 3, 4, 5] [26, 27, 28, 29, 30, 31] 20160911
164.8 [0, 1, 2, 3] [237, 238] 20160922
164.7 [0, 1, 2, 3] [0, 1, 2, 3, 4, 5, 6, 7, 8, 9, 10, 11, 12, 13, 14, 15] 20160621
164.7 [1, 2, 3, 5] [6, 7, 8, 9, 10] 20160911
164.7 [0, 1, 2, 3] [230, 231] 20160922
164.65 [1, 2, 3, 4] [202, 203, 204, 205, 206, 207, 208] 20160529
164.65 [2, 3, 4, 5] [30, 31] 20160911
164.64999999999998 [2, 3, 4, 5] [31, 32] 20160911
164.64999999999998 [2, 3, 4, 5] [33, 34, 35, 36, 37] 20160911
164.64999999999998 [2, 3, 4, 5] [35, 36, 37] 20160911
164.6 [2, 3, 4, 5] [37, 38] 20160911
164.6 [0, 1, 2, 3] [227, 228, 229] 20160922
164.55 [0, 1, 2, 3] [202, 203, 204] 20160529
164.54999999999998 [0, 1, 2, 3] [228, 229] 20160922
164.5 [0, 1, 2, 3] [196, 197] 20160529
164.5 [1, 2, 3, 5] [10, 11, 12] 20160911
164.5 [2, 3, 4, 5] [32, 33, 34, 35] 20160911
164.5 [1, 2, 3, 5] [218, 219] 20160922
164.45000000000002 [2, 3, 4, 5] [32, 33] 20160911
164.45000000000002 [2, 3, 4, 5] [36, 37] 20160911
164.4 [2, 3, 4, 5] [34, 35] 20160911
164.35000000000002 [0, 1, 2, 3] [11, 12] 20160621
164.3 [0, 1, 2, 3] [9, 10, 11] 20160621
164.25 [0, 1, 2, 3] [14, 15] 20160621
164.25 [2, 3, 4, 5] [40, 41] 20160911
164.20000000000002 [0, 1, 2, 3] [12, 13] 20160621
164.2 [1, 2, 3, 5] [13, 14, 15, 16] 20160911
164.10000000000002 [1, 2, 3, 5] [18, 19, 20, 21] 20160911
164.1 [2, 3, 4, 5] [41, 42] 20160911
164.05 [2, 3, 4, 5] [39, 40] 20160911
163.79999999999998 [0, 1, 2, 3] [17, 18] 20160621
163.79999999999998 [0, 1, 2, 3] [18, 19] 20160621
163.65 [0, 1, 2, 3] [204, 205, 206, 207] 20160529
163.65 [2, 3, 4, 5] [17, 18] 20160911
163.39999999999998 [1, 2, 3, 4] [20, 21] 20160621
163.35 [1, 2, 3, 4] [20, 21, 22, 23, 24, 25] 20160911
163.1 [0, 1, 2, 3] [23, 24] 20160621
162.95 [0, 1, 2, 3] [24, 25, 26] 20160621
162.95 [1, 2, 3, 4] [25, 26, 27] 20160621
162.8 [1, 2, 3, 4] [26, 27, 28] 20160621
162.79999999999998 [1, 2, 3, 5] [13, 14] 20160621
162.6 [1, 2, 3, 4] [27, 28, 29] 20160621
162.55 [1, 2, 3, 5] [170, 171, 172] 20160529
162.4 [1, 2, 3, 5] [167, 168] 20160529
162.25 [0, 1, 2, 3] [207, 208, 209] 20160529
162.25 [1, 2, 3, 4] [30, 31, 32, 33] 20160621
162.2 [1, 2, 3, 4] [30, 31] 20160621
161.8 [1, 2, 3, 5] [166, 167] 20160529
161.8 [1, 2, 3, 4] [213, 214, 215] 20160529
161.5 [1, 2, 3, 4] [213, 214] 20160529
161.0 [0, 1, 2, 3] [218, 219] 20160529
160.95 [0, 1, 2, 3] [209, 210] 20160529
160.0 [1, 2, 3, 5] [160, 161, 162] 20160529
159.7 [2, 3, 4, 5] [162, 163] 20160529
159.64999999999998 [1, 2, 3, 5] [160, 161] 20160529
158.05 [0, 1, 2, 3] [218, 219, 220, 221] 20160628
157.45 [0, 1, 2, 3] [211, 212, 213, 214] 20160628
157.35 [2, 3, 5, 7] [225, 226] 20160628
157.3 [0, 1, 2, 3] [0, 1] 20160628
157.14999999999998 [6, 7, 8, 9] [186, 187, 188, 189, 190, 191, 192, 193, 194, 195, 196, 197, 198, 199, 200] 20160628
157.1 [1, 2, 3, 4] [209, 210, 211, 212] 20160628
157.04999999999998 [6, 7, 8, 9] [193, 194, 195] 20160628
156.79999999999998 [1, 2, 3, 4] [207, 208, 209, 210] 20160628
156.75 [6, 7, 8, 9] [197, 198] 20160628
156.7 [0, 1, 2, 3] [34, 35, 36, 37, 38] 20160621
156.55 [0, 1, 2, 3] [37, 38] 20160621
156.15 [6, 7, 8, 9] [195, 196] 20160628
155.85 [0, 1, 2, 3] [230, 231, 232, 233, 234, 235] 20160628
155.75 [0, 1, 2, 3] [230, 231, 232] 20160628
155.05 [3, 5, 7, 8] [182, 183] 20160628
154.85000000000002 [0, 1, 2, 3] [228, 229, 230, 231] 20160628
154.70000000000002 [0, 1, 2, 3] [232, 233] 20160628
154.7 [0, 1, 2, 3] [235, 236] 20160628
154.1 [3, 5, 7, 8] [174, 175, 176, 177, 178, 179, 180, 181] 20160628
153.8 [0, 1, 2, 3] [205, 206, 207] 20160628
153.7 [1, 2, 3, 4] [189, 190, 191, 192] 20160628
153.65 [4, 5, 7, 8] [172, 173, 174, 175, 176, 177, 178] 20160628
153.54999999999998 [0, 1, 2, 3] [250, 251, 252] 20160628
151.7 [0, 1, 2, 3] [220, 221, 222, 223, 224, 225, 226, 227, 228, 229, 230, 231, 232] 20160621
151.7 [0, 1, 2, 3] [228, 229, 230, 231, 232] 20160621
151.6 [0, 1, 2, 3] [232, 233, 234, 235, 236, 237] 20160621
149.95 [3, 5, 7, 8] [231, 232, 233, 234, 235, 236, 237, 238, 239, 240, 241] 20160421
149.85000000000002 [5, 7, 8, 9] [248, 249] 20160309
149.85 [5, 7, 8, 9] [247, 248] 20160309
149.8 [5, 7, 8, 9] [246, 247] 20160309
149.7 [5, 7, 8, 9] [245, 246] 20160309
149.7 [5, 7, 8, 9] [249, 250] 20160309
149.65000000000003 [2, 3, 5, 7] [222, 223, 224] 20160421
149.60000000000002 [2, 3, 4, 5] [236, 237, 238] 20160421
149.6 [5, 7, 8, 9] [244, 245] 20160309
149.55 [5, 7, 8, 9] [253, 254] 20160309
149.54999999999998 [2, 3, 5, 7] [227, 228, 229] 20160421
149.35000000000002 [5, 7, 8, 9] [237, 238, 239, 240, 241, 242, 243, 244, 245, 246, 247, 248] 20160421
149.20000000000002 [5, 7, 8, 9] [251, 252] 20160309
148.85 [5, 7, 8, 9] [248, 249, 250, 251] 20160421
148.70000000000002 [1, 2, 3, 5] [221, 222] 20160421
148.29999999999998 [1, 2, 3, 5] [230, 231] 20160421
148.25 [2, 3, 5, 7] [213, 214, 215, 216, 217, 218] 20160309
148.25 [2, 3, 4, 5] [219, 220] 20160421
148.1 [5, 7, 8, 9] [257, 258] 20160309
148.1 [1, 2, 3, 5] [217, 218] 20160421
147.95 [2, 3, 5, 7] [220, 221] 20160309
147.8 [3, 5, 7, 8] [252, 253, 254] 20160421
147.75 [5, 7, 8, 9] [251, 252] 20160421
147.54999999999998 [2, 3, 5, 7] [225, 226, 227, 228, 229, 230, 231, 232, 233] 20160309
147.45000000000002 [1, 2, 3, 5] [204, 205, 206, 207, 208, 209, 210, 211, 212, 213, 214, 215] 20160421
147.39999999999998 [2, 3, 5, 7] [210, 211, 212, 213] 20160309
147.35000000000002 [2, 3, 5, 7] [213, 214] 20160309
147.35 [5, 7, 8, 9] [254, 255, 256, 257, 258] 20160421
147.35 [5, 7, 8, 9] [256, 257, 258] 20160421
147.25 [1, 2, 3, 4] [227, 228, 229, 230] 20160309
147.25 [1, 2, 3, 5] [214, 215, 216, 217] 20160421
147.0 [5, 7, 8, 9] [258, 259] 20160421
146.95000000000002 [1, 2, 3, 5] [212, 213] 20160421
146.8 [2, 3, 5, 7] [210, 211] 20160309
146.65 [1, 2, 3, 4] [234, 235, 236, 237, 238, 239, 240, 241, 242] 20160309
146.5 [0, 1, 2, 3] [215, 216] 20160309
146.5 [1, 2, 3, 5] [209, 210, 211] 20160421
145.3 [0, 1, 2, 3] [229, 230, 231] 20160309
144.7 [1, 2, 3, 5] [201, 202, 203, 204, 205] 20160421
144.4 [6, 7, 8, 9] [262, 263] 20160309
144.35 [2, 3, 5, 7] [201, 202, 203, 204, 205, 206, 207] 20160309
143.55 [5, 7, 8, 9] [267, 268, 269, 270, 271] 20160421
135.35 [5, 7, 8, 9] [214, 215, 216, 217, 218, 219, 220] 20160514
134.60000000000002 [5, 7, 8, 9] [228, 229, 230, 231, 232, 233, 234] 20160514
134.55 [5, 7, 8, 9] [230, 231, 232] 20160514
134.54999999999998 [5, 7, 8, 9] [233, 234, 235, 236, 237] 20160514
134.54999999999998 [5, 7, 8, 9] [235, 236, 237] 20160514
134.5 [5, 7, 8, 9] [210, 211] 20160514
134.45 [5, 7, 8, 9] [224, 225, 226, 227, 228] 20160514
133.89999999999998 [4, 5, 7, 9] [186, 187, 188, 189, 190, 191, 192, 193, 194, 195, 196, 197, 198, 199, 200, 201, 202, 203] 20160514
133.89999999999998 [4, 5, 7, 9] [194, 195, 196, 197, 198, 199, 200, 201, 202, 203, 204, 205] 20160514
133.45 [4, 5, 7, 9] [204, 205] 20160514
133.25 [3, 5, 7, 9] [218, 219] 20160514
132.8 [3, 4, 5, 7] [195, 196] 20160514
132.8 [3, 5, 7, 9] [196, 197, 198, 199] 20160514
132.35 [2, 3, 5, 7] [186, 187, 188] 20160514
132.15 [2, 3, 4, 5] [194, 195] 20160514
131.64999999999998 [2, 3, 5, 7] [187, 188, 189, 190, 191, 192] 20160514
131.3 [2, 3, 5, 7] [190, 191, 192] 20160514
129.65 [3, 4, 5, 7] [175, 176, 177, 178, 179, 180, 181, 182] 20160514
129.5 [2, 3, 5, 7] [180, 181] 20160514
129.05 [2, 3, 4, 5] [260, 261, 262, 263, 264, 265, 266, 267, 268, 269, 270, 271, 272, 273, 274, 275, 276, 277, 278, 279] 20160324
129.0 [3, 4, 5, 7] [176, 177, 178] 20160514
128.85 [0, 1, 2, 3] [244, 245, 246, 247, 248] 20160308
128.7 [0, 1, 2, 3] [247, 248, 249, 250, 251] 20160308
128.6 [0, 1, 2, 3] [247, 248] 20160308
128.55 [0, 1, 2, 3] [248, 249] 20160308
128.2 [0, 1, 2, 3] [246, 247] 20160308
128.15 [0, 1, 2, 3] [250, 251] 20160308
128.1 [1, 2, 3, 5] [276, 277, 278, 279, 280, 281, 282, 283, 284, 285, 286] 20160324
128.05 [0, 1, 2, 3] [251, 252] 20160308
128.0 [6, 7, 8, 9] [244, 245, 246, 247, 248, 249, 250, 251, 252, 253, 254, 255, 256] 20160514
127.9 [0, 1, 2, 3] [256, 257] 20160308
127.89999999999999 [0, 1, 2, 3] [252, 253] 20160308
127.85 [0, 1, 2, 3] [254, 255, 256] 20160308
127.80000000000001 [0, 1, 2, 3] [233, 234, 235, 236, 237, 238, 239, 240, 241] 20160308
127.80000000000001 [0, 1, 2, 3] [240, 241] 20160308
127.75000000000001 [0, 1, 2, 3] [238, 239, 240] 20160308
127.75000000000001 [0, 1, 2, 3] [239, 240] 20160308
127.65 [0, 1, 2, 3] [257, 258, 259] 20160308
127.55000000000001 [1, 2, 3, 4] [280, 281, 282, 283, 284, 285, 286] 20160324
127.45000000000002 [0, 1, 2, 3] [238, 239] 20160308
127.45 [1, 2, 3, 4] [0, 1] 20160325
127.35000000000001 [1, 2, 3, 5] [284, 285] 20160324
127.35 [0, 1, 2, 3] [243, 244] 20160308
127.3 [0, 1, 2, 3] [242, 243] 20160308
127.29999999999998 [0, 1, 2, 3] [241, 242] 20160308
127.25 [1, 2, 3, 5] [250, 251, 252, 253, 254, 255, 256, 257, 258, 259, 260, 261, 262, 263, 264, 265, 266, 267] 20160324
127.1 [0, 1, 2, 3] [245, 246] 20160308
127.1 [2, 3, 4, 5] [277, 278] 20160324
127.05 [0, 1, 2, 3] [258, 259] 20160308
127.05 [2, 3, 4, 5] [278, 279] 20160324
127.0 [2, 3, 4, 5] [280, 281] 20160324
126.79999999999998 [2, 3, 4, 5] [282, 283] 20160324
126.44999999999999 [1, 2, 3, 4] [2, 3] 20160325
126.05000000000001 [3, 5, 6, 7] [2, 3, 4] 20160419
126.05 [1, 2, 3, 4] [5, 6] 20160325
126.0 [0, 1, 2, 3] [22, 23, 24, 25, 26, 27, 28, 29, 30, 31, 32, 33, 34, 35, 36, 37, 38, 39, 40, 41] 20160419
125.95 [1, 2, 3, 4] [241, 242, 243, 244, 245, 246, 247, 248, 249, 250, 251, 252, 253, 254, 255, 256] 20160324
125.94999999999999 [0, 1, 2, 3] [12, 13, 14, 15, 16, 17, 18, 19, 20, 21, 22, 23, 24, 25, 26, 27, 28, 29, 30, 31, 32, 33, 34] 20160419
125.89999999999999 [0, 1, 2, 3] [29, 30, 31, 32, 33, 34, 35, 36, 37] 20160419
125.64999999999999 [0, 1, 2, 3] [35, 36] 20160419
125.60000000000001 [1, 2, 3, 4] [6, 7] 20160325
125.4 [0, 1, 2, 3] [23, 24, 25, 26, 27, 28, 29, 30, 31, 32] 20160419
125.4 [0, 1, 2, 3] [32, 33] 20160419
125.10000000000001 [1, 2, 3, 4] [9, 10] 20160325
125.1 [0, 1, 2, 3] [28, 29] 20160419
125.05000000000001 [1, 2, 3, 5] [3, 4] 20160325
124.95 [1, 2, 3, 4] [7, 8, 9] 20160325
124.80000000000001 [0, 1, 2, 3] [13, 14, 15, 16, 17, 18, 19, 20, 21, 22, 23, 24, 25, 26, 27, 28] 20160419
124.8 [1, 2, 3, 5] [259, 260, 261, 262, 263, 264, 265, 266] 20160324
124.5 [1, 2, 3, 4] [10, 11] 20160325
123.45 [1, 2, 3, 4] [11, 12] 20160325
123.44999999999999 [1, 2, 3, 5] [253, 254, 255, 256, 257, 258, 259, 260, 261, 262] 20160324
123.25000000000001 [1, 2, 3, 4] [239, 240, 241, 242, 243] 20160324
123.0 [3, 5, 6, 7] [3, 4, 5, 6, 7, 8] 20160419
123.0 [0, 1, 2, 3] [25, 26] 20160419
122.75 [0, 1, 2, 3] [237, 238, 239, 240] 20160312
122.75 [0, 1, 2, 3] [39, 40] 20160419
122.65 [1, 2, 3, 4] [14, 15] 20160325
122.6 [0, 1, 2, 3] [239, 240, 241] 20160312
122.5 [0, 1, 2, 3] [238, 239] 20160312
122.49999999999999 [0, 1, 2, 3] [242, 243, 244] 20160312
122.35 [2, 3, 4, 5] [270, 271, 272, 273] 20160324
122.30000000000001 [5, 6, 7, 9] [3, 4] 20160419
122.19999999999999 [0, 1, 2, 3] [240, 241] 20160312
122.1 [0, 1, 2, 3] [235, 236, 237] 20160312
122.04999999999998 [0, 1, 2, 3] [237, 238] 20160312
121.94999999999999 [0, 1, 2, 3] [236, 237] 20160312
121.94999999999999 [5, 6, 7, 8] [10, 11] 20160419
121.85 [0, 1, 2, 3] [227, 228, 229, 230, 231, 232, 233, 234, 235, 236] 20160312
121.8 [0, 1, 2, 3] [230, 231, 232, 233] 20160312
121.8 [0, 1, 2, 3] [43, 44, 45, 46] 20160419
121.75000000000001 [0, 1, 2, 3] [245, 246, 247, 248] 20160312
121.7 [0, 1, 2, 3] [244, 245] 20160312
121.7 [0, 1, 2, 3] [41, 42] 20160419
121.65 [0, 1, 2, 3] [241, 242] 20160312
121.64999999999999 [1, 2, 3, 4] [248, 249, 250] 20160312
121.55000000000001 [0, 1, 2, 3] [42, 43] 20160419
121.44999999999999 [0, 1, 2, 3] [231, 232] 20160312
121.2 [1, 2, 3, 4] [16, 17] 20160325
121.1 [1, 2, 3, 5] [47, 48, 49] 20160419
121.0 [0, 1, 2, 3] [229, 230, 231] 20160312
121.0 [0, 1, 2, 3] [45, 46, 47] 20160419
120.9 [0, 1, 2, 3] [45, 46] 20160419
120.85 [0, 1, 2, 3] [251, 252, 253] 20160312
120.80000000000001 [0, 1, 2, 3] [249, 250] 20160312
120.65 [0, 1, 2, 3] [250, 251] 20160312
120.64999999999999 [1, 2, 3, 4] [257, 258, 259, 260] 20160312
120.55 [1, 2, 3, 4] [237, 238, 239, 240] 20160324
120.49999999999999 [0, 1, 2, 3] [253, 254, 255] 20160312
120.35000000000001 [2, 3, 5, 7] [274, 275] 20160324
120.25 [1, 2, 3, 4] [19, 20] 20160325
120.19999999999999 [0, 1, 2, 3] [51, 52, 53] 20160419
119.7 [1, 2, 3, 4] [20, 21] 20160325
119.45000000000002 [1, 2, 3, 4] [21, 22, 23] 20160325
119.19999999999999 [1, 2, 3, 4] [22, 23, 24, 25] 20160325
119.05000000000001 [1, 2, 3, 4] [23, 24] 20160325
118.60000000000001 [1, 2, 3, 5] [21, 22] 20160325
118.44999999999999 [1, 2, 3, 5] [22, 23] 20160325
118.4 [1, 2, 3, 4] [26, 27] 20160325
117.65 [1, 2, 3, 5] [27, 28] 20160325
116.95 [0, 1, 2, 3] [246, 247, 248, 249, 250, 251, 252, 253, 254] 20160324
116.9 [1, 2, 3, 4] [229, 230, 231, 232, 233, 234, 235, 236, 237, 238] 20160324
115.5 [0, 1, 2, 3] [251, 252, 253, 254, 255, 256, 257, 258, 259] 20160324
115.15 [0, 1, 2, 3] [242, 243, 244, 245, 246] 20160324
115.0 [0, 1, 2, 3] [246, 247, 248] 20160324
110.69999999999999 [5, 7, 8, 9] [208, 209, 210, 211, 212, 213, 214, 215, 216, 217, 218, 219, 220, 221, 222, 223, 224, 225, 226, 227, 228, 229, 230, 231] 20160313
110.6 [3, 5, 7, 9] [233, 234, 235, 236, 237, 238, 239, 240, 241] 20160313
110.55000000000001 [3, 5, 7, 9] [238, 239, 240, 241] 20160313
110.5 [5, 7, 8, 9] [228, 229] 20160313
110.35 [3, 5, 7, 9] [234, 235, 236, 237] 20160313
110.30000000000001 [1, 2, 3, 5] [64, 65] 20160325
110.25 [5, 7, 8, 9] [226, 227] 20160313
110.25 [3, 5, 7, 9] [235, 236] 20160313
110.10000000000001 [5, 7, 8, 9] [225, 226] 20160313
110.1 [3, 5, 7, 9] [229, 230, 231] 20160313
110.05000000000001 [3, 5, 7, 9] [243, 244, 245, 246] 20160313
110.0 [5, 7, 8, 9] [227, 228] 20160313
108.69999999999999 [3, 5, 7, 9] [248, 249, 250, 251] 20160313
108.55000000000001 [0, 1, 2, 3] [5, 6, 7, 8, 9, 10, 11, 12] 20160313
108.5 [0, 1, 2, 3] [10, 11] 20160313
108.25 [0, 1, 2, 3] [5, 6, 7, 8] 20160313
108.10000000000001 [6, 7, 8, 9] [217, 218, 219, 220] 20160313
107.8 [5, 7, 8, 9] [214, 215, 216, 217] 20160313
107.75 [5, 7, 8, 9] [215, 216] 20160313
107.4 [3, 5, 7, 9] [253, 254, 255, 256, 257, 258, 259, 260] 20160313
107.35000000000001 [0, 1, 2, 3] [11, 12, 13] 20160313
106.95 [3, 5, 7, 9] [257, 258] 20160313
106.9 [1, 2, 3, 5] [215, 216, 217, 218, 219, 220, 221, 222] 20160328
106.85 [1, 2, 3, 5] [218, 219] 20160328
106.80000000000001 [1, 2, 3, 5] [215, 216, 217, 218] 20160328
106.5 [0, 1, 2, 3] [55, 56, 57, 58, 59] 20160328
106.49999999999999 [0, 1, 2, 3] [53, 54, 55, 56] 20160328
106.45 [1, 2, 3, 5] [217, 218] 20160328
106.4 [0, 1, 2, 3] [54, 55] 20160328
106.3 [1, 2, 3, 5] [220, 221, 222, 223] 20160328
106.25 [0, 1, 2, 3] [59, 60, 61] 20160328
106.24999999999999 [0, 1, 2, 3] [60, 61] 20160328
106.24999999999999 [0, 1, 2, 3] [61, 62] 20160328
106.10000000000001 [0, 1, 2, 3] [64, 65] 20160328
106.05000000000001 [0, 1, 2, 3] [66, 67, 68, 69, 70] 20160328
106.0 [0, 1, 2, 3] [74, 75, 76] 20160328
106.0 [0, 1, 2, 3] [83, 84, 85, 86, 87, 88] 20160328
106.0 [0, 1, 2, 3] [86, 87, 88] 20160328
105.95 [1, 2, 3, 4] [4, 5, 6, 7, 8] 20160328
105.94999999999999 [0, 1, 2, 3] [70, 71, 72, 73, 74] 20160328
105.94999999999999 [0, 1, 2, 3] [83, 84] 20160328
105.85000000000001 [0, 1, 2, 3] [46, 47, 48, 49, 50, 51, 52] 20160328
105.85 [0, 1, 2, 3] [67, 68] 20160328
103.95 [0, 1, 2, 3] [1, 2] 20160412
103.75 [0, 1, 2, 3] [2, 3] 20160412
103.45 [0, 1, 2, 3] [3, 4] 20160412
103.4 [0, 1, 2, 3] [9, 10, 11, 12, 13, 14] 20160412
103.35 [0, 1, 2, 3] [12, 13] 20160412
103.19999999999999 [0, 1, 2, 3] [8, 9, 10] 20160412
103.19999999999999 [0, 1, 2, 3] [9, 10] 20160412
103.14999999999999 [0, 1, 2, 3] [8, 9] 20160412
103.1 [0, 1, 2, 3] [6, 7] 20160412
103.1 [0, 1, 2, 3] [7, 8] 20160412
103.0 [0, 1, 2, 3] [10, 11] 20160412
103.0 [0, 1, 2, 3] [13, 14] 20160412
102.9 [0, 1, 2, 3] [14, 15] 20160412
102.85 [0, 1, 2, 3] [15, 16] 20160412
102.80000000000001 [0, 1, 2, 3] [16, 17] 20160412
102.75 [0, 1, 2, 3] [17, 18, 19, 20] 20160412
102.7 [0, 1, 2, 3] [19, 20] 20160412
102.69999999999999 [0, 1, 2, 3] [17, 18] 20160412
102.55000000000001 [0, 1, 2, 3] [20, 21, 22, 23] 20160412
102.5 [0, 1, 2, 3] [21, 22] 20160412
102.44999999999999 [0, 1, 2, 3] [18, 19] 20160412
89.65 [5, 7, 8, 9] [91, 92, 93, 94, 95, 96, 97, 98, 99, 100, 101, 102, 103, 104, 105, 106, 107, 108, 109, 110] 20160302
89.55000000000001 [5, 7, 8, 9] [97, 98] 20160302
87.4 [1, 2, 3, 5] [2, 3] 20160301
87.4 [1, 2, 3, 5] [3, 4, 5] 20160301
87.30000000000001 [1, 2, 3, 5] [4, 5] 20160301
87.30000000000001 [1, 2, 3, 5] [6, 7, 8, 9] 20160301
87.25 [1, 2, 3, 5] [0, 1] 20160301
86.75 [1, 2, 3, 5] [8, 9, 10, 11] 20160301
86.45 [6, 7, 8, 9] [104, 105] 20160302
86.25 [6, 7, 8, 9] [105, 106] 20160302
85.7 [1, 2, 3, 5] [12, 13] 20160301
82.7 [5, 7, 8, 9] [109, 110, 111, 112, 113, 114, 115, 116, 117] 20160302
82.6 [5, 6, 7, 8] [21, 22] 20160301
82.6 [5, 6, 7, 8] [22, 23] 20160301
82.0 [5, 6, 7, 8] [20, 21] 20160301
81.55 [0, 1, 2, 3] [5, 6] 20160301
81.35 [0, 1, 2, 3] [6, 7] 20160301
81.25 [0, 1, 2, 3] [7, 8] 20160301
81.1 [5, 6, 7, 8] [24, 25] 20160301
80.05 [5, 6, 7, 8] [17, 18, 19] 20160301
79.9 [5, 6, 7, 8] [16, 17, 18] 20160301
78.85 [5, 7, 8, 9] [122, 123, 124, 125, 126] 20160302
78.3 [3, 5, 7, 8] [17, 18] 20160301
77.6 [5, 7, 8, 9] [125, 126] 20160302
77.48040612524778 [7, 8, 9] [107, 108, 109, 110, 111, 112, 113] 20160302
77.48040612524778 [7, 8, 9] [111, 112, 113] 20160302
77.19999999999999 [2, 3, 4, 5] [65, 66, 67, 68, 69, 70, 71, 72, 73, 74, 75, 76, 77] 20160302
77.05000000000001 [2, 3, 4, 5] [46, 47, 48, 49, 50, 51, 52, 53, 54, 55, 56, 57, 58, 59, 60, 61, 62, 63, 64, 65, 66, 67] 20160302
76.94999999999999 [5, 6, 7, 8] [26, 27, 28, 29, 30, 31, 32, 33] 20160301
76.78758580222024 [7, 8, 9] [114, 115, 116] 20160302
76.32570558686852 [2, 3, 5] [3, 4] 20160301
76.19999999999999 [4, 6, 7, 8] [29, 30] 20160301
76.15250050611165 [2, 3, 5] [8, 9] 20160301
75.63288526384098 [5, 7, 8, 9] [99, 100, 101, 102, 103, 104] 20160302
75.1 [3, 4, 5, 6] [79, 80, 81] 20160302
74.9 [5, 7, 8, 9] [126, 127, 128] 20160302
73.85 [1, 2, 3, 4] [67, 68, 69, 70, 71, 72] 20160302
73.78536440243418 [5, 7, 8, 9] [92, 93, 94] 20160302
73.78536440243417 [5, 7, 8, 9] [93, 94] 20160302
73.7 [1, 2, 3, 4] [66, 67, 68, 69] 20160302
72.91933899864974 [3, 4, 5] [70, 71, 72] 20160302
72.91933899864974 [3, 4, 6] [72, 73, 74, 75, 76, 77] 20160302
58.800000000000004 [6, 7, 8, 9] [242, 243, 244, 245, 246, 247, 248, 249, 250, 251, 252, 253] 20160405
58.65 [6, 7, 8, 9] [250, 251, 252, 253, 254, 255, 256, 257] 20160405
58.55 [6, 7, 8, 9] [261, 262] 20160405
58.5 [6, 7, 8, 9] [254, 255, 256, 257, 258, 259, 260] 20160405
57.75000000000001 [6, 7, 8, 9] [265, 266, 267, 268, 269] 20160405
57.55 [6, 7, 8, 9] [233, 234, 235, 236, 237, 238, 239] 20160405
57.25 [6, 7, 8, 9] [236, 237, 238, 239, 240, 241] 20160405
56.95 [0, 1, 2, 3] [251, 252, 253, 254, 255] 20160405
56.85 [0, 1, 2, 3] [264, 265, 266] 20160405
56.7 [1, 2, 3, 4] [255, 256, 257] 20160405
56.650000000000006 [6, 7, 8, 9] [229, 230, 231, 232, 233, 234, 235] 20160405
56.25 [6, 7, 8, 9] [272, 273] 20160405
56.15 [5, 7, 8, 9] [221, 222] 20160405
55.75 [6, 7, 8, 9] [274, 275] 20160405
55.150000000000006 [2, 3, 5, 7] [210, 211, 212, 213, 214, 215] 20160405
54.95 [2, 3, 5, 7] [212, 213] 20160405
54.900000000000006 [1, 2, 3, 4] [275, 276] 20160405
54.2 [2, 3, 5, 7] [206, 207] 20160405
53.75 [0, 1, 2, 3] [280, 281] 20160405
53.5 [2, 3, 5, 7] [200, 201] 20160405
53.35 [2, 3, 5, 7] [197, 198, 199] 20160405
