10 1.0 0.08247422680412371 0.1523809523809524
15 1.0 0.12371134020618557 0.22018348623853212
20 0.95 0.1958762886597938 0.32478632478632474
25 0.92 0.23711340206185566 0.3770491803278689
30 0.9354838709677419 0.29896907216494845 0.453125
35 0.9230769230769231 0.3711340206185567 0.5294117647058824
40 0.926829268292683 0.3917525773195876 0.5507246376811594
45 0.9090909090909091 0.41237113402061853 0.5673758865248226
50 0.9166666666666666 0.4536082474226804 0.6068965517241379
55 0.9166666666666666 0.4536082474226804 0.6068965517241379
60 0.9166666666666666 0.4536082474226804 0.6068965517241379
65 0.9 0.4639175257731959 0.6122448979591837
70 0.9038461538461539 0.4845360824742268 0.6308724832214765
75 0.8888888888888888 0.4948453608247423 0.6357615894039735
80 0.896551724137931 0.5360824742268041 0.6709677419354839
85 0.8813559322033898 0.5360824742268041 0.6666666666666666
90 0.8524590163934426 0.5360824742268041 0.6582278481012658
95 0.8253968253968254 0.5360824742268041 0.6499999999999999
100 0.8153846153846154 0.5463917525773195 0.6543209876543209
105 0.8059701492537313 0.5567010309278351 0.6585365853658537
110 0.782608695652174 0.5567010309278351 0.6506024096385542
115 0.7777777777777778 0.5773195876288659 0.6627218934911242
120 0.7631578947368421 0.5979381443298969 0.6705202312138728
125 0.7532467532467533 0.5979381443298969 0.6666666666666666
130 0.725 0.5979381443298969 0.655367231638418
135 0.7195121951219512 0.6082474226804123 0.659217877094972
140 0.7058823529411765 0.6185567010309279 0.6593406593406593
145 0.7011494252873564 0.6288659793814433 0.6630434782608695
150 0.6966292134831461 0.6391752577319587 0.6666666666666667
155 0.6888888888888889 0.6391752577319587 0.6631016042780747
160 0.6739130434782609 0.6391752577319587 0.656084656084656
165 0.6666666666666666 0.6391752577319587 0.6526315789473685
170 0.6666666666666666 0.6391752577319587 0.6526315789473685
175 0.6631578947368421 0.6494845360824743 0.65625
180 0.6666666666666666 0.6804123711340206 0.673469387755102
185 0.67 0.6907216494845361 0.6802030456852791
190 0.6633663366336634 0.6907216494845361 0.6767676767676769
195 0.6666666666666666 0.7010309278350515 0.6834170854271356
200 0.6634615384615384 0.711340206185567 0.6865671641791045
205 0.660377358490566 0.7216494845360825 0.689655172413793
210 0.6542056074766355 0.7216494845360825 0.6862745098039216
215 0.6481481481481481 0.7216494845360825 0.6829268292682927
220 0.6481481481481481 0.7216494845360825 0.6829268292682927
225 0.6363636363636364 0.7216494845360825 0.6763285024154589
230 0.6306306306306306 0.7216494845360825 0.6730769230769231
235 0.6306306306306306 0.7216494845360825 0.6730769230769231
240 0.6306306306306306 0.7216494845360825 0.6730769230769231
245 0.6194690265486725 0.7216494845360825 0.6666666666666666
250 0.6140350877192983 0.7216494845360825 0.6635071090047394
255 0.6120689655172413 0.7319587628865979 0.6666666666666666
260 0.6016949152542372 0.7319587628865979 0.6604651162790698
265 0.6 0.7422680412371134 0.663594470046083
270 0.5950413223140496 0.7422680412371134 0.6605504587155964
275 0.5853658536585366 0.7422680412371134 0.6545454545454545
280 0.576 0.7422680412371134 0.6486486486486486
285 0.5714285714285714 0.7422680412371134 0.6457399103139013
290 0.5669291338582677 0.7422680412371134 0.6428571428571429
295 0.5538461538461539 0.7422680412371134 0.6343612334801763
300 0.5454545454545454 0.7422680412371134 0.6288209606986899
305 0.5413533834586466 0.7422680412371134 0.6260869565217392
310 0.5373134328358209 0.7422680412371134 0.6233766233766234
315 0.5294117647058824 0.7422680412371134 0.6180257510729614
