10 1.0 0.061855670103092786 0.11650485436893204
15 1.0 0.10309278350515463 0.18691588785046725
20 1.0 0.15463917525773196 0.2678571428571429
25 0.9565217391304348 0.2268041237113402 0.36666666666666664
30 0.9230769230769231 0.24742268041237114 0.3902439024390244
35 0.9354838709677419 0.29896907216494845 0.453125
40 0.9459459459459459 0.36082474226804123 0.5223880597014926
45 0.9 0.3711340206185567 0.5255474452554746
50 0.9130434782608695 0.4329896907216495 0.5874125874125875
55 0.9166666666666666 0.4536082474226804 0.6068965517241379
60 0.9183673469387755 0.4639175257731959 0.6164383561643836
65 0.9019607843137255 0.4742268041237113 0.6216216216216216
70 0.9019607843137255 0.4742268041237113 0.6216216216216216
75 0.9056603773584906 0.4948453608247423 0.64
80 0.8909090909090909 0.5051546391752577 0.6447368421052632
85 0.8983050847457628 0.5463917525773195 0.6794871794871794
90 0.8833333333333333 0.5463917525773195 0.6751592356687899
95 0.8709677419354839 0.5567010309278351 0.679245283018868
100 0.8571428571428571 0.5567010309278351 0.675
105 0.8333333333333334 0.5670103092783505 0.6748466257668712
110 0.8208955223880597 0.5670103092783505 0.6707317073170731
115 0.8 0.5773195876288659 0.6706586826347305
120 0.7777777777777778 0.5773195876288659 0.6627218934911242
125 0.7671232876712328 0.5773195876288659 0.6588235294117646
130 0.7662337662337663 0.6082474226804123 0.6781609195402298
135 0.759493670886076 0.6185567010309279 0.6818181818181819
140 0.7530864197530864 0.6288659793814433 0.6853932584269663
145 0.7380952380952381 0.6391752577319587 0.6850828729281768
150 0.7411764705882353 0.6494845360824743 0.6923076923076924
155 0.7441860465116279 0.6597938144329897 0.6994535519125683
160 0.7191011235955056 0.6597938144329897 0.6881720430107527
165 0.7032967032967034 0.6597938144329897 0.6808510638297872
170 0.7065217391304348 0.6701030927835051 0.6878306878306877
175 0.6947368421052632 0.6804123711340206 0.6875
180 0.6804123711340206 0.6804123711340206 0.6804123711340206
185 0.673469387755102 0.6804123711340206 0.676923076923077
190 0.673469387755102 0.6804123711340206 0.676923076923077
195 0.66 0.6804123711340206 0.6700507614213199
200 0.6634615384615384 0.711340206185567 0.6865671641791045
205 0.6509433962264151 0.711340206185567 0.6798029556650246
210 0.6513761467889908 0.7319587628865979 0.6893203883495146
215 0.6513761467889908 0.7319587628865979 0.6893203883495146
220 0.6545454545454545 0.7422680412371134 0.6956521739130435
225 0.6576576576576577 0.7525773195876289 0.701923076923077
230 0.6576576576576577 0.7525773195876289 0.701923076923077
235 0.6460176991150443 0.7525773195876289 0.6952380952380952
240 0.6491228070175439 0.7628865979381443 0.7014218009478672
245 0.6410256410256411 0.7731958762886598 0.7009345794392524
250 0.6410256410256411 0.7731958762886598 0.7009345794392524
255 0.6302521008403361 0.7731958762886598 0.6944444444444445
260 0.6198347107438017 0.7731958762886598 0.6880733944954129
265 0.6147540983606558 0.7731958762886598 0.6849315068493151
270 0.6048387096774194 0.7731958762886598 0.6787330316742082
275 0.6048387096774194 0.7731958762886598 0.6787330316742082
280 0.6048387096774194 0.7731958762886598 0.6787330316742082
285 0.6048387096774194 0.7731958762886598 0.6787330316742082
290 0.6 0.7731958762886598 0.6756756756756757
295 0.5905511811023622 0.7731958762886598 0.6696428571428571
300 0.5859375 0.7731958762886598 0.6666666666666667
305 0.5891472868217055 0.7835051546391752 0.672566371681416
310 0.5891472868217055 0.7835051546391752 0.672566371681416
315 0.5923076923076923 0.7938144329896907 0.6784140969162996
320 0.5877862595419847 0.7938144329896907 0.6754385964912281
325 0.5909090909090909 0.8041237113402062 0.6812227074235807
330 0.5864661654135338 0.8041237113402062 0.6782608695652174
335 0.5777777777777777 0.8041237113402062 0.6724137931034482
340 0.5777777777777777 0.8041237113402062 0.6724137931034482
345 0.5693430656934306 0.8041237113402062 0.6666666666666666
350 0.5652173913043478 0.8041237113402062 0.6638297872340424
355 0.5611510791366906 0.8041237113402062 0.6610169491525424
360 0.5531914893617021 0.8041237113402062 0.6554621848739497
365 0.5492957746478874 0.8041237113402062 0.6527196652719666
370 0.5454545454545454 0.8041237113402062 0.65
375 0.5379310344827586 0.8041237113402062 0.6446280991735537
380 0.5342465753424658 0.8041237113402062 0.6419753086419753
385 0.5306122448979592 0.8041237113402062 0.6393442622950821
390 0.5234899328859061 0.8041237113402062 0.6341463414634145
395 0.5131578947368421 0.8041237113402062 0.6265060240963856
400 0.5098039215686274 0.8041237113402062 0.624
405 0.5032258064516129 0.8041237113402062 0.6190476190476191
410 0.5 0.8041237113402062 0.616600790513834
415 0.4968152866242038 0.8041237113402062 0.6141732283464567
