181.75 [1, 2, 3, 4] [221, 222, 223, 224] 20160813
181.75 [1, 2, 3, 4] [223, 224] 20160813
181.65 [1, 2, 3, 4] [227, 228, 229, 230] 20160813
181.4 [1, 2, 3, 4] [228, 229] 20160813
181.3 [1, 2, 3, 4] [227, 228] 20160813
181.25 [1, 2, 3, 4] [234, 235] 20160813
181.05 [1, 2, 3, 4] [230, 231] 20160813
180.75 [1, 2, 3, 4] [233, 234] 20160813
177.0 [0, 1, 2, 3] [186, 187, 188, 189, 190, 191, 192, 193] 20160813
177.0 [0, 1, 2, 3] [187, 188, 189, 190, 191, 192, 193] 20160813
176.95000000000002 [0, 1, 2, 3] [192, 193, 194, 195, 196] 20160813
176.95000000000002 [0, 1, 2, 3] [193, 194, 195, 196] 20160813
176.89999999999998 [0, 1, 2, 3] [229, 230] 20160813
176.75 [0, 1, 2, 3] [188, 189, 190, 191, 192, 193] 20160813
176.7 [1, 2, 3, 4] [217, 218, 219, 220, 221] 20160813
176.55 [0, 1, 2, 3] [187, 188, 189, 190] 20160813
176.5 [1, 2, 3, 4] [217, 218, 219] 20160813
176.5 [0, 1, 2, 3] [231, 232] 20160813
176.45 [0, 1, 2, 3] [188, 189] 20160813
176.45 [0, 1, 2, 3] [195, 196] 20160813
176.4 [0, 1, 2, 3] [194, 195] 20160813
168.3 [6, 7, 8, 9] [158, 159, 160, 161, 162, 163, 164, 165, 166, 167, 168, 169, 170, 171, 172, 173, 174, 175, 176, 177, 178, 179, 180, 181, 182, 183, 184, 185, 186, 187, 188, 189, 190] 20160529
168.15 [6, 7, 8, 9] [159, 160, 161, 162, 163, 164, 165, 166, 167, 168, 169, 170, 171, 172, 173, 174, 175, 176, 177, 178, 179, 180, 181, 182, 183, 184, 185, 186, 187, 188, 189, 190, 191] 20160529
168.15 [6, 7, 8, 9] [160, 161, 162, 163, 164, 165, 166, 167, 168, 169, 170, 171, 172, 173, 174, 175, 176, 177, 178, 179, 180, 181, 182, 183, 184, 185, 186, 187, 188, 189, 190, 191, 192, 193] 20160529
168.15 [6, 7, 8, 9] [169, 170, 171, 172, 173, 174, 175, 176, 177, 178, 179, 180, 181, 182, 183, 184, 185, 186, 187, 188, 189, 190, 191, 192, 193] 20160529
167.45 [6, 7, 8, 9] [169, 170, 171, 172, 173, 174, 175, 176, 177, 178, 179, 180, 181, 182, 183, 184, 185, 186] 20160529
167.3 [0, 1, 2, 3] [0, 1] 20160911
166.15 [1, 2, 3, 4] [195, 196, 197, 198, 199, 200] 20160529
165.95 [1, 2, 3, 4] [186, 187, 188, 189, 190, 191, 192, 193, 194, 195, 196, 197, 198, 199] 20160529
165.95 [1, 2, 3, 4] [239, 240] 20160922
165.85000000000002 [1, 2, 3, 4] [241, 242] 20160922
165.65 [1, 2, 3, 4] [234, 235, 236, 237, 238] 20160922
165.64999999999998 [1, 2, 3, 4] [200, 201, 202, 203, 204] 20160529
165.5 [1, 2, 3, 5] [227, 228, 229, 230] 20160922
165.5 [1, 2, 3, 4] [250, 251] 20160922
165.45 [1, 2, 3, 5] [236, 237, 238, 239] 20160922
165.4 [0, 1, 2, 3] [233, 234, 235, 236, 237] 20160922
165.39999999999998 [1, 2, 3, 5] [0, 1, 2, 3, 4] 20160621
165.39999999999998 [1, 2, 3, 4] [245, 246, 247, 248, 249] 20160922
165.3 [0, 1, 2, 3] [229, 230, 231, 232] 20160922
165.3 [0, 1, 2, 3] [231, 232, 233] 20160922
165.3 [0, 1, 2, 3] [234, 235, 236] 20160922
165.2 [5, 7, 8, 9] [180, 181, 182] 20160529
165.2 [0, 1, 2, 3] [233, 234, 235] 20160922
165.2 [0, 1, 2, 3] [234, 235] 20160922
165.2 [1, 2, 3, 4] [247, 248, 249] 20160922
165.1 [0, 1, 2, 3] [235, 236, 237] 20160922
165.1 [0, 1, 2, 3] [243, 244, 245, 246] 20160922
165.1 [0, 1, 2, 3] [244, 245, 246] 20160922
165.1 [0, 1, 2, 3] [245, 246, 247] 20160922
165.05 [0, 1, 2, 3] [240, 241] 20160922
165.0 [1, 2, 3, 5] [2, 3, 4, 5, 6, 7, 8, 9, 10, 11, 12, 13, 14, 15, 16, 17, 18, 19, 20] 20160911
164.95 [1, 2, 3, 5] [6, 7] 20160911
164.95 [0, 1, 2, 3] [229, 230, 231] 20160922
164.95 [0, 1, 2, 3] [232, 233, 234] 20160922
164.85000000000002 [0, 1, 2, 3] [1, 2, 3, 4, 5, 6, 7, 8, 9, 10, 11] 20160621
164.8 [1, 2, 3, 5] [7, 8] 20160911
164.8 [1, 2, 3, 4] [29, 30] 20160911
164.75 [1, 2, 3, 4] [183, 184, 185, 186] 20160529
164.65000000000003 [0, 1, 2, 3] [1, 2, 3, 4, 5] 20160911
164.65 [2, 3, 4, 5] [30, 31] 20160911
164.64999999999998 [2, 3, 4, 5] [31, 32] 20160911
164.64999999999998 [2, 3, 4, 5] [32, 33, 34, 35, 36, 37] 20160911
164.64999999999998 [2, 3, 4, 5] [34, 35, 36, 37] 20160911
164.6 [2, 3, 4, 5] [36, 37, 38, 39] 20160911
164.55 [1, 2, 3, 5] [4, 5, 6] 20160621
164.5 [0, 1, 2, 3] [189, 190, 191, 192, 193, 194, 195] 20160529
164.5 [1, 2, 3, 5] [9, 10, 11, 12, 13] 20160911
164.5 [2, 3, 4, 5] [32, 33, 34, 35] 20160911
164.5 [2, 3, 4, 5] [33, 34, 35] 20160911
164.45000000000002 [2, 3, 4, 5] [32, 33, 34] 20160911
164.45000000000002 [2, 3, 4, 5] [36, 37] 20160911
164.45 [0, 1, 2, 3] [13, 14, 15] 20160621
164.4 [2, 3, 4, 5] [34, 35] 20160911
164.35000000000002 [0, 1, 2, 3] [10, 11, 12, 13, 14] 20160621
164.3 [0, 1, 2, 3] [5, 6, 7, 8, 9, 10, 11, 12, 13] 20160621
164.25 [0, 1, 2, 3] [187, 188, 189, 190, 191, 192, 193, 194] 20160529
164.25 [0, 1, 2, 3] [10, 11, 12] 20160621
164.25 [1, 2, 3, 5] [11, 12] 20160911
164.25 [2, 3, 4, 5] [40, 41, 42] 20160911
164.20000000000002 [0, 1, 2, 3] [12, 13, 14] 20160621
164.2 [1, 2, 3, 5] [14, 15] 20160911
164.15 [2, 3, 4, 5] [25, 26, 27, 28, 29] 20160911
163.95 [0, 1, 2, 3] [15, 16, 17, 18] 20160621
163.79999999999998 [0, 1, 2, 3] [16, 17, 18, 19, 20] 20160621
163.75 [1, 2, 3, 4] [201, 202, 203, 204, 205, 206, 207, 208, 209, 210, 211, 212, 213, 214, 215, 216, 217, 218] 20160529
163.75 [1, 2, 3, 4] [14, 15, 16, 17] 20160621
163.7 [0, 1, 2, 3] [202, 203, 204, 205, 206, 207, 208] 20160529
163.7 [1, 2, 3, 4] [16, 17] 20160621
163.7 [1, 2, 3, 4] [18, 19] 20160621
163.6 [0, 1, 2, 3] [185, 186, 187, 188] 20160529
163.54999999999998 [0, 1, 2, 3] [19, 20, 21] 20160621
163.5 [0, 1, 2, 3] [22, 23, 24] 20160621
163.4 [1, 2, 3, 4] [204, 205, 206, 207, 208, 209] 20160529
163.4 [1, 2, 3, 4] [205, 206, 207, 208, 209] 20160529
163.39999999999998 [1, 2, 3, 4] [20, 21] 20160621
163.3 [0, 1, 2, 3] [206, 207, 208] 20160529
163.04999999999998 [1, 2, 3, 4] [23, 24, 25, 26] 20160621
162.8 [1, 2, 3, 4] [26, 27] 20160621
162.79999999999998 [1, 2, 3, 5] [171, 172] 20160529
162.6 [1, 2, 3, 4] [27, 28] 20160621
162.5 [1, 2, 3, 4] [28, 29] 20160621
162.4 [1, 2, 3, 5] [167, 168] 20160529
162.35 [1, 2, 3, 4] [31, 32] 20160621
162.05 [1, 2, 3, 4] [207, 208, 209, 210, 211, 212, 213, 214] 20160529
159.1 [4, 5, 7, 8] [197, 198, 199, 200, 201, 202] 20160628
157.8 [4, 5, 7, 8] [189, 190, 191, 192, 193, 194, 195, 196, 197, 198] 20160628
157.5 [5, 7, 8, 9] [192, 193, 194, 195, 196, 197, 198] 20160628
157.3 [0, 1, 2, 3] [0, 1, 2] 20160628
157.2 [0, 1, 2, 3] [212, 213] 20160628
157.2 [0, 1, 2, 3] [215, 216, 217, 218, 219, 220, 221] 20160628
157.1 [3, 5, 7, 8] [184, 185, 186, 187, 188, 189, 190, 191] 20160628
157.05 [4, 5, 7, 8] [187, 188, 189, 190] 20160628
156.85 [1, 2, 3, 4] [203, 204, 205, 206, 207, 208, 209, 210, 211] 20160628
156.79999999999998 [1, 2, 3, 4] [206, 207, 208, 209, 210] 20160628
156.7 [0, 1, 2, 3] [213, 214, 215] 20160628
156.65 [5, 7, 8, 9] [201, 202, 203, 204, 205, 206, 207, 208, 209] 20160628
156.55 [6, 7, 8, 9] [192, 193, 194] 20160628
156.55 [2, 3, 5, 7] [226, 227, 228] 20160628
156.29999999999998 [0, 1, 2, 3] [221, 222, 223, 224, 225, 226] 20160628
155.9 [6, 7, 8, 9] [187, 188, 189] 20160628
155.85 [2, 3, 5, 7] [227, 228] 20160628
155.85 [0, 1, 2, 3] [230, 231, 232, 233, 234, 235] 20160628
155.75 [0, 1, 2, 3] [230, 231, 232] 20160628
155.65 [6, 7, 8, 9] [191, 192] 20160628
155.2 [1, 2, 3, 4] [231, 232] 20160628
150.0 [4, 5, 7, 8] [229, 230, 231, 232, 233, 234, 235, 236, 237, 238, 239, 240, 241] 20160421
149.85000000000002 [5, 7, 8, 9] [246, 247, 248, 249, 250] 20160309
149.85000000000002 [5, 7, 8, 9] [247, 248, 249, 250] 20160309
149.85000000000002 [5, 7, 8, 9] [248, 249, 250] 20160309
149.85000000000002 [2, 3, 4, 5] [237, 238] 20160421
149.85 [5, 7, 8, 9] [247, 248] 20160309
149.7 [5, 7, 8, 9] [245, 246] 20160309
149.7 [5, 7, 8, 9] [249, 250] 20160309
149.65000000000003 [2, 3, 5, 7] [222, 223, 224] 20160421
149.6 [5, 7, 8, 9] [244, 245] 20160309
149.55 [5, 7, 8, 9] [253, 254] 20160309
149.54999999999998 [2, 3, 5, 7] [227, 228, 229, 230] 20160421
149.5 [5, 7, 8, 9] [250, 251] 20160309
149.35000000000002 [5, 7, 8, 9] [246, 247] 20160421
149.20000000000002 [5, 7, 8, 9] [251, 252] 20160309
149.20000000000002 [5, 7, 8, 9] [252, 253] 20160309
149.2 [2, 3, 5, 7] [228, 229, 230, 231, 232, 233, 234] 20160421
149.0 [2, 3, 5, 7] [226, 227] 20160421
148.9 [2, 3, 4, 5] [239, 240, 241] 20160421
148.85 [5, 7, 8, 9] [247, 248, 249, 250, 251] 20160421
148.85 [5, 7, 8, 9] [249, 250, 251] 20160421
148.8 [1, 2, 3, 5] [225, 226] 20160421
148.5 [1, 2, 3, 5] [218, 219, 220, 221] 20160421
148.5 [2, 3, 5, 7] [219, 220, 221, 222, 223] 20160421
148.3 [2, 3, 5, 7] [210, 211, 212, 213, 214, 215, 216, 217, 218, 219] 20160309
148.29999999999998 [2, 3, 5, 7] [215, 216, 217, 218, 219] 20160309
148.29999999999998 [1, 2, 3, 5] [230, 231] 20160421
148.25 [2, 3, 4, 5] [219, 220] 20160421
148.2 [2, 3, 5, 7] [213, 214, 215, 216] 20160309
148.2 [5, 7, 8, 9] [247, 248, 249, 250] 20160421
148.1 [2, 3, 5, 7] [221, 222, 223] 20160309
148.1 [5, 7, 8, 9] [257, 258] 20160309
148.1 [2, 3, 5, 7] [220, 221, 222] 20160421
147.95 [2, 3, 5, 7] [219, 220, 221, 222] 20160309
147.75 [1, 2, 3, 5] [217, 218] 20160309
147.75 [2, 3, 5, 7] [219, 220, 221] 20160309
147.70000000000002 [3, 5, 7, 8] [250, 251, 252, 253, 254, 255, 256] 20160421
147.70000000000002 [3, 5, 7, 8] [252, 253, 254, 255, 256] 20160421
147.54999999999998 [2, 3, 5, 7] [225, 226, 227, 228, 229, 230, 231, 232, 233] 20160309
147.54999999999998 [2, 3, 5, 7] [226, 227, 228, 229, 230, 231, 232, 233] 20160309
147.45000000000002 [1, 2, 3, 5] [213, 214] 20160421
147.35 [5, 7, 8, 9] [256, 257] 20160421
135.35 [5, 7, 8, 9] [211, 212, 213, 214, 215, 216, 217, 218, 219, 220, 221] 20160514
135.35 [5, 7, 8, 9] [214, 215, 216, 217, 218, 219, 220, 221, 222, 223, 224] 20160514
134.6 [5, 7, 8, 9] [227, 228, 229, 230, 231, 232, 233] 20160514
134.55 [5, 7, 8, 9] [230, 231, 232] 20160514
134.5 [5, 7, 8, 9] [179, 180, 181, 182, 183, 184, 185, 186, 187, 188, 189, 190, 191, 192, 193, 194, 195, 196, 197, 198, 199, 200, 201, 202, 203, 204, 205, 206, 207, 208, 209, 210, 211, 212] 20160514
134.5 [5, 7, 8, 9] [180, 181, 182, 183, 184, 185, 186, 187, 188, 189, 190, 191, 192, 193, 194, 195, 196, 197, 198, 199, 200, 201, 202, 203, 204, 205, 206, 207, 208, 209, 210, 211, 212] 20160514
134.5 [5, 7, 8, 9] [181, 182, 183, 184, 185, 186, 187, 188, 189, 190, 191, 192, 193, 194, 195, 196, 197, 198, 199, 200, 201, 202, 203, 204, 205, 206, 207, 208, 209, 210, 211, 212] 20160514
134.5 [5, 7, 8, 9] [182, 183, 184, 185, 186, 187, 188, 189, 190, 191, 192, 193, 194, 195, 196, 197, 198, 199, 200, 201, 202, 203, 204, 205, 206, 207, 208, 209, 210, 211, 212] 20160514
134.5 [5, 7, 8, 9] [183, 184, 185, 186, 187, 188, 189, 190, 191, 192, 193, 194, 195, 196, 197, 198, 199, 200, 201, 202, 203, 204, 205, 206, 207, 208, 209, 210, 211, 212] 20160514
134.5 [5, 7, 8, 9] [192, 193, 194, 195, 196, 197, 198, 199, 200, 201, 202, 203, 204, 205, 206, 207, 208, 209, 210, 211, 212] 20160514
134.5 [5, 7, 8, 9] [194, 195, 196, 197, 198, 199, 200, 201, 202, 203, 204, 205, 206, 207, 208, 209, 210, 211, 212] 20160514
134.5 [5, 7, 8, 9] [198, 199, 200, 201, 202, 203, 204, 205, 206, 207, 208, 209, 210, 211, 212] 20160514
134.5 [5, 7, 8, 9] [199, 200, 201, 202, 203, 204, 205, 206, 207, 208, 209, 210, 211, 212] 20160514
134.5 [5, 7, 8, 9] [200, 201, 202, 203, 204, 205, 206, 207, 208, 209, 210, 211, 212] 20160514
134.5 [5, 7, 8, 9] [202, 203, 204, 205, 206, 207, 208, 209, 210, 211, 212] 20160514
134.5 [5, 7, 8, 9] [203, 204, 205, 206, 207, 208, 209, 210, 211, 212] 20160514
134.5 [5, 7, 8, 9] [204, 205, 206, 207, 208, 209, 210, 211, 212] 20160514
134.5 [5, 7, 8, 9] [205, 206, 207, 208, 209, 210, 211, 212] 20160514
134.5 [5, 7, 8, 9] [206, 207, 208, 209, 210, 211, 212] 20160514
134.5 [5, 7, 8, 9] [208, 209, 210, 211, 212] 20160514
134.5 [5, 7, 8, 9] [209, 210, 211, 212] 20160514
129.0 [1, 2, 3, 5] [247, 248, 249, 250, 251, 252, 253, 254, 255, 256, 257, 258, 259, 260, 261, 262, 263, 264, 265, 266, 267, 268, 269, 270, 271, 272, 273, 274, 275, 276, 277, 278, 279, 280] 20160324
129.0 [1, 2, 3, 5] [248, 249, 250, 251, 252, 253, 254, 255, 256, 257, 258, 259, 260, 261, 262, 263, 264, 265, 266, 267, 268, 269, 270, 271, 272, 273, 274, 275, 276, 277, 278, 279, 280] 20160324
128.85 [0, 1, 2, 3] [244, 245, 246, 247, 248] 20160308
128.85 [0, 1, 2, 3] [246, 247, 248] 20160308
128.7 [0, 1, 2, 3] [247, 248, 249, 250, 251] 20160308
128.65 [1, 2, 3, 5] [249, 250, 251, 252, 253, 254, 255, 256, 257, 258, 259, 260, 261, 262, 263, 264, 265, 266, 267, 268, 269, 270, 271, 272, 273, 274, 275, 276, 277, 278, 279, 280, 281] 20160324
128.6 [0, 1, 2, 3] [247, 248] 20160308
128.55 [0, 1, 2, 3] [248, 249] 20160308
128.4 [0, 1, 2, 3] [249, 250] 20160308
128.2 [0, 1, 2, 3] [245, 246, 247] 20160308
128.2 [0, 1, 2, 3] [246, 247] 20160308
128.15 [0, 1, 2, 3] [250, 251] 20160308
128.15 [1, 2, 3, 5] [254, 255, 256, 257, 258, 259, 260, 261, 262, 263, 264, 265, 266, 267, 268, 269, 270, 271, 272, 273, 274, 275, 276, 277, 278, 279, 280] 20160324
128.15 [1, 2, 3, 5] [255, 256, 257, 258, 259, 260, 261, 262, 263, 264, 265, 266, 267, 268, 269, 270, 271, 272, 273, 274, 275, 276, 277, 278, 279, 280, 281, 282] 20160324
128.05 [0, 1, 2, 3] [251, 252, 253] 20160308
127.95000000000002 [0, 1, 2, 3] [240, 241, 242] 20160308
127.95000000000002 [0, 1, 2, 3] [253, 254, 255, 256] 20160308
127.95 [0, 1, 2, 3] [239, 240, 241] 20160308
127.9 [2, 3, 4, 5] [256, 257, 258, 259, 260, 261, 262, 263, 264, 265, 266, 267, 268, 269, 270, 271, 272, 273, 274, 275, 276, 277, 278, 279, 280] 20160324
127.9 [2, 3, 4, 5] [257, 258, 259, 260, 261, 262, 263, 264, 265, 266, 267, 268, 269, 270, 271, 272, 273, 274, 275, 276, 277, 278, 279, 280] 20160324
127.9 [2, 3, 4, 5] [258, 259, 260, 261, 262, 263, 264, 265, 266, 267, 268, 269, 270, 271, 272, 273, 274, 275, 276, 277, 278, 279, 280] 20160324
127.9 [2, 3, 4, 5] [260, 261, 262, 263, 264, 265, 266, 267, 268, 269, 270, 271, 272, 273, 274, 275, 276, 277, 278, 279, 280] 20160324
127.89999999999999 [0, 1, 2, 3] [252, 253] 20160308
127.85 [0, 1, 2, 3] [254, 255, 256] 20160308
127.80000000000001 [0, 1, 2, 3] [240, 241] 20160308
127.75000000000001 [0, 1, 2, 3] [238, 239, 240] 20160308
127.75000000000001 [0, 1, 2, 3] [239, 240] 20160308
127.6 [0, 1, 2, 3] [254, 255] 20160308
127.55000000000001 [1, 2, 3, 4] [284, 285] 20160324
127.55 [1, 2, 3, 5] [248, 249, 250, 251, 252, 253, 254, 255, 256, 257, 258, 259, 260, 261, 262, 263, 264, 265, 266, 267, 268, 269, 270, 271, 272, 273, 274, 275] 20160324
127.45000000000002 [0, 1, 2, 3] [237, 238, 239] 20160308
127.45000000000002 [0, 1, 2, 3] [238, 239] 20160308
127.45 [1, 2, 3, 4] [0, 1] 20160325
127.3 [2, 3, 4, 5] [279, 280] 20160324
127.25 [1, 2, 3, 5] [252, 253, 254, 255, 256, 257, 258, 259, 260, 261, 262, 263, 264, 265, 266, 267, 268] 20160324
127.15 [2, 3, 4, 5] [263, 264, 265, 266, 267, 268, 269, 270, 271, 272, 273, 274, 275, 276, 277, 278, 279] 20160324
127.15 [2, 3, 4, 5] [264, 265, 266, 267, 268, 269, 270, 271, 272, 273, 274, 275, 276, 277, 278, 279] 20160324
127.1 [2, 3, 4, 5] [273, 274, 275, 276, 277, 278, 279] 20160324
127.1 [2, 3, 4, 5] [275, 276, 277, 278, 279] 20160324
127.1 [2, 3, 4, 5] [277, 278, 279] 20160324
127.0 [2, 3, 4, 5] [280, 281] 20160324
126.79999999999998 [2, 3, 4, 5] [282, 283] 20160324
126.75 [2, 3, 4, 5] [281, 282] 20160324
126.75 [1, 2, 3, 4] [2, 3, 4, 5] 20160325
126.05000000000001 [3, 5, 6, 7] [2, 3, 4] 20160419
126.05 [1, 2, 3, 4] [5, 6, 7] 20160325
126.0 [0, 1, 2, 3] [15, 16, 17, 18, 19, 20, 21, 22, 23, 24, 25, 26, 27, 28, 29, 30, 31, 32, 33, 34, 35, 36, 37, 38, 39, 40, 41, 42, 43] 20160419
125.94999999999999 [0, 1, 2, 3] [7, 8, 9, 10, 11, 12, 13, 14, 15, 16, 17, 18, 19, 20, 21, 22, 23, 24, 25, 26, 27, 28, 29, 30, 31, 32, 33, 34] 20160419
125.94999999999999 [0, 1, 2, 3] [13, 14, 15, 16, 17, 18, 19, 20, 21, 22, 23, 24, 25, 26, 27, 28, 29, 30, 31, 32, 33, 34] 20160419
125.94999999999999 [0, 1, 2, 3] [14, 15, 16, 17, 18, 19, 20, 21, 22, 23, 24, 25, 26, 27, 28, 29, 30, 31, 32, 33, 34, 35, 36, 37, 38, 39, 40, 41, 42] 20160419
125.94999999999999 [0, 1, 2, 3] [15, 16, 17, 18, 19, 20, 21, 22, 23, 24, 25, 26, 27, 28, 29, 30, 31, 32, 33, 34, 35, 36, 37, 38, 39, 40, 41, 42] 20160419
125.94999999999999 [0, 1, 2, 3] [16, 17, 18, 19, 20, 21, 22, 23, 24, 25, 26, 27, 28, 29, 30, 31, 32, 33, 34, 35, 36, 37, 38, 39, 40, 41, 42] 20160419
125.89999999999999 [0, 1, 2, 3] [30, 31, 32, 33, 34, 35, 36, 37] 20160419
125.8 [0, 1, 2, 3] [32, 33, 34, 35, 36, 37] 20160419
125.64999999999999 [0, 1, 2, 3] [33, 34, 35, 36, 37] 20160419
125.64999999999999 [0, 1, 2, 3] [35, 36, 37] 20160419
125.60000000000001 [1, 2, 3, 4] [6, 7] 20160325
125.4 [0, 1, 2, 3] [1, 2] 20160419
125.4 [0, 1, 2, 3] [25, 26, 27, 28, 29, 30, 31, 32, 33, 34] 20160419
125.4 [0, 1, 2, 3] [29, 30, 31, 32, 33, 34] 20160419
125.4 [0, 1, 2, 3] [31, 32, 33, 34] 20160419
125.4 [0, 1, 2, 3] [34, 35] 20160419
125.30000000000001 [0, 1, 2, 3] [28, 29, 30] 20160419
125.25 [0, 1, 2, 3] [29, 30, 31] 20160419
125.14999999999999 [0, 1, 2, 3] [33, 34] 20160419
125.14999999999999 [0, 1, 2, 3] [36, 37, 38] 20160419
124.80000000000001 [0, 1, 2, 3] [13, 14, 15, 16, 17, 18, 19, 20, 21, 22, 23, 24, 25, 26, 27, 28] 20160419
124.5 [1, 2, 3, 4] [10, 11] 20160325
123.95 [1, 2, 3, 5] [7, 8, 9] 20160325
123.45 [1, 2, 3, 4] [11, 12] 20160325
122.7 [1, 2, 3, 4] [13, 14] 20160325
122.6 [0, 1, 2, 3] [237, 238, 239, 240, 241] 20160312
122.6 [0, 1, 2, 3] [239, 240, 241] 20160312
122.5 [0, 1, 2, 3] [237, 238, 239] 20160312
122.49999999999999 [0, 1, 2, 3] [243, 244] 20160312
122.19999999999999 [0, 1, 2, 3] [240, 241] 20160312
122.04999999999998 [0, 1, 2, 3] [236, 237, 238] 20160312
121.94999999999999 [0, 1, 2, 3] [236, 237] 20160312
121.9 [1, 2, 3, 4] [244, 245, 246, 247, 248] 20160312
121.85000000000001 [0, 1, 2, 3] [235, 236] 20160312
121.85 [0, 1, 2, 3] [241, 242, 243] 20160312
121.85 [1, 2, 3, 4] [247, 248, 249] 20160312
121.8 [0, 1, 2, 3] [230, 231, 232, 233, 234] 20160312
121.8 [0, 1, 2, 3] [242, 243] 20160312
121.75000000000001 [0, 1, 2, 3] [245, 246, 247, 248] 20160312
121.7 [0, 1, 2, 3] [231, 232, 233, 234] 20160312
121.7 [0, 1, 2, 3] [244, 245, 246, 247] 20160312
121.7 [0, 1, 2, 3] [245, 246, 247] 20160312
121.69999999999999 [0, 1, 2, 3] [227, 228, 229, 230, 231, 232, 233] 20160312
121.60000000000001 [0, 1, 2, 3] [232, 233, 234] 20160312
121.6 [0, 1, 2, 3] [231, 232, 233] 20160312
121.5 [1, 2, 3, 4] [252, 253, 254] 20160312
121.35 [1, 2, 3, 5] [15, 16] 20160325
120.25 [1, 2, 3, 4] [19, 20, 21] 20160325
120.1 [1, 2, 3, 5] [18, 19, 20] 20160325
120.0 [1, 2, 3, 5] [18, 19] 20160325
119.25 [1, 2, 3, 4] [21, 22, 23, 24, 25] 20160325
119.19999999999999 [1, 2, 3, 4] [22, 23, 24, 25] 20160325
118.60000000000001 [1, 2, 3, 5] [21, 22, 23] 20160325
118.6 [1, 2, 3, 4] [27, 28, 29] 20160325
118.44999999999999 [1, 2, 3, 5] [22, 23, 24] 20160325
118.4 [1, 2, 3, 4] [26, 27, 28] 20160325
118.15 [1, 2, 3, 5] [25, 26, 27] 20160325
112.85 [0, 1, 2, 3] [3, 4, 5, 6] 20160325
111.25539687284089 [1, 2, 3] [5, 6] 20160325
110.69999999999999 [5, 7, 8, 9] [229, 230] 20160313
110.6 [3, 5, 7, 9] [230, 231, 232, 233, 234, 235, 236, 237, 238, 239, 240] 20160313
110.6 [3, 5, 7, 9] [232, 233, 234, 235, 236, 237, 238, 239, 240, 241] 20160313
110.6 [3, 5, 7, 9] [233, 234, 235, 236, 237, 238, 239, 240, 241] 20160313
110.6 [3, 5, 7, 9] [234, 235, 236, 237, 238, 239, 240, 241, 242] 20160313
110.6 [3, 5, 7, 9] [237, 238, 239, 240, 241, 242, 243, 244] 20160313
110.5 [5, 7, 8, 9] [228, 229] 20160313
110.35 [3, 5, 7, 9] [233, 234, 235, 236] 20160313
110.3 [3, 5, 7, 9] [238, 239, 240, 241, 242] 20160313
110.25 [5, 7, 8, 9] [225, 226, 227, 228] 20160313
110.25 [3, 5, 7, 9] [235, 236] 20160313
110.05 [3, 5, 7, 9] [230, 231] 20160313
110.0 [5, 7, 8, 9] [226, 227, 228] 20160313
110.0 [5, 7, 8, 9] [227, 228] 20160313
110.0 [3, 5, 7, 9] [241, 242, 243, 244] 20160313
109.9 [3, 5, 7, 9] [245, 246] 20160313
109.05 [3, 5, 7, 9] [248, 249, 250] 20160313
108.65 [3, 5, 7, 9] [251, 252, 253, 254, 255] 20160313
108.60000000000001 [5, 7, 8, 9] [212, 213, 214, 215, 216, 217, 218, 219, 220, 221, 222, 223, 224, 225, 226, 227] 20160313
108.55000000000001 [0, 1, 2, 3] [5, 6, 7, 8, 9, 10, 11, 12] 20160313
108.55000000000001 [0, 1, 2, 3] [6, 7, 8, 9, 10, 11, 12] 20160313
106.85 [1, 2, 3, 5] [218, 219] 20160328
106.5 [0, 1, 2, 3] [55, 56, 57, 58] 20160328
106.49999999999999 [0, 1, 2, 3] [53, 54, 55, 56] 20160328
106.4 [1, 2, 3, 5] [220, 221] 20160328
106.30000000000001 [0, 1, 2, 3] [57, 58] 20160328
106.2 [0, 1, 2, 3] [50, 51, 52] 20160328
106.19999999999999 [0, 1, 2, 3] [61, 62, 63, 64] 20160328
106.10000000000001 [0, 1, 2, 3] [83, 84, 85, 86] 20160328
106.05000000000001 [0, 1, 2, 3] [66, 67, 68, 69, 70] 20160328
106.05000000000001 [1, 2, 3, 5] [213, 214, 215, 216, 217] 20160328
106.0 [0, 1, 2, 3] [63, 64, 65] 20160328
106.0 [0, 1, 2, 3] [65, 66, 67] 20160328
106.0 [0, 1, 2, 3] [66, 67, 68, 69] 20160328
106.0 [0, 1, 2, 3] [86, 87, 88] 20160328
105.99999999999999 [0, 1, 2, 3] [72, 73, 74] 20160328
105.95 [0, 1, 2, 3] [66, 67] 20160328
105.94999999999999 [0, 1, 2, 3] [74, 75] 20160328
105.9 [0, 1, 2, 3] [63, 64] 20160328
105.85000000000001 [0, 1, 2, 3] [45, 46, 47, 48, 49, 50, 51] 20160328
105.85000000000001 [0, 1, 2, 3] [46, 47, 48, 49, 50, 51] 20160328
105.85000000000001 [0, 1, 2, 3] [47, 48, 49, 50, 51] 20160328
104.15 [0, 1, 2, 3] [0, 1] 20160412
103.95 [0, 1, 2, 3] [1, 2, 3] 20160412
103.5 [0, 1, 2, 3] [2, 3, 4, 5, 6, 7, 8, 9] 20160412
103.45 [0, 1, 2, 3] [3, 4] 20160412
103.35000000000001 [0, 1, 2, 3] [4, 5, 6] 20160412
103.35 [0, 1, 2, 3] [12, 13] 20160412
103.25 [0, 1, 2, 3] [5, 6, 7] 20160412
103.2 [0, 1, 2, 3] [11, 12] 20160412
103.19999999999999 [0, 1, 2, 3] [6, 7, 8] 20160412
103.19999999999999 [0, 1, 2, 3] [7, 8, 9] 20160412
103.19999999999999 [0, 1, 2, 3] [8, 9, 10] 20160412
103.19999999999999 [0, 1, 2, 3] [9, 10] 20160412
103.15 [0, 1, 2, 3] [4, 5] 20160412
103.14999999999999 [0, 1, 2, 3] [8, 9] 20160412
103.1 [0, 1, 2, 3] [6, 7] 20160412
103.1 [0, 1, 2, 3] [7, 8] 20160412
103.0 [0, 1, 2, 3] [10, 11] 20160412
103.0 [0, 1, 2, 3] [13, 14] 20160412
102.9 [0, 1, 2, 3] [14, 15] 20160412
102.9 [0, 1, 2, 3] [15, 16, 17] 20160412
102.85 [0, 1, 2, 3] [15, 16] 20160412
89.70000000000002 [5, 7, 8, 9] [95, 96, 97, 98, 99, 100, 101, 102, 103] 20160302
89.65 [5, 7, 8, 9] [94, 95, 96, 97, 98, 99, 100, 101, 102] 20160302
89.55000000000001 [5, 7, 8, 9] [86, 87, 88, 89, 90, 91, 92, 93, 94, 95, 96, 97, 98, 99, 100, 101] 20160302
89.55000000000001 [5, 7, 8, 9] [88, 89, 90, 91, 92, 93, 94, 95, 96, 97, 98, 99, 100, 101] 20160302
89.35 [5, 7, 8, 9] [91, 92, 93, 94, 95, 96, 97, 98] 20160302
89.35 [5, 7, 8, 9] [94, 95, 96, 97, 98, 99, 100] 20160302
87.4 [1, 2, 3, 5] [2, 3, 4, 5] 20160301
87.35 [1, 2, 3, 5] [3, 4, 5, 6, 7] 20160301
87.30000000000001 [1, 2, 3, 5] [0, 1, 2] 20160301
87.30000000000001 [1, 2, 3, 5] [4, 5, 6] 20160301
87.25 [1, 2, 3, 5] [6, 7] 20160301
87.15 [1, 2, 3, 5] [7, 8, 9, 10] 20160301
86.75 [1, 2, 3, 5] [9, 10] 20160301
86.45000000000002 [1, 2, 3, 5] [10, 11] 20160301
86.45 [6, 7, 8, 9] [104, 105] 20160302
86.25 [6, 7, 8, 9] [105, 106] 20160302
86.15 [1, 2, 3, 5] [11, 12] 20160301
85.7 [1, 2, 3, 5] [12, 13] 20160301
84.8 [1, 2, 3, 5] [13, 14, 15] 20160301
83.2 [5, 7, 8, 9] [109, 110, 111, 112, 113, 114, 115] 20160302
82.95 [5, 7, 8, 9] [112, 113, 114, 115] 20160302
82.61882352103545 [5, 7, 8, 9] [100, 101, 102] 20160302
82.6 [5, 6, 7, 8] [21, 22] 20160301
82.5 [5, 7, 8, 9] [115, 116] 20160302
82.2 [5, 7, 8, 9] [117, 118] 20160302
82.14999999999999 [5, 7, 8, 9] [118, 119, 120] 20160302
82.05 [0, 1, 2, 3] [3, 4] 20160301
81.9 [5, 6, 7, 8] [23, 24] 20160301
81.15 [5, 6, 7, 8] [16, 17, 18, 19, 20, 21] 20160301
81.15 [5, 6, 7, 8] [17, 18, 19, 20, 21] 20160301
81.15 [5, 6, 7, 8] [18, 19, 20, 21] 20160301
81.15 [5, 6, 7, 8] [19, 20, 21] 20160301
81.1 [5, 6, 7, 8] [24, 25] 20160301
80.35 [5, 7, 8, 9] [119, 120, 121, 122, 123] 20160302
80.19999999999999 [5, 6, 7, 8] [18, 19] 20160301
80.05 [5, 6, 7, 8] [17, 18] 20160301
79.90527725584421 [5, 7, 8, 9] [101, 102] 20160302
78.9 [2, 3, 4, 5] [64, 65, 66, 67, 68, 69, 70, 71, 72, 73, 74, 75, 76, 77, 78, 79] 20160302
78.85 [5, 7, 8, 9] [122, 123, 124, 125, 126] 20160302
78.7 [2, 3, 4, 6] [65, 66, 67, 68, 69, 70, 71, 72, 73, 74, 75, 76, 77, 78, 79, 80, 81, 82] 20160302
78.05 [6, 7, 8, 9] [62, 63, 64, 65, 66, 67] 20160302
77.85 [2, 3, 4, 6] [67, 68, 69, 70, 71, 72] 20160302
58.800000000000004 [6, 7, 8, 9] [246, 247, 248, 249, 250, 251] 20160405
58.8 [6, 7, 8, 9] [252, 253, 254, 255, 256, 257, 258] 20160405
58.5 [6, 7, 8, 9] [241, 242, 243, 244, 245, 246, 247, 248, 249] 20160405
58.5 [6, 7, 8, 9] [253, 254, 255, 256, 257, 258, 259] 20160405
58.5 [6, 7, 8, 9] [257, 258, 259, 260, 261, 262, 263, 264] 20160405
58.3 [6, 7, 8, 9] [236, 237, 238, 239, 240, 241, 242, 243, 244, 245] 20160405
58.199999999999996 [6, 7, 8, 9] [258, 259, 260, 261, 262, 263, 264, 265, 266] 20160405
58.0 [6, 7, 8, 9] [238, 239, 240, 241, 242, 243, 244, 245, 246, 247, 248] 20160405
57.95 [6, 7, 8, 9] [261, 262, 263, 264, 265, 266, 267] 20160405
57.900000000000006 [6, 7, 8, 9] [239, 240, 241, 242, 243, 244, 245] 20160405
57.5 [6, 7, 8, 9] [227, 228, 229, 230, 231, 232, 233, 234, 235, 236, 237, 238, 239, 240, 241, 242] 20160405
57.5 [6, 7, 8, 9] [229, 230, 231, 232, 233, 234, 235, 236, 237, 238, 239, 240, 241, 242] 20160405
57.25 [6, 7, 8, 9] [235, 236, 237, 238, 239, 240, 241] 20160405
57.050000000000004 [0, 1, 2, 3] [261, 262, 263, 264] 20160405
57.0 [0, 1, 2, 3] [250, 251, 252, 253, 254, 255, 256] 20160405
57.0 [0, 1, 2, 3] [256, 257, 258, 259, 260] 20160405
57.0 [6, 7, 8, 9] [267, 268, 269, 270, 271, 272] 20160405
56.9 [0, 1, 2, 3] [249, 250, 251] 20160405
56.8 [0, 1, 2, 3] [264, 265] 20160405
56.650000000000006 [6, 7, 8, 9] [227, 228, 229, 230, 231, 232, 233, 234] 20160405
56.55 [0, 1, 2, 3] [240, 241, 242, 243, 244] 20160405
