10.874 [5] [138, 139, 140, 141, 142, 143, 144, 145, 146, 147, 148, 149, 150, 151, 152, 153, 154, 155, 156, 157, 158, 159, 160, 161, 162, 163, 164, 165, 166, 167, 168, 169, 170, 171, 172, 173] 20160405
3.5951601262438 [3, 4, 5] [147, 148, 149] 20160405
3.439275553562601 [3, 4, 5] [149, 150, 151] 20160405
3.4138721417182576 [3, 4, 5] [148, 149] 20160405
3.289 [2, 3, 4, 5] [140, 141, 142] 20160405
3.219882451270543 [3, 4, 5] [150, 151, 152] 20160405
3.2 [1, 2, 3, 5] [138, 139, 140] 20160405
3.1740000000000004 [2, 3, 4, 5] [140, 141] 20160405
3.13154786008453 [2, 3, 5] [143, 144] 20160405
3.1298158092769617 [4, 5, 6] [149, 150] 20160405
3.089 [1, 2, 3, 5] [138, 139] 20160405
3.066884629935292 [2, 3, 5] [146, 147] 20160405
2.963538931750349 [2, 3, 5] [139, 140] 20160405
2.9592418792657007 [4, 5] [147, 148] 20160405
2.80823170933834 [2, 3, 5] [150, 151] 20160405
2.8001488055696853 [3, 4, 5] [141, 142] 20160405
2.745 [5, 7, 8, 9] [159, 160] 20160405
2.6955 [3, 4, 5, 6] [144, 145, 146, 147, 148, 149, 150, 151, 152, 153, 154, 155, 156, 157, 158, 159, 160, 161, 162, 163, 164, 165, 166, 167, 168, 169, 170, 171, 172, 173] 20160421
2.6865 [2, 3, 4, 5] [148, 149, 150, 151, 152, 153, 154, 155, 156, 157, 158, 159, 160, 161, 162, 163, 164, 165, 166, 167, 168, 169, 170, 171, 172, 173, 174, 175, 176, 177, 178, 179, 180, 181, 182, 183] 20160313
2.6864108025393287 [2, 3, 5] [153, 154, 155, 156] 20160405
2.67 [3, 4, 6, 7] [150, 151, 152, 153, 154, 155, 156, 157, 158, 159, 160, 161, 162, 163, 164, 165, 166, 167, 168, 169, 170, 171, 172, 173, 174, 175, 176, 177, 178, 179, 180, 181, 182, 183, 184, 185] 20160312
2.6417509345129413 [3, 5] [142, 143] 20160405
2.636758679389021 [2, 3, 5] [151, 152] 20160405
2.5865 [2, 3, 4, 6] [136, 137, 138] 20160405
2.584219804892765 [7, 8, 9] [192, 193, 194, 195, 196, 197, 198, 199, 200, 201, 202, 203, 204, 205, 206, 207, 208, 209, 210, 211, 212, 213, 214, 215, 216, 217, 218, 219, 220, 221, 222, 223, 224, 225, 226, 227] 20160312
2.5789999999999997 [1, 2, 3, 4] [157, 158, 159, 160, 161, 162, 163, 164, 165, 166, 167, 168, 169, 170, 171, 172, 173, 174, 175, 176, 177, 178, 179, 180, 181, 182, 183, 184, 185, 186, 187, 188, 189] 20160308
2.5075000000000003 [5, 7, 8, 9] [197, 198, 199, 200, 201, 202, 203, 204, 205, 206, 207, 208] 20160312
2.4805 [4, 6, 7, 9] [172, 173, 174, 175, 176, 177, 178, 179, 180, 181, 182, 183, 184, 185, 186, 187, 188, 189, 190, 191, 192, 193, 194, 195, 196, 197, 198, 199, 200, 201, 202, 203, 204, 205] 20160309
2.473 [4, 5, 7, 9] [167, 168, 169, 170, 171, 172, 173, 174, 175, 176, 177, 178, 179, 180, 181, 182, 183, 184, 185, 186, 187, 188, 189, 190, 191, 192, 193] 20160309
2.4725 [2, 3, 4, 6] [220, 221, 222, 223, 224, 225, 226, 227, 228, 229, 230, 231, 232, 233, 234, 235, 236, 237, 238, 239, 240, 241, 242, 243, 244, 245, 246, 247, 248, 249, 250, 251, 252, 253, 254, 255] 20160324
2.4530000000000003 [5, 7, 8, 9] [133, 134, 135, 136, 137, 138, 139, 140, 141, 142, 143, 144, 145, 146, 147, 148, 149, 150, 151, 152, 153, 154, 155, 156, 157, 158, 159, 160, 161, 162, 163, 164, 165, 166, 167, 168] 20160514
2.4505 [0, 1, 2, 3] [188, 189, 190, 191, 192, 193, 194, 195, 196, 197, 198, 199, 200, 201, 202, 203, 204, 205, 206, 207, 208, 209, 210, 211, 212, 213, 214, 215, 216, 217, 218, 219, 220, 221, 222, 223] 20160324
2.443 [6, 7, 8, 9] [140, 141, 142, 143, 144, 145, 146, 147, 148, 149, 150, 151, 152, 153, 154, 155, 156, 157, 158, 159, 160, 161, 162, 163, 164, 165, 166, 167, 168, 169, 170, 171, 172, 173] 20160922
2.4265 [5, 7, 8, 9] [169, 170, 171, 172, 173, 174, 175, 176, 177, 178, 179, 180, 181, 182, 183, 184, 185, 186, 187, 188, 189, 190, 191, 192, 193, 194, 195, 196, 197, 198] 20160421
2.4250000000000003 [5, 7, 8, 9] [198, 199, 200, 201, 202, 203, 204, 205] 20160312
2.4175 [3, 5, 6, 7] [182, 183, 184, 185, 186, 187, 188, 189, 190, 191, 192, 193, 194, 195, 196, 197, 198, 199, 200, 201, 202, 203, 204, 205, 206, 207, 208, 209, 210, 211, 212, 213, 214, 215, 216, 217] 20160308
2.404 [4, 6, 7, 9] [194, 195, 196, 197, 198, 199, 200, 201, 202, 203, 204, 205, 206, 207, 208, 209, 210, 211, 212, 213, 214, 215, 216, 217, 218, 219, 220, 221, 222, 223, 224, 225, 226, 227, 228, 229] 20160301
2.3815 [4, 5, 6, 7] [151, 152, 153, 154, 155, 156, 157, 158, 159, 160, 161, 162, 163, 164, 165, 166, 167, 168, 169, 170, 171, 172, 173, 174, 175, 176, 177, 178, 179, 180, 181, 182, 183] 20160301
2.367 [6, 7, 8, 9] [166, 167, 168, 169, 170, 171, 172, 173, 174, 175, 176, 177, 178, 179, 180, 181, 182, 183, 184, 185, 186, 187, 188, 189, 190, 191, 192, 193, 194, 195, 196, 197, 198, 199, 200] 20160922
2.3575 [1, 2, 3, 4] [150, 151, 152, 153, 154, 155, 156, 157, 158, 159, 160, 161, 162, 163, 164, 165, 166, 167] 20160312
2.3465 [5, 7, 8, 9] [199, 200, 201] 20160312
2.3405 [4, 5, 7, 9] [147, 148, 149, 150, 151, 152, 153, 154, 155, 156, 157, 158, 159, 160, 161, 162, 163, 164, 165, 166, 167, 168, 169, 170, 171, 172, 173, 174, 175, 176, 177, 178, 179, 180, 181, 182] 20160514
2.3385 [5, 7, 8, 9] [199, 200] 20160312
2.3376912399487946 [7, 8, 9] [192, 193, 194] 20160312
2.335 [4, 5, 6, 7] [228, 229, 230, 231, 232, 233, 234, 235, 236, 237, 238, 239, 240, 241, 242, 243, 244, 245, 246, 247] 20160324
2.3345000000000002 [4, 5, 6, 7] [162, 163, 164, 165, 166, 167, 168, 169, 170, 171, 172, 173, 174, 175, 176, 177, 178, 179, 180, 181, 182, 183, 184, 185, 186, 187, 188, 189, 190] 20160301
2.3335 [3, 4, 5, 6] [148, 149, 150, 151, 152, 153, 154, 155] 20160421
2.3225 [2, 3, 4, 5] [154, 155] 20160313
2.3075 [6, 7, 8, 9] [128, 129, 130, 131, 132, 133, 134, 135, 136, 137, 138, 139, 140, 141, 142, 143, 144, 145, 146, 147, 148, 149, 150, 151, 152, 153, 154, 155, 156, 157, 158, 159, 160, 161, 162, 163] 20160529
2.3064999999999998 [2, 3, 4, 6] [97, 98, 99, 100, 101, 102, 103, 104, 105, 106, 107, 108, 109, 110, 111, 112, 113, 114, 115, 116, 117, 118, 119, 120, 121, 122, 123, 124, 125, 126, 127, 128, 129, 130, 131, 132] 20160325
2.3 [4, 6, 7, 9] [160, 161, 162, 163, 164, 165, 166, 167, 168, 169, 170, 171] 20160309
2.299 [5, 7, 8, 9] [200, 201, 202, 203] 20160312
2.2975000000000003 [1, 2, 3, 5] [216, 217, 218, 219, 220, 221, 222, 223, 224, 225, 226, 227, 228, 229, 230] 20160324
2.297 [3, 5, 7, 8] [45, 46, 47, 48, 49, 50, 51, 52, 53, 54, 55, 56, 57, 58, 59, 60, 61, 62, 63, 64, 65, 66, 67, 68, 69, 70, 71, 72, 73, 74, 75, 76, 77, 78] 20160302
2.294 [4, 6, 7, 9] [167, 168, 169, 170, 171, 172, 173, 174, 175, 176, 177, 178, 179] 20160309
2.2920000000000003 [5, 6, 7, 9] [173, 174, 175, 176, 177, 178, 179, 180, 181, 182, 183, 184, 185, 186, 187, 188, 189, 190, 191, 192, 193, 194, 195, 196, 197, 198, 199, 200, 201, 202, 203, 204, 205, 206, 207, 208] 20160419
2.28 [5, 7, 8, 9] [225, 226, 227, 228, 229, 230, 231, 232, 233, 234, 235, 236, 237, 238, 239, 240, 241, 242, 243, 244, 245, 246, 247, 248, 249, 250, 251, 252, 253, 254, 255, 256, 257, 258] 20160301
2.2705 [0, 1, 2, 3] [66, 67, 68, 69, 70, 71, 72, 73, 74, 75, 76, 77, 78, 79, 80, 81, 82, 83, 84, 85, 86, 87, 88, 89, 90] 20160302
2.27 [2, 3, 4, 5] [159, 160, 161, 162] 20160313
2.2695 [4, 6, 7, 9] [158, 159, 160, 161] 20160312
2.268 [3, 4, 5, 6] [66, 67, 68, 69, 70] 20160302
2.2645 [1, 2, 3, 4] [160, 161, 162, 163, 164, 165] 20160308
2.264 [6, 7, 8, 9] [160, 161, 162] 20160312
2.258 [2, 3, 4, 5] [159, 160] 20160313
2.257 [2, 3, 4, 5] [150, 151, 152, 153] 20160313
2.2555 [4, 6, 7, 9] [177, 178, 179, 180, 181, 182, 183, 184, 185, 186, 187, 188, 189, 190, 191, 192, 193, 194, 195, 196, 197, 198, 199, 200, 201, 202, 203, 204, 205, 206, 207, 208, 209, 210, 211] 20160313
2.254 [1, 2, 3, 5] [153, 154, 155, 156, 157, 158, 159, 160, 161, 162, 163] 20160308
2.2520000000000002 [2, 3, 4, 6] [175, 176, 177, 178, 179, 180, 181, 182, 183, 184, 185, 186, 187, 188, 189, 190, 191, 192, 193, 194, 195, 196, 197, 198, 199] 20160301
2.252 [3, 4, 5, 6] [154, 155, 156, 157] 20160421
2.251 [0, 1, 2, 3] [139, 140, 141, 142, 143, 144, 145, 146, 147, 148, 149] 20160421
2.249 [6, 7, 8, 9] [160, 161] 20160312
2.2485 [0, 1, 2, 3] [61, 62, 63, 64, 65, 66, 67, 68, 69, 70, 71, 72, 73, 74, 75, 76, 77, 78, 79, 80, 81, 82, 83, 84, 85, 86, 87, 88, 89, 90, 91, 92, 93, 94, 95] 20160309
2.2455000000000003 [6, 7, 8, 9] [161, 162] 20160312
2.2445 [0, 1, 2, 3] [158, 159, 160, 161, 162, 163, 164, 165, 166, 167, 168, 169, 170] 20160421
2.2365 [0, 1, 2, 3] [178, 179, 180, 181, 182, 183, 184, 185, 186, 187, 188, 189, 190, 191, 192, 193, 194, 195, 196, 197, 198, 199, 200, 201, 202, 203, 204, 205, 206, 207, 208, 209, 210, 211, 212] 20160302
2.2355 [1, 2, 3, 4] [160, 161, 162, 163] 20160308
2.2315 [0, 1, 2, 3] [152, 153, 154, 155, 156, 157, 158, 159, 160, 161, 162, 163, 164, 165, 166, 167, 168] 20160922
2.2310000000000003 [3, 5, 7, 9] [179, 180, 181, 182, 183, 184, 185, 186, 187, 188, 189, 190] 20160308
2.227 [3, 5, 7, 9] [155, 156, 157, 158, 159, 160, 161, 162, 163] 20160922
2.2255000000000003 [4, 6, 7, 9] [171, 172, 173, 174, 175, 176, 177, 178] 20160309
2.224 [1, 2, 3, 4] [163, 164, 165] 20160308
2.2239999999999998 [0, 1, 2, 3] [201, 202, 203, 204, 205, 206, 207, 208, 209] 20160324
2.223 [2, 3, 4, 6] [149, 150, 151] 20160421
2.2215 [1, 2, 3, 5] [220, 221, 222, 223, 224, 225, 226, 227] 20160324
2.221 [0, 1, 2, 3] [210, 211, 212, 213, 214, 215, 216] 20160324
2.2190000000000003 [5, 6, 7, 8] [189, 190, 191, 192, 193, 194] 20160324
2.2175 [0, 1, 2, 3] [149, 150, 151, 152, 153, 154, 155, 156, 157, 158, 159] 20160312
2.214 [1, 2, 3, 4] [61, 62, 63, 64, 65, 66, 67, 68] 20160309
2.214 [0, 1, 2, 3] [163, 164, 165, 166, 167, 168, 169, 170, 171, 172, 173, 174, 175, 176] 20160421
2.2055 [4, 6, 7, 9] [154, 155, 156, 157] 20160309
2.2035 [0, 1, 2, 3] [144, 145, 146, 147, 148, 149, 150, 151, 152, 153, 154, 155, 156, 157, 158, 159, 160, 161, 162, 163, 164, 165, 166, 167, 168, 169, 170, 171, 172, 173, 174, 175, 176, 177, 178, 179] 20160412
2.197 [4, 5, 7, 8] [162, 163] 20160312
2.1959999999999997 [1, 2, 3, 4] [233, 234, 235, 236, 237, 238, 239, 240, 241, 242, 243] 20160324
2.194 [4, 6, 7, 8] [193, 194, 195, 196] 20160324
2.1925 [6, 7, 8, 9] [194, 195, 196, 197, 198, 199, 200, 201, 202, 203] 20160301
2.1925 [3, 5, 7, 8] [61, 62, 63, 64, 65, 66, 67, 68] 20160302
2.189 [0, 1, 2, 3] [164, 165] 20160312
2.188 [2, 3, 4, 6] [64, 65, 66, 67] 20160309
2.1879999999999997 [1, 2, 3, 4] [169, 170, 171] 20160308
2.1865 [0, 1, 2, 3] [135, 136, 137, 138, 139, 140, 141, 142, 143, 144, 145, 146, 147, 148, 149, 150, 151, 152, 153, 154, 155, 156, 157, 158, 159, 160, 161, 162, 163, 164, 165, 166, 167, 168, 169, 170] 20160621
2.185 [0, 1, 2, 3] [210, 211, 212, 213] 20160324
2.185 [4, 6, 7, 9] [152, 153, 154, 155, 156, 157, 158, 159, 160, 161, 162, 163, 164, 165, 166, 167, 168, 169, 170, 171, 172, 173, 174, 175, 176, 177, 178, 179, 180, 181, 182, 183, 184, 185, 186, 187] 20160813
2.1835 [4, 6, 7, 9] [178, 179, 180, 181] 20160309
2.1835 [5, 6, 7, 9] [127, 128, 129, 130, 131, 132, 133, 134, 135, 136, 137, 138, 139, 140] 20160421
2.183 [2, 3, 4, 6] [170, 171, 172, 173, 174, 175] 20160308
2.182 [0, 1, 2, 3] [159, 160, 161, 162, 163, 164] 20160421
2.1814999999999998 [1, 2, 3, 5] [176, 177, 178, 179, 180, 181, 182] 20160308
2.1795 [2, 3, 4, 6] [66, 67, 68] 20160309
2.1790000000000003 [2, 3, 4, 5] [166, 167] 20160308
2.1790000000000003 [6, 7, 8, 9] [195, 196, 197, 198, 199, 200, 201, 202, 203, 204, 205, 206, 207, 208] 20160308
2.1785 [5, 6, 7, 9] [243, 244, 245, 246, 247, 248, 249, 250, 251, 252] 20160301
2.178 [4, 5, 7, 9] [171, 172, 173] 20160309
2.177 [4, 5, 6, 7] [155, 156, 157, 158, 159, 160, 161, 162, 163] 20160301
2.176 [5, 6, 7, 8] [205, 206, 207, 208, 209, 210, 211, 212, 213, 214, 215, 216, 217, 218, 219, 220, 221, 222, 223, 224, 225, 226] 20160308
2.1755 [5, 7, 8, 9] [134, 135, 136, 137] 20160514
2.175 [3, 4, 5, 6] [106, 107, 108, 109, 110, 111] 20160325
2.1745 [5, 6, 7, 8] [202, 203, 204, 205, 206, 207, 208, 209, 210, 211, 212, 213, 214, 215, 216, 217] 20160308
2.1745 [5, 6, 7, 9] [100, 101, 102, 103, 104, 105, 106, 107, 108, 109, 110, 111, 112, 113, 114, 115, 116, 117, 118, 119, 120, 121, 122, 123, 124, 125, 126, 127, 128, 129, 130] 20160309
2.174 [4, 5, 7, 9] [172, 173, 174] 20160309
2.1715 [3, 4, 6, 7] [170, 171, 172, 173, 174, 175, 176, 177, 178, 179] 20160313
2.1705 [3, 4, 5, 7] [149, 150, 151, 152, 153, 154, 155, 156, 157, 158, 159, 160] 20160301
2.17 [0, 1, 2, 3] [206, 207, 208] 20160324
2.1695 [0, 1, 2, 3] [163, 164] 20160308
2.169 [6, 7, 8, 9] [168, 169] 20160922
2.1685000000000003 [3, 5, 6, 7] [137, 138, 139, 140, 141, 142, 143, 144] 20160514
2.168 [3, 5, 6, 7] [164, 165, 166, 167, 168, 169, 170, 171, 172] 20160301
2.168 [2, 3, 4, 6] [65, 66] 20160309
2.168 [6, 7, 8, 9] [165, 166, 167, 168, 169, 170, 171, 172, 173, 174, 175, 176, 177, 178, 179, 180, 181, 182, 183, 184, 185, 186, 187, 188, 189, 190, 191, 192, 193, 194, 195, 196, 197, 198, 199, 200] 20160813
2.168 [3, 4, 5, 6] [160, 161, 162, 163, 164] 20160922
2.1675 [5, 7, 8, 9] [131, 132, 133, 134, 135, 136] 20160421
2.1675 [3, 5, 7, 9] [155, 156, 157, 158] 20160922
2.1675 [6, 7, 8, 9] [169, 170] 20160922
2.1670000000000003 [4, 6, 7, 9] [176, 177, 178] 20160309
2.1670000000000003 [4, 6, 7, 8] [194, 195] 20160324
2.167 [4, 5, 7, 9] [171, 172] 20160309
2.167 [5, 7, 8, 9] [154, 155, 156, 157, 158, 159, 160, 161, 162, 163, 164, 165, 166, 167, 168, 169, 170, 171, 172, 173, 174, 175, 176, 177, 178, 179, 180, 181, 182, 183, 184, 185, 186, 187, 188] 20160325
2.1665 [0, 1, 2, 3] [213, 214, 215] 20160324
2.166 [6, 7, 8, 9] [198, 199, 200, 201, 202, 203, 204, 205] 20160301
2.1654999999999998 [5, 7, 8, 9] [187, 188, 189, 190, 191, 192, 193, 194, 195, 196, 197, 198, 199, 200, 201, 202, 203, 204, 205, 206, 207, 208, 209, 210, 211, 212, 213, 214, 215, 216, 217, 218, 219, 220, 221, 222] 20160922
2.165 [0, 1, 2, 3] [210, 211] 20160324
2.1645 [3, 5, 6, 7] [187, 188, 189, 190] 20160308
2.1645 [0, 1, 2, 3] [174, 175, 176, 177, 178, 179, 180, 181, 182, 183, 184, 185, 186] 20160312
2.164 [2, 3, 5, 7] [195, 196, 197, 198, 199, 200, 201] 20160308
2.1625 [0, 1, 2, 3] [207, 208] 20160324
2.162 [4, 5, 7, 9] [172, 173] 20160309
2.162 [4, 6, 7, 9] [172, 173, 174, 175, 176, 177] 20160312
2.162 [1, 2, 3, 5] [221, 222, 223] 20160324
2.1615 [2, 3, 4, 5] [171, 172, 173] 20160308
2.1584999999999996 [4, 6, 7, 9] [210, 211, 212, 213, 214, 215, 216, 217] 20160301
2.158 [4, 5, 7, 9] [173, 174] 20160309
2.157 [6, 7, 8, 9] [141, 142, 143, 144, 145, 146, 147] 20160922
2.157 [3, 5, 7, 9] [154, 155, 156] 20160922
2.1565 [5, 6, 7, 8] [199, 200, 201, 202, 203, 204, 205, 206, 207, 208, 209, 210, 211, 212, 213, 214, 215, 216, 217, 218, 219, 220, 221, 222, 223, 224, 225, 226, 227, 228, 229, 230, 231, 232, 233] 20160328
2.1555 [3, 5, 7, 8] [185, 186, 187] 20160324
2.1545 [4, 6, 7, 9] [183, 184, 185, 186] 20160309
2.1540000000000004 [6, 7, 8, 9] [153, 154, 155, 156, 157, 158, 159, 160, 161, 162, 163, 164, 165, 166, 167, 168, 169, 170, 171, 172, 173, 174, 175, 176, 177, 178, 179, 180, 181, 182, 183, 184, 185, 186] 20160628
2.1535 [4, 5, 6, 7] [195, 196, 197, 198, 199] 20160324
2.1535 [5, 7, 8, 9] [187, 188, 189, 190, 191, 192, 193, 194, 195, 196, 197, 198, 199, 200, 201, 202, 203, 204, 205, 206, 207, 208, 209, 210, 211, 212, 213, 214, 215, 216, 217, 218, 219, 220, 221, 222] 20160328
2.153 [0, 1, 2, 3] [206, 207] 20160324
2.153 [0, 1, 2, 3] [213, 214] 20160324
2.1525000000000003 [5, 6, 7, 9] [100, 101, 102, 103, 104, 105, 106, 107, 108, 109, 110, 111, 112, 113] 20160309
2.1525 [6, 7, 8, 9] [167, 168] 20160922
2.1510000000000002 [6, 7, 8, 9] [168, 169, 170, 171, 172, 173, 174, 175, 176, 177, 178, 179, 180, 181, 182, 183, 184, 185, 186, 187, 188, 189] 20160325
2.1470000000000002 [1, 2, 3, 5] [173, 174, 175] 20160308
2.147 [4, 5, 6, 7] [136, 137, 138, 139, 140, 141, 142, 143, 144, 145, 146, 147, 148, 149, 150, 151, 152] 20160312
2.1465 [3, 5, 7, 9] [154, 155] 20160922
2.1465 [3, 5, 7, 9] [158, 159] 20160922
2.146 [2, 3, 4, 6] [193, 194, 195] 20160308
2.146 [2, 3, 4, 6] [103, 104] 20160325
2.146 [3, 4, 5, 6] [108, 109, 110] 20160325
2.145 [4, 5, 7, 8] [231, 232, 233, 234, 235, 236, 237, 238, 239, 240] 20160301
2.1445000000000003 [5, 7, 8, 9] [83, 84, 85, 86, 87, 88, 89, 90, 91, 92, 93, 94, 95, 96, 97, 98, 99, 100, 101, 102, 103, 104] 20160302
2.1445 [0, 1, 2, 3] [175, 176, 177, 178] 20160308
2.1435 [4, 6, 7, 9] [207, 208, 209] 20160301
2.1435 [6, 7, 8, 9] [172, 173, 174, 175, 176, 177, 178, 179, 180, 181, 182, 183, 184, 185, 186] 20160325
2.1430000000000002 [4, 5, 6, 7] [209, 210, 211, 212, 213] 20160301
2.1425 [4, 6, 7, 9] [205, 206, 207, 208] 20160312
2.142 [4, 6, 7, 9] [214, 215, 216, 217, 218, 219, 220, 221, 222, 223, 224, 225, 226, 227, 228, 229, 230, 231] 20160312
2.141 [0, 1, 2, 3] [86, 87, 88, 89, 90, 91, 92, 93, 94, 95, 96] 20160421
2.141 [5, 6, 7, 9] [139, 140, 141, 142, 143, 144, 145, 146] 20160529
2.14 [3, 4, 5, 6] [109, 110, 111] 20160325
2.1399999999999997 [4, 6, 7, 9] [190, 191, 192, 193, 194, 195, 196, 197] 20160301
2.1395 [4, 6, 7, 9] [166, 167, 168] 20160313
2.1395 [0, 1, 2, 3] [149, 150, 151, 152, 153] 20160922
2.1390000000000002 [3, 5, 6, 7] [177, 178, 179, 180, 181] 20160301
2.1390000000000002 [5, 6, 7, 9] [194, 195] 20160301
2.139 [0, 1, 2, 3] [165, 166, 167] 20160421
2.1385 [3, 5, 6, 7] [172, 173] 20160922
2.1384999999999996 [5, 7, 8, 9] [131, 132, 133, 134, 135, 136, 137, 138, 139, 140, 141, 142, 143, 144, 145, 146, 147, 148, 149, 150, 151, 152, 153, 154, 155, 156, 157, 158, 159, 160, 161, 162, 163, 164, 165, 166] 20160628
2.138 [2, 3, 5, 6] [100, 101, 102, 103] 20160302
2.137 [3, 4, 5, 7] [156, 157, 158, 159, 160] 20160301
2.137 [3, 4, 5, 6] [18, 19, 20, 21, 22, 23, 24, 25, 26, 27, 28, 29, 30, 31, 32, 33, 34, 35, 36, 37, 38, 39, 40, 41, 42, 43, 44, 45, 46, 47, 48, 49] 20160302
2.136 [6, 7, 8, 9] [221, 222, 223, 224] 20160301
2.1350000000000002 [4, 5, 7, 8] [148, 149, 150, 151, 152, 153, 154, 155] 20160301
2.1345 [3, 4, 5, 6] [109, 110] 20160325
2.1325000000000003 [0, 1, 2, 3] [99, 100, 101, 102, 103] 20160325
2.1310000000000002 [6, 7, 8, 9] [145, 146] 20160922
2.1295 [1, 2, 3, 4] [98, 99, 100, 101] 20160325
2.129 [6, 7, 8, 9] [174, 175, 176, 177, 178, 179, 180, 181, 182] 20160325
2.1285 [5, 7, 8, 9] [182, 183, 184] 20160421
2.1275 [1, 2, 3, 5] [99, 100, 101] 20160302
2.1275 [4, 6, 7, 8] [33, 34, 35, 36, 37, 38, 39, 40, 41, 42, 43, 44, 45, 46, 47, 48, 49, 50, 51, 52, 53, 54, 55, 56, 57, 58, 59, 60] 20160313
2.1265 [5, 7, 8, 9] [149, 150] 20160514
2.1260000000000003 [6, 7, 8, 9] [72, 73, 74, 75, 76, 77, 78, 79, 80, 81, 82, 83, 84, 85] 20160313
2.124 [6, 7, 8, 9] [165, 166, 167, 168, 169, 170, 171, 172, 173, 174, 175, 176, 177, 178, 179, 180, 181, 182, 183, 184, 185, 186, 187, 188, 189, 190, 191, 192, 193, 194, 195, 196, 197, 198, 199, 200] 20160911
2.1235 [0, 1, 2, 3] [196, 197, 198, 199, 200, 201, 202] 20160302
2.121 [5, 6, 7, 9] [180, 181, 182, 183, 184, 185, 186] 20160419
2.1205 [1, 2, 3, 4] [93, 94, 95, 96, 97] 20160325
2.12 [5, 7, 8, 9] [193, 194, 195, 196, 197, 198, 199, 200] 20160419
2.1195 [5, 7, 8, 9] [184, 185, 186] 20160421
2.1189999999999998 [6, 7, 8, 9] [75, 76, 77] 20160313
2.1185 [0, 1, 2, 3] [76, 77, 78, 79, 80, 81, 82, 83, 84] 20160302
2.1174999999999997 [1, 2, 3, 5] [123, 124, 125, 126, 127, 128] 20160421
2.1155 [6, 7, 8, 9] [184, 185, 186, 187, 188, 189, 190, 191, 192, 193, 194, 195, 196, 197, 198, 199, 200, 201] 20160922
2.1144999999999996 [5, 7, 8, 9] [160, 161] 20160514
2.1125 [6, 7, 8, 9] [172, 173, 174, 175, 176, 177, 178] 20160419
2.1115 [5, 7, 8, 9] [76, 77, 78, 79] 20160313
2.1115 [1, 2, 3, 4] [192, 193, 194, 195, 196, 197, 198, 199, 200, 201, 202, 203, 204, 205, 206, 207, 208, 209, 210, 211, 212, 213, 214, 215, 216, 217, 218, 219, 220, 221, 222, 223, 224] 20160412
2.1115 [1, 2, 3, 5] [123, 124, 125, 126] 20160421
2.1109999999999998 [6, 7, 8, 9] [210, 211, 212, 213, 214, 215, 216, 217, 218, 219, 220, 221, 222, 223, 224, 225, 226, 227, 228, 229, 230, 231, 232, 233, 234, 235, 236, 237, 238, 239, 240, 241, 242, 243] 20160421
2.1105 [5, 6, 7, 9] [185, 186] 20160421
2.1105 [4, 5, 7, 9] [156, 157, 158, 159] 20160514
2.1100000000000003 [0, 1, 2, 3] [199, 200] 20160302
2.1095 [3, 5, 6, 7] [129, 130] 20160514
2.1095 [4, 6, 7, 9] [172, 173, 174, 175, 176, 177, 178, 179, 180, 181, 182, 183, 184, 185, 186, 187, 188, 189, 190, 191, 192, 193, 194, 195, 196, 197, 198, 199, 200, 201, 202, 203, 204] 20160529
2.1094999999999997 [4, 5, 7, 9] [204, 205, 206, 207, 208, 209, 210, 211, 212, 213, 214, 215, 216, 217, 218, 219, 220, 221, 222, 223, 224, 225, 226, 227, 228, 229, 230, 231, 232, 233, 234, 235, 236, 237, 238] 20160412
2.1069999999999998 [6, 7, 8, 9] [176, 177] 20160325
2.1045 [6, 7, 8, 9] [33, 34, 35, 36, 37, 38, 39, 40, 41, 42, 43, 44, 45, 46, 47, 48] 20160313
2.104 [0, 1, 2, 3] [198, 199] 20160302
2.104 [4, 6, 7, 8] [38, 39, 40, 41, 42] 20160313
2.104 [4, 6, 7, 9] [181, 182, 183, 184, 185, 186] 20160313
2.1035 [6, 7, 8, 9] [177, 178] 20160325
2.1025 [3, 5, 7, 8] [45, 46, 47, 48, 49, 50, 51] 20160302
2.1025 [2, 3, 4, 6] [141, 142, 143, 144, 145, 146] 20160514
2.102 [6, 7, 8, 9] [140, 141] 20160922
2.1015 [4, 6, 7, 9] [183, 184, 185, 186, 187, 188, 189] 20160313
2.1014999999999997 [4, 6, 7, 8] [40, 41, 42, 43, 44, 45, 46, 47, 48, 49, 50, 51, 52, 53, 54] 20160313
2.101 [3, 5, 7, 8] [61, 62, 63, 64] 20160302
2.1005 [2, 3, 4, 6] [173, 174] 20160313
2.1 [6, 7, 8, 9] [145, 146] 20160529
2.1 [4, 5, 7, 8] [133, 134, 135, 136, 137, 138, 139, 140, 141, 142, 143, 144, 145, 146, 147, 148] 20160628
2.099 [5, 7, 8, 9] [162, 163, 164, 165, 166, 167, 168, 169, 170] 20160529
2.0984999999999996 [0, 1, 2, 3] [145, 146, 147, 148, 149, 150, 151] 20160412
2.098 [1, 2, 3, 4] [137, 138, 139, 140, 141, 142, 143, 144, 145, 146, 147] 20160621
2.0975 [6, 7, 8, 9] [147, 148] 20160529
2.0970000000000004 [4, 6, 7, 9] [186, 187, 188, 189, 190, 191, 192, 193] 20160313
2.097 [1, 2, 3, 5] [144, 145, 146, 147, 148, 149, 150] 20160313
2.097 [4, 5, 7, 8] [163, 164, 165, 166, 167, 168, 169, 170, 171, 172, 173, 174, 175, 176] 20160412
2.097 [0, 1, 2, 3] [84, 85, 86, 87, 88, 89, 90] 20160421
2.097 [6, 7, 8, 9] [148, 149, 150, 151] 20160529
2.096 [2, 3, 4, 5] [211, 212, 213, 214, 215, 216, 217, 218, 219, 220, 221, 222, 223, 224] 20160328
2.0945 [4, 5, 6, 7] [195, 196, 197, 198, 199, 200, 201, 202] 20160421
2.0935 [1, 2, 3, 4] [95, 96, 97] 20160325
2.0934999999999997 [1, 2, 3, 4] [183, 184, 185, 186, 187, 188, 189] 20160922
2.0915 [1, 2, 3, 4] [91, 92, 93, 94, 95] 20160325
2.0915 [5, 7, 8, 9] [163, 164, 165] 20160514
2.091 [2, 3, 4, 6] [164, 165, 166] 20160419
2.0909999999999997 [4, 5, 6, 7] [185, 186, 187, 188, 189] 20160419
2.09 [5, 7, 8, 9] [190, 191, 192, 193] 20160419
2.089 [2, 3, 4, 6] [164, 165] 20160419
2.089 [0, 1, 2, 3] [215, 216, 217, 218, 219, 220, 221, 222, 223, 224, 225, 226, 227, 228, 229, 230, 231, 232, 233, 234, 235, 236] 20160813
2.0889999999999995 [4, 6, 7, 9] [170, 171, 172, 173, 174, 175] 20160419
2.0885 [3, 5, 7, 8] [62, 63] 20160302
2.0885 [1, 2, 3, 4] [96, 97] 20160325
2.0885 [6, 7, 8, 9] [132, 133] 20160529
2.0885 [5, 7, 8, 9] [180, 181] 20160922
2.088 [0, 1, 2, 3] [146, 147, 148, 149, 150, 151, 152, 153, 154, 155] 20160621
2.0875 [0, 1, 2, 3] [143, 144, 145, 146, 147, 148] 20160412
2.0875 [4, 5, 6, 7] [183, 184, 185] 20160419
2.0875 [4, 5, 7, 9] [162, 163, 164] 20160514
2.0865 [3, 5, 7, 9] [155, 156] 20160529
2.0860000000000003 [1, 2, 3, 4] [97, 98, 99] 20160325
2.086 [5, 6, 7, 9] [200, 201, 202, 203, 204, 205, 206, 207, 208] 20160328
2.0855 [4, 5, 7, 8] [169, 170, 171, 172, 173, 174] 20160412
2.085 [6, 7, 8, 9] [35, 36, 37, 38, 39, 40] 20160313
2.085 [4, 5, 7, 8] [134, 135, 136, 137, 138, 139, 140, 141, 142, 143, 144] 20160628
2.084 [5, 7, 8, 9] [174, 175] 20160325
2.084 [2, 3, 4, 6] [161, 162] 20160419
2.0839999999999996 [0, 1, 2, 3] [152, 153, 154, 155, 156] 20160412
2.0835 [6, 7, 8, 9] [102, 103] 20160302
2.0835 [5, 7, 8, 9] [161, 162, 163, 164] 20160529
2.0835 [0, 1, 2, 3] [134, 135, 136, 137, 138, 139, 140, 141, 142] 20160621
2.0835 [0, 1, 2, 3] [149, 150, 151, 152, 153, 154, 155, 156, 157, 158] 20160621
2.083 [2, 3, 5, 7] [195, 196, 197, 198] 20160302
2.083 [1, 2, 3, 4] [25, 26, 27, 28, 29, 30, 31, 32, 33, 34, 35, 36, 37, 38, 39, 40, 41, 42, 43, 44] 20160419
2.083 [0, 1, 2, 3] [220, 221, 222, 223, 224, 225, 226, 227, 228, 229, 230, 231, 232, 233, 234, 235, 236, 237, 238, 239, 240, 241, 242, 243, 244, 245, 246, 247, 248, 249, 250, 251, 252, 253, 254, 255] 20160419
2.0825 [4, 6, 7, 9] [150, 151] 20160529
2.0824999999999996 [0, 1, 2, 3] [178, 179, 180, 181, 182, 183] 20160302
2.082 [2, 3, 5, 7] [196, 197] 20160302
2.082 [0, 1, 2, 3] [201, 202] 20160302
2.082 [0, 1, 2, 3] [26, 27, 28, 29, 30, 31, 32, 33, 34, 35, 36] 20160419
2.0815 [3, 4, 6, 7] [221, 222, 223, 224, 225, 226, 227, 228, 229, 230, 231, 232, 233, 234, 235] 20160328
2.081 [4, 5, 6, 7] [160, 161, 162, 163, 164, 165, 166, 167, 168, 169, 170, 171, 172, 173, 174, 175, 176] 20160911
2.08 [1, 2, 3, 4] [149, 150, 151, 152] 20160412
2.079 [4, 6, 7, 9] [171, 172] 20160813
2.0789999999999997 [1, 2, 3, 4] [98, 99] 20160325
2.0785 [5, 6, 7, 9] [166, 167, 168, 169] 20160514
2.0780000000000003 [5, 6, 7, 9] [238, 239, 240, 241, 242, 243, 244, 245, 246, 247, 248, 249, 250, 251, 252, 253, 254, 255, 256, 257, 258] 20160529
2.078 [1, 2, 3, 4] [138, 139, 140, 141, 142, 143] 20160621
2.0775 [5, 7, 8, 9] [191, 192] 20160419
2.0775 [0, 1, 2, 3] [140, 141, 142, 143, 144, 145, 146] 20160621
2.0775 [0, 1, 2, 3] [146, 147, 148, 149, 150, 151, 152] 20160621
2.0765000000000002 [5, 7, 8, 9] [71, 72, 73, 74, 75] 20160419
2.076 [0, 1, 2, 3] [151, 152] 20160412
2.076 [1, 2, 3, 4] [192, 193, 194, 195, 196, 197, 198, 199, 200, 201, 202, 203, 204, 205, 206] 20160412
2.076 [4, 5, 6, 7] [181, 182] 20160419
2.075 [1, 2, 3, 4] [137, 138, 139, 140, 141] 20160621
2.0745 [4, 6, 7, 9] [182, 183, 184, 185, 186, 187, 188, 189, 190, 191, 192, 193, 194, 195, 196] 20160514
2.0745 [0, 1, 2, 3] [143, 144, 145, 146, 147, 148] 20160621
2.074 [3, 5, 7, 8] [167, 168, 169, 170, 171, 172, 173, 174, 175] 20160529
2.0735 [4, 6, 7, 9] [174, 175, 176, 177, 178] 20160514
2.0734999999999997 [1, 2, 3, 4] [133, 134, 135, 136, 137, 138, 139] 20160621
2.073 [4, 6, 7, 9] [152, 153, 154, 155, 156, 157, 158] 20160813
2.072 [5, 6, 7, 9] [206, 207, 208, 209, 210, 211, 212] 20160328
2.072 [1, 2, 3, 5] [214, 215, 216, 217, 218] 20160328
2.072 [3, 5, 7, 8] [167, 168, 169] 20160412
2.072 [4, 5, 6, 7] [188, 189] 20160419
2.0715 [4, 5, 6, 7] [156, 157, 158, 159, 160, 161] 20160412
2.0709999999999997 [4, 6, 7, 9] [184, 185, 186] 20160419
2.0709999999999997 [6, 7, 8, 9] [181, 182, 183, 184, 185, 186, 187, 188, 189, 190, 191] 20160514
2.0705 [0, 1, 2, 3] [153, 154] 20160412
2.0700000000000003 [0, 1, 2, 3] [150, 151, 152, 153, 154, 155] 20160621
2.07 [1, 2, 3, 5] [216, 217, 218, 219, 220] 20160328
2.07 [3, 4, 5, 6] [209, 210, 211, 212, 213, 214, 215, 216, 217, 218, 219, 220, 221, 222, 223, 224, 225, 226, 227] 20160412
2.07 [4, 6, 7, 9] [168, 169, 170, 171] 20160813
2.069 [0, 1, 2, 3] [173, 174, 175] 20160419
2.0685 [4, 6, 7, 9] [175, 176, 177] 20160514
2.068 [5, 7, 8, 9] [70, 71, 72] 20160419
2.0675 [0, 1, 2, 3] [144, 145] 20160412
2.0675 [4, 5, 7, 9] [178, 179, 180, 181, 182] 20160514
2.067 [6, 7, 8, 9] [156, 157, 158, 159, 160, 161, 162] 20160628
2.0664999999999996 [5, 6, 7, 9] [168, 169, 170] 20160514
2.066 [6, 7, 8, 9] [187, 188, 189, 190, 191, 192, 193, 194, 195, 196, 197, 198, 199, 200, 201] 20160412
2.0655 [0, 1, 2, 3] [143, 144] 20160412
2.0655 [1, 2, 3, 4] [139, 140] 20160621
2.0655 [4, 5, 7, 8] [139, 140, 141, 142] 20160628
2.065 [5, 7, 8, 9] [238, 239, 240, 241, 242, 243, 244, 245, 246, 247, 248] 20160328
2.0645 [5, 6, 7, 9] [196, 197, 198, 199, 200, 201] 20160328
2.0645 [5, 7, 8, 9] [241, 242, 243, 244] 20160328
2.064 [5, 6, 7, 8] [162, 163, 164, 165] 20160412
2.0635 [1, 2, 3, 5] [216, 217] 20160328
2.0635 [1, 2, 3, 5] [217, 218] 20160328
2.0629999999999997 [4, 6, 7, 9] [177, 178, 179, 180, 181, 182, 183, 184] 20160529
2.0625 [5, 7, 8, 9] [164, 165] 20160529
2.0615 [4, 6, 7, 9] [154, 155, 156] 20160813
2.061 [0, 1, 2, 3] [135, 136, 137] 20160621
2.061 [5, 6, 7, 9] [161, 162, 163] 20160628
2.06 [4, 5, 6, 7] [16, 17, 18, 19, 20, 21, 22, 23] 20160412
2.06 [4, 5, 6, 7] [241, 242, 243, 244, 245, 246] 20160412
2.06 [6, 7, 8, 9] [181, 182, 183, 184, 185, 186, 187, 188, 189] 20160813
2.0595 [5, 7, 8, 9] [203, 204, 205, 206] 20160328
2.0595 [0, 1, 2, 3] [122, 123, 124, 125, 126] 20160514
2.0595 [5, 6, 7, 9] [241, 242, 243, 244, 245, 246] 20160529
2.059 [4, 5, 6, 7] [133, 134, 135, 136, 137, 138, 139] 20160628
2.0584999999999996 [4, 5, 6, 7] [210, 211, 212, 213, 214] 20160328
2.058 [6, 7, 8, 9] [185, 186, 187, 188] 20160514
2.0575 [4, 6, 7, 9] [152, 153, 154] 20160813
2.057 [0, 1, 2, 3] [135, 136] 20160621
2.057 [6, 7, 8, 9] [154, 155, 156, 157, 158] 20160628
2.056 [5, 6, 7, 9] [197, 198, 199, 200] 20160328
2.056 [0, 1, 2, 3] [216, 217] 20160813
2.0555000000000003 [1, 2, 3, 5] [218, 219, 220] 20160328
2.0555000000000003 [1, 2, 3, 4] [223, 224, 225, 226, 227] 20160813
2.0555 [5, 7, 8, 9] [183, 184, 185, 186, 187, 188, 189, 190] 20160328
2.0555 [5, 6, 7, 9] [238, 239, 240] 20160529
2.0555 [4, 5, 6, 7] [139, 140] 20160628
2.0545 [4, 5, 7, 8] [168, 169] 20160529
2.0545 [4, 6, 7, 9] [176, 177, 178, 179, 180, 181] 20160529
2.0545 [4, 5, 6, 7] [137, 138] 20160628
2.0545 [5, 7, 8, 9] [158, 159, 160, 161] 20160813
2.054 [1, 2, 3, 5] [218, 219] 20160328
2.0535 [1, 2, 3, 5] [215, 216] 20160328
2.053 [5, 7, 8, 9] [138, 139] 20160628
2.0525 [5, 6, 7, 9] [164, 165] 20160628
2.0525 [0, 1, 2, 3] [223, 224] 20160813
2.0524999999999998 [6, 7, 8, 9] [172, 173, 174, 175, 176, 177, 178, 179] 20160328
2.0524999999999998 [6, 7, 8, 9] [186, 187, 188, 189, 190, 191, 192, 193] 20160813
2.052 [0, 1, 2, 3] [152, 153] 20160621
2.0519999999999996 [5, 6, 7, 9] [240, 241, 242] 20160529
2.0515 [4, 6, 7, 9] [182, 183, 184] 20160529
2.0515 [6, 7, 8, 9] [155, 156, 157] 20160628
2.0515 [6, 7, 8, 9] [181, 182, 183, 184, 185, 186] 20160813
2.0515 [1, 2, 3, 4] [224, 225] 20160813
2.0509999999999997 [2, 3, 4, 5] [164, 165, 166, 167, 168] 20160813
2.0505 [6, 7, 8, 9] [133, 134] 20160813
2.0504999999999995 [4, 6, 7, 8] [175, 176, 177, 178] 20160621
2.0495 [6, 7, 8, 9] [134, 135] 20160813
2.0495 [0, 1, 2, 3] [215, 216] 20160813
2.0494999999999997 [6, 7, 8, 9] [169, 170, 171, 172, 173] 20160628
2.049 [1, 2, 3, 5] [159, 160, 161, 162, 163] 20160621
2.049 [5, 7, 8, 9] [177, 178] 20160813
2.0484999999999998 [2, 3, 5, 7] [161, 162, 163, 164, 165] 20160621
2.0484999999999998 [4, 6, 7, 9] [182, 183, 184, 185, 186, 187, 188, 189] 20160628
2.048 [4, 5, 6, 7] [140, 141] 20160628
2.048 [3, 4, 5, 6] [160, 161] 20160911
2.0469999999999997 [4, 5, 6, 7] [136, 137] 20160628
2.0465 [1, 2, 3, 5] [143, 144, 145, 146, 147, 148, 149, 150, 151, 152, 153, 154, 155, 156, 157, 158] 20160911
2.0460000000000003 [5, 6, 7, 8] [175, 176] 20160621
2.0460000000000003 [0, 1, 2, 3] [175, 176, 177, 178] 20160628
2.0460000000000003 [6, 7, 8, 9] [176, 177, 178, 179, 180] 20160911
2.045 [5, 6, 7, 9] [185, 186, 187, 188, 189] 20160911
2.0444999999999998 [5, 6, 7, 9] [185, 186, 187] 20160911
2.044 [2, 3, 4, 5] [143, 144, 145, 146, 147, 148] 20160628
2.044 [5, 7, 8, 9] [171, 172] 20160628
2.044 [5, 7, 8, 9] [197, 198] 20160911
2.0439999999999996 [0, 1, 2, 3] [143, 144, 145, 146, 147, 148, 149] 20160514
2.043 [6, 7, 8, 9] [177, 178, 179, 180, 181] 20160621
2.0395 [5, 6, 7, 9] [182, 183, 184, 185] 20160911
2.0385 [5, 6, 7, 9] [184, 185, 186] 20160911
2.038 [6, 7, 8, 9] [195, 196, 197] 20160911
2.0375 [5, 7, 8, 9] [22, 23] 20160911
2.0375 [4, 5, 6, 7] [186, 187] 20160911
2.0374999999999996 [4, 6, 7, 9] [205, 206, 207, 208, 209, 210, 211, 212, 213, 214, 215, 216, 217, 218, 219, 220, 221, 222, 223, 224, 225, 226] 20160911
2.035 [4, 6, 7, 9] [181, 182] 20160911
2.034 [4, 6, 7, 9] [175, 176, 177] 20160911
2.032 [1, 2, 3, 5] [149, 150, 151, 152, 153, 154, 155] 20160911
2.0319999999999996 [5, 6, 7, 9] [206, 207, 208, 209, 210, 211, 212, 213, 214, 215, 216] 20160911
2.03 [5, 7, 8, 9] [64, 65, 66, 67, 68, 69, 70, 71, 72, 73, 74, 75, 76, 77, 78, 79] 20160911
2.0285 [5, 7, 8, 9] [66, 67, 68, 69, 70, 71, 72, 73, 74] 20160911
2.0285 [5, 7, 8, 9] [194, 195] 20160911
