10 1.0 0.14432989690721648 0.25225225225225223
15 1.0 0.2268041237113402 0.36974789915966383
20 1.0 0.30927835051546393 0.47244094488188976
25 1.0 0.36082474226804123 0.5303030303030303
30 1.0 0.44329896907216493 0.6142857142857142
35 1.0 0.4948453608247423 0.6620689655172414
40 1.0 0.5360824742268041 0.697986577181208
45 0.9827586206896551 0.5876288659793815 0.7354838709677419
50 0.9682539682539683 0.6288659793814433 0.7624999999999998
55 0.9428571428571428 0.6804123711340206 0.7904191616766467
60 0.9066666666666666 0.7010309278350515 0.7906976744186046
65 0.8987341772151899 0.7319587628865979 0.8068181818181818
70 0.8902439024390244 0.7525773195876289 0.8156424581005587
75 0.875 0.7938144329896907 0.8324324324324325
80 0.8586956521739131 0.8144329896907216 0.835978835978836
85 0.84375 0.8350515463917526 0.8393782383419689
90 0.8282828282828283 0.845360824742268 0.836734693877551
95 0.8076923076923077 0.865979381443299 0.8358208955223881
100 0.7870370370370371 0.8762886597938144 0.8292682926829268
105 0.7678571428571429 0.8865979381443299 0.8229665071770336
110 0.7435897435897436 0.8969072164948454 0.8130841121495328
115 0.71900826446281 0.8969072164948454 0.798165137614679
120 0.704 0.9072164948453608 0.7927927927927927
125 0.6821705426356589 0.9072164948453608 0.7787610619469026
130 0.6567164179104478 0.9072164948453608 0.761904761904762
135 0.6330935251798561 0.9072164948453608 0.7457627118644068
140 0.6223776223776224 0.9175257731958762 0.7416666666666667
145 0.6164383561643836 0.9278350515463918 0.7407407407407407
150 0.5960264900662252 0.9278350515463918 0.7258064516129032
155 0.5769230769230769 0.9278350515463918 0.7114624505928854
160 0.5660377358490566 0.9278350515463918 0.703125
165 0.5521472392638037 0.9278350515463918 0.6923076923076924
170 0.5389221556886228 0.9278350515463918 0.6818181818181818
175 0.5232558139534884 0.9278350515463918 0.6691449814126395
180 0.5113636363636364 0.9278350515463918 0.6593406593406593
185 0.4972375690607735 0.9278350515463918 0.6474820143884892
190 0.4838709677419355 0.9278350515463918 0.6360424028268552
195 0.4712041884816754 0.9278350515463918 0.6250000000000001
200 0.45918367346938777 0.9278350515463918 0.6143344709897611
205 0.44776119402985076 0.9278350515463918 0.6040268456375839
210 0.4368932038834951 0.9278350515463918 0.594059405940594
215 0.42857142857142855 0.9278350515463918 0.5863192182410423
220 0.4186046511627907 0.9278350515463918 0.576923076923077
225 0.41284403669724773 0.9278350515463918 0.5714285714285715
230 0.40358744394618834 0.9278350515463918 0.5625
235 0.3964757709251101 0.9278350515463918 0.5555555555555556
240 0.39655172413793105 0.9484536082474226 0.5592705167173252
245 0.3898305084745763 0.9484536082474226 0.5525525525525525
250 0.3817427385892116 0.9484536082474226 0.544378698224852
255 0.37398373983739835 0.9484536082474226 0.5364431486880467
260 0.3709677419354839 0.9484536082474226 0.5333333333333334
265 0.3665338645418327 0.9484536082474226 0.5287356321839081
270 0.359375 0.9484536082474226 0.5212464589235127
275 0.3552123552123552 0.9484536082474226 0.5168539325842697
280 0.34980988593155893 0.9484536082474226 0.5111111111111111
285 0.34328358208955223 0.9484536082474226 0.5041095890410958
290 0.3382352941176471 0.9484536082474226 0.4986449864498646
295 0.3333333333333333 0.9484536082474226 0.4932975871313673
300 0.32857142857142857 0.9484536082474226 0.48806366047745364
305 0.32280701754385965 0.9484536082474226 0.48167539267015713
310 0.31833910034602075 0.9484536082474226 0.4766839378238341
315 0.3129251700680272 0.9484536082474226 0.4705882352941176
320 0.3087248322147651 0.9484536082474226 0.4658227848101265
325 0.304635761589404 0.9484536082474226 0.46115288220551376
330 0.2996742671009772 0.9484536082474226 0.4554455445544556
335 0.2948717948717949 0.9484536082474226 0.44987775061124696
340 0.2911392405063291 0.9484536082474226 0.44552058111380144
345 0.2884012539184953 0.9484536082474226 0.44230769230769235
350 0.2839506172839506 0.9484536082474226 0.43705463182897863
355 0.2796352583586626 0.9484536082474226 0.431924882629108
360 0.2754491017964072 0.9484536082474226 0.4269141531322506
365 0.2713864306784661 0.9484536082474226 0.4220183486238531
370 0.26822157434402333 0.9484536082474226 0.4181818181818182
375 0.2658959537572254 0.9484536082474226 0.4153498871331828
380 0.26285714285714284 0.9484536082474226 0.41163310961968674
385 0.26062322946175637 0.9484536082474226 0.4088888888888889
390 0.25770308123249297 0.9484536082474226 0.4052863436123348
395 0.2541436464088398 0.9484536082474226 0.4008714596949891
