29.58571428571429 [3, 5, 7, 8] [188, 189, 190, 191, 192, 193, 194, 195, 196, 197, 198, 199] 20160312
25.949999999999996 [3, 5, 7, 8] [190, 191, 192] 20160312
21.88625 [0, 1, 2, 3] [59, 60, 61, 62, 63, 64, 65, 66, 67, 68, 69, 70] 20160325
21.883333333333333 [0, 1, 2, 3] [63, 64, 65, 66, 67, 68, 69, 70] 20160325
21.849599538664314 [3, 5, 7, 8] [191, 192, 193] 20160312
18.819694274684505 [0, 1, 2, 3] [75, 76, 77, 78, 79, 80, 81, 82, 83, 84, 85, 86] 20160302
18.218750000000004 [1, 2, 3, 4] [13, 14, 15, 16, 17, 18, 19, 20, 21, 22] 20160301
18.054793146296515 [0, 1, 2, 3] [68, 69, 70, 71, 72, 73, 74, 75, 76, 77, 78] 20160325
17.701559253353924 [0, 1, 2, 3] [68, 69, 70, 71, 72, 73, 74] 20160325
17.626503718359267 [1, 2, 3, 4] [236, 237, 238, 239, 240, 241, 242, 243, 244, 245, 246, 247] 20160813
17.059999999999995 [3] [59, 60, 61, 62, 63, 64, 65, 66, 67, 68, 69, 70] 20160309
16.998847019724597 [3, 4] [235, 236, 237, 238, 239, 240, 241] 20160813
16.94732142857143 [1, 2, 3, 4] [8, 9, 10, 11, 12, 13, 14, 15, 16, 17] 20160301
16.65 [3] [51, 52, 53, 54, 55, 56, 57, 58, 59, 60, 61, 62] 20160309
16.333333333333332 [1, 2, 3, 4] [13, 14, 15, 16, 17] 20160301
16.327095577597373 [7, 8] [270, 271, 272, 273, 274, 275, 276, 277, 278, 279, 280, 281] 20160813
16.08275090098736 [3, 4] [228, 229, 230, 231, 232, 233, 234, 235, 236, 237, 238] 20160813
16.08 [3] [56, 57, 58, 59, 60, 61, 62] 20160309
15.810000000000002 [3] [64, 65, 66, 67, 68, 69, 70, 71, 72, 73, 74, 75] 20160302
15.729999999999997 [3] [56, 57, 58, 59, 60, 61, 62, 63, 64, 65, 66, 67] 20160302
15.266435405817562 [5, 6] [101, 102, 103, 104, 105, 106, 107, 108, 109, 110, 111, 112] 20160302
14.736105319927653 [6, 7] [262, 263, 264, 265, 266, 267, 268, 269, 270, 271, 272, 273] 20160813
14.61273531318943 [3, 4, 5] [139, 140, 141, 142, 143, 144, 145, 146, 147, 148, 149, 150] 20160405
14.579999999999998 [7] [270, 271, 272, 273, 274, 275, 276] 20160813
14.544444444444444 [5] [96, 97, 98, 99, 100, 101, 102, 103, 104, 105, 106, 107] 20160309
14.277872157059448 [1, 2, 3, 5] [39, 40, 41, 42, 43, 44, 45, 46, 47, 48, 49, 50] 20160621
14.090000000000003 [8] [188, 189, 190, 191, 192, 193, 194, 195, 196, 197, 198, 199] 20160325
14.046932049383594 [5, 7, 8] [240, 241, 242, 243, 244, 245, 246, 247, 248, 249, 250, 251] 20160628
13.291643300803804 [5, 6] [48, 49, 50, 51, 52, 53, 54, 55, 56, 57, 58] 20160621
12.756206332605311 [1, 2] [242, 243, 244, 245, 246, 247, 248] 20160813
12.546094603338455 [2, 3] [236, 237, 238, 239, 240, 241, 242, 243, 244] 20160514
12.445555555555565 [4, 6, 7, 9] [0, 1, 2, 3, 4, 5, 6, 7, 8, 9, 10, 11] 20160529
12.2796903682641 [0, 1, 2, 3] [195, 196, 197, 198, 199, 200, 201, 202, 203] 20160813
11.94224786003947 [1, 2, 3] [275, 276, 277, 278, 279, 280, 281, 282, 283, 284, 285, 286] 20160324
11.812586507619745 [3, 4, 5] [241, 242, 243, 244, 245, 246, 247, 248, 249, 250, 251, 252] 20160514
11.649999999999999 [9] [140, 141, 142, 143, 144, 145, 146, 147, 148, 149, 150, 151] 20160302
11.61776441489497 [0, 1, 2] [200, 201, 202, 203, 204, 205, 206, 207, 208, 209, 210, 211] 20160813
11.479647852387068 [2, 3, 4] [91, 92, 93, 94, 95, 96, 97, 98, 99, 100, 101] 20160325
11.444999999999997 [2, 3, 4, 5] [145, 146, 147, 148, 149, 150, 151, 152, 153, 154, 155, 156] 20160313
11.296030829455097 [6, 7] [30, 31, 32, 33, 34, 35] 20160421
11.285424227737293 [1, 2] [58, 59, 60, 61, 62, 63, 64, 65, 66, 67, 68, 69] 20160412
11.200595222278745 [1, 2, 3, 4] [38, 39, 40, 41, 42, 43, 44] 20160621
11.136931803688123 [3, 4] [30, 31, 32, 33, 34, 35, 36, 37, 38, 39, 40, 41] 20160621
11.080555555555563 [3, 5, 7, 9] [262, 263, 264, 265, 266, 267, 268, 269, 270, 271, 272, 273] 20160922
11.035088145111045 [1, 2, 3, 5] [73, 74, 75, 76, 77, 78, 79, 80, 81, 82, 83, 84] 20160911
11.009652583074544 [1, 2] [71, 72, 73, 74, 75, 76, 77, 78, 79, 80, 81, 82] 20160419
10.972060740724515 [4, 5, 7, 8] [88, 89, 90, 91, 92, 93, 94, 95, 96, 97, 98] 20160302
10.949999999999996 [5] [97, 98, 99, 100] 20160309
10.939756618519857 [7, 8, 9] [37, 38, 39, 40, 41, 42, 43, 44, 45, 46] 20160301
10.938941904955888 [1, 2] [228, 229, 230, 231, 232, 233, 234, 235, 236, 237, 238, 239] 20160514
10.920000000000002 [6] [192, 193, 194, 195, 196, 197, 198, 199, 200, 201, 202, 203] 20160628
10.89954595571835 [1, 2, 3, 4] [73, 74, 75, 76, 77, 78, 79, 80, 81] 20160325
10.895000000000003 [6, 7, 8, 9] [204, 205, 206, 207, 208, 209, 210, 211, 212, 213, 214, 215] 20160529
10.677777777777777 [9] [66, 67, 68, 69, 70, 71, 72, 73, 74, 75, 76] 20160313
10.415398856180847 [6, 7, 9] [30, 31, 32, 33, 34, 35, 36, 37, 38, 39, 40, 41] 20160301
10.369999999999997 [0] [40, 41, 42, 43, 44, 45, 46, 47, 48, 49, 50, 51] 20160412
10.35911434438292 [5, 7, 8] [95, 96, 97, 98] 20160302
10.350000000000001 [8] [116, 117, 118, 119, 120, 121, 122, 123, 124, 125, 126, 127] 20160412
10.233333333333334 [6] [200, 201, 202, 203, 204] 20160628
10.20260404267953 [2, 3, 5] [98, 99, 100, 101, 102, 103, 104, 105, 106] 20160325
10.200000000000003 [7] [30, 31, 32] 20160421
10.158767423046733 [2, 3, 5, 6] [71, 72, 73, 74, 75, 76, 77, 78] 20160419
10.149999999999999 [3, 4, 5, 6] [144, 145, 146, 147, 148, 149, 150, 151, 152, 153, 154, 155] 20160421
10.14 [8] [120, 121, 122, 123, 124, 125, 126, 127, 128, 129, 130, 131] 20160911
10.13999999999999 [1, 2, 3, 5] [274, 275, 276, 277, 278, 279, 280, 281, 282, 283, 284, 285] 20160911
10.100000000000001 [0] [36, 37, 38, 39, 40, 41, 42, 43] 20160412
10.071111111111115 [2, 3, 4, 5] [226, 227, 228, 229, 230, 231, 232, 233, 234, 235, 236, 237] 20160529
9.970205614730315 [0, 1, 2] [199, 200, 201, 202] 20160813
9.927779207859132 [3, 4] [42, 43, 44, 45, 46, 47, 48, 49, 50, 51, 52, 53] 20160313
9.899999999999999 [8] [165, 166, 167, 168, 169, 170, 171, 172, 173, 174, 175, 176] 20160325
9.849999999999994 [7] [60, 61, 62, 63, 64, 65, 66, 67, 68, 69, 70, 71] 20160621
9.823749999999997 [4, 6, 7, 9] [178, 179, 180, 181, 182, 183, 184, 185, 186, 187, 188, 189] 20160309
9.76666666666667 [3, 5, 7, 8] [152, 153, 154, 155, 156, 157, 158, 159, 160, 161, 162] 20160421
9.765144648186222 [5, 7] [232, 233, 234, 235, 236, 237, 238, 239, 240, 241, 242, 243] 20160628
9.740000000000002 [8] [125, 126, 127, 128, 129, 130, 131, 132, 133, 134, 135, 136] 20160302
9.725000000000001 [4, 5, 7, 9] [166, 167, 168, 169, 170, 171, 172, 173, 174, 175, 176, 177] 20160309
9.716805030461401 [4, 5, 7, 9] [217, 218, 219, 220, 221, 222, 223, 224, 225, 226, 227, 228] 20160529
9.693711019693813 [3, 5, 7, 8] [243, 244, 245, 246, 247, 248, 249, 250, 251, 252, 253, 254] 20160529
9.619999999999997 [9] [212, 213, 214, 215, 216, 217, 218, 219, 220, 221, 222, 223] 20160325
9.61 [5] [250, 251, 252, 253, 254, 255, 256, 257, 258, 259, 260, 261] 20160529
9.600000000000009 [9] [138, 139, 140, 141, 142, 143, 144, 145, 146, 147, 148, 149] 20160911
9.579999999999998 [0] [25, 26, 27, 28, 29, 30, 31, 32, 33, 34, 35, 36] 20160621
9.572467463163994 [3, 5, 6, 7] [158, 159, 160, 161, 162, 163, 164, 165, 166, 167, 168, 169] 20160922
9.554999999999996 [2, 3, 4, 6] [108, 109, 110, 111, 112, 113, 114, 115, 116, 117, 118, 119] 20160302
9.528263876488722 [3, 4] [36, 37, 38, 39, 40, 41] 20160621
9.491638425477444 [2, 3, 5] [24, 25, 26, 27, 28, 29, 30, 31, 32, 33, 34, 35] 20160419
9.482301935711599 [3, 4] [68, 69, 70, 71, 72, 73, 74, 75, 76, 77, 78, 79] 20160412
9.44689377961525 [1, 2, 3, 5] [81, 82, 83, 84, 85, 86, 87, 88, 89, 90] 20160421
9.43 [9] [141, 142, 143, 144, 145, 146, 147, 148, 149, 150, 151, 152] 20160412
9.412499999999994 [3] [237, 238, 239, 240, 241, 242, 243, 244, 245, 246] 20160529
9.358165411903295 [2, 3] [64, 65, 66, 67, 68, 69, 70, 71, 72, 73, 74, 75] 20160412
9.309999999999995 [8] [172, 173, 174, 175, 176, 177, 178, 179, 180, 181, 182, 183] 20160325
9.30222222222222 [1, 2, 3, 5] [274, 275, 276, 277, 278, 279, 280, 281, 282, 283, 284, 285] 20160308
9.287091472964546 [3, 4, 5, 7] [49, 50, 51, 52, 53, 54, 55, 56, 57] 20160911
9.274999999999999 [2] [236, 237, 238, 239, 240, 241] 20160514
9.22935644604559 [4, 5, 6] [248, 249, 250, 251, 252, 253, 254, 255, 256] 20160514
9.133333333333333 [3] [240, 241, 242, 243, 244] 20160514
9.127177196715694 [2, 3, 5] [79, 80, 81, 82, 83, 84, 85, 86, 87, 88, 89, 90] 20160911
9.09375 [4, 6, 7, 8] [75, 76, 77, 78, 79, 80, 81, 82, 83, 84] 20160309
9.090000000000003 [3, 5, 7, 8] [156, 157, 158, 159, 160, 161, 162, 163, 164, 165, 166, 167] 20160421
9.050966799187806 [3, 5] [23, 24, 25, 26, 27] 20160419
9.047777777777776 [5, 7, 8, 9] [153, 154, 155, 156, 157, 158, 159, 160, 161, 162, 163, 164] 20160405
9.022222222222211 [3] [42, 43, 44, 45, 46, 47, 48, 49, 50, 51, 52] 20160911
9.021111111111114 [4, 6, 7, 8] [54, 55, 56, 57, 58, 59, 60, 61, 62, 63, 64, 65] 20160313
9.00146932450475 [5, 6] [23, 24, 25, 26, 27, 28, 29, 30, 31, 32, 33, 34] 20160301
8.92444444444445 [6, 7, 8, 9] [165, 166, 167, 168, 169, 170, 171, 172, 173, 174, 175, 176] 20160922
8.896967648212136 [6, 7, 9] [131, 132, 133, 134, 135, 136, 137, 138, 139, 140, 141, 142] 20160421
8.891867773420836 [7, 8] [113, 114, 115, 116, 117, 118, 119, 120, 121, 122, 123, 124] 20160911
8.88597521691095 [1, 2, 3, 4] [89, 90, 91, 92, 93, 94, 95, 96] 20160421
8.855555555555558 [3, 5, 7, 8] [161, 162, 163, 164, 165, 166, 167, 168, 169, 170, 171] 20160421
8.839999999999996 [7] [185, 186, 187, 188, 189, 190, 191, 192, 193, 194, 195, 196] 20160309
8.74444444444444 [3, 5, 7, 8] [3, 4, 5, 6, 7, 8, 9, 10, 11, 12, 13] 20160419
8.709999999999994 [0] [2, 3, 4, 5, 6, 7, 8, 9, 10, 11, 12, 13] 20160911
8.700000000000003 [3] [243, 244, 245, 246] 20160529
8.697413408594532 [1, 2, 3, 4] [88, 89, 90, 91] 20160421
8.640000000000004 [1, 2, 3, 5] [224, 225, 226, 227, 228, 229, 230, 231, 232, 233, 234, 235] 20160328
8.638750000000002 [4, 5, 6, 7] [97, 98, 99, 100, 101, 102, 103, 104, 105, 106, 107, 108] 20160421
8.637160027076794 [7, 8, 9] [145, 146, 147, 148, 149, 150, 151, 152, 153, 154, 155, 156] 20160309
8.625 [1, 2, 3, 4] [152, 153, 154, 155, 156, 157, 158, 159, 160, 161, 162, 163] 20160308
8.603974298223445 [1, 2] [248, 249, 250, 251, 252, 253, 254, 255, 256, 257] 20160324
8.588085254195684 [4, 6, 7] [220, 221, 222, 223, 224, 225, 226, 227, 228, 229] 20160324
8.549999999999983 [5] [258, 259, 260, 261, 262] 20160529
8.54718961012808 [2, 3, 5, 6] [10, 11, 12, 13, 14, 15, 16, 17, 18, 19] 20160313
8.530000000000001 [3, 5, 7, 9] [149, 150, 151, 152, 153, 154, 155, 156, 157, 158, 159, 160] 20160922
8.504999999999999 [1, 2, 3, 5] [269, 270, 271, 272, 273, 274, 275, 276, 277, 278, 279, 280] 20160308
8.50116196366769 [5, 6, 7] [14, 15, 16, 17, 18, 19, 20, 21, 22, 23, 24, 25] 20160313
8.4782103064267 [5, 7, 8] [118, 119, 120, 121, 122, 123, 124, 125, 126, 127, 128, 129] 20160302
8.451766440637016 [5, 7, 8] [13, 14, 15, 16, 17, 18, 19, 20, 21, 22, 23, 24] 20160421
8.432248365649576 [4, 5, 7] [266, 267, 268, 269, 270, 271, 272, 273, 274, 275] 20160421
8.429313930168542 [2, 3, 4, 6] [5, 6, 7, 8, 9, 10, 11, 12, 13, 14, 15, 16] 20160313
8.36999999999999 [0] [17, 18, 19, 20, 21, 22, 23, 24, 25, 26, 27, 28] 20160621
8.32083333333333 [5, 6, 7, 8] [80, 81, 82, 83, 84, 85, 86, 87, 88, 89, 90] 20160309
8.29652336825492 [4, 5, 7, 9] [157, 158, 159, 160, 161, 162, 163, 164, 165, 166, 167, 168] 20160309
8.200000000000003 [5] [182, 183, 184, 185, 186, 187, 188, 189, 190, 191, 192, 193] 20160529
8.189999999999998 [3] [187, 188, 189, 190, 191, 192, 193, 194, 195, 196, 197, 198] 20160813
8.15795930364941 [3, 5, 7, 9] [255, 256, 257, 258, 259, 260, 261, 262, 263, 264, 265, 266] 20160922
8.099999999999994 [2] [248, 249, 250] 20160324
8.06847001192502 [2, 3, 5, 7] [80, 81, 82, 83, 84, 85] 20160421
7.9872222222222184 [4, 5, 7, 8] [84, 85, 86, 87, 88, 89, 90, 91, 92, 93, 94, 95] 20160309
7.972222222222221 [0, 1, 2, 3] [182, 183, 184, 185, 186, 187, 188, 189, 190, 191, 192] 20160308
7.967433714816834 [4, 5, 7, 9] [153, 154, 155, 156, 157, 158, 159, 160, 161, 162, 163] 20160309
7.949999999999996 [4, 6, 7, 8] [97, 98, 99] 20160421
7.947222222222223 [4, 5, 7, 8] [124, 125, 126, 127, 128, 129, 130, 131, 132, 133, 134, 135] 20160514
7.938452130120978 [2, 3, 4] [172, 173, 174, 175, 176, 177, 178, 179, 180, 181, 182, 183] 20160309
7.936666666666671 [1, 2, 3, 4] [165, 166, 167, 168, 169, 170, 171, 172, 173, 174, 175, 176] 20160308
7.931381062309104 [3, 5, 7, 8] [105, 106, 107, 108, 109, 110, 111, 112] 20160325
7.890000000000001 [2] [128, 129, 130, 131, 132, 133, 134, 135, 136, 137, 138, 139] 20160405
7.864999999999998 [0, 1, 2, 3] [205, 206, 207, 208, 209, 210, 211, 212, 213, 214, 215, 216] 20160324
7.855000000000004 [5, 6, 7, 8] [132, 133, 134, 135, 136, 137, 138, 139, 140, 141, 142, 143] 20160514
7.848885271170673 [2, 3, 5] [80, 81, 82, 83] 20160911
7.822222222222223 [3, 5, 7, 8] [260, 261, 262, 263, 264, 265, 266, 267, 268, 269, 270, 271] 20160514
7.794444444444448 [0, 1, 2, 3] [212, 213, 214, 215, 216, 217, 218, 219, 220, 221, 222] 20160324
7.759999999999998 [5] [90, 91, 92, 93, 94, 95, 96, 97, 98, 99, 100, 101] 20160412
7.7133995963734 [2, 3, 4] [232, 233, 234, 235, 236, 237, 238, 239, 240, 241, 242, 243] 20160328
7.659513571249039 [3, 4, 5] [272, 273, 274, 275, 276, 277, 278, 279, 280, 281, 282] 20160312
7.650000000000002 [4, 5, 7, 8] [128, 129, 130, 131, 132, 133, 134, 135, 136, 137, 138, 139] 20160514
7.649999999999999 [4] [76, 77, 78, 79, 80, 81, 82, 83, 84, 85, 86, 87] 20160412
7.630000000000003 [4, 6, 7, 8] [68, 69, 70, 71, 72, 73, 74, 75, 76, 77, 78, 79] 20160309
7.629682169002842 [2, 3] [208, 209, 210, 211, 212, 213, 214, 215, 216, 217, 218, 219] 20160813
7.613183010775155 [7, 8] [59, 60, 61, 62, 63] 20160421
7.579999999999998 [1] [67, 68, 69, 70, 71, 72, 73, 74, 75, 76, 77, 78] 20160911
7.575000000000003 [5] [186, 187, 188, 189, 190, 191] 20160529
7.549999999999997 [8] [64, 65, 66, 67, 68, 69, 70, 71, 72, 73] 20160309
7.505553499465135 [5, 7, 8] [23, 24, 25] 20160421
7.5049999999999955 [2, 3, 4, 6] [137, 138, 139, 140, 141, 142, 143, 144, 145, 146, 147, 148] 20160922
7.491119742735395 [3, 5, 7, 8] [37, 38, 39, 40, 41, 42, 43, 44, 45, 46] 20160313
7.404999999999998 [6, 7, 8, 9] [142, 143, 144, 145, 146, 147, 148, 149, 150, 151, 152, 153] 20160922
7.388888888888886 [1] [68, 69, 70, 71, 72, 73, 74, 75, 76, 77, 78] 20160628
7.388480189198102 [0, 1] [201, 202, 203, 204, 205, 206, 207, 208, 209, 210, 211, 212] 20160324
7.372556741026811 [5, 7, 8] [60, 61, 62, 63, 64, 65, 66, 67, 68, 69, 70] 20160405
7.353910524340093 [7, 8] [58, 59, 60, 61] 20160421
7.349999999999994 [9] [73, 74, 75, 76, 77] 20160313
7.34 [0, 1, 2, 3] [189, 190, 191, 192, 193, 194, 195, 196, 197, 198, 199, 200] 20160308
7.322725914221756 [4, 5, 7] [98, 99, 100, 101, 102] 20160421
7.283199846221437 [4, 6, 7, 8] [73, 74, 75] 20160309
7.2755555555555596 [5, 7, 8, 9] [139, 140, 141, 142, 143, 144, 145, 146, 147, 148, 149, 150] 20160514
7.2499999999999964 [2, 3, 5, 7] [11, 12, 13, 14, 15, 16, 17, 18] 20160309
7.247844507162112 [5, 7] [52, 53, 54, 55, 56, 57, 58, 59, 60, 61] 20160419
7.233333333333331 [3, 5, 7, 8] [258, 259, 260, 261, 262, 263, 264, 265] 20160514
7.215000000000003 [4, 5, 7, 8] [1, 2, 3, 4, 5, 6, 7, 8, 9, 10, 11, 12] 20160421
7.193784354102738 [5, 7, 8] [85, 86, 87, 88, 89, 90, 91] 20160309
7.185972663808295 [2, 3, 4] [83, 84, 85, 86, 87, 88, 89, 90, 91, 92, 93] 20160325
7.184204896855325 [5, 7, 8] [10, 11, 12, 13, 14, 15, 16, 17, 18, 19, 20, 21] 20160419
7.140000000000001 [9] [66, 67, 68, 69, 70, 71, 72] 20160313
7.133333333333326 [1] [74, 75, 76, 77, 78] 20160628
7.131238074940527 [5, 7, 8] [64, 65, 66, 67, 68, 69, 70] 20160405
7.099352083112941 [6, 7, 8] [27, 28, 29, 30, 31, 32, 33, 34, 35, 36, 37, 38] 20160313
7.096666666666664 [5, 6, 7, 9] [132, 133, 134, 135, 136, 137, 138, 139, 140, 141, 142, 143] 20160529
7.071527777777774 [1, 2, 3, 4] [1, 2, 3, 4, 5, 6, 7, 8, 9, 10, 11] 20160628
7.049999999999997 [2, 3, 4, 6] [88, 89, 90, 91, 92, 93, 94, 95, 96, 97, 98, 99] 20160911
7.033333333333346 [3] [213, 214, 215, 216, 217, 218, 219, 220, 221, 222, 223, 224] 20160813
7.024999999999984 [5, 6, 7, 8] [271, 272, 273, 274] 20160922
7.008333333333336 [4, 5, 6, 7] [225, 226, 227, 228, 229, 230, 231, 232] 20160324
6.933035714285715 [0, 1, 2, 3] [186, 187, 188, 189, 190, 191, 192, 193, 194, 195] 20160308
6.919999999999995 [1] [40, 41, 42, 43, 44, 45, 46, 47, 48, 49, 50, 51] 20160308
6.889999999999997 [5, 6, 7, 8] [260, 261, 262, 263, 264, 265, 266, 267, 268, 269, 270, 271] 20160328
6.876241706048441 [1, 2, 3] [8, 9, 10, 11, 12, 13, 14, 15, 16, 17, 18, 19] 20160628
6.874649261535873 [6, 7] [255, 256, 257, 258, 259, 260, 261, 262, 263, 264, 265, 266] 20160813
6.850000000000001 [9] [59, 60, 61, 62, 63, 64, 65, 66, 67, 68, 69, 70] 20160301
6.849999999999994 [6, 7, 8, 9] [166, 167, 168, 169, 170, 171, 172, 173, 174, 175, 176, 177] 20160813
6.8358271872051715 [2, 3, 4] [239, 240, 241, 242, 243, 244, 245, 246, 247, 248, 249, 250] 20160328
6.8127331764375825 [3, 5, 7, 8] [107, 108, 109, 110, 111, 112, 113] 20160514
6.782261912230353 [3, 5, 7, 9] [269, 270, 271, 272, 273, 274, 275, 276, 277, 278, 279] 20160911
6.780000000000001 [3, 5, 7, 8] [152, 153, 154, 155, 156, 157, 158, 159, 160, 161, 162, 163] 20160529
6.755226782935485 [1, 2, 3, 4] [219, 220, 221, 222, 223, 224, 225, 226, 227, 228, 229, 230] 20160514
6.754998149518632 [4, 5, 7, 9] [266, 267, 268, 269, 270, 271, 272, 273, 274] 20160312
6.743451144134825 [3, 5, 6] [128, 129, 130, 131, 132, 133, 134, 135, 136, 137, 138, 139] 20160529
6.7316565568959295 [5, 7] [52, 53, 54, 55, 56, 57, 58] 20160419
6.717514421272206 [4, 6] [63, 64, 65, 66, 67] 20160313
6.717514421272201 [2, 3, 4] [90, 91, 92, 93] 20160325
6.666666666666664 [7] [68, 69, 70, 71, 72, 73, 74, 75, 76, 77, 78] 20160308
6.646803743153555 [3, 5] [102, 103, 104, 105] 20160325
6.633754592988802 [1, 2, 3, 5] [40, 41, 42, 43, 44, 45, 46] 20160308
6.6249999999999964 [5, 7, 8, 9] [150, 151, 152, 153, 154, 155, 156, 157, 158, 159, 160, 161] 20160514
6.614444444444445 [4, 6, 7, 8] [185, 186, 187, 188, 189, 190, 191, 192, 193, 194, 195, 196] 20160324
6.600000000000001 [7] [72, 73, 74, 75, 76, 77, 78, 79, 80, 81, 82] 20160308
6.593770734564552 [1, 2, 3, 5] [217, 218, 219, 220, 221, 222, 223, 224, 225, 226] 20160328
6.5831641328467585 [0, 1] [162, 163, 164, 165, 166, 167, 168, 169, 170, 171, 172, 173] 20160312
6.570246063377939 [2, 3, 4] [230, 231, 232, 233, 234, 235, 236, 237, 238, 239, 240, 241] 20160324
6.55613305679775 [6, 7, 8] [265, 266, 267, 268, 269, 270, 271, 272, 273, 274, 275, 276] 20160328
6.540897424694135 [1, 2, 3, 4] [161, 162, 163, 164, 165, 166, 167, 168, 169, 170, 171] 20160308
6.524999999999999 [3] [43, 44, 45, 46, 47, 48] 20160313
6.435000000000002 [3, 5, 6, 7] [154, 155, 156, 157, 158, 159, 160, 161, 162, 163, 164, 165] 20160312
6.434671708797583 [6, 7, 8] [104, 105, 106, 107, 108, 109, 110, 111, 112, 113, 114, 115] 20160412
6.419999999999995 [1] [32, 33, 34, 35, 36, 37, 38, 39, 40, 41, 42, 43] 20160308
6.4085879880048475 [2, 3, 4, 5] [282, 283, 284, 285, 286, 287] 20160911
6.4083333333333385 [6, 7, 8, 9] [204, 205, 206, 207, 208] 20160529
6.400000000000006 [1] [250, 251, 252, 253, 254, 255, 256, 257, 258, 259, 260, 261] 20160813
6.392245301926389 [7, 8] [90, 91, 92, 93, 94, 95, 96, 97, 98, 99, 100, 101] 20160419
6.356889962867058 [1, 2, 3] [98, 99, 100, 101, 102, 103, 104, 105, 106, 107, 108, 109] 20160514
6.341111111111108 [2, 3, 5, 7] [13, 14, 15, 16, 17, 18, 19, 20, 21, 22, 23, 24] 20160514
6.339305955702089 [3, 5, 6, 7] [150, 151, 152, 153, 154, 155, 156, 157, 158, 159, 160, 161] 20160312
6.333333333333343 [1] [115, 116, 117, 118, 119] 20160529
6.327758950318295 [6, 7, 9] [167, 168, 169, 170, 171, 172, 173] 20160813
6.321985447626402 [6, 7, 8] [120, 121, 122, 123, 124, 125, 126, 127, 128] 20160405
6.240277777777777 [4, 5, 6, 7] [45, 46, 47, 48, 49, 50, 51, 52, 53, 54, 55, 56] 20160405
6.235382907247961 [5, 7, 8] [52, 53, 54, 55] 20160419
6.222539674441616 [1, 2, 3, 5] [220, 221, 222, 223, 224, 225, 226] 20160328
6.209264680784618 [2, 3, 5, 7] [53, 54, 55, 56, 57, 58, 59, 60, 61, 62] 20160405
6.2001003907974805 [5, 7, 8, 9] [108, 109, 110, 111, 112, 113, 114, 115, 116, 117, 118, 119] 20160313
6.200000000000003 [4] [92, 93, 94, 95] 20160325
6.198969448402066 [5, 7] [48, 49, 50, 51, 52] 20160419
6.19069444444445 [3, 5, 7, 8] [178, 179, 180, 181, 182, 183, 184, 185, 186, 187, 188, 189] 20160324
6.166666666666657 [6] [261, 262, 263, 264, 265] 20160813
6.162222222222219 [5, 6, 7, 9] [138, 139, 140, 141, 142, 143, 144, 145, 146, 147, 148, 149] 20160529
6.100667844437048 [4, 5, 7] [18, 19, 20, 21, 22, 23, 24, 25, 26, 27, 28] 20160514
6.057548092164759 [3, 5, 7, 8] [4, 5, 6, 7, 8, 9, 10, 11] 20160313
6.039083815723487 [1, 2, 3, 4] [159, 160, 161, 162, 163, 164, 165] 20160308
6.037499999999994 [5, 6, 7, 9] [136, 137, 138, 139, 140, 141, 142, 143, 144, 145] 20160529
6.020480307049594 [4, 6, 7] [196, 197, 198, 199, 200, 201, 202, 203, 204, 205, 206, 207] 20160312
6.010407640085654 [4, 5, 7] [54, 55, 56, 57, 58] 20160911
5.949999999999996 [1] [40, 41, 42, 43] 20160308
5.939696961967003 [2, 3, 5] [21, 22, 23] 20160419
5.939696961966999 [7, 8] [98, 99, 100, 101, 102, 103, 104, 105] 20160405
5.939696961966998 [7, 8] [98, 99, 100, 101] 20160405
5.939696961966998 [1, 2, 3] [112, 113, 114, 115, 116, 117, 118, 119, 120, 121, 122, 123] 20160514
5.935160767269354 [4, 5, 6] [253, 254, 255, 256, 257, 258, 259, 260, 261, 262, 263, 264] 20160328
5.929595436521472 [1, 2, 3, 5] [114, 115, 116, 117, 118, 119, 120, 121, 122] 20160325
5.91784025919366 [2, 3, 5] [96, 97, 98, 99, 100, 101, 102, 103, 104, 105, 106, 107] 20160911
5.907777777777781 [5, 7, 8, 9] [145, 146, 147, 148, 149, 150, 151, 152, 153, 154, 155, 156] 20160529
5.886111111111113 [0, 1, 2, 3] [12, 13, 14, 15, 16, 17, 18, 19, 20, 21, 22, 23] 20160628
5.8700000000000045 [8] [68, 69, 70, 71, 72, 73, 74, 75, 76, 77, 78, 79] 20160621
5.811992709842247 [5, 6, 7] [209, 210, 211, 212, 213, 214, 215, 216] 20160628
5.799999999999997 [1] [228, 229, 230, 231, 232, 233] 20160514
5.789999999999999 [0] [155, 156, 157, 158, 159, 160, 161, 162, 163, 164, 165, 166] 20160328
5.773502691896262 [4, 5, 7] [40, 41, 42, 43, 44, 45, 46] 20160419
5.75500000000001 [4, 5, 6, 7] [103, 104, 105, 106, 107, 108, 109, 110, 111, 112, 113, 114] 20160911
5.754257682923272 [2, 3, 5, 7] [125, 126, 127, 128, 129] 20160313
5.715000000000003 [2, 3, 4, 5] [32, 33, 34, 35, 36, 37, 38, 39, 40, 41, 42, 43] 20160419
5.699999999999996 [5, 6, 7, 8] [266, 267, 268, 269] 20160922
5.689999999999998 [8] [216, 217, 218, 219, 220, 221, 222, 223, 224, 225, 226, 227] 20160628
5.6817452384000475 [1, 2, 3] [19, 20, 21, 22, 23, 24, 25, 26, 27, 28] 20160628
5.66471099150556 [5, 7, 9] [262, 263, 264, 265, 266, 267, 268, 269, 270, 271, 272] 20160324
5.625 [3, 5, 7, 9] [176, 177, 178, 179, 180, 181, 182, 183, 184, 185, 186] 20160308
5.61666666666666 [1] [118, 119, 120, 121, 122, 123] 20160529
5.585000000000001 [2, 3, 4, 6] [23, 24, 25, 26, 27, 28, 29, 30, 31, 32, 33, 34] 20160405
5.561111111111114 [5, 6, 7, 8] [200, 201, 202, 203, 204, 205, 206, 207, 208, 209, 210, 211] 20160308
5.523289635268253 [5, 7, 9] [256, 257, 258, 259, 260, 261, 262, 263, 264, 265, 266] 20160324
5.501290757631343 [2, 3, 5] [133, 134, 135, 136, 137, 138, 139, 140, 141, 142, 143, 144] 20160313
5.4848275573014496 [2, 3, 5, 6] [12, 13, 14, 15] 20160313
5.460000000000001 [5] [259, 260, 261, 262, 263, 264, 265] 20160324
5.455960043841966 [2, 3, 5, 7] [47, 48, 49, 50] 20160419
5.437651147324553 [3, 5] [246, 247, 248, 249, 250, 251, 252, 253, 254, 255, 256, 257] 20160328
5.414999999999996 [5, 6, 7, 9] [260, 261, 262, 263, 264, 265, 266, 267, 268, 269, 270, 271] 20160308
5.407847521409499 [3, 5, 7, 9] [261, 262, 263, 264, 265] 20160922
5.351283104765336 [1, 2, 3, 5] [46, 47, 48, 49, 50, 51, 52, 53, 54, 55] 20160308
5.333333333333336 [7] [14, 15, 16, 17, 18, 19, 20, 21] 20160412
5.324999999999996 [1] [280, 281, 282, 283, 284, 285, 286, 287] 20160324
5.300000000000001 [2] [44, 45, 46] 20160405
5.289999999999999 [1, 2, 3, 4] [175, 176, 177, 178, 179, 180, 181, 182, 183, 184, 185, 186] 20160922
5.287500000000001 [2, 3, 4, 5] [10, 11, 12, 13, 14, 15] 20160419
5.273682315997816 [2, 3, 4] [221, 222, 223, 224, 225, 226, 227, 228, 229, 230, 231, 232] 20160813
5.200000000000003 [7] [13, 14, 15, 16, 17, 18, 19, 20, 21, 22, 23, 24] 20160911
5.176021638285523 [1, 2, 3, 4] [83, 84, 85, 86, 87, 88, 89] 20160922
5.161879502661795 [2, 3, 5] [10, 11, 12, 13] 20160313
5.13841739578767 [2, 3, 5, 7] [29, 30, 31, 32, 33, 34, 35, 36] 20160405
5.108846494072806 [7, 8] [36, 37, 38, 39, 40, 41] 20160313
5.080682368868709 [3, 5, 7, 8] [10, 11, 12] 20160419
5.0714285714285765 [7] [8, 9, 10, 11, 12, 13, 14, 15, 16] 20160412
5.067598598503588 [1, 2, 3] [168, 169, 170, 171, 172] 20160308
5.062884553295677 [4, 6, 7, 8] [137, 138, 139, 140, 141, 142, 143, 144, 145, 146, 147, 148] 20160628
5.053097856007421 [1, 2, 3, 4] [180, 181, 182, 183, 184, 185, 186, 187, 188, 189, 190, 191] 20160922
5.041666666666664 [2, 3, 5, 6] [221, 222, 223, 224, 225] 20160324
5.038888888888888 [1, 2, 3, 5] [145, 146, 147, 148, 149, 150, 151, 152, 153, 154, 155] 20160325
5.011400336565952 [1, 2, 3, 5] [205, 206, 207, 208, 209, 210, 211, 212, 213, 214, 215, 216] 20160328
4.990406108224059 [6, 7, 9] [240, 241, 242, 243, 244, 245, 246, 247, 248, 249, 250, 251] 20160301
4.980000000000004 [0] [7, 8, 9, 10, 11, 12, 13, 14, 15, 16, 17, 18] 20160911
4.935605332682104 [3, 5] [119, 120, 121, 122, 123, 124, 125, 126, 127, 128, 129, 130] 20160325
4.907477288111828 [3, 4, 6] [159, 160, 161, 162, 163, 164, 165] 20160922
4.907477288111815 [6, 7, 9] [262, 263, 264, 265, 266, 267, 268, 269, 270, 271, 272, 273] 20160911
4.886107857999041 [7, 8] [51, 52, 53, 54, 55, 56, 57, 58, 59, 60, 61, 62] 20160302
4.857037912550268 [0, 1] [87, 88, 89, 90, 91, 92, 93, 94, 95, 96, 97, 98] 20160621
4.855466564147632 [0, 1, 2] [225, 226, 227, 228, 229, 230, 231, 232] 20160813
4.843681451127852 [5, 7] [43, 44, 45, 46] 20160419
4.839478256407273 [0, 1, 2] [253, 254, 255, 256, 257, 258, 259, 260, 261, 262, 263, 264] 20160628
4.826003781598189 [5, 7, 8] [33, 34, 35, 36, 37, 38] 20160419
4.800000000000004 [1] [69, 70, 71] 20160922
4.779166666666669 [6, 7, 8, 9] [137, 138, 139, 140, 141, 142] 20160922
4.76111111111112 [5, 7, 8, 9] [186, 187, 188, 189, 190, 191, 192, 193, 194, 195, 196] 20160922
4.755555555555556 [4, 6, 7, 8] [139, 140, 141, 142, 143, 144, 145, 146, 147, 148, 149] 20160312
4.75 [5, 7, 8, 9] [187, 188, 189, 190, 191, 192, 193, 194, 195, 196, 197, 198] 20160419
4.737615433949868 [6, 7, 8] [126, 127, 128, 129] 20160405
4.719838450625193 [3, 5, 6] [126, 127, 128, 129, 130, 131, 132, 133, 134, 135] 20160325
4.709331162702409 [1, 2, 3, 4] [99, 100, 101, 102, 103, 104, 105] 20160922
4.705404693895446 [0, 1, 2] [49, 50, 51, 52, 53, 54, 55, 56, 57, 58, 59] 20160922
4.68333333333333 [2, 3, 4, 5] [280, 281, 282, 283, 284] 20160312
4.659833688019351 [8, 9] [169, 170, 171, 172, 173, 174, 175, 176, 177, 178, 179, 180] 20160324
4.649999999999999 [0, 1, 2, 3] [252, 253, 254, 255, 256, 257, 258, 259, 260] 20160628
4.631549416771889 [4, 6, 7, 8] [72, 73, 74, 75, 76, 77, 78, 79] 20160922
4.575500883327784 [6, 7, 8] [120, 121, 122, 123, 124, 125] 20160405
4.574722222222222 [4, 5, 6, 7] [107, 108, 109, 110, 111, 112, 113, 114, 115, 116, 117, 118] 20160405
4.572614131981838 [3, 5, 6] [198, 199, 200, 201, 202, 203, 204, 205, 206, 207, 208, 209] 20160328
4.549520121214253 [2, 3, 4] [235, 236, 237, 238, 239, 240, 241] 20160324
4.5 [1] [80, 81, 82] 20160628
4.5 [1] [98, 99, 100, 101] 20160628
4.497916666666669 [6, 7, 8, 9] [153, 154, 155, 156, 157, 158, 159, 160, 161, 162, 163] 20160628
4.490128060534572 [8, 9] [275, 276, 277, 278, 279, 280, 281, 282, 283, 284, 285, 286] 20160621
4.458308255381176 [2, 3] [12, 13, 14, 15, 16, 17, 18] 20160628
4.450000000000017 [2] [65, 66, 67, 68] 20160621
4.449999999999996 [4, 5, 7, 8] [130, 131, 132, 133, 134, 135, 136, 137, 138, 139, 140] 20160628
4.410000000000004 [9] [259, 260, 261, 262, 263, 264, 265, 266, 267, 268, 269, 270] 20160312
4.399999999999999 [9] [242, 243, 244, 245, 246] 20160301
4.38305079359791 [6, 7, 8] [133, 134, 135, 136, 137, 138] 20160312
4.330127018922194 [3, 5, 7, 8] [251, 252, 253, 254, 255, 256, 257, 258] 20160328
4.2662109131588375 [4, 5, 7] [98, 99, 100, 101, 102, 103] 20160312
4.26084498661944 [5, 6, 7, 8] [257, 258, 259, 260, 261, 262, 263] 20160328
4.226203970468061 [6, 7, 8] [138, 139, 140, 141, 142, 143, 144] 20160312
4.208333333333332 [2, 3, 5, 7] [58, 59, 60, 61, 62] 20160405
4.200000000000003 [7] [32, 33, 34, 35, 36] 20160412
4.155000000000001 [5, 6, 7, 8] [104, 105, 106, 107, 108, 109, 110, 111, 112, 113, 114, 115] 20160621
4.136574669941298 [1, 2] [212, 213, 214, 215] 20160324
4.1100581656468025 [0, 1] [191, 192, 193, 194, 195, 196, 197, 198, 199, 200] 20160328
4.1012193308819755 [7, 8] [135, 136, 137, 138] 20160312
4.094642857142855 [4, 6, 7, 8] [127, 128, 129, 130, 131, 132, 133, 134, 135, 136] 20160312
4.0163665171395895 [8, 9] [85, 86, 87, 88, 89, 90, 91, 92] 20160405
4.009295449327725 [4, 6, 7, 9] [194, 195, 196, 197, 198, 199, 200, 201, 202, 203, 204, 205] 20160412
4.0 [7] [72, 73, 74] 20160405
3.989999999999995 [2] [251, 252, 253, 254, 255, 256, 257, 258, 259, 260, 261, 262] 20160412
3.964471848435431 [2, 3, 5, 7] [78, 79, 80, 81, 82] 20160405
3.9269680169467205 [6, 7, 8] [43, 44, 45, 46, 47, 48, 49, 50, 51, 52] 20160328
3.9238888888888894 [4, 6, 7, 8] [82, 83, 84, 85, 86, 87, 88, 89, 90, 91, 92, 93] 20160312
3.8625000000000007 [4, 6, 7, 8] [86, 87, 88, 89, 90, 91] 20160312
3.859624513976568 [2, 3] [257, 258, 259, 260, 261, 262, 263, 264, 265, 266, 267] 20160412
3.8375000000000004 [5, 6, 7, 8] [88, 89, 90, 91, 92, 93] 20160312
3.7874177658839425 [0, 1, 2] [129, 130, 131, 132, 133, 134, 135, 136, 137, 138, 139, 140] 20160621
3.7008152255055036 [4, 5, 7, 8] [238, 239, 240, 241, 242, 243, 244, 245] 20160412
3.5800000000000054 [5, 6, 7, 9] [147, 148, 149, 150, 151, 152, 153, 154, 155, 156, 157, 158] 20160302
3.5795716689756736 [1, 2, 3, 4] [229, 230, 231, 232, 233] 20160324
3.5777777777777757 [0, 1, 2, 3] [141, 142, 143, 144, 145, 146, 147, 148, 149, 150, 151] 20160621
3.50195013278463 [0, 1, 2] [133, 134, 135, 136, 137, 138, 139, 140, 141, 142, 143, 144] 20160621
3.5 [8] [59, 60, 61, 62] 20160302
3.479999999999997 [3] [137, 138, 139, 140, 141, 142, 143, 144, 145, 146, 147, 148] 20160328
3.4785353718674967 [7, 8, 9] [193, 194, 195, 196, 197, 198, 199, 200, 201, 202, 203] 20160301
3.467309116633253 [6, 7, 8, 9] [156, 157, 158, 159, 160, 161, 162, 163, 164, 165, 166, 167] 20160302
3.4467811070620695 [4, 5, 7, 8] [244, 245, 246, 247, 248, 249, 250, 251, 252, 253, 254, 255] 20160412
3.4412530017745264 [0, 1] [250, 251, 252, 253, 254] 20160621
3.430555555555557 [3, 5, 6, 7] [110, 111, 112, 113, 114, 115, 116, 117, 118, 119, 120, 121] 20160621
3.4179135936025937 [0, 1, 2] [224, 225, 226, 227, 228, 229, 230] 20160621
3.4111111111111114 [8] [35, 36, 37, 38, 39, 40, 41, 42, 43, 44, 45] 20160302
3.4063665882187957 [0, 1, 2] [229, 230, 231, 232] 20160621
3.3838888888888885 [6, 7, 8, 9] [82, 83, 84, 85, 86, 87, 88, 89, 90, 91, 92, 93] 20160301
3.3544050639917273 [5, 6, 7, 8] [67, 68, 69, 70, 71, 72, 73, 74, 75, 76, 77, 78] 20160301
3.3021886681411727 [8, 9] [9, 10, 11, 12, 13, 14, 15, 16, 17, 18, 19, 20] 20160328
3.285555555555556 [6, 7, 8, 9] [214, 215, 216, 217, 218, 219, 220, 221, 222, 223, 224] 20160301
3.278066528398875 [6, 7, 8] [45, 46, 47, 48, 49, 50, 51, 52, 53, 54, 55, 56] 20160302
3.2571428571428527 [9] [192, 193, 194, 195, 196, 197, 198, 199, 200] 20160412
3.205550741379014 [3, 5, 7, 8] [246, 247, 248, 249, 250] 20160328
3.2045686486273652 [2, 3] [132, 133, 134, 135, 136, 137, 138, 139, 140, 141, 142] 20160328
3.203586555875716 [7, 8] [164, 165, 166, 167, 168, 169, 170, 171, 172, 173, 174] 20160412
3.1946714895159305 [5, 7, 8, 9] [74, 75, 76, 77, 78, 79, 80, 81, 82, 83, 84] 20160301
3.1604166666666664 [4, 6, 7, 9] [200, 201, 202, 203, 204, 205, 206, 207, 208, 209] 20160301
3.1494444444444447 [4, 5, 7, 9] [184, 185, 186, 187, 188, 189, 190, 191, 192, 193, 194, 195] 20160301
3.111269837220808 [7, 8] [170, 171, 172, 173, 174, 175, 176, 177, 178, 179, 180, 181] 20160302
2.7857150488399443 [6, 7, 8] [49, 50, 51, 52, 53, 54, 55, 56, 57, 58] 20160301
2.748888888888887 [3, 5, 7, 8] [224, 225, 226, 227, 228, 229, 230, 231, 232, 233, 234, 235] 20160301
2.581249999999999 [5, 6, 7, 8] [157, 158, 159, 160, 161, 162, 163, 164, 165, 166, 167, 168] 20160301
2.5500000000000043 [8] [43, 44, 45, 46] 20160302
2.5479414348755247 [1, 2] [209, 210, 211, 212, 213, 214, 215, 216] 20160302
2.5151395369704828 [2, 3] [193, 194, 195, 196, 197, 198, 199, 200, 201, 202, 203] 20160302
2.4960776637964806 [5, 7, 8] [231, 232, 233, 234, 235, 236, 237, 238] 20160301
