31.060714285714287 [3, 5, 7, 8] [188, 189, 190, 191, 192, 193, 194, 195, 196, 197, 198, 199, 200, 201, 202, 203, 204, 205] 20160312
29.131249999999998 [3, 5, 7, 8] [186, 187, 188, 189, 190, 191, 192, 193, 194, 195, 196, 197, 198, 199] 20160312
27.575000000000003 [3, 5, 7, 8] [190, 191, 192, 193, 194, 195] 20160312
27.438349089635857 [0, 1, 2, 3] [53, 54, 55, 56, 57, 58, 59, 60, 61, 62, 63, 64, 65, 66, 67, 68, 69, 70, 71, 72, 73, 74, 75, 76] 20160325
21.873174603174597 [1, 2, 3, 4] [228, 229, 230, 231, 232, 233, 234, 235, 236, 237, 238, 239, 240, 241, 242, 243, 244, 245, 246, 247, 248, 249, 250, 251] 20160813
21.74381007881008 [1, 2, 3, 4] [6, 7, 8, 9, 10, 11, 12, 13, 14, 15, 16, 17, 18, 19, 20, 21, 22, 23, 24, 25, 26, 27, 28, 29] 20160301
21.24855877465575 [3, 5, 7, 8] [191, 192, 193] 20160312
20.215203414062582 [6, 7, 8] [258, 259, 260, 261, 262, 263, 264, 265, 266, 267, 268, 269, 270, 271, 272, 273, 274, 275, 276, 277, 278, 279, 280, 281] 20160813
19.587418527287422 [0, 1, 2, 3] [74, 75, 76, 77, 78, 79, 80, 81, 82, 83, 84, 85, 86, 87, 88, 89, 90, 91, 92, 93, 94, 95, 96] 20160302
18.506190476190476 [2, 3, 4, 5] [133, 134, 135, 136, 137, 138, 139, 140, 141, 142, 143, 144, 145, 146, 147, 148, 149, 150, 151, 152, 153, 154, 155, 156] 20160405
18.504441495896607 [3, 4, 5, 6] [35, 36, 37, 38, 39, 40, 41, 42, 43, 44, 45, 46, 47, 48, 49, 50, 51, 52, 53, 54, 55, 56, 57, 58] 20160621
18.441359126984125 [5, 6, 7, 9] [257, 258, 259, 260, 261, 262, 263, 264, 265, 266, 267, 268, 269, 270, 271, 272, 273, 274, 275, 276, 277, 278, 279, 280] 20160922
17.92444444444444 [3] [46, 47, 48, 49, 50, 51, 52, 53, 54, 55, 56, 57, 58, 59, 60, 61, 62, 63, 64, 65, 66, 67, 68, 69] 20160309
17.104553965771075 [3, 4, 5, 6] [98, 99, 100, 101, 102, 103, 104, 105, 106, 107, 108, 109, 110, 111, 112, 113, 114, 115, 116, 117, 118, 119, 120, 121] 20160302
17.014505135387488 [6, 7, 8, 9] [28, 29, 30, 31, 32, 33, 34, 35, 36, 37, 38, 39, 40, 41, 42, 43, 44, 45, 46, 47, 48, 49, 50, 51] 20160301
16.961574507600666 [4, 5, 7, 9] [160, 161, 162, 163, 164, 165, 166, 167, 168, 169, 170, 171, 172, 173, 174, 175, 176, 177, 178, 179, 180, 181, 182, 183] 20160309
16.847202797202794 [3, 5, 7, 8] [152, 153, 154, 155, 156, 157, 158, 159, 160, 161, 162, 163, 164, 165, 166, 167, 168, 169, 170, 171, 172, 173, 174, 175] 20160421
16.545008116883103 [2, 3, 4, 5] [223, 224, 225, 226, 227, 228, 229, 230, 231, 232, 233, 234, 235, 236, 237, 238, 239, 240, 241, 242, 243, 244, 245, 246] 20160529
16.393497526337143 [5, 7, 8] [230, 231, 232, 233, 234, 235, 236, 237, 238, 239, 240, 241, 242, 243, 244, 245, 246, 247, 248, 249, 250, 251, 252, 253] 20160628
16.332857142857144 [2, 3, 4, 5] [141, 142, 143, 144, 145, 146, 147, 148, 149, 150, 151, 152, 153, 154, 155, 156, 157, 158, 159, 160, 161, 162, 163, 164] 20160313
16.306293706293708 [3] [53, 54, 55, 56, 57, 58, 59, 60, 61, 62, 63, 64, 65, 66, 67, 68, 69, 70, 71, 72, 73, 74, 75, 76] 20160302
16.22324203574203 [3, 4, 5, 6] [131, 132, 133, 134, 135, 136, 137, 138, 139, 140, 141, 142, 143, 144, 145, 146, 147, 148, 149, 150, 151, 152, 153, 154] 20160421
16.091313315076583 [5, 6, 7] [46, 47, 48, 49, 50, 51, 52, 53, 54, 55, 56, 57, 58, 59, 60, 61, 62, 63, 64, 65, 66, 67, 68, 69] 20160621
15.993603896103895 [1, 2, 3, 4] [56, 57, 58, 59, 60, 61, 62, 63, 64, 65, 66, 67, 68, 69, 70, 71, 72, 73, 74, 75, 76, 77, 78, 79] 20160412
15.869593253968251 [4, 6, 7, 9] [172, 173, 174, 175, 176, 177, 178, 179, 180, 181, 182, 183, 184, 185, 186, 187, 188, 189, 190, 191, 192, 193, 194, 195] 20160309
15.750408308796468 [6, 7, 8, 9] [123, 124, 125, 126, 127, 128, 129, 130, 131, 132, 133, 134, 135, 136, 137, 138, 139, 140, 141, 142, 143, 144, 145, 146] 20160302
15.477521008403357 [2, 3, 4, 6] [60, 61, 62, 63, 64, 65, 66, 67, 68, 69, 70, 71, 72, 73, 74, 75, 76, 77, 78, 79, 80, 81, 82, 83] 20160419
15.256026196026195 [3, 4, 5, 6] [241, 242, 243, 244, 245, 246, 247, 248, 249, 250, 251, 252, 253, 254, 255, 256, 257, 258, 259, 260, 261, 262, 263, 264] 20160514
15.18 [5] [91, 92, 93, 94, 95, 96, 97, 98, 99, 100, 101, 102, 103, 104, 105, 106, 107, 108, 109, 110, 111, 112, 113, 114] 20160309
15.169159663865543 [2, 3, 5, 6] [231, 232, 233, 234, 235, 236, 237, 238, 239, 240, 241, 242, 243, 244, 245, 246, 247, 248, 249, 250, 251, 252, 253, 254] 20160514
14.788174091996837 [3, 5] [239, 240, 241, 242, 243, 244, 245, 246, 247, 248, 249, 250, 251, 252, 253, 254, 255, 256, 257, 258, 259, 260, 261, 262] 20160529
14.174750249750254 [6, 7, 8, 9] [200, 201, 202, 203, 204, 205, 206, 207, 208, 209, 210, 211, 212, 213, 214, 215, 216, 217, 218, 219, 220, 221, 222, 223] 20160529
14.109407211087749 [7, 8] [106, 107, 108, 109, 110, 111, 112, 113, 114, 115, 116, 117, 118, 119, 120, 121, 122, 123, 124, 125, 126, 127, 128, 129] 20160911
13.886815965412685 [7, 8, 9] [146, 147, 148, 149, 150, 151, 152, 153, 154, 155, 156, 157, 158, 159, 160, 161, 162, 163, 164, 165, 166, 167, 168, 169] 20160309
13.817569444444445 [6, 7, 8, 9] [159, 160, 161, 162, 163, 164, 165, 166, 167, 168, 169, 170, 171, 172, 173, 174, 175, 176, 177, 178, 179, 180, 181, 182] 20160922
13.754885914028737 [6, 7, 9] [151, 152, 153, 154, 155, 156, 157, 158, 159, 160, 161, 162, 163, 164, 165, 166, 167, 168, 169, 170, 171, 172, 173] 20160922
13.694043839115174 [4, 6, 7, 9] [58, 59, 60, 61, 62, 63, 64, 65, 66, 67, 68, 69, 70, 71, 72, 73, 74, 75, 76, 77, 78, 79, 80, 81] 20160313
13.643749999999997 [8] [182, 183, 184, 185, 186, 187, 188, 189, 190, 191, 192, 193, 194, 195, 196, 197, 198, 199, 200, 201, 202, 203, 204, 205] 20160325
13.506249045072579 [1, 2, 3, 5] [262, 263, 264, 265, 266, 267, 268, 269, 270, 271, 272, 273, 274, 275, 276, 277, 278, 279, 280, 281, 282, 283, 284, 285] 20160308
13.419414682539685 [1, 2, 3, 4] [153, 154, 155, 156, 157, 158, 159, 160, 161, 162, 163, 164, 165, 166, 167, 168, 169, 170, 171, 172, 173, 174, 175, 176] 20160308
13.259838136182488 [0, 1, 2, 3] [200, 201, 202, 203, 204, 205, 206, 207, 208, 209, 210, 211, 212, 213, 214, 215, 216, 217, 218, 219, 220, 221, 222, 223] 20160813
13.201071428571431 [1, 2, 3, 5] [204, 205, 206, 207, 208, 209, 210, 211, 212, 213, 214, 215, 216, 217, 218, 219, 220, 221, 222, 223, 224, 225, 226, 227] 20160324
13.11603896103896 [3, 4, 6, 7] [0, 1, 2, 3, 4, 5, 6, 7, 8, 9, 10, 11, 12, 13, 14, 15, 16, 17, 18, 19, 20, 21, 22, 23] 20160529
12.998761238761233 [1, 2, 3, 5] [267, 268, 269, 270, 271, 272, 273, 274, 275, 276, 277, 278, 279, 280, 281, 282, 283, 284, 285, 286, 287] 20160911
12.970358672050384 [0, 1] [39, 40, 41, 42, 43, 44, 45, 46, 47, 48, 49, 50, 51, 52, 53, 54, 55, 56, 57, 58, 59, 60, 61, 62] 20160412
12.829491758241755 [2, 3, 4, 5] [89, 90, 91, 92, 93, 94, 95, 96, 97, 98, 99, 100, 101, 102, 103, 104, 105, 106, 107, 108, 109, 110, 111, 112] 20160325
12.79636821442838 [1, 2, 3, 5] [72, 73, 74, 75, 76, 77, 78, 79, 80, 81, 82, 83, 84, 85, 86, 87, 88, 89, 90, 91, 92, 93, 94, 95] 20160911
12.595680687893841 [7, 8] [58, 59, 60, 61, 62, 63, 64, 65, 66, 67, 68, 69, 70, 71, 72, 73, 74, 75, 76, 77, 78, 79, 80, 81] 20160621
12.329674721563265 [0, 1, 2, 3] [183, 184, 185, 186, 187, 188, 189, 190, 191, 192, 193, 194, 195, 196, 197, 198, 199, 200, 201, 202, 203, 204, 205, 206] 20160813
12.133551797453192 [5, 6, 7] [14, 15, 16, 17, 18, 19, 20, 21, 22, 23, 24, 25, 26, 27, 28, 29, 30, 31, 32, 33, 34, 35, 36] 20160421
12.131346153846149 [4, 5, 6, 7] [22, 23, 24, 25, 26, 27, 28, 29, 30, 31, 32, 33, 34, 35, 36, 37, 38, 39, 40, 41, 42] 20160421
12.101515151515152 [1, 2, 3, 5] [223, 224, 225, 226, 227, 228, 229, 230, 231, 232, 233, 234, 235, 236, 237, 238, 239, 240, 241, 242, 243, 244, 245, 246] 20160328
12.01714285714285 [8] [160, 161, 162, 163, 164, 165, 166, 167, 168, 169, 170, 171, 172, 173, 174, 175, 176, 177, 178, 179, 180, 181, 182, 183] 20160325
11.988602637917255 [3, 4] [37, 38, 39, 40, 41, 42, 43, 44, 45, 46, 47, 48, 49, 50, 51, 52, 53, 54, 55, 56, 57, 58, 59, 60] 20160911
11.975163473947335 [6, 7] [30, 31, 32, 33, 34, 35, 36, 37, 38, 39, 40, 41, 42, 43, 44, 45, 46, 47, 48, 49] 20160421
11.91001082251082 [3, 5, 7, 8] [119, 120, 121, 122, 123, 124, 125, 126, 127, 128, 129, 130, 131, 132, 133, 134, 135, 136, 137, 138, 139, 140, 141] 20160514
11.8154342419351 [1, 2, 3, 5] [257, 258, 259, 260, 261, 262, 263, 264, 265, 266, 267, 268, 269, 270, 271, 272, 273, 274, 275, 276, 277, 278, 279, 280] 20160324
11.779204961704966 [2, 3, 4, 5] [264, 265, 266, 267, 268, 269, 270, 271, 272, 273, 274, 275, 276, 277, 278, 279, 280, 281, 282, 283, 284, 285, 286, 287] 20160312
11.686537698412685 [5, 6, 7, 9] [128, 129, 130, 131, 132, 133, 134, 135, 136, 137, 138, 139, 140, 141, 142, 143, 144, 145, 146, 147, 148, 149, 150, 151] 20160529
11.586143087517765 [1, 2, 3, 5] [168, 169, 170, 171, 172, 173, 174, 175, 176, 177, 178, 179, 180, 181, 182, 183, 184, 185, 186, 187, 188, 189, 190, 191] 20160308
11.448572746805176 [1, 2, 3, 5] [245, 246, 247, 248, 249, 250, 251, 252, 253, 254, 255, 256, 257, 258, 259, 260, 261, 262, 263, 264, 265, 266] 20160324
11.432064604456526 [3, 4, 6] [42, 43, 44, 45, 46, 47, 48, 49, 50, 51, 52, 53, 54, 55, 56, 57, 58, 59, 60, 61, 62, 63, 64, 65] 20160313
11.380873015873014 [5, 7, 8, 9] [138, 139, 140, 141, 142, 143, 144, 145, 146, 147, 148, 149, 150, 151, 152, 153, 154, 155, 156, 157, 158, 159, 160, 161] 20160514
11.356349180638121 [1, 2, 3] [272, 273, 274, 275, 276, 277, 278, 279, 280, 281, 282, 283, 284, 285, 286, 287] 20160324
11.31998301008617 [6, 7, 8] [113, 114, 115, 116, 117, 118, 119, 120, 121, 122, 123, 124, 125, 126, 127, 128, 129, 130, 131, 132, 133, 134] 20160412
11.28961538461538 [2, 3, 5, 7] [177, 178, 179, 180, 181, 182, 183, 184, 185, 186, 187, 188, 189, 190, 191, 192, 193, 194, 195, 196, 197, 198, 199] 20160308
10.979975755341462 [0, 1, 2] [154, 155, 156, 157, 158, 159, 160, 161, 162, 163, 164, 165, 166, 167, 168, 169, 170, 171, 172, 173, 174, 175, 176, 177] 20160312
10.933684210526323 [5] [171, 172, 173, 174, 175, 176, 177, 178, 179, 180, 181, 182, 183, 184, 185, 186, 187, 188, 189, 190, 191, 192, 193, 194] 20160529
10.932011568308269 [3, 4, 5, 7] [35, 36, 37, 38, 39, 40, 41, 42, 43, 44, 45, 46, 47, 48, 49, 50, 51, 52, 53, 54, 55] 20160313
10.903525224775226 [3, 4, 5, 6] [147, 148, 149, 150, 151, 152, 153, 154, 155, 156, 157, 158, 159, 160, 161, 162, 163, 164, 165, 166, 167, 168, 169] 20160312
10.829153091051845 [0, 1, 2] [79, 80, 81, 82, 83, 84, 85, 86, 87, 88, 89, 90, 91, 92, 93, 94, 95, 96, 97, 98, 99, 100, 101, 102] 20160421
10.758592518592518 [5, 7, 8, 9] [0, 1, 2, 3, 4, 5, 6, 7, 8, 9, 10, 11, 12, 13, 14, 15, 16, 17, 18, 19, 20, 21, 22, 23] 20160421
10.75273711924344 [6, 7] [30, 31, 32, 33, 34, 35, 36] 20160421
10.689583333333331 [6] [186, 187, 188, 189, 190, 191, 192, 193, 194, 195, 196, 197, 198, 199, 200, 201, 202, 203, 204] 20160628
10.478371417888301 [4, 5] [75, 76, 77, 78, 79, 80, 81, 82, 83, 84, 85, 86, 87, 88, 89, 90, 91, 92, 93, 94, 95, 96, 97, 98] 20160412
10.423945904283558 [4, 5, 7, 9] [261, 262, 263, 264, 265, 266, 267, 268, 269, 270, 271, 272, 273, 274, 275, 276, 277, 278, 279, 280, 281, 282, 283, 284] 20160421
10.388571428571431 [9] [134, 135, 136, 137, 138, 139, 140, 141, 142, 143, 144, 145, 146, 147, 148, 149, 150, 151, 152, 153, 154, 155, 156, 157] 20160412
10.379214190834427 [5, 6] [87, 88, 89, 90, 91, 92, 93, 94, 95, 96, 97, 98, 99, 100, 101, 102, 103, 104, 105, 106, 107, 108, 109, 110] 20160412
10.291666666666671 [9] [130, 131, 132, 133, 134, 135, 136, 137, 138, 139, 140, 141, 142, 143, 144, 145, 146, 147, 148, 149, 150, 151, 152, 153] 20160911
10.288154761904753 [3, 5, 7, 8] [2, 3, 4, 5, 6, 7, 8, 9, 10, 11, 12, 13, 14, 15, 16, 17, 18, 19, 20, 21] 20160419
10.218716283716287 [4, 5, 7, 8] [175, 176, 177, 178, 179, 180, 181, 182, 183, 184, 185, 186, 187, 188, 189, 190, 191, 192, 193, 194, 195, 196, 197, 198] 20160324
10.063398692810459 [0, 1, 2, 3] [185, 186, 187, 188, 189, 190, 191, 192, 193, 194, 195, 196, 197, 198, 199, 200, 201, 202, 203, 204, 205, 206, 207] 20160308
9.840694444444445 [3, 5, 7, 8] [149, 150, 151, 152, 153, 154, 155, 156, 157, 158, 159, 160, 161, 162, 163, 164, 165, 166, 167, 168, 169, 170, 171, 172] 20160529
9.827777777777776 [9] [210, 211, 212, 213, 214, 215, 216, 217, 218, 219, 220, 221, 222, 223, 224, 225, 226, 227, 228, 229, 230, 231, 232, 233] 20160325
9.760617357788409 [2, 3, 5, 6] [2, 3, 4, 5, 6, 7, 8, 9, 10, 11, 12, 13, 14, 15, 16, 17, 18, 19, 20, 21, 22, 23, 24] 20160313
9.549006880796927 [2, 3, 4] [253, 254, 255, 256, 257, 258, 259, 260, 261, 262, 263, 264, 265, 266, 267, 268, 269, 270, 271, 272, 273, 274, 275, 276] 20160421
9.494044051599072 [1, 2, 3, 5] [81, 82, 83, 84, 85, 86, 87, 88, 89, 90, 91] 20160421
9.399999999999999 [8] [188, 189, 190] 20160325
9.384848313451254 [4, 6, 7, 8] [254, 255, 256, 257, 258, 259, 260, 261, 262, 263, 264, 265, 266, 267, 268, 269, 270, 271, 272, 273, 274, 275, 276, 277] 20160328
9.322697833672358 [6, 7] [0, 1, 2, 3, 4, 5, 6, 7, 8] 20160529
9.313112745098039 [4, 6, 7, 9] [151, 152, 153, 154, 155, 156, 157, 158, 159, 160, 161, 162, 163, 164, 165, 166, 167, 168, 169, 170, 171, 172, 173, 174] 20160813
9.055347805788976 [6, 7, 8, 9] [165, 166, 167, 168, 169, 170, 171, 172, 173, 174, 175, 176, 177, 178, 179, 180, 181, 182, 183, 184, 185, 186, 187, 188] 20160813
9.013744588744586 [1, 2, 3, 4] [0, 1, 2, 3, 4, 5, 6, 7, 8, 9, 10, 11, 12, 13, 14, 15, 16, 17, 18, 19] 20160628
8.750484515484514 [4, 6, 7, 9] [52, 53, 54, 55, 56, 57, 58, 59, 60, 61, 62, 63, 64, 65, 66, 67, 68, 69, 70, 71, 72, 73, 74, 75] 20160301
8.676809210526319 [4, 5, 7, 8] [5, 6, 7, 8, 9, 10, 11, 12, 13, 14, 15, 16, 17, 18, 19, 20, 21, 22, 23, 24, 25, 26, 27, 28] 20160514
8.644393106893109 [3, 4, 5, 7] [49, 50, 51, 52, 53, 54, 55, 56, 57, 58, 59, 60, 61, 62, 63, 64, 65, 66, 67, 68, 69, 70, 71] 20160405
8.556608187134504 [2, 3, 4, 5] [23, 24, 25, 26, 27, 28, 29, 30, 31, 32, 33, 34, 35, 36, 37, 38, 39, 40, 41, 42, 43] 20160419
8.51814104230548 [7, 8] [86, 87, 88, 89, 90, 91, 92, 93, 94, 95, 96, 97, 98, 99, 100, 101, 102, 103, 104, 105, 106, 107, 108, 109] 20160419
8.5087164147424 [5, 6, 7] [11, 12, 13, 14, 15, 16, 17, 18, 19, 20, 21, 22, 23, 24, 25, 26] 20160313
8.285901610644258 [5, 7, 8, 9] [62, 63, 64, 65, 66, 67, 68, 69, 70, 71, 72, 73, 74, 75, 76, 77, 78, 79, 80, 81, 82, 83, 84, 85] 20160405
8.268611111111099 [4, 5, 7, 9] [258, 259, 260, 261, 262, 263, 264, 265, 266, 267, 268, 269, 270, 271, 272, 273, 274, 275, 276, 277, 278, 279, 280, 281] 20160309
8.203928571428577 [1, 2, 3, 5] [34, 35, 36, 37, 38, 39, 40, 41, 42, 43, 44, 45, 46, 47, 48, 49, 50, 51, 52, 53, 54, 55, 56, 57] 20160308
7.994176779233847 [4, 5, 7] [97, 98, 99, 100, 101, 102, 103, 104, 105, 106, 107, 108, 109, 110, 111, 112, 113, 114, 115, 116, 117, 118, 119, 120] 20160421
7.987947625480349 [5, 7, 8, 9] [101, 102, 103, 104, 105, 106, 107, 108, 109, 110, 111, 112, 113, 114, 115, 116, 117, 118, 119, 120, 121, 122, 123] 20160313
7.907810836269559 [3, 5] [22, 23, 24, 25, 26, 27, 28] 20160419
7.8444444444444485 [0] [0, 1, 2, 3, 4, 5, 6, 7, 8, 9, 10, 11] 20160911
7.79752777845532 [1, 2, 3] [8, 9, 10, 11, 12, 13, 14, 15, 16, 17, 18, 19, 20, 21, 22, 23, 24, 25, 26, 27, 28, 29, 30, 31] 20160309
7.64684342831082 [5, 6, 7, 9] [167, 168, 169, 170, 171, 172, 173, 174, 175, 176, 177, 178, 179, 180, 181, 182, 183, 184, 185, 186, 187, 188, 189, 190] 20160419
7.56746031746032 [4, 5, 6, 7] [97, 98, 99, 100, 101, 102, 103, 104, 105, 106] 20160421
7.524049953314659 [4, 6, 7, 9] [43, 44, 45, 46, 47, 48, 49, 50, 51, 52, 53, 54, 55, 56, 57, 58, 59, 60, 61, 62, 63, 64, 65, 66] 20160514
7.463512075424008 [1, 2, 3] [88, 89, 90, 91, 92, 93, 94, 95, 96, 97, 98, 99, 100, 101, 102, 103, 104, 105, 106, 107, 108, 109, 110, 111] 20160514
7.419166666666669 [3, 5, 7, 8] [103, 104, 105, 106, 107, 108, 109, 110, 111, 112, 113, 114, 115, 116, 117, 118, 119] 20160514
7.377665945165946 [4, 5, 6, 7] [34, 35, 36, 37, 38, 39, 40, 41, 42, 43, 44, 45, 46, 47, 48, 49, 50, 51, 52, 53, 54, 55, 56, 57] 20160405
7.337874000998999 [2, 3, 4, 6] [23, 24, 25, 26, 27, 28, 29, 30, 31, 32, 33, 34, 35, 36, 37, 38, 39, 40, 41, 42, 43, 44, 45, 46] 20160405
7.319400584795325 [2, 3, 5, 6] [195, 196, 197, 198, 199, 200, 201, 202, 203, 204, 205, 206, 207, 208, 209, 210, 211, 212, 213, 214, 215, 216, 217, 218] 20160328
7.315509035856876 [3, 5, 7, 8] [104, 105, 106, 107, 108, 109, 110, 111, 112] 20160325
7.2797384843554935 [0, 1] [55, 56, 57, 58, 59, 60, 61, 62, 63, 64, 65, 66, 67, 68, 69, 70, 71, 72, 73, 74, 75, 76, 77, 78] 20160628
7.27416666666667 [4, 5, 6, 7] [97, 98, 99, 100, 101, 102] 20160421
7.2031717470799554 [0, 1] [79, 80, 81, 82, 83, 84, 85, 86, 87, 88, 89, 90, 91, 92, 93, 94, 95, 96, 97, 98, 99, 100, 101, 102] 20160621
7.044887334887335 [2, 3, 4, 6] [152, 153, 154, 155, 156, 157, 158, 159, 160, 161, 162, 163, 164, 165, 166, 167, 168, 169, 170, 171, 172, 173, 174, 175] 20160419
7.017641966175816 [4, 6, 7, 8] [132, 133, 134, 135, 136, 137, 138, 139, 140, 141, 142, 143, 144, 145, 146, 147, 148, 149, 150, 151, 152, 153, 154, 155] 20160628
6.933013630776672 [7, 8] [58, 59, 60, 61, 62, 63, 64, 65, 66] 20160421
6.841600689897066 [6, 7, 8] [97, 98, 99, 100] 20160421
6.788225099390852 [1, 2, 3, 4] [88, 89, 90, 91] 20160421
6.763112745098049 [5, 6, 7, 8] [209, 210, 211, 212, 213, 214, 215, 216, 217, 218, 219, 220, 221, 222, 223, 224, 225, 226, 227, 228] 20160628
6.7441375045947005 [7, 8, 9] [144, 145, 146, 147, 148, 149, 150, 151, 152, 153, 154, 155, 156, 157, 158, 159, 160, 161, 162, 163, 164, 165, 166, 167] 20160628
6.708514880420734 [7, 9] [55, 56, 57, 58, 59, 60, 61, 62, 63, 64, 65, 66, 67, 68, 69, 70, 71, 72, 73, 74, 75, 76, 77, 78] 20160308
6.603856096905759 [2, 3, 5, 7] [13, 14, 15, 16, 17, 18, 19, 20, 21] 20160309
6.53560504722656 [2, 3, 4, 5] [23, 24, 25, 26, 27, 28, 29] 20160421
6.5139389731759785 [2, 3, 5, 7] [7, 8, 9, 10, 11, 12, 13, 14, 15, 16, 17, 18, 19, 20, 21, 22, 23, 24, 25, 26, 27, 28, 29, 30] 20160325
6.48568441229747 [1, 2, 3] [96, 97, 98, 99, 100, 101, 102, 103, 104, 105, 106, 107, 108, 109, 110, 111, 112, 113, 114, 115, 116, 117, 118, 119] 20160529
6.447053571428572 [0, 1, 2, 3] [21, 22, 23, 24, 25, 26, 27, 28, 29, 30, 31, 32, 33, 34, 35, 36, 37, 38] 20160309
6.445634630277839 [3, 5, 6] [117, 118, 119, 120, 121, 122, 123, 124, 125, 126, 127, 128, 129, 130, 131, 132, 133, 134, 135, 136, 137, 138, 139, 140] 20160325
6.420852480852481 [5, 6, 7, 8] [93, 94, 95, 96, 97, 98, 99, 100, 101, 102, 103, 104, 105, 106, 107, 108, 109, 110, 111, 112, 113, 114, 115, 116] 20160621
6.379494949494955 [4, 6, 7, 8] [44, 45, 46, 47, 48, 49, 50, 51, 52, 53, 54, 55] 20160421
6.154444444444442 [5, 7, 8, 9] [71, 72, 73, 74, 75, 76, 77, 78, 79, 80, 81, 82, 83, 84, 85, 86, 87, 88, 89, 90, 91, 92, 93, 94] 20160301
6.081118318204309 [5, 7] [24, 25, 26] 20160421
6.076983190828955 [7, 8] [71, 72, 73, 74, 75, 76, 77, 78, 79, 80, 81, 82, 83, 84, 85, 86, 87, 88, 89, 90, 91] 20160308
6.0516555356548665 [7, 8] [75, 76, 77, 78, 79, 80] 20160309
6.044210526315794 [0] [152, 153, 154, 155, 156, 157, 158, 159, 160, 161, 162, 163, 164, 165, 166, 167, 168, 169, 170, 171, 172, 173, 174, 175] 20160328
6.04110845295056 [5, 6, 7, 8] [117, 118, 119, 120, 121, 122, 123, 124, 125, 126, 127, 128, 129, 130, 131, 132, 133, 134, 135, 136, 137, 138, 139, 140] 20160313
6.033977866125209 [2, 3, 4] [84, 85, 86, 87, 88, 89, 90, 91, 92, 93, 94] 20160325
6.021309523809521 [4, 6, 7, 9] [263, 264, 265, 266, 267, 268, 269, 270, 271, 272, 273, 274, 275, 276, 277, 278, 279, 280, 281, 282, 283, 284, 285, 286] 20160313
5.992008769328599 [5, 6, 7, 9] [230, 231, 232, 233, 234, 235, 236, 237, 238, 239, 240, 241, 242, 243, 244, 245, 246, 247, 248, 249, 250, 251, 252, 253] 20160301
5.975699300699304 [5, 7, 8, 9] [221, 222, 223, 224, 225, 226, 227, 228, 229, 230, 231, 232, 233, 234, 235, 236, 237, 238, 239, 240, 241, 242, 243, 244] 20160301
5.961171802054153 [5, 6, 7, 9] [265, 266, 267, 268, 269, 270, 271, 272, 273, 274, 275, 276, 277, 278, 279, 280, 281, 282, 283, 284, 285, 286, 287] 20160419
5.922222222222231 [1] [108, 109, 110, 111, 112, 113, 114, 115, 116, 117, 118, 119] 20160529
5.85529398003145 [2, 3, 4] [0, 1, 2, 3, 4, 5, 6] 20160419
5.853827693633503 [0, 1, 2] [131, 132, 133, 134, 135, 136, 137, 138, 139, 140, 141, 142, 143, 144, 145, 146, 147, 148, 149, 150, 151, 152, 153, 154] 20160621
5.8173504784689 [5, 6, 7, 8] [95, 96, 97, 98, 99, 100, 101, 102, 103, 104, 105, 106, 107, 108, 109, 110, 111, 112, 113, 114, 115, 116, 117, 118] 20160405
5.797384273335357 [5, 7, 8, 9] [99, 100, 101, 102, 103, 104, 105, 106, 107, 108, 109, 110, 111, 112, 113, 114, 115, 116, 117, 118, 119, 120, 121, 122] 20160308
5.763267846215166 [3, 5, 6, 7] [70, 71, 72, 73, 74, 75, 76, 77, 78, 79, 80, 81, 82, 83, 84, 85, 86, 87, 88, 89, 90, 91, 92, 93] 20160514
5.746964285714284 [3, 5, 7, 9] [147, 148, 149, 150, 151, 152, 153, 154, 155, 156, 157] 20160529
5.707213393069286 [7, 8, 9] [251, 252, 253, 254, 255, 256, 257, 258, 259, 260, 261, 262, 263, 264, 265, 266, 267, 268, 269, 270, 271, 272, 273, 274] 20160325
5.6827380952380935 [3, 5, 7, 9] [18, 19, 20, 21, 22, 23, 24, 25, 26, 27, 28] 20160309
5.650176018781176 [1, 2] [0, 1, 2, 3, 4, 5, 6, 7, 8, 9, 10, 11, 12, 13, 14, 15, 16, 17, 18, 19, 20, 21, 22, 23] 20160813
5.6496536796536745 [4, 5, 6, 7] [19, 20, 21, 22, 23, 24, 25, 26, 27, 28, 29, 30, 31, 32, 33, 34, 35, 36, 37, 38, 39, 40, 41, 42] 20160529
5.6387876290853445 [1, 2, 3, 4] [166, 167, 168, 169, 170, 171, 172, 173] 20160308
5.62149891043305 [4, 5, 7] [173, 174, 175, 176, 177, 178, 179] 20160309
5.54532649653931 [4, 5, 7, 9] [193, 194, 195, 196, 197, 198, 199, 200, 201, 202, 203, 204, 205, 206, 207, 208, 209, 210, 211, 212, 213, 214, 215, 216] 20160313
5.53871358242581 [1, 2, 3, 5] [224, 225, 226, 227, 228, 229] 20160328
5.530238095238097 [5, 7, 8, 9] [184, 185, 186, 187, 188, 189, 190, 191, 192, 193, 194, 195, 196, 197, 198, 199, 200, 201, 202, 203, 204, 205, 206, 207] 20160313
5.515432893255073 [2, 3, 5] [21, 22, 23] 20160419
5.51206571810656 [1, 2, 3, 5] [114, 115, 116, 117, 118, 119, 120, 121, 122, 123] 20160325
5.496250000000003 [2, 3, 4, 5] [32, 33, 34, 35, 36, 37, 38, 39, 40, 41, 42, 43] 20160419
5.485970110705636 [7, 8] [106, 107, 108, 109, 110, 111, 112] 20160514
5.476149183189148 [7, 9] [9, 10, 11, 12, 13, 14, 15, 16, 17, 18, 19, 20, 21, 22, 23, 24, 25, 26, 27, 28, 29, 30, 31, 32] 20160412
5.471111111111114 [7] [0, 1, 2, 3, 4, 5, 6, 7, 8, 9, 10, 11, 12, 13, 14, 15, 16, 17, 18, 19, 20, 21, 22, 23] 20160412
5.449999999999996 [8] [73, 74, 75] 20160309
5.414583274550035 [2, 3, 5, 7] [47, 48, 49, 50, 51, 52, 53] 20160419
5.391544880240534 [4, 6, 7, 9] [193, 194, 195, 196, 197, 198, 199, 200, 201, 202, 203, 204, 205, 206, 207, 208, 209, 210, 211, 212, 213, 214, 215, 216] 20160301
5.385074260791466 [7, 8, 9] [265, 266, 267, 268, 269, 270, 271, 272, 273, 274, 275, 276, 277, 278, 279, 280, 281, 282, 283, 284, 285, 286, 287] 20160621
5.37535256410257 [6, 7, 8, 9] [170, 171, 172, 173, 174, 175, 176, 177, 178, 179, 180, 181, 182, 183, 184, 185, 186, 187, 188, 189, 190, 191] 20160628
5.35964646464646 [4, 6, 7, 8] [61, 62, 63, 64, 65, 66, 67, 68, 69, 70, 71, 72, 73, 74, 75, 76, 77, 78, 79, 80, 81, 82, 83, 84] 20160922
5.308735725198609 [4, 5, 7] [41, 42, 43, 44, 45, 46] 20160419
5.294791874791873 [4, 6, 7, 9] [115, 116, 117, 118, 119, 120, 121, 122, 123, 124, 125, 126, 127, 128, 129, 130, 131, 132, 133, 134, 135, 136, 137] 20160309
5.278568133811266 [5, 6, 7, 8] [159, 160, 161, 162, 163, 164, 165, 166, 167, 168, 169, 170, 171, 172, 173, 174, 175, 176, 177, 178, 179, 180, 181, 182] 20160911
5.250267850310113 [1, 2] [0, 1, 2, 3, 4, 5, 6] 20160628
5.1773809523809575 [3, 5, 6, 7] [209, 210, 211, 212, 213, 214, 215, 216, 217] 20160628
5.17652671455781 [4, 6, 7, 9] [189, 190, 191, 192, 193, 194, 195, 196, 197, 198, 199, 200, 201, 202, 203, 204, 205, 206, 207, 208, 209, 210, 211, 212] 20160412
5.121135034556087 [2, 3, 4, 5] [243, 244, 245, 246, 247, 248, 249, 250, 251, 252, 253, 254, 255, 256, 257, 258, 259, 260, 261, 262, 263, 264, 265, 266] 20160412
5.115448232323235 [1, 2, 3, 4] [0, 1, 2, 3, 4, 5, 6, 7, 8, 9, 10, 11, 12, 13, 14, 15, 16, 17, 18, 19, 20, 21, 22, 23] 20160308
5.045079102268682 [2, 3, 5, 7] [124, 125, 126, 127, 128, 129, 130] 20160313
5.04201215451215 [5, 6, 7, 8] [16, 17, 18, 19, 20, 21, 22, 23, 24, 25, 26, 27, 28, 29, 30, 31, 32, 33, 34, 35, 36, 37, 38, 39] 20160922
5.018072024593764 [5, 7, 8, 9] [178, 179, 180, 181, 182, 183, 184, 185, 186, 187, 188, 189, 190, 191, 192, 193, 194, 195, 196, 197, 198, 199, 200, 201] 20160911
5.00397726167637 [5, 7, 8] [1, 2, 3, 4, 5, 6, 7, 8, 9] 20160309
5.000000000000007 [4] [92, 93, 94] 20160325
4.992133520074695 [4, 6, 7, 9] [201, 202, 203, 204, 205, 206, 207, 208, 209, 210, 211, 212, 213, 214, 215, 216, 217, 218, 219, 220, 221, 222, 223, 224] 20160301
4.974999999999994 [5] [261, 262, 263, 264, 265, 266, 267] 20160324
4.9561688311688314 [0, 1, 2, 3] [84, 85, 86, 87, 88, 89, 90, 91, 92, 93, 94, 95, 96, 97, 98, 99, 100, 101, 102, 103, 104, 105, 106, 107] 20160529
4.931944444444447 [1, 2, 3, 4] [2, 3, 4, 5, 6, 7, 8, 9, 10, 11, 12, 13, 14, 15, 16, 17, 18, 19] 20160922
4.920541902245928 [1, 2, 3, 5] [101, 102, 103, 104, 105, 106, 107, 108, 109, 110, 111, 112, 113, 114, 115, 116, 117, 118, 119, 120, 121, 122, 123, 124] 20160628
4.918319344054634 [4, 6, 7, 8] [159, 160, 161, 162, 163, 164, 165, 166, 167, 168, 169, 170, 171, 172, 173, 174, 175, 176, 177, 178, 179, 180, 181, 182] 20160621
4.912499999999994 [7] [12, 13, 14, 15, 16, 17, 18, 19, 20, 21, 22, 23] 20160911
4.8260037815981836 [5, 7, 8] [32, 33, 34, 35, 36, 37] 20160419
4.821749520868515 [3, 5, 6] [76, 77, 78, 79, 80, 81, 82, 83, 84, 85, 86, 87, 88, 89, 90, 91, 92, 93, 94, 95, 96, 97, 98, 99] 20160529
4.801388888888891 [0, 1, 2, 3] [119, 120, 121, 122, 123, 124, 125, 126, 127, 128, 129, 130, 131, 132, 133, 134, 135, 136, 137, 138, 139, 140, 141, 142] 20160328
4.799709383753502 [5, 6, 7, 8] [8, 9, 10, 11, 12, 13, 14, 15, 16, 17, 18, 19, 20, 21, 22, 23, 24, 25, 26, 27, 28, 29, 30] 20160922
4.757499999999997 [3, 5, 6, 7] [72, 73, 74, 75, 76, 77, 78, 79, 80, 81, 82, 83, 84, 85] 20160514
4.756363636363638 [3, 5, 7, 8] [1, 2, 3, 4, 5, 6, 7, 8, 9, 10, 11, 12, 13, 14] 20160514
4.75 [5] [18, 19, 20, 21] 20160419
4.694819938960304 [5, 6, 7, 8] [137, 138, 139, 140, 141, 142, 143, 144] 20160514
4.674026961874271 [1, 2, 3] [59, 60, 61, 62, 63, 64, 65, 66, 67, 68, 69, 70, 71, 72, 73, 74, 75, 76, 77, 78, 79, 80, 81, 82] 20160813
4.666904755831213 [7, 8] [98, 99, 100] 20160405
4.650558118352237 [2, 3, 4, 5] [197, 198, 199, 200, 201, 202, 203, 204, 205, 206, 207, 208, 209, 210, 211, 212, 213, 214, 215, 216, 217, 218, 219, 220] 20160309
4.64628080804661 [1, 2, 3] [98, 99, 100, 101, 102, 103, 104, 105, 106, 107] 20160529
4.6416214449166375 [4, 5, 7, 8] [204, 205, 206, 207, 208, 209, 210, 211, 212, 213, 214, 215, 216, 217, 218, 219, 220, 221, 222, 223, 224, 225, 226, 227] 20160922
4.62555555555555 [3, 4, 5, 6] [65, 66, 67, 68, 69, 70, 71, 72, 73, 74, 75, 76] 20160529
4.6204503686005856 [2, 3, 5] [0, 1, 2, 3, 4, 5, 6, 7, 8, 9, 10, 11, 12, 13, 14, 15, 16, 17, 18, 19, 20, 21, 22, 23] 20160312
4.607066529961269 [6, 7, 8, 9] [8, 9, 10, 11, 12, 13, 14, 15, 16, 17, 18, 19, 20, 21, 22, 23, 24, 25, 26, 27, 28, 29, 30, 31] 20160328
4.582605244996552 [5, 6, 7, 9] [180, 181, 182, 183, 184, 185, 186, 187, 188, 189, 190, 191, 192, 193, 194, 195, 196, 197, 198, 199, 200, 201, 202, 203] 20160405
4.581686779069101 [6, 7, 8] [118, 119, 120, 121, 122, 123, 124, 125, 126] 20160405
4.5581803752521015 [6, 7, 9] [23, 24, 25, 26, 27, 28] 20160309
4.5531746031746 [4, 6, 7, 8] [38, 39, 40, 41, 42, 43, 44, 45, 46, 47, 48, 49, 50, 51, 52, 53, 54, 55, 56, 57, 58, 59, 60, 61] 20160328
4.526695979729652 [1, 2, 3] [37, 38, 39, 40, 41, 42, 43, 44, 45, 46, 47, 48, 49, 50, 51, 52, 53, 54, 55, 56, 57, 58, 59, 60] 20160813
4.490128060534578 [4, 6] [51, 52, 53, 54, 55] 20160309
4.478571428571435 [5, 6, 7, 8] [84, 85, 86, 87, 88, 89, 90, 91] 20160308
4.470498259910034 [0, 1, 2, 3] [83, 84, 85, 86, 87, 88, 89, 90, 91, 92, 93, 94, 95, 96, 97, 98, 99, 100, 101, 102, 103, 104, 105, 106] 20160628
4.459378219589555 [0, 1, 2] [36, 37, 38, 39, 40, 41, 42, 43, 44, 45, 46, 47, 48, 49, 50, 51, 52, 53, 54, 55, 56, 57, 58, 59] 20160922
4.458511904761906 [5, 6, 7, 9] [46, 47, 48, 49, 50, 51, 52, 53, 54, 55] 20160514
4.450000000000003 [8] [70, 71, 72, 73] 20160309
4.44045634920635 [2, 3, 4, 5] [192, 193, 194, 195, 196, 197, 198, 199, 200, 201, 202, 203, 204, 205, 206, 207, 208, 209, 210, 211, 212, 213, 214] 20160514
4.419417382415927 [1, 2, 3, 4] [100, 101, 102, 103, 104, 105, 106] 20160922
4.395833333333339 [5, 7, 8, 9] [143, 144, 145, 146, 147] 20160313
4.330127018922197 [1, 2, 3, 4] [105, 106, 107, 108, 109, 110, 111, 112, 113, 114, 115, 116] 20160922
4.303923274822114 [1, 2, 3, 4] [83, 84, 85, 86, 87, 88, 89] 20160922
4.300000000000004 [6] [75, 76, 77, 78, 79, 80, 81, 82, 83, 84, 85] 20160529
4.299999999999997 [5] [32, 33, 34, 35] 20160419
4.275000000000006 [6] [75, 76, 77, 78, 79, 80, 81] 20160529
4.26621091315884 [7, 8] [28, 29, 30, 31] 20160309
4.250229700854703 [1, 2, 3, 4] [18, 19, 20, 21, 22, 23, 24, 25, 26, 27, 28, 29, 30, 31, 32, 33, 34, 35, 36, 37, 38, 39, 40, 41] 20160813
4.234099832915621 [5, 7, 8, 9] [40, 41, 42, 43, 44, 45, 46, 47, 48, 49, 50, 51, 52, 53, 54, 55, 56, 57, 58, 59, 60, 61, 62, 63] 20160312
4.227166220916706 [1, 2, 3] [57, 58, 59, 60, 61, 62, 63, 64, 65] 20160813
4.217648141332351 [6, 7, 8, 9] [175, 176, 177, 178, 179, 180, 181, 182, 183, 184, 185, 186, 187, 188, 189, 190, 191, 192, 193, 194, 195, 196, 197, 198] 20160301
4.209845712841016 [4, 6, 7, 9] [235, 236, 237, 238, 239] 20160529
4.199999999999996 [0, 1, 2, 3] [41, 42, 43, 44] 20160621
4.197198992658774 [0, 1, 2] [48, 49, 50, 51, 52, 53, 54, 55, 56, 57, 58, 59, 60, 61, 62, 63, 64, 65, 66, 67, 68, 69] 20160922
4.195833333333336 [2, 3, 5, 6] [221, 222, 223, 224, 225] 20160324
4.1877092352092316 [6, 7, 8, 9] [28, 29, 30, 31, 32, 33, 34, 35, 36, 37, 38, 39, 40, 41, 42, 43, 44, 45, 46, 47, 48, 49, 50] 20160312
4.153227089462785 [4, 6, 7, 8] [104, 105, 106, 107, 108, 109, 110, 111, 112, 113, 114, 115, 116, 117, 118, 119, 120, 121, 122, 123, 124, 125, 126, 127] 20160312
4.1499999999999995 [5, 6, 7, 8] [122, 123, 124, 125, 126] 20160405
4.1247508477075066 [5, 7, 8, 9] [113, 114, 115, 116, 117, 118, 119, 120, 121, 122, 123, 124, 125, 126, 127, 128, 129, 130, 131, 132, 133, 134, 135, 136] 20160419
4.113449800973019 [4, 5, 6, 7] [74, 75, 76, 77, 78, 79, 80, 81, 82, 83, 84, 85, 86, 87, 88, 89, 90, 91, 92, 93, 94, 95] 20160312
4.108333333333341 [5, 6, 7, 8] [21, 22, 23, 24, 25, 26, 27] 20160529
4.091441634242603 [7, 9] [54, 55, 56, 57, 58, 59, 60, 61, 62, 63, 64, 65, 66, 67, 68, 69, 70, 71, 72, 73, 74, 75, 76, 77] 20160312
4.080555555555556 [5, 6, 7, 9] [174, 175, 176, 177, 178, 179, 180, 181, 182, 183, 184, 185, 186, 187, 188, 189] 20160911
4.074999999999989 [1] [78, 79, 80, 81, 82, 83, 84, 85, 86] 20160628
4.071167292681547 [0, 1] [189, 190, 191, 192, 193, 194, 195, 196, 197, 198, 199, 200, 201] 20160328
4.067547579396908 [0, 1, 2] [48, 49, 50, 51, 52, 53, 54, 55, 56, 57, 58, 59, 60] 20160922
4.058333333333337 [3, 4, 5, 7] [40, 41, 42, 43] 20160419
4.054078878802878 [2, 3, 5] [13, 14, 15, 16] 20160419
4.050000000000004 [7] [71, 72, 73, 74, 75] 20160308
4.049999999999997 [1] [83, 84, 85] 20160922
4.037602882532778 [1, 2, 3, 5] [118, 119, 120, 121, 122, 123, 124, 125, 126, 127, 128] 20160628
3.9921281375539555 [4, 6, 7] [103, 104, 105, 106, 107, 108, 109, 110, 111, 112, 113, 114, 115, 116] 20160312
3.984546711986199 [2, 3, 5, 7] [20, 21, 22, 23, 24, 25, 26, 27, 28, 29, 30, 31, 32] 20160911
3.983716857408417 [2, 3, 5, 7] [22, 23, 24, 25] 20160313
3.980000000000004 [2, 3, 4, 5] [273, 274, 275, 276, 277, 278] 20160922
3.9654226876768273 [0, 1] [59, 60, 61, 62, 63, 64, 65, 66, 67, 68, 69, 70] 20160922
3.948012861624887 [6, 7] [25, 26, 27, 28] 20160313
3.942120305115004 [5, 7, 8] [29, 30, 31, 32, 33] 20160419
3.92598183048945 [5, 7, 8, 9] [132, 133, 134, 135, 136, 137] 20160313
3.9163593260029606 [3, 5, 7, 9] [273, 274, 275, 276, 277, 278] 20160911
3.8999999999999995 [6] [126, 127, 128, 129] 20160405
3.8999999999999915 [1] [98, 99, 100, 101, 102] 20160628
3.8572018418990397 [0, 1, 2] [185, 186, 187, 188, 189, 190, 191, 192, 193, 194, 195, 196, 197, 198, 199, 200, 201, 202, 203, 204, 205, 206, 207, 208] 20160621
3.8302642106707867 [2, 3, 5, 7] [218, 219, 220, 221, 222, 223, 224, 225, 226, 227, 228, 229, 230, 231, 232, 233, 234, 235, 236, 237, 238, 239, 240, 241] 20160308
3.8180654761904744 [5, 6, 7, 8] [152, 153, 154, 155, 156, 157, 158, 159, 160, 161, 162, 163, 164, 165, 166, 167, 168, 169, 170, 171, 172, 173, 174, 175] 20160301
3.814360778446125 [6, 7, 8] [132, 133, 134, 135, 136, 137, 138] 20160312
3.789149913553942 [0, 1, 2, 3] [228, 229, 230, 231, 232, 233, 234, 235, 236, 237, 238, 239, 240, 241, 242, 243, 244, 245, 246, 247, 248, 249, 250, 251] 20160312
3.7749999999999986 [8] [112, 113, 114, 115, 116] 20160325
3.75 [1] [80, 81, 82, 83] 20160628
3.7358808272689243 [2, 3, 4] [89, 90, 91, 92, 93] 20160325
3.7249999999999943 [6, 7, 8, 9] [137, 138, 139, 140, 141] 20160922
3.7160528360528353 [6, 7, 8, 9] [264, 265, 266, 267, 268, 269, 270, 271, 272, 273, 274, 275, 276, 277, 278, 279, 280, 281, 282, 283, 284, 285, 286, 287] 20160405
3.6565517048676193 [7, 8, 9] [175, 176, 177, 178, 179, 180, 181] 20160922
3.6000210084033615 [2, 3, 4, 5] [164, 165, 166, 167, 168, 169, 170, 171, 172, 173, 174, 175, 176, 177, 178, 179, 180, 181, 182, 183, 184, 185, 186, 187] 20160301
3.6000000000000014 [7] [68, 69, 70, 71, 72] 20160308
3.5999999999999943 [7] [93, 94, 95, 96] 20160514
3.576875101100816 [1, 2, 3, 4] [220, 221, 222, 223, 224, 225, 226, 227, 228, 229, 230, 231, 232, 233, 234, 235, 236, 237, 238, 239, 240, 241, 242, 243] 20160313
3.56666666666667 [1] [68, 69, 70, 71, 72] 20160922
3.563818177180199 [7, 8] [42, 43, 44, 45, 46, 47, 48, 49, 50, 51, 52] 20160628
3.5507041555161982 [5, 7, 8, 9] [87, 88, 89, 90, 91, 92, 93] 20160405
3.5355339059327373 [7, 9] [72, 73, 74, 75, 76, 77, 78] 20160405
3.513142191195166 [4, 5, 7] [98, 99, 100, 101, 102, 103, 104] 20160312
3.5103081414892503 [4, 5, 7, 8] [228, 229, 230, 231, 232, 233, 234, 235, 236, 237, 238, 239, 240, 241, 242, 243, 244, 245] 20160412
3.5 [2, 3, 5, 7] [1, 2, 3, 4] 20160313
3.482821014769545 [2, 3, 5, 6] [165, 166, 167, 168, 169, 170, 171, 172, 173, 174, 175, 176, 177, 178, 179, 180, 181, 182, 183, 184, 185, 186, 187] 20160328
3.4648232278140867 [1, 2, 3] [164, 165, 166, 167] 20160308
3.464101615137755 [5, 6, 7, 8] [139, 140, 141, 142, 143] 20160514
3.4499999999999993 [2] [44, 45, 46, 47] 20160405
3.4448566061647683 [6, 7, 8] [101, 102, 103, 104] 20160514
3.4197006301500794 [4, 5, 7, 8] [237, 238, 239, 240, 241, 242, 243, 244, 245] 20160412
3.3705423236558705 [1, 2] [212, 213, 214, 215] 20160324
3.3520681700450035 [6, 7, 8, 9] [87, 88, 89, 90, 91, 92, 93, 94, 95] 20160313
3.3499999999999996 [3, 5, 7, 9] [143, 144, 145, 146] 20160405
3.336666666666666 [4, 6, 7, 8] [86, 87, 88, 89, 90, 91, 92] 20160312
3.3292944280866577 [1, 2, 3, 5] [197, 198, 199, 200, 201] 20160328
3.3255375505322475 [2, 3, 4, 5] [29, 30, 31, 32, 33, 34, 35] 20160514
3.3234018715767726 [7, 9] [72, 73, 74, 75] 20160405
3.310462293503406 [4, 5, 7, 8] [244, 245, 246, 247, 248, 249, 250, 251, 252, 253, 254, 255, 256] 20160412
3.3053302911106126 [5, 7, 8] [173, 174, 175, 176, 177, 178, 179] 20160628
3.2733151412427284 [2, 3] [0, 1, 2, 3, 4, 5, 6, 7, 8, 9] 20160308
3.272136629940742 [6, 7, 9] [80, 81, 82, 83, 84, 85, 86, 87, 88, 89, 90] 20160313
3.2687647740619266 [5, 7, 8, 9] [14, 15, 16, 17, 18, 19, 20] 20160312
3.252691193458118 [5, 7] [55, 56, 57] 20160405
3.245833333333332 [5, 7, 8, 9] [88, 89, 90, 91, 92, 93, 94] 20160308
3.2331615074619053 [5, 7, 8] [274, 275, 276] 20160308
3.2209923092043837 [0, 1, 2, 3] [179, 180, 181, 182, 183, 184, 185, 186, 187, 188, 189, 190, 191, 192, 193, 194, 195, 196, 197, 198, 199, 200, 201, 202] 20160302
3.217335854398789 [1, 2, 3, 4] [162, 163, 164] 20160308
3.1666666666666714 [4, 5, 6, 7] [88, 89, 90, 91, 92, 93, 94] 20160514
3.1641545954045966 [5, 6, 7, 9] [81, 82, 83, 84, 85, 86, 87, 88, 89, 90, 91, 92, 93, 94, 95, 96, 97, 98, 99, 100, 101, 102, 103, 104] 20160328
3.1348400632603606 [2, 3, 5, 7] [34, 35, 36, 37] 20160405
3.094597442856394 [5, 6, 7, 9] [194, 195, 196, 197, 198, 199, 200] 20160911
3.086561771561769 [4, 6, 7, 8] [106, 107, 108, 109, 110, 111, 112, 113, 114, 115, 116, 117, 118, 119, 120, 121, 122, 123, 124, 125, 126, 127, 128, 129] 20160328
3.06571484071484 [4, 5, 7, 8] [141, 142, 143, 144, 145, 146, 147, 148, 149, 150, 151, 152, 153, 154, 155, 156, 157, 158, 159, 160, 161] 20160301
3.0641293851417024 [1, 2] [20, 21, 22, 23] 20160628
3.0622750841420907 [1, 2] [255, 256, 257, 258, 259, 260, 261, 262, 263, 264, 265, 266, 267, 268, 269, 270, 271, 272, 273, 274, 275, 276, 277, 278] 20160301
3.05823682863181 [0, 1] [250, 251, 252, 253, 254] 20160621
3.049999999999997 [5] [152, 153, 154, 155] 20160325
3.049999999999997 [9] [270, 271, 272, 273, 274, 275] 20160911
3.0405591591021572 [4, 6, 7, 9] [93, 94, 95] 20160325
3.0333333333333314 [6] [130, 131, 132, 133, 134] 20160325
2.9875000000000007 [4, 5, 7, 8] [74, 75, 76, 77, 78] 20160312
2.9630952380952422 [3, 4, 6, 7] [74, 75, 76, 77, 78, 79, 80, 81, 82, 83, 84, 85, 86, 87, 88, 89] 20160813
2.9444863728670914 [5, 7, 9] [78, 79, 80, 81] 20160405
2.925833333333344 [5, 7, 8, 9] [185, 186, 187, 188, 189, 190, 191] 20160628
2.8819400937048782 [1, 2, 3] [182, 183, 184, 185, 186, 187] 20160813
2.8253966671125306 [4, 6] [2, 3, 4, 5, 6, 7, 8, 9, 10, 11, 12, 13, 14, 15, 16, 17, 18, 19, 20, 21, 22, 23, 24, 25] 20160302
2.825000000000003 [1] [19, 20, 21, 22, 23, 24, 25, 26, 27] 20160813
2.80485689870664 [1, 2] [22, 23, 24, 25] 20160813
2.7905263010831804 [5, 6, 7, 9] [205, 206, 207, 208] 20160911
2.7755952380952422 [2, 3, 5, 6] [232, 233, 234, 235, 236, 237, 238, 239, 240] 20160911
2.745931333607764 [6, 7, 9] [201, 202, 203, 204, 205] 20160911
2.7259523809523802 [6, 7, 8, 9] [191, 192, 193, 194, 195, 196, 197, 198] 20160301
2.684678751731755 [0, 1, 2] [222, 223, 224, 225] 20160621
2.6796583146083757 [5, 6, 7] [59, 60, 61, 62, 63, 64, 65, 66, 67, 68, 69, 70, 71, 72, 73, 74, 75, 76, 77, 78, 79, 80, 81, 82] 20160328
2.674999999999997 [1] [95, 96, 97, 98, 99, 100] 20160621
2.6666666666666714 [9] [0, 1, 2, 3] 20160412
2.6146677418163984 [5, 7, 8, 9] [1, 2, 3, 4, 5, 6, 7, 8, 9, 10, 11, 12, 13, 14, 15, 16, 17, 18, 19] 20160621
2.611711136791526 [4, 5, 7, 8] [22, 23, 24, 25, 26, 27, 28, 29, 30, 31, 32, 33, 34, 35, 36, 37, 38, 39, 40, 41, 42, 43, 44, 45] 20160324
2.598076211353308 [5, 7, 9] [276, 277, 278] 20160911
2.5916666666666615 [0, 1, 2, 3] [219, 220, 221, 222] 20160324
2.5125860958161947 [7, 8] [168, 169, 170, 171, 172, 173, 174] 20160412
2.5102290732122317 [5, 6] [198, 199, 200] 20160911
2.5 [1] [16, 17, 18, 19] 20160813
2.4556631449532107 [4, 5, 7, 8] [166, 167, 168, 169, 170, 171] 20160412
2.451303508113356 [0, 1] [254, 255, 256, 257, 258, 259] 20160621
2.412499999999998 [1, 2, 3, 4] [192, 193, 194, 195, 196, 197] 20160412
2.4046638711747867 [0, 1, 2] [214, 215, 216, 217, 218, 219, 220, 221, 222, 223] 20160911
2.4041630560342555 [0, 1] [249, 250, 251, 252] 20160621
2.3999999999999915 [1] [254, 255, 256] 20160621
2.399492246883547 [2, 3, 4, 6] [89, 90, 91, 92, 93, 94, 95, 96, 97, 98, 99, 100, 101, 102, 103, 104, 105, 106, 107, 108, 109, 110, 111, 112] 20160813
2.3966666666666647 [0, 1, 2, 3] [173, 174, 175, 176, 177, 178, 179] 20160412
2.376758608163964 [0, 1, 2] [228, 229, 230, 231] 20160621
2.359166666666667 [4, 6, 7, 9] [224, 225, 226, 227, 228, 229, 230] 20160412
2.3499999999999943 [0] [232, 233, 234, 235, 236] 20160412
2.3341666666666683 [4, 6, 7, 8] [42, 43, 44, 45, 46, 47, 48] 20160813
2.3334523779156044 [0, 1] [232, 233, 234, 235] 20160621
2.3207731275152663 [0, 1, 2] [224, 225, 226, 227, 228, 229, 230, 231, 232, 233, 234, 235, 236, 237] 20160302
2.312499999999993 [3, 5, 7, 8] [3, 4, 5, 6, 7, 8] 20160328
2.2083647796503123 [0, 1, 2] [242, 243, 244, 245, 246] 20160621
2.1999999999999993 [3, 4, 6, 7] [0, 1, 2, 3, 4, 5] 20160328
2.1791765160412857 [3, 4, 6] [4, 5, 6, 7, 8, 9, 10, 11, 12, 13, 14, 15, 16, 17, 18, 19, 20, 21, 22, 23, 24, 25, 26, 27] 20160324
2.168460795638753 [3, 5, 7, 8] [28, 29, 30, 31] 20160813
2.1666666666666643 [8] [43, 44, 45, 46] 20160302
2.1504922883815496 [6, 7, 8] [277, 278, 279, 280, 281, 282, 283, 284, 285, 286] 20160328
2.144220960904893 [5, 7, 9] [52, 53, 54, 55, 56, 57, 58, 59, 60, 61, 62, 63, 64, 65, 66, 67, 68, 69, 70, 71, 72, 73, 74, 75] 20160324
2.097750117520082 [6, 7, 8] [39, 40, 41, 42] 20160813
2.0800724479904247 [8, 9] [46, 47, 48, 49, 50, 51, 52] 20160325
2.074179891480537 [1, 2] [209, 210, 211, 212, 213, 214, 215] 20160302
2.04959345562317 [4, 5, 7] [225, 226, 227] 20160324
2.0152543263816614 [2, 3] [88, 89, 90] 20160325
2.0082166863312514 [6, 7, 8, 9] [1, 2, 3, 4, 5, 6, 7, 8, 9, 10, 11] 20160302
1.9914945524841308 [0, 1, 2] [239, 240, 241, 242, 243, 244, 245, 246, 247, 248, 249, 250, 251, 252, 253, 254, 255, 256] 20160302
1.8479332544562226 [0, 1, 2] [262, 263, 264, 265, 266, 267, 268, 269, 270, 271, 272, 273, 274, 275, 276, 277, 278, 279, 280, 281, 282, 283, 284, 285] 20160302
1.8266925180652442 [8, 9] [155, 156, 157, 158, 159, 160] 20160302
1.7748380207782328 [4, 6, 7, 8] [25, 26, 27, 28, 29, 30, 31, 32, 33] 20160302
1.7677669529663687 [1, 2, 3, 4] [88, 89, 90, 91] 20160302
1.75 [2] [222, 223, 224, 225] 20160302
1.708841387867488 [1, 2] [238, 239, 240, 241, 242, 243, 244, 245] 20160302
1.6333333333333329 [2, 3, 4, 5] [236, 237, 238, 239] 20160324
1.6263455967290623 [8, 9] [21, 22, 23] 20160328
1.6166666666666636 [1, 2, 3, 5] [216, 217, 218, 219] 20160328
1.6000000000000014 [1] [267, 268, 269, 270] 20160324
1.5749999999999993 [5, 7, 8, 9] [156, 157, 158, 159] 20160302
1.5357142857142856 [5, 6, 7, 8] [187, 188, 189, 190, 191, 192, 193, 194] 20160302
1.501110699893028 [0, 1, 2] [218, 219, 220] 20160302
1.4722431864335461 [6, 7, 8, 9] [66, 67, 68, 69, 70] 20160301
1.4500000000000028 [2] [240, 241, 242] 20160324
1.414213562373095 [4, 6, 7, 8] [199, 200, 201, 202, 203] 20160301
1.3250000000000028 [2, 3, 4, 6] [244, 245, 246] 20160301
1.2999999999999972 [1] [188, 189, 190, 191] 20160328
1.2894156011901627 [3, 5, 7] [176, 177, 178, 179] 20160301
1.2249999999999996 [2, 3, 4, 5] [175, 176, 177] 20160301
1.2020815280171302 [8, 9] [195, 196, 197, 198] 20160301
1.1420911544595729 [5, 7, 8, 9] [81, 82, 83, 84, 85, 86, 87, 88, 89, 90, 91, 92, 93, 94, 95, 96, 97, 98, 99, 100, 101, 102, 103, 104] 20160324
1.0981809856809868 [3, 5, 7, 8] [93, 94, 95, 96, 97, 98, 99, 100, 101, 102, 103, 104, 105, 106, 107, 108, 109, 110, 111, 112, 113, 114, 115, 116] 20160324
0.9146464646464612 [2, 3, 4, 6] [112, 113, 114, 115, 116, 117, 118, 119, 120, 121, 122, 123, 124, 125, 126, 127, 128, 129, 130, 131, 132, 133, 134, 135] 20160324
0.5963267188006528 [6, 7, 9] [133, 134, 135, 136, 137, 138, 139] 20160324
