32.60836427785001 [0, 1, 2, 3] [0, 1, 2, 3, 4, 5, 6] 20160621
17.220864277850012 [0, 1, 2, 3] [237, 238, 239, 240, 241, 242, 243, 244, 245, 246, 247] 20160621
17.15334847347919 [1, 2, 3, 4] [120, 121, 122, 123, 124, 125, 126, 127, 128, 129, 130, 131, 132, 133, 134, 135, 136, 137, 138, 139, 140, 141, 142, 143, 144, 145, 146, 147] 20160621
17.13753094451667 [0, 1, 2, 3] [234, 235, 236, 237, 238, 239, 240, 241] 20160621
17.039905971018317 [0, 1, 2] [233, 234, 235, 236, 237, 238] 20160621
17.02086427785001 [0, 1, 2, 3] [221, 222, 223, 224, 225, 226, 227, 228, 229, 230, 231, 232] 20160621
16.564941775150004 [3, 4, 5, 6] [98, 99, 100, 101, 102, 103, 104, 105, 106, 107, 108, 109, 110, 111, 112, 113, 114, 115, 116, 117, 118, 119, 120, 121] 20160621
16.56494177515 [3, 4, 5, 6] [118, 119, 120, 121, 122, 123, 124, 125, 126, 127, 128] 20160621
15.87086427785001 [0, 1, 2, 3] [259, 260, 261, 262, 263, 264, 265, 266, 267, 268, 269, 270] 20160621
15.363562638991349 [1, 2, 3, 4] [78, 79, 80, 81, 82, 83, 84, 85, 86, 87, 88, 89, 90, 91, 92, 93, 94, 95, 96, 97, 98, 99, 100, 101, 102, 103, 104, 105] 20160621
