34.413418148190914 [4, 6, 7, 8] [1, 2, 3, 4, 5, 6, 7, 8, 9, 10, 11, 12, 13] 20160419
33.38000896745 [0, 1, 2, 3] [15, 16, 17, 18, 19, 20, 21, 22, 23, 24, 25, 26, 27, 28, 29, 30, 31, 32, 33, 34, 35, 36] 20160419
32.19938306110001 [5, 6, 7, 9] [0, 1, 2, 3, 4] 20160419
31.146675634116665 [0, 1, 2, 3] [36, 37, 38, 39, 40] 20160419
28.28000896745 [0, 1, 2, 3] [45, 46, 47, 48, 49, 50, 51, 52, 53, 54, 55, 56, 57, 58, 59, 60, 61, 62, 63, 64, 65, 66, 67, 68, 69, 70] 20160419
26.738529501550005 [5, 6, 7, 8] [61, 62, 63, 64, 65, 66, 67, 68, 69, 70, 71, 72] 20160419
24.799383061100002 [5, 6, 7, 9] [237, 238, 239, 240] 20160419
24.66861383033077 [5, 6, 7, 9] [223, 224, 225, 226, 227, 228, 229, 230, 231, 232, 233, 234, 235, 236, 237] 20160419
14.9493830611 [5, 6, 7, 9] [167, 168, 169, 170, 171, 172, 173, 174, 175, 176, 177, 178, 179, 180, 181, 182, 183, 184, 185, 186, 187, 188, 189, 190, 191, 192, 193, 194, 195, 196] 20160419
9.844991032549999 [0, 1, 2, 3] [148, 149, 150, 151, 152, 153, 154, 155, 156, 157, 158] 20160419
