168.573573032 [5] [0, 1, 2] 20160813
90.9673697321 [5, 7, 8, 9] [240, 241, 242, 243, 244, 245, 246, 247, 248, 249, 250] 20160309
90.33736973210002 [5, 7, 8, 9] [253, 254, 255, 256, 257, 258, 259, 260] 20160309
88.70385482559999 [1, 2, 3, 5] [216, 217, 218] 20160309
88.2923697321 [5, 7, 8, 9] [221, 222, 223, 224, 225, 226, 227, 228] 20160309
87.27466638357858 [6, 7, 8, 9] [261, 262, 263, 264, 265, 266, 267, 268, 269] 20160309
87.13657114548334 [6, 7, 8, 9] [218, 219, 220, 221, 222, 223, 224, 225] 20160309
84.08922754992858 [2, 3, 5, 7] [198, 199, 200, 201, 202, 203, 204, 205, 206] 20160309
82.55903639876666 [5, 7, 8, 9] [193, 194, 195, 196, 197, 198, 199, 200] 20160309
75.52845273895 [3, 5, 7, 9] [122, 123, 124, 125, 126, 127, 128] 20160405
75.37845273894999 [3, 5, 7, 9] [114, 115, 116, 117, 118, 119, 120, 121, 122, 123] 20160405
74.33678607228333 [3, 5, 7, 9] [134, 135, 136, 137, 138, 139, 140, 141, 142, 143] 20160405
73.25359310355714 [2, 3, 4, 5] [126, 127, 128, 129, 130, 131, 132, 133, 134] 20160405
70.57845273894999 [3, 5, 7, 9] [99, 100, 101, 102, 103, 104, 105] 20160405
70.04511940561666 [3, 5, 7, 9] [141, 142, 143, 144, 145] 20160405
69.64262573335 [0, 1, 2, 3] [247, 248, 249] 20160308
69.52845273895001 [3, 5, 7, 9] [93, 94, 95, 96, 97, 98, 99] 20160405
69.1226048256 [1, 2, 3, 5] [162, 163, 164, 165, 166, 167, 168, 169, 170, 171, 172] 20160309
68.38548287620713 [0, 1, 2, 3] [232, 233, 234, 235, 236, 237, 238, 239, 240] 20160308
66.65095906668333 [0, 1, 2, 3] [224, 225, 226, 227, 228] 20160308
66.51608057754999 [2, 3, 5, 7] [71, 72, 73, 74, 75, 76, 77, 78, 79, 80, 81] 20160405
65.22052149226667 [1, 2, 3, 5] [160, 161, 162, 163, 164, 165, 166, 167] 20160309
62.81815355575 [0, 1, 2, 3] [95, 96, 97, 98] 20160309
62.20774724421666 [2, 3, 5, 7] [60, 61, 62, 63, 64, 65, 66, 67, 68, 69, 70, 71] 20160405
62.14262573335 [0, 1, 2, 3] [200, 201, 202, 203, 204] 20160308
61.45148688908333 [0, 1, 2, 3] [79, 80, 81, 82, 83, 84, 85, 86] 20160309
61.04306825495 [0, 1, 2, 3] [238, 239, 240, 241, 242, 243, 244, 245, 246, 247] 20160312
60.790375777972216 [0, 1, 2, 3] [67, 68, 69, 70, 71, 72, 73, 74, 75, 76, 77] 20160309
59.40973492161667 [0, 1, 2, 3] [229, 230, 231, 232, 233] 20160312
59.21815355575 [0, 1, 2, 3] [58, 59, 60, 61, 62, 63, 64, 65, 66, 67, 68] 20160309
58.592625733350005 [0, 1, 2, 3] [183, 184, 185, 186, 187, 188, 189, 190, 191, 192, 193, 194] 20160308
57.96608057755 [2, 3, 5, 7] [55, 56, 57, 58, 59, 60, 61, 62, 63] 20160405
57.82523322105 [1, 2, 3, 4] [257, 258, 259, 260, 261, 262, 263, 264, 265, 266, 267] 20160312
57.30315355575 [0, 1, 2, 3] [51, 52, 53, 54, 55, 56, 57, 58, 59, 60, 61, 62] 20160309
57.0244565633 [1, 2, 3, 5] [275, 276, 277, 278, 279, 280, 281, 282, 283, 284, 285] 20160324
56.73751269939444 [0, 1, 2, 3] [215, 216, 217, 218, 219, 220, 221, 222, 223, 224, 225] 20160312
56.576919836466665 [4, 5, 6, 7] [210, 211, 212, 213, 214, 215] 20160308
56.450756006199995 [5, 6, 7, 9] [212, 213, 214, 215, 216, 217, 218] 20160308
56.0444565633 [1, 2, 3, 5] [256, 257, 258, 259, 260, 261, 262, 263, 264, 265] 20160324
56.00327884172143 [5, 7, 8, 9] [205, 206, 207, 208, 209, 210, 211, 212, 213] 20160308
55.666442095549996 [5, 6, 7, 8] [230, 231, 232, 233, 234, 235, 236, 237, 238, 239] 20160421
54.47738534769999 [4, 5, 6, 7] [238, 239, 240, 241, 242, 243, 244, 245] 20160421
53.45394209554999 [5, 6, 7, 8] [222, 223, 224, 225, 226, 227, 228, 229, 230] 20160421
53.415472120450005 [1, 2, 3, 5] [219, 220, 221, 222, 223, 224, 225] 20160421
53.2823853477 [4, 5, 6, 7] [248, 249, 250, 251, 252] 20160421
53.09468321029999 [6, 7, 8, 9] [251, 252, 253, 254, 255, 256, 257, 258, 259, 260, 261] 20160421
52.082972120449995 [1, 2, 3, 5] [213, 214, 215, 216, 217, 218] 20160421
51.817972120449994 [1, 2, 3, 5] [209, 210, 211, 212, 213, 214, 215] 20160421
50.86106259160463 [3, 5, 6] [126, 127, 128, 129, 130, 131, 132, 133, 134, 135, 136, 137] 20160309
50.81117029703545 [1, 2, 3] [284, 285, 286, 287] 20160324
50.7455925377667 [3, 5, 6] [136, 137, 138, 139, 140, 141, 142, 143, 144, 145, 146] 20160309
50.12302340598571 [6, 7, 8, 9] [188, 189, 190, 191, 192, 193, 194, 195, 196] 20160529
50.0006596804 [6, 7, 8, 9] [230, 231, 232] 20160313
49.9506596804 [6, 7, 8, 9] [228, 229, 230, 231] 20160313
49.94974405158124 [0, 1, 2] [46, 47, 48, 49, 50, 51, 52, 53, 54, 55, 56] 20160309
49.79682606906429 [5, 6, 7, 9] [235, 236, 237, 238, 239, 240, 241, 242, 243, 244] 20160313
49.78889286693334 [1, 2, 3, 5] [231, 232, 233, 234, 235] 20160922
49.7305595336 [1, 2, 3, 5] [230, 231, 232, 233] 20160922
49.714609914213796 [3, 5, 6] [111, 112, 113, 114, 115, 116, 117, 118, 119] 20160309
49.66732634706667 [6, 7, 8, 9] [222, 223, 224, 225, 226, 227] 20160313
49.620525021994446 [2, 3, 5, 7] [38, 39, 40, 41, 42, 43, 44, 45, 46, 47, 48, 49] 20160405
49.61795599831585 [1, 2, 3] [0, 1, 2, 3, 4, 5, 6, 7, 8, 9, 10, 11] 20160325
49.61111178335 [5, 6, 7, 9] [238, 239, 240, 241, 242, 243, 244, 245, 246, 247, 248] 20160313
49.31968210162891 [1, 2, 3] [245, 246, 247, 248, 249] 20160324
49.31771299860001 [1, 2, 3, 4] [236, 237, 238, 239, 240] 20160922
49.2805595336 [1, 2, 3, 5] [242, 243, 244, 245] 20160922
49.2305595336 [1, 2, 3, 5] [223, 224, 225, 226, 227, 228] 20160922
49.181192089250004 [0, 1, 2, 3] [239, 240, 241, 242] 20160922
49.18055953359999 [1, 2, 3, 5] [244, 245, 246, 247] 20160922
48.983238105028576 [1, 2, 3, 5] [246, 247, 248, 249, 250, 251, 252, 253, 254, 255] 20160922
48.901587973826196 [5, 6, 7, 9] [243, 244, 245, 246, 247, 248, 249, 250, 251] 20160313
48.84203282875693 [1, 2] [248, 249, 250, 251, 252, 253, 254, 255, 256, 257, 258, 259] 20160324
48.75104633193334 [1, 2, 3, 4] [250, 251, 252, 253, 254, 255, 256, 257] 20160922
48.74484524788572 [1, 2, 3, 5] [217, 218, 219, 220, 221, 222, 223, 224, 225] 20160922
48.50636837860718 [0, 1, 2] [32, 33, 34, 35, 36, 37, 38, 39, 40, 41, 42, 43] 20160309
48.403630078700004 [0, 1, 2, 3] [196, 197, 198, 199, 200, 201, 202, 203, 204, 205] 20160421
48.192071025033336 [6, 7, 8, 9] [184, 185, 186, 187, 188] 20160529
48.18323094675 [1, 2, 3, 4] [33, 34, 35, 36, 37, 38, 39] 20160405
47.8286300787 [0, 1, 2, 3] [191, 192, 193, 194, 195, 196, 197, 198, 199, 200, 201] 20160421
47.75899301373334 [6, 7, 8, 9] [212, 213, 214, 215, 216, 217, 218, 219] 20160313
47.71111178335 [5, 6, 7, 9] [250, 251, 252, 253, 254] 20160313
47.24314563344356 [1, 2, 3] [235, 236, 237, 238, 239, 240, 241, 242, 243, 244, 245, 246] 20160324
46.1372049852 [0, 1, 2, 3] [3, 4, 5, 6, 7, 8, 9, 10] 20160313
46.112204985199995 [0, 1, 2, 3] [6, 7, 8, 9, 10, 11, 12, 13] 20160313
46.07126091305 [4, 6, 7, 9] [160, 161, 162, 163, 164, 165, 166, 167, 168, 169, 170, 171] 20160405
45.90973492161667 [0, 1, 2, 3] [193, 194, 195, 196, 197] 20160312
45.63867093425 [1, 2, 3, 4] [233, 234, 235] 20160324
45.49115564590001 [1, 2, 3, 4] [199, 200, 201, 202, 203] 20160529
45.3411556459 [1, 2, 3, 4] [204, 205, 206, 207, 208, 209, 210, 211] 20160529
45.26894209555 [5, 6, 7, 8] [281, 282, 283, 284, 285, 286, 287] 20160421
44.84113007869999 [0, 1, 2, 3] [185, 186, 187, 188, 189, 190, 191, 192, 193, 194] 20160421
44.14839308589923 [7, 8, 9] [197, 198, 199, 200] 20160529
44.04306825495 [0, 1, 2, 3] [285, 286, 287] 20160312
43.82997041796666 [3, 4, 5, 6] [175, 176, 177, 178, 179] 20160529
43.6006596804 [6, 7, 8, 9] [205, 206, 207] 20160313
43.45088842365 [1, 2, 3, 5] [64, 65, 66] 20160325
43.412204985200006 [0, 1, 2, 3] [22, 23, 24, 25, 26, 27, 28, 29, 30, 31] 20160313
43.10111483483795 [1, 2, 3] [47, 48, 49, 50, 51] 20160325
42.92790975408107 [1, 2, 3] [50, 51, 52, 53] 20160325
42.927909754081064 [1, 2, 3] [37, 38, 39, 40, 41, 42, 43, 44, 45, 46, 47, 48] 20160325
42.89733121789444 [2, 3, 4, 6] [213, 214, 215, 216, 217, 218, 219, 220, 221, 222, 223] 20160529
42.71198366004999 [0, 1, 2, 3] [0, 1, 2, 3, 4, 5] 20160911
42.400033181972226 [5, 6, 7, 9] [164, 165, 166, 167, 168, 169, 170, 171, 172, 173, 174, 175] 20160405
41.4083037513 [3, 4, 5, 6] [166, 167, 168, 169, 170, 171, 172] 20160529
41.151403331951975 [0, 1, 2] [175, 176, 177, 178] 20160308
40.260595596092855 [3, 5, 7, 9] [168, 169, 170, 171, 172, 173, 174, 175, 176, 177] 20160405
39.95399345757823 [5, 7, 8, 9] [169, 170, 171, 172, 173, 174, 175, 176] 20160529
39.95140085939999 [1, 2, 3, 5] [20, 21, 22, 23, 24, 25, 26, 27, 28, 29] 20160911
39.217760540755556 [0, 1, 2, 3] [33, 34, 35, 36, 37, 38, 39, 40, 41, 42, 43] 20160313
39.17511732432778 [4, 5, 6, 7] [270, 271, 272, 273, 274, 275, 276, 277, 278, 279, 280] 20160313
38.8561337872 [0, 1, 2, 3] [6, 7, 8, 9, 10, 11, 12] 20160405
38.726753514349994 [2, 3, 4, 5] [37, 38, 39, 40, 41, 42, 43] 20160911
38.06233954655 [4, 5, 6, 7] [274, 275, 276, 277, 278, 279, 280, 281, 282, 283, 284, 285] 20160313
37.652735431150006 [5, 6, 7, 8] [43, 44, 45, 46] 20160313
37.44551156529561 [1, 2, 3] [217, 218, 219, 220, 221, 222, 223, 224, 225, 226] 20160324
37.16435902428931 [2, 3, 4] [180, 181, 182, 183, 184, 185, 186] 20160529
36.6868874436 [4, 6, 7, 8] [45, 46, 47, 48, 49, 50, 51, 52] 20160313
36.418319106300004 [0, 1, 2, 3] [91, 92, 93, 94, 95, 96, 97, 98, 99, 100, 101, 102] 20160325
36.392554432361855 [4, 6, 7] [0, 1, 2, 3, 4] 20160529
36.156953816615804 [5, 7, 8, 9] [96, 97, 98, 99, 100, 101] 20160302
36.14023543115 [5, 6, 7, 8] [53, 54, 55, 56, 57, 58, 59, 60, 61, 62, 63] 20160313
36.065888423649994 [1, 2, 3, 5] [99, 100, 101, 102, 103, 104, 105, 106, 107, 108, 109, 110] 20160325
35.94255509031666 [1, 2, 3, 5] [106, 107, 108, 109, 110, 111, 112, 113] 20160325
35.76762573335 [0, 1, 2, 3] [0, 1, 2, 3, 4, 5] 20160308
35.70088842365 [1, 2, 3, 5] [112, 113, 114] 20160325
35.694553440116664 [2, 3, 4, 6] [2, 3, 4, 5, 6, 7, 8, 9] 20160529
35.540019331766686 [6, 7, 8, 9] [103, 104, 105, 106, 107, 108, 109, 110, 111, 112] 20160302
35.46619545883536 [5, 7, 8, 9] [89, 90, 91, 92, 93, 94, 95, 96, 97, 98] 20160302
35.26517413793571 [1, 2, 3, 5] [115, 116, 117, 118, 119, 120, 121, 122, 123, 124] 20160325
35.22469696946429 [5, 6, 7, 8] [64, 65, 66, 67, 68, 69, 70, 71, 72] 20160911
35.09255411232144 [5, 6, 7, 8] [79, 80, 81, 82, 83, 84, 85, 86, 87, 88] 20160911
35.000649350416666 [5, 6, 7, 8] [59, 60, 61, 62, 63, 64, 65, 66] 20160911
34.95273543115 [5, 6, 7, 8] [62, 63, 64, 65, 66, 67] 20160313
34.94599390576667 [4, 6, 7, 8] [1, 2, 3, 4, 5, 6, 7, 8] 20160419
34.543319106300004 [0, 1, 2, 3] [95, 96, 97, 98, 99, 100, 101, 102, 103] 20160325
34.2803167897 [6, 7, 8, 9] [126, 127, 128, 129, 130, 131] 20160421
34.1423916505 [5, 6, 7, 9] [248, 249, 250, 251, 252, 253, 254, 255, 256, 257] 20160529
34.12430280975 [3, 5, 7, 9] [108, 109, 110, 111, 112, 113, 114, 115, 116, 117] 20160421
34.04674714272222 [5, 7, 8, 9] [67, 68, 69, 70, 71, 72, 73, 74, 75, 76, 77, 78] 20160313
33.99820446722857 [6, 7, 8, 9] [177, 178, 179, 180, 181, 182, 183, 184, 185] 20160325
33.961220340244445 [6, 7, 8, 9] [171, 172, 173, 174, 175, 176, 177, 178, 179, 180, 181, 182] 20160325
33.92430280975001 [3, 5, 7, 9] [93, 94, 95, 96, 97, 98, 99, 100, 101, 102, 103] 20160421
33.790187399784244 [0, 1, 2] [153, 154, 155, 156, 157, 158, 159, 160, 161, 162, 163, 164] 20160308
33.69563497315001 [5, 7, 8, 9] [92, 93, 94, 95, 96, 97, 98, 99] 20160421
32.899302809750004 [3, 5, 7, 9] [98, 99, 100, 101, 102, 103, 104, 105] 20160421
32.86567851557456 [7, 8, 9] [121, 122, 123, 124, 125, 126, 127, 128] 20160421
32.833446760566666 [3, 4, 5, 6] [0, 1, 2, 3, 4] 20160328
32.48450577355 [1, 2, 3, 5] [214, 215, 216, 217, 218, 219, 220, 221, 222, 223] 20160328
32.367625733349996 [0, 1, 2, 3] [12, 13, 14, 15, 16, 17, 18, 19] 20160308
32.33000896745 [0, 1, 2, 3] [32, 33, 34, 35, 36] 20160419
32.3212366337 [1, 2, 3, 5] [2, 3, 4, 5] 20160301
32.3212366337 [1, 2, 3, 5] [5, 6, 7, 8, 9, 10, 11, 12, 13] 20160301
32.14075577355 [1, 2, 3, 5] [219, 220, 221, 222, 223, 224, 225, 226, 227, 228, 229, 230] 20160328
32.10011342723333 [3, 4, 5, 6] [2, 3, 4, 5, 6] 20160328
32.0798916505 [5, 6, 7, 9] [243, 244, 245, 246, 247, 248] 20160529
32.05738813870907 [7, 8, 9] [115, 116, 117, 118, 119, 120, 121] 20160421
31.900308722294454 [0, 1, 2, 3] [0, 1, 2, 3, 4, 5, 6, 7, 8, 9, 10, 11] 20160621
31.705196168216666 [5, 6, 7, 8] [6, 7, 8, 9, 10, 11, 12, 13] 20160419
31.42023552315 [0, 1, 2, 3] [54, 55, 56, 57, 58, 59, 60, 61, 62] 20160328
31.220235523150002 [0, 1, 2, 3] [43, 44, 45, 46, 47, 48, 49, 50, 51, 52, 53] 20160328
31.21837996878333 [5, 6, 7, 8] [17, 18, 19, 20, 21, 22, 23, 24, 25, 26, 27] 20160301
31.197231507650002 [4, 5, 6, 7] [77, 78, 79, 80, 81] 20160911
30.997231507650007 [4, 5, 6, 7] [71, 72, 73, 74, 75, 76, 77, 78] 20160911
30.822735523149998 [0, 1, 2, 3] [66, 67, 68, 69, 70, 71, 72, 73] 20160328
30.687616475530955 [0, 1, 2, 3] [27, 28, 29, 30, 31, 32, 33, 34, 35] 20160328
30.674830752440045 [3, 5, 7, 8] [76, 77, 78, 79, 80, 81, 82, 83, 84, 85, 86] 20160302
30.429485960700003 [2, 3, 4, 5] [274, 275, 276, 277, 278, 279, 280, 281, 282, 283, 284] 20160405
30.394691721 [4, 5, 7, 9] [74, 75, 76, 77, 78, 79, 80] 20160421
30.32127736184677 [3, 5, 7, 8] [74, 75, 76, 77, 78, 79] 20160302
30.274192025949997 [2, 3, 4, 6] [8, 9, 10, 11, 12, 13, 14, 15, 16] 20160328
30.196520288025514 [8, 9] [119, 120, 121, 122, 123, 124, 125, 126, 127] 20160302
30.088697978499994 [0, 1, 2, 3] [10, 11, 12, 13, 14, 15, 16, 17, 18, 19, 20] 20160529
29.937530944516666 [0, 1, 2, 3] [13, 14, 15, 16, 17, 18, 19, 20] 20160621
29.87023552315 [0, 1, 2, 3] [120, 121, 122, 123, 124, 125] 20160328
29.84801330092778 [0, 1, 2, 3] [17, 18, 19, 20, 21, 22, 23, 24, 25, 26, 27] 20160328
29.795235523149998 [0, 1, 2, 3] [118, 119, 120, 121] 20160328
29.742238747950005 [5, 7, 8, 9] [91, 92, 93, 94] 20160911
29.1811337872 [0, 1, 2, 3] [221, 222, 223, 224, 225, 226, 227, 228, 229] 20160405
29.155016525727774 [5, 7, 8, 9] [95, 96, 97, 98, 99, 100, 101, 102, 103, 104, 105, 106] 20160911
29.12086427785001 [0, 1, 2, 3] [21, 22, 23, 24, 25, 26, 27, 28, 29, 30, 31, 32] 20160621
28.70370117430952 [5, 6, 7, 9] [259, 260, 261, 262, 263, 264, 265, 266, 267] 20160529
28.681555121357142 [0, 1, 2, 3] [20, 21, 22, 23, 24, 25, 26, 27, 28] 20160529
28.500898622349997 [2, 3, 5, 6] [145, 146, 147, 148, 149, 150, 151, 152, 153, 154, 155, 156] 20160325
28.28001977775 [6, 7, 8, 9] [31, 32, 33, 34, 35, 36, 37, 38, 39, 40, 41, 42] 20160301
28.110109229133332 [6, 7, 8, 9] [166, 167, 168, 169, 170, 171, 172, 173] 20160325
28.087184344978574 [1, 2, 3, 5] [193, 194, 195, 196, 197, 198, 199, 200, 201] 20160328
28.0149874624 [4, 6, 7, 8] [235, 236, 237, 238, 239, 240, 241, 242, 243, 244] 20160328
27.78011539726372 [0, 1] [147, 148, 149, 150, 151, 152] 20160308
27.763697978499998 [0, 1, 2, 3] [139, 140, 141, 142, 143, 144] 20160529
27.63869404102641 [0, 1] [145, 146, 147, 148] 20160308
27.6315148351 [1, 2, 3, 4] [179, 180, 181, 182] 20160328
27.510735960700003 [2, 3, 4, 5] [261, 262, 263, 264, 265, 266, 267, 268, 269, 270, 271] 20160405
27.387900939572226 [1, 2, 3, 4] [30, 31, 32, 33, 34, 35, 36, 37, 38, 39, 40] 20160621
27.29371589502325 [5, 6] [98, 99, 100, 101, 102, 103, 104] 20160302
27.174121663303644 [3, 5, 7] [281, 282, 283, 284, 285, 286, 287] 20160405
26.8386979785 [0, 1, 2, 3] [32, 33, 34, 35, 36, 37, 38, 39, 40, 41, 42] 20160529
26.6167800939 [3, 4, 5, 6] [232, 233, 234, 235, 236, 237, 238] 20160328
26.6136979785 [0, 1, 2, 3] [48, 49, 50, 51] 20160529
26.597256777249996 [4, 6, 7, 8] [15, 16, 17, 18, 19, 20] 20160308
26.392882163850004 [1, 2, 3, 5] [36, 37, 38, 39, 40, 41, 42] 20160621
26.325361770132016 [7, 8, 9] [207, 208, 209, 210, 211] 20160325
26.325361770132016 [7, 8, 9] [210, 211, 212] 20160325
26.195350949955554 [5, 6, 7, 8] [20, 21, 22, 23, 24, 25, 26, 27, 28, 29, 30] 20160308
26.001029501550004 [5, 6, 7, 8] [67, 68, 69, 70, 71, 72] 20160419
25.763092666007143 [0, 1, 2, 3] [155, 156, 157, 158, 159, 160, 161, 162, 163] 20160328
25.02861368971481 [2, 3, 4, 6] [138, 139, 140, 141, 142, 143] 20160325
24.989795394399998 [5, 6, 7, 8] [35, 36, 37, 38, 39, 40, 41, 42, 43, 44, 45, 46] 20160308
24.855408608957923 [2, 3, 4, 6] [137, 138, 139, 140, 141] 20160325
24.830332396400006 [5, 7, 8, 9] [234, 235, 236, 237, 238] 20160419
24.822508751007756 [8, 9] [81, 82, 83, 84, 85, 86, 87, 88, 89] 20160302
24.75365447986111 [5, 7, 8, 9] [118, 119, 120, 121, 122, 123, 124, 125, 126, 127, 128] 20160514
24.715882293903764 [2, 3, 4, 6] [140, 141, 142, 143, 144, 145] 20160325
24.367121958800002 [5, 6, 7, 9] [212, 213, 214, 215, 216, 217, 218] 20160514
24.305332396400004 [5, 7, 8, 9] [225, 226, 227, 228, 229, 230, 231, 232, 233, 234, 235] 20160419
24.181192089249997 [0, 1, 2, 3] [284, 285, 286, 287] 20160922
24.173870813212332 [0, 1] [114, 115, 116, 117, 118, 119] 20160308
24.143639383700005 [6, 7, 8, 9] [257, 258, 259, 260, 261, 262, 263, 264, 265, 266, 267] 20160328
23.989795394399998 [5, 6, 7, 8] [46, 47, 48, 49, 50, 51, 52, 53, 54] 20160308
23.923128727733335 [5, 6, 7, 8] [43, 44, 45, 46, 47] 20160308
23.8993830611 [5, 6, 7, 9] [222, 223, 224, 225, 226] 20160419
23.750455292133328 [5, 6, 7, 9] [208, 209, 210, 211, 212, 213, 214, 215] 20160514
23.69421003541667 [5, 7, 8, 9] [111, 112, 113, 114, 115, 116, 117, 118] 20160514
23.541908726029195 [0, 1] [79, 80, 81, 82, 83] 20160328
23.534376528883335 [5, 6, 7, 8] [197, 198, 199, 200, 201, 202, 203, 204] 20160628
23.50745663125 [5, 7, 8, 9] [235, 236, 237, 238] 20160514
23.480621744427772 [6, 7, 8, 9] [188, 189, 190, 191, 192, 193, 194, 195, 196, 197, 198] 20160628
23.440785990283338 [5, 7, 8, 9] [215, 216, 217, 218, 219, 220, 221, 222, 223, 224, 225] 20160628
23.296999063066668 [5, 7, 8, 9] [244, 245, 246, 247, 248, 249] 20160419
23.25745663125 [5, 7, 8, 9] [228, 229, 230, 231, 232, 233] 20160514
23.005332396400007 [5, 7, 8, 9] [246, 247, 248, 249, 250, 251, 252] 20160419
22.882456631250008 [5, 7, 8, 9] [207, 208, 209, 210, 211] 20160514
22.6958602954 [3, 4, 5, 6] [139, 140, 141, 142, 143, 144] 20160301
22.586851099022557 [0, 1, 2] [163, 164, 165, 166, 167, 168, 169, 170, 171, 172, 173, 174] 20160312
22.5728780412 [5, 6, 7, 9] [91, 92, 93, 94, 95, 96, 97, 98, 99, 100, 101, 102] 20160514
22.473916442345516 [7, 8, 9] [213, 214, 215, 216, 217, 218] 20160628
22.433354231676194 [5, 6, 7, 9] [105, 106, 107, 108, 109, 110, 111, 112, 113] 20160514
22.385072478100003 [4, 5, 6, 7] [88, 89, 90, 91, 92, 93] 20160514
22.302843966650002 [6, 7, 8, 9] [187, 188, 189, 190] 20160628
22.177611313648004 [3, 4] [89, 90, 91] 20160328
22.168662642982593 [3, 5, 6] [58, 59, 60, 61, 62, 63, 64] 20160419
21.78109611931796 [7, 8, 9] [208, 209, 210, 211, 212, 213, 214, 215, 216] 20160628
21.778878256844443 [5, 6, 7, 8] [46, 47, 48, 49, 50, 51, 52, 53, 54, 55, 56, 57] 20160621
21.426211374533334 [5, 6, 7, 9] [103, 104, 105, 106, 107] 20160514
21.328065966949993 [0, 1, 2, 3] [0, 1, 2, 3, 4, 5, 6, 7, 8, 9] 20160628
21.144971609957143 [3, 5, 7, 9] [194, 195, 196, 197, 198, 199, 200, 201, 202, 203] 20160514
20.902160010450007 [6, 7, 8, 9] [246, 247, 248, 249, 250, 251, 252, 253, 254, 255, 256, 257] 20160514
20.82604319555 [5, 6, 7, 8] [175, 176, 177, 178, 179, 180, 181, 182, 183, 184, 185, 186] 20160628
20.721289420125775 [8, 9] [45, 46, 47, 48, 49, 50, 51, 52, 53, 54, 55, 56] 20160302
20.373438159499997 [4, 5, 7, 9] [79, 80, 81, 82, 83, 84, 85, 86, 87] 20160514
20.258413073399996 [0, 1, 2, 3] [131, 132, 133, 134] 20160412
20.138682358350003 [6, 7, 8, 9] [215, 216, 217, 218, 219, 220, 221, 222] 20160911
20.138682358350003 [6, 7, 8, 9] [221, 222, 223, 224] 20160911
20.132456631249994 [5, 7, 8, 9] [185, 186, 187, 188] 20160514
19.958413073399996 [0, 1, 2, 3] [134, 135, 136, 137, 138] 20160412
19.80795560005 [3, 5, 6, 7] [151, 152, 153] 20160301
19.745786763814287 [4, 5, 6, 7] [75, 76, 77, 78, 79, 80, 81, 82, 83] 20160514
19.635938159499997 [4, 5, 7, 9] [73, 74, 75, 76, 77, 78] 20160514
19.306672416100003 [6, 7, 8, 9] [265, 266, 267, 268, 269, 270] 20160419
19.28866572973334 [5, 7, 8, 9] [264, 265, 266, 267, 268] 20160419
19.24624685365 [0, 1, 2, 3] [143, 144, 145, 146, 147, 148, 149, 150, 151, 152] 20160302
19.15743235835 [6, 7, 8, 9] [196, 197, 198, 199, 200, 201, 202, 203, 204, 205] 20160911
18.96368235835 [6, 7, 8, 9] [234, 235, 236, 237, 238] 20160911
18.951182358349996 [6, 7, 8, 9] [231, 232, 233, 234, 235, 236] 20160911
18.912913520316664 [0, 1, 2, 3] [158, 159, 160, 161, 162, 163] 20160302
18.801202656950004 [5, 7, 8, 9] [228, 229, 230, 231, 232, 233, 234] 20160628
18.801202656950004 [5, 7, 8, 9] [232, 233, 234, 235] 20160628
18.67958018698333 [0, 1, 2, 3] [161, 162, 163, 164, 165] 20160302
18.481202656949996 [5, 7, 8, 9] [234, 235, 236, 237, 238, 239, 240, 241, 242, 243, 244, 245] 20160628
18.446246853650003 [0, 1, 2, 3] [163, 164, 165, 166, 167, 168, 169, 170, 171, 172, 173, 174] 20160302
18.39624685365 [0, 1, 2, 3] [133, 134, 135, 136, 137, 138, 139, 140, 141, 142, 143] 20160302
18.369170185900003 [5, 6, 7, 8] [143, 144, 145, 146, 147, 148] 20160412
18.18473780565 [4, 5, 7, 8] [60, 61, 62, 63, 64, 65] 20160514
17.94624685365 [0, 1, 2, 3] [169, 170, 171, 172, 173, 174, 175, 176, 177, 178] 20160302
17.839170185900002 [5, 6, 7, 8] [151, 152, 153, 154, 155, 156, 157, 158] 20160412
17.82209738122857 [3, 5, 7, 9] [124, 125, 126, 127, 128, 129, 130, 131, 132, 133] 20160922
17.750668809799997 [3, 5, 7, 9] [123, 124, 125, 126, 127] 20160922
17.600521604199997 [3, 4, 5, 6] [121, 122, 123, 124] 20160412
17.437130161699997 [5, 6, 7, 9] [107, 108, 109, 110, 111, 112, 113, 114, 115, 116] 20160922
17.27086427785001 [0, 1, 2, 3] [234, 235, 236, 237, 238] 20160621
17.12086427785001 [0, 1, 2, 3] [228, 229, 230, 231, 232] 20160621
16.99624685365 [0, 1, 2, 3] [177, 178, 179, 180, 181] 20160302
16.995864277850004 [0, 1, 2, 3] [238, 239, 240, 241] 20160621
16.713865585588888 [4, 6, 7, 9] [97, 98, 99, 100, 101, 102, 103, 104, 105, 106, 107] 20160922
16.670864277850008 [0, 1, 2, 3] [245, 246, 247, 248, 249] 20160621
16.62086427785001 [0, 1, 2, 3] [251, 252, 253, 254, 255, 256, 257] 20160621
16.619138897299994 [3, 4, 5, 7] [116, 117, 118, 119] 20160621
16.57806596695 [0, 1, 2, 3] [249, 250, 251, 252, 253] 20160628
16.562530944516674 [0, 1, 2, 3] [222, 223, 224, 225, 226, 227, 228, 229] 20160621
16.5162348193 [2, 3, 4, 6] [183, 184, 185, 186, 187, 188, 189, 190, 191, 192, 193] 20160302
16.478065966950005 [0, 1, 2, 3] [252, 253, 254] 20160628
16.336942271900003 [0, 1, 2, 3] [273, 274, 275, 276, 277, 278, 279, 280, 281] 20160514
16.15578758635 [3, 4, 5, 6] [189, 190, 191, 192, 193, 194, 195] 20160302
16.14578758635 [3, 4, 5, 6] [192, 193, 194, 195, 196, 197, 198, 199] 20160302
16.061399300283327 [0, 1, 2, 3] [241, 242, 243, 244, 245, 246, 247, 248] 20160628
16.049120716473627 [7, 8] [60, 61, 62, 63, 64] 20160621
15.989557698688888 [3, 5, 7, 9] [88, 89, 90, 91, 92, 93, 94, 95, 96, 97, 98] 20160922
15.970864277850012 [0, 1, 2, 3] [259, 260, 261, 262, 263] 20160621
15.92209194539077 [3, 4, 6] [158, 159, 160, 161, 162, 163, 164, 165, 166, 167] 20160301
15.914286190478197 [3, 4, 5] [107, 108, 109, 110, 111, 112, 113, 114, 115] 20160412
15.877954489671428 [5, 6, 7, 9] [194, 195, 196, 197, 198, 199, 200, 201, 202] 20160419
15.857659733150001 [4, 5, 6, 7] [168, 169, 170, 171, 172, 173, 174] 20160301
15.7415869266 [0, 1, 2, 3] [0, 1, 2] 20160412
15.696288410187925 [6, 7, 8, 9] [257, 258, 259, 260] 20160301
15.58081835635 [6, 7, 8, 9] [259, 260, 261, 262] 20160301
15.5119422719 [0, 1, 2, 3] [269, 270, 271, 272, 273, 274, 275] 20160514
15.489125381600001 [6, 7, 8, 9] [160, 161, 162, 163, 164, 165, 166, 167] 20160412
15.470070140499999 [1, 2, 3, 4] [94, 95, 96, 97, 98, 99] 20160412
15.242612983175398 [3, 4, 5, 6] [202, 203, 204, 205, 206, 207, 208, 209, 210, 211, 212, 213] 20160302
14.707659733149999 [4, 5, 6, 7] [172, 173, 174, 175, 176, 177] 20160301
14.675955454033335 [2, 3, 4, 5] [129, 130, 131, 132, 133, 134, 135, 136] 20160621
14.388597906000001 [9] [58, 59, 60, 61, 62, 63, 64, 65] 20160301
13.9501773497 [3, 5, 7, 9] [111, 112, 113, 114, 115, 116, 117, 118, 119, 120, 121, 122] 20160312
13.850668809799995 [3, 5, 7, 9] [73, 74, 75, 76, 77, 78, 79] 20160922
13.825668809799996 [3, 5, 7, 9] [77, 78, 79, 80, 81, 82] 20160922
13.808272054704128 [0, 1] [97, 98, 99, 100, 101, 102, 103, 104, 105, 106] 20160621
13.802588285765003 [7, 8, 9] [133, 134, 135, 136, 137, 138, 139] 20160312
13.798325331799994 [9] [129, 130, 131, 132, 133, 134, 135, 136, 137] 20160911
13.798325331799994 [9] [137, 138, 139] 20160911
13.645100073350001 [3, 4, 5, 7] [103, 104, 105, 106, 107, 108, 109, 110] 20160312
13.627659733149997 [4, 5, 6, 7] [176, 177, 178, 179, 180, 181, 182] 20160301
13.600668809799995 [3, 5, 7, 9] [71, 72, 73, 74] 20160922
13.51970115922381 [3, 5, 7, 9] [117, 118, 119, 120, 121, 122, 123, 124, 125, 126, 127, 128] 20160312
13.51391315117019 [7, 8, 9] [138, 139, 140] 20160312
13.470864277850005 [0, 1, 2, 3] [271, 272, 273] 20160621
13.44510007335 [3, 4, 5, 7] [99, 100, 101, 102, 103] 20160312
13.25765973315 [4, 5, 6, 7] [83, 84, 85, 86, 87, 88, 89, 90, 91] 20160301
13.211720595899997 [5, 6, 7, 9] [177, 178, 179, 180, 181, 182] 20160412
13.17010007335 [3, 4, 5, 7] [82, 83, 84, 85, 86, 87, 88, 89, 90, 91, 92, 93] 20160312
12.99510007335 [3, 4, 5, 7] [90, 91, 92, 93, 94] 20160312
12.828433406683333 [3, 4, 5, 7] [93, 94, 95, 96, 97, 98, 99, 100] 20160312
12.821092828142639 [7, 8, 9] [127, 128, 129, 130, 131, 132, 133, 134, 135] 20160312
12.62086427785001 [0, 1, 2, 3] [193, 194, 195, 196, 197, 198, 199] 20160621
12.59015272046679 [7, 8, 9] [126, 127, 128, 129] 20160312
12.573170650016667 [4, 6, 7, 9] [183, 184, 185, 186, 187, 188, 189, 190] 20160412
12.35706402173898 [0, 1, 2] [1, 2, 3, 4, 5] 20160922
12.244538239305545 [5, 6, 7, 8] [168, 169, 170, 171, 172, 173, 174, 175, 176, 177, 178] 20160911
11.964399464821525 [0, 1] [36, 37, 38, 39, 40, 41, 42, 43, 44, 45, 46, 47] 20160412
11.934490416150002 [5, 7, 8, 9] [0, 1, 2] 20160312
11.546312541999999 [0, 1, 2, 3] [57, 58, 59] 20160412
11.478065966949998 [0, 1, 2, 3] [29, 30, 31, 32, 33, 34, 35, 36, 37, 38, 39] 20160628
11.168906882933328 [0, 1, 2, 3] [67, 68, 69, 70, 71, 72, 73, 74] 20160412
11.036099140600001 [1, 2, 3, 5] [285, 286, 287] 20160911
10.947905025199999 [0, 1, 2, 3] [67, 68, 69, 70, 71, 72, 73, 74] 20160301
10.936399300283334 [0, 1, 2, 3] [40, 41, 42, 43, 44, 45, 46, 47] 20160628
10.9360991406 [1, 2, 3, 5] [284, 285, 286] 20160911
10.900886422749998 [2, 3, 4, 6] [276, 277, 278, 279, 280, 281, 282, 283, 284, 285, 286, 287] 20160412
10.4584130734 [0, 1, 2, 3] [268, 269, 270, 271, 272, 273, 274, 275, 276, 277, 278] 20160412
10.395100073350001 [3, 4, 5, 7] [67, 68, 69, 70, 71, 72, 73, 74, 75, 76, 77, 78] 20160312
10.361720595899996 [5, 6, 7, 9] [195, 196, 197, 198, 199, 200, 201, 202] 20160412
10.308413073399997 [0, 1, 2, 3] [260, 261, 262, 263, 264, 265, 266, 267, 268, 269] 20160412
10.270864277850016 [0, 1, 2, 3] [182, 183, 184, 185, 186, 187, 188, 189] 20160621
9.843967107725462 [8, 9] [228, 229, 230, 231, 232, 233, 234, 235, 236, 237, 238] 20160301
9.719991032549999 [0, 1, 2, 3] [151, 152, 153, 154, 155, 156, 157, 158, 159] 20160419
9.686657699216667 [0, 1, 2, 3] [150, 151, 152, 153, 154] 20160419
9.661548787650002 [4, 5, 6, 7] [200, 201, 202, 203, 204, 205, 206, 207] 20160412
9.564435476994447 [0, 1, 2, 3] [142, 143, 144, 145, 146, 147, 148, 149, 150, 151, 152] 20160419
9.413970883883334 [4, 5, 7, 8] [105, 106, 107, 108, 109, 110, 111, 112] 20160628
9.38520882409285 [0, 1, 2, 3] [51, 52, 53, 54, 55, 56, 57, 58, 59, 60] 20160628
9.23063755055 [4, 5, 7, 8] [99, 100, 101, 102, 103, 104, 105, 106] 20160628
9.11397088388333 [4, 5, 7, 8] [93, 94, 95, 96, 97, 98, 99, 100] 20160628
8.6504201859 [5, 6, 7, 8] [211, 212, 213, 214, 215, 216, 217, 218, 219, 220, 221, 222] 20160412
8.57713388969286 [0, 1, 2, 3] [156, 157, 158, 159, 160, 161, 162, 163, 164, 165, 166, 167] 20160419
8.197768810327776 [0, 1, 2, 3] [132, 133, 134, 135, 136, 137, 138, 139, 140, 141, 142, 143] 20160419
8.0355771545 [4, 5, 7, 8] [112, 113, 114, 115, 116, 117, 118, 119, 120, 121, 122, 123] 20160324
7.885577154500002 [4, 5, 7, 8] [117, 118, 119, 120, 121, 122, 123, 124, 125] 20160324
7.846748820305342 [5, 7, 8] [128, 129, 130, 131, 132, 133, 134, 135, 136, 137, 138] 20160324
7.6866576992166635 [0, 1, 2, 3] [126, 127, 128, 129, 130, 131, 132, 133] 20160419
7.673543739548454 [5, 7, 8] [145, 146, 147, 148, 149, 150, 151, 152, 153, 154, 155] 20160324
7.653931774966665 [5, 7, 8, 9] [149, 150, 151, 152, 153, 154, 155, 156, 157, 158, 159, 160] 20160324
7.6355771545 [4, 5, 7, 8] [108, 109, 110] 20160324
7.512265108300001 [5, 7, 8, 9] [156, 157, 158, 159, 160, 161, 162, 163, 164] 20160324
7.4855771545 [4, 5, 7, 8] [104, 105, 106, 107] 20160324
7.342820663855555 [5, 7, 8, 9] [162, 163, 164, 165, 166, 167, 168, 169, 170, 171, 172, 173] 20160324
7.1434798421111125 [0, 1, 2, 3] [64, 65, 66, 67, 68, 69, 70, 71, 72, 73, 74, 75] 20160324
7.1323687310000015 [0, 1, 2, 3] [58, 59, 60, 61, 62, 63, 64, 65, 66] 20160324
7.0498628687857146 [4, 5, 7, 8] [93, 94, 95, 96, 97, 98, 99, 100, 101, 102] 20160324
6.953456669950004 [1, 2, 3, 4] [118, 119, 120, 121, 122, 123, 124, 125, 126, 127, 128] 20160419
5.878007816267105 [4, 6] [285, 286, 287] 20160301
