[Score] [Station index] [Time slots] 
149.85 [5,7,8,9] [248,249] [66.1, 71.95, 72.5, 72.5, 72.45, 74.55, 69.15, 75.6, 74.45, 75.1]
149.825 [5,7,8,9] [247,248] [66.45, 72.1, 72.55, 72.7, 72.5, 74.25, 69.1, 75.65, 74.45, 75.3]
149.8 [5,7,8,9] [248,249,250] [66.0, 71.933, 72.467, 72.433, 72.433, 74.467, 69.133, 75.633, 74.433, 75.067]
149.784 [5,7,8,9] [246,247,248] [66.567, 72.167, 72.5, 72.867, 72.5, 74.167, 69.1, 75.667, 74.467, 75.267]
149.78 [5,7,8,9] [246,247,248,249,250] [66.28, 72.06, 72.46, 72.64, 72.46, 74.32, 69.1, 75.64, 74.44, 75.16]
149.775 [5,7,8,9] [249,250] [65.85, 71.9, 72.4, 72.3, 72.4, 74.55, 69.1, 75.6, 74.4, 75.0]
149.76 [5,7,8,9] [245,246,247,248,249] [66.52, 72.22, 72.48, 72.94, 72.54, 74.28, 69.06, 75.6, 74.48, 75.16]
149.75 [5,7,8,9] [245,246,247,248,249,250] [66.4, 72.167, 72.467, 72.833, 72.517, 74.283, 69.067, 75.617, 74.467, 75.133]
149.74 [5,7,8,9] [247,248,249,250,251] [65.98, 71.98, 72.46, 72.44, 72.44, 74.36, 69.06, 75.6, 74.42, 75.1]
149.738 [5,7,8,9] [245,246,247,248] [66.675, 72.3, 72.5, 73.1, 72.575, 74.15, 69.05, 75.625, 74.5, 75.2]
149.733 [5,7,8,9] [244,245,246,247,248,249] [66.65, 72.383, 72.483, 73.083, 72.7, 74.283, 69.05, 75.583, 74.5, 75.1]
149.729 [5,7,8,9] [244,245,246,247,248,249,250] [66.529, 72.314, 72.471, 72.971, 72.657, 74.286, 69.057, 75.6, 74.486, 75.086]
149.725 [5,7,8,9] [248,249,250,251] [65.825, 71.925, 72.45, 72.375, 72.425, 74.4, 69.075, 75.6, 74.425, 75.025]
149.71 [5,7,8,9] [244,245,246,247,248] [66.8, 72.48, 72.5, 73.24, 72.76, 74.18, 69.04, 75.6, 74.52, 75.12]
149.7 [5,7,8,9] [244,245,246,247,248,249,250,251] [66.375, 72.262, 72.462, 72.875, 72.625, 74.275, 69.038, 75.587, 74.475, 75.062]
149.694 [5,7,8,9] [243,244,245,246,247,248,249,250] [66.663, 72.513, 72.488, 73.1, 72.763, 74.275, 69.075, 75.588, 74.5, 75.025]
149.675 [5,7,8,9] [244,245,246,247] [66.925, 72.6, 72.475, 73.375, 72.825, 74.15, 69.0, 75.575, 74.525, 75.1]
149.673 [5,7,8,9] [243,244,245,246,247,248,249,250,251] [66.511, 72.444, 72.478, 73.0, 72.722, 74.267, 69.056, 75.578, 74.489, 75.011]
149.666 [5,7,8,9] [243,244,245,246,247,248] [66.933, 72.717, 72.517, 73.367, 72.883, 74.183, 69.067, 75.583, 74.533, 75.033]
149.658 [5,7,8,9] [246,247,248,249,250,251,252] [65.914, 72.029, 72.414, 72.514, 72.386, 74.214, 69.043, 75.586, 74.429, 75.086]
149.651 [5,7,8,9] [247,248,249,250,251,252] [65.767, 71.983, 72.417, 72.4, 72.367, 74.25, 69.033, 75.567, 74.417, 75.067]
149.65 [5,7,8,9] [245,246,247,248,249,250,251,252] [66.05, 72.113, 72.425, 72.675, 72.438, 74.2, 69.025, 75.575, 74.45, 75.075]
149.645 [5,7,8,9] [244,245,246,247,248,249,250,251,252] [66.189, 72.233, 72.433, 72.8, 72.556, 74.211, 69.022, 75.567, 74.467, 75.044]
149.634 [5,7,8,9] [244,245,246] [67.033, 72.733, 72.467, 73.6, 72.933, 74.133, 69.0, 75.567, 74.567, 75.0]
149.63 [5,7,8,9] [243,244,245,246,247] [67.06, 72.86, 72.5, 73.5, 72.96, 74.16, 69.04, 75.56, 74.54, 75.0]
149.625 [5,7,8,9] [243,244,245,246,247,248,249,250,251,252] [66.33, 72.4, 72.45, 72.92, 72.65, 74.21, 69.04, 75.56, 74.48, 75.0]
149.62 [5,7,8,9] [248,249,250,251,252] [65.6, 71.94, 72.4, 72.34, 72.34, 74.26, 69.04, 75.56, 74.42, 75.0]
149.613 [5,7,8,9] [242,243,244,245,246,247,248,249] [66.938, 72.775, 72.525, 73.313, 72.825, 74.275, 69.075, 75.525, 74.475, 74.95]
149.61 [5,7,8,9] [242,243,244,245,246,247,248,249,250,251] [66.66, 72.6, 72.5, 73.1, 72.74, 74.27, 69.06, 75.54, 74.46, 74.95]
149.601 [5,7,8,9] [246,247,248,249,250,251,252,253] [65.713, 72.025, 72.35, 72.475, 72.325, 74.15, 69.05, 75.563, 74.425, 75.063]
149.6 [5,7,8,9] [250,251] [65.55, 71.9, 72.4, 72.25, 72.4, 74.25, 69.0, 75.6, 74.4, 74.95]
149.596 [5,7,8,9] [244,245,246,247,248,249,250,251,252,253,254] [65.845, 72.191, 72.345, 72.682, 72.409, 74.136, 69.064, 75.536, 74.455, 75.064]
149.595 [5,7,8,9] [245,246,247,248,249,250,251,252,253,254] [65.7, 72.09, 72.33, 72.57, 72.3, 74.12, 69.07, 75.54, 74.44, 75.09]
149.594 [5,7,8,9] [246,247,248,249,250,251,252,253,254] [65.556, 72.022, 72.311, 72.433, 72.244, 74.122, 69.089, 75.544, 74.422, 75.1]
149.586 [5,7,8,9] [247,248,249,250,251,252,253] [65.557, 71.986, 72.343, 72.371, 72.3, 74.171, 69.043, 75.543, 74.414, 75.043]
149.584 [5,7,8,9] [243,244,245,246,247,248,249,250,251,252,253,254] [65.992, 72.333, 72.367, 72.792, 72.5, 74.142, 69.075, 75.533, 74.467, 75.025]
149.582 [5,7,8,9] [247,248,249,250,251,252,253,254] [65.4, 71.988, 72.3, 72.337, 72.213, 74.138, 69.087, 75.525, 74.413, 75.087]
149.575 [5,7,8,9] [241,242,243,244,245,246,247,248,249,250] [66.93, 72.8, 72.54, 73.28, 72.8, 74.27, 69.07, 75.52, 74.45, 74.91]
149.573 [5,7,8,9] [242,243,244,245,246,247,248,249,250,251,252] [66.482, 72.545, 72.473, 73.018, 72.673, 74.218, 69.045, 75.527, 74.455, 74.945]
149.568 [5,7,8,9] [241,242,243,244,245,246,247,248,249,250,251] [66.782, 72.718, 72.527, 73.182, 72.764, 74.264, 69.055, 75.518, 74.445, 74.909]
149.563 [5,7,8,9] [249,250,251,252] [65.425, 71.925, 72.35, 72.25, 72.3, 74.25, 69.0, 75.525, 74.4, 74.95]
149.562 [5,7,8,9] [241,242,243,244,245,246,247,248,249] [67.056, 72.9, 72.556, 73.389, 72.844, 74.267, 69.067, 75.5, 74.456, 74.9]
149.55 [5,7,8,9] [248,249,250,251,252,253,254] [65.229, 71.957, 72.271, 72.286, 72.171, 74.129, 69.1, 75.514, 74.414, 75.043]
149.546 [5,7,8,9] [244,245,246,247,248,249,250,251,252,253,254,255] [65.717, 72.15, 72.308, 72.642, 72.317, 74.042, 69.083, 75.517, 74.45, 75.083]
149.542 [5,7,8,9] [242,243,244,245,246,247,248,249,250,251,252,253] [66.3, 72.5, 72.425, 72.95, 72.608, 74.175, 69.05, 75.517, 74.45, 74.942]
149.541 [5,7,8,9] [245,246,247,248,249,250,251,252,253,254,255] [65.573, 72.055, 72.291, 72.536, 72.209, 74.018, 69.091, 75.518, 74.436, 75.109]
149.539 [5,7,8,9] [243,244,245,246,247,248,249,250,251,252,253,254,255] [65.862, 72.285, 72.331, 72.746, 72.408, 74.054, 69.092, 75.515, 74.462, 75.046]
149.538 [5,7,8,9] [241,242,243,244,245,246,247,248,249,250,251,252] [66.608, 72.658, 72.5, 73.1, 72.7, 74.217, 69.042, 75.508, 74.442, 74.908]
149.535 [5,7,8,9] [246,247,248,249,250,251,252,253,254,255] [65.43, 71.99, 72.27, 72.41, 72.15, 74.01, 69.11, 75.52, 74.42, 75.12]
149.533 [5,7,8,9] [242,243,244,245,246,247] [67.217, 73.05, 72.533, 73.583, 72.95, 74.183, 69.05, 75.5, 74.483, 74.9]
149.525 [5,7,8,9] [239,240,241,242,243,244,245,246,247,248,249,250] [67.158, 72.95, 72.608, 73.392, 72.808, 74.208, 69.058, 75.5, 74.475, 74.867]
149.523 [5,7,8,9] [239,240,241,242,243,244,245,246,247,248,249,250,251] [67.015, 72.869, 72.592, 73.3, 72.777, 74.208, 69.046, 75.5, 74.469, 74.869]
149.519 [5,7,8,9] [240,241,242,243,244,245,246,247,248,249,250,251,252] [66.723, 72.754, 72.531, 73.162, 72.715, 74.192, 69.038, 75.515, 74.438, 74.892]
149.517 [5,7,8,9] [247,248,249,250,251,252,253,254,255] [65.278, 71.956, 72.256, 72.322, 72.111, 74.011, 69.111, 75.5, 74.411, 75.111]
149.515 [5,7,8,9] [241,242,243,244,245,246,247,248,249,250,251,252,253,254] [66.279, 72.564, 72.421, 72.964, 72.564, 74.157, 69.071, 75.493, 74.436, 74.943]
149.512 [5,7,8,9] [241,242,243,244,245,246,247,248,249,250,251,252,253] [66.431, 72.608, 72.454, 73.031, 72.638, 74.177, 69.046, 75.5, 74.438, 74.908]
149.51 [5,7,8,9] [239,240,241,242,243,244,245,246,247,248,249] [67.282, 73.045, 72.627, 73.491, 72.845, 74.2, 69.055, 75.482, 74.482, 74.855]
149.504 [5,7,8,9] [242,243,244,245,246,247,248,249,250,251,252,253,254,255] [66.014, 72.407, 72.357, 72.836, 72.443, 74.071, 69.093, 75.493, 74.443, 75.0]
149.501 [5,7,8,9] [240,241,242,243,244,245,246,247,248] [67.3, 73.122, 72.611, 73.567, 72.9, 74.167, 69.056, 75.511, 74.456, 74.867]
149.5 [5,7,8,9] [249,250,251,252,253,254] [65.05, 71.95, 72.217, 72.217, 72.117, 74.1, 69.083, 75.483, 74.4, 75.017]
149.499 [5,7,8,9] [239,240,241,242,243,244,245,246,247,248,249,250,251,252] [66.85, 72.807, 72.564, 73.221, 72.721, 74.171, 69.036, 75.493, 74.464, 74.871]
149.497 [5,7,8,9] [240,241,242,243,244,245,246,247,248,249,250,251,252,253] [66.55, 72.7, 72.486, 73.093, 72.657, 74.157, 69.043, 75.507, 74.436, 74.893]
149.49 [5,7,8,9] [249,250,251,252,253] [65.2, 71.94, 72.26, 72.24, 72.22, 74.14, 69.02, 75.5, 74.4, 74.94]
149.486 [5,7,8,9] [238,239,240,241,242,243,244,245,246,247,248,249,250,251] [67.171, 72.864, 72.629, 73.393, 72.771, 74.164, 69.029, 75.5, 74.443, 74.864]
149.485 [5,7,8,9] [238,239,240,241,242,243,244,245,246,247,248,249,250] [67.315, 72.938, 72.646, 73.485, 72.8, 74.162, 69.038, 75.5, 74.446, 74.862]
149.481 [5,7,8,9] [248,249,250,251,252,253,254,255] [65.113, 71.925, 72.225, 72.275, 72.063, 73.988, 69.125, 75.487, 74.413, 75.075]
149.48 [5,7,8,9] [241,242,243,244,245,246,247,248,249,250,251,252,253,254,255] [66.147, 72.507, 72.387, 72.913, 72.48, 74.08, 69.087, 75.48, 74.433, 74.967]
149.479 [5,7,8,9] [241,242,243,244,245,246,247] [67.329, 73.171, 72.571, 73.643, 72.957, 74.186, 69.043, 75.471, 74.457, 74.843]
149.475 [5,7,8,9] [239,240,241,242,243,244,245,246,247,248] [67.42, 73.16, 72.65, 73.61, 72.89, 74.14, 69.05, 75.48, 74.49, 74.84]
149.469 [5,7,8,9] [240,241,242,243,244,245,246,247,248,249,250,251,252,253,254,255] [66.269, 72.594, 72.419, 72.975, 72.506, 74.069, 69.081, 75.488, 74.431, 74.95]
149.467 [5,7,8,9] [250,251,252] [65.267, 71.933, 72.333, 72.233, 72.267, 74.067, 68.967, 75.533, 74.4, 74.933]
149.462 [5,7,8,9] [244,245,246,247,248,249,250,251,252,253,254,255,256] [65.562, 72.1, 72.246, 72.608, 72.231, 73.908, 69.038, 75.492, 74.431, 75.092]
149.461 [5,7,8,9] [243,244,245,246,247,248,249,250,251,252,253,254,255,256] [65.707, 72.229, 72.271, 72.707, 72.321, 73.929, 69.05, 75.493, 74.443, 75.057]
149.457 [5,7,8,9] [240,241,242,243,244,245,246,247] [67.425, 73.263, 72.613, 73.675, 72.95, 74.15, 69.038, 75.488, 74.45, 74.825]
149.456 [5,7,8,9] [239,240,241,242,243,244,245,246,247,248,249,250,251,252,253,254,255] [66.4, 72.647, 72.453, 73.035, 72.524, 74.059, 69.076, 75.471, 74.453, 74.929]
149.451 [5,7,8,9] [245,246,247,248,249,250,251,252,253,254,255,256] [65.417, 72.008, 72.225, 72.508, 72.125, 73.875, 69.042, 75.492, 74.417, 75.117]
149.45 [5,7,8,9] [238,239,240,241,242,243,244,245,246,247,248,249,250,251,252,253] [66.837, 72.756, 72.556, 73.244, 72.669, 74.106, 69.025, 75.488, 74.438, 74.869]
149.446 [5,7,8,9] [237,238,239,240,241,242,243,244,245,246,247,248,249,250] [67.443, 72.936, 72.686, 73.607, 72.843, 74.093, 69.064, 75.521, 74.414, 74.864]
149.435 [5,7,8,9] [237,238,239,240,241,242,243,244,245,246,247,248,249,250,251,252] [67.137, 72.813, 72.638, 73.431, 72.763, 74.075, 69.044, 75.513, 74.413, 74.869]
149.434 [5,7,8,9] [239,240,241,242,243,244,245,246,247] [67.544, 73.289, 72.656, 73.711, 72.933, 74.122, 69.033, 75.456, 74.489, 74.8]
149.433 [5,7,8,9] [242,243,244,245,246,247,248,249,250,251,252,253,254,255,256] [65.86, 72.347, 72.3, 72.793, 72.36, 73.953, 69.053, 75.473, 74.427, 75.013]
149.432 [5,7,8,9] [238,239,240,241,242,243,244,245,246,247,248] [67.582, 73.127, 72.691, 73.7, 72.873, 74.091, 69.027, 75.482, 74.455, 74.836]
149.43 [5,7,8,9] [238,239,240,241,242,243,244,245,246,247,248,249,250,251,252,253,254,255] [66.556, 72.656, 72.489, 73.122, 72.533, 74.033, 69.061, 75.472, 74.433, 74.922]
149.429 [5,7,8,9] [249,250,251,252,253,254,255] [64.943, 71.914, 72.171, 72.214, 72.0, 73.943, 69.114, 75.457, 74.4, 75.057]
149.428 [5,7,8,9] [237,238,239,240,241,242,243,244,245,246,247,248,249,250,251,252,253,254] [66.822, 72.722, 72.561, 73.289, 72.65, 74.044, 69.067, 75.5, 74.411, 74.9]
149.427 [5,7,8,9] [237,238,239,240,241,242,243,244,245,246,247,248,249] [67.569, 73.015, 72.708, 73.708, 72.877, 74.077, 69.062, 75.508, 74.415, 74.854]
149.425 [5,7,8,9] [241,242,243,244,245,246] [67.45, 73.333, 72.583, 73.8, 73.033, 74.183, 69.05, 75.45, 74.467, 74.75]
149.421 [5,7,8,9] [237,238,239,240,241,242,243,244,245,246,247,248,249,250,251,252,253] [66.971, 72.765, 72.594, 73.359, 72.712, 74.053, 69.047, 75.506, 74.412, 74.871]
149.416 [5,7,8,9] [241,242,243,244,245,246,247,248,249,250,251,252,253,254,255,256] [65.994, 72.444, 72.331, 72.869, 72.4, 73.969, 69.05, 75.463, 74.419, 74.981]
149.41 [5,7,8,9] [247,248,249,250,251,252,253,254,255,256] [65.12, 71.91, 72.18, 72.31, 72.02, 73.84, 69.05, 75.47, 74.39, 75.12]
149.407 [5,7,8,9] [240,241,242,243,244,245,246] [67.543, 73.414, 72.629, 73.814, 73.014, 74.143, 69.043, 75.471, 74.457, 74.743]
149.405 [5,7,8,9] [237,238,239,240,241,242,243,244,245,246,247,248,249,250,251,252,253,254,255] [66.689, 72.668, 72.526, 73.232, 72.579, 73.989, 69.079, 75.489, 74.411, 74.921]
149.4 [5,7,8,9] [250,251,252,253] [65.025, 71.95, 72.225, 72.225, 72.175, 73.975, 69.0, 75.5, 74.4, 74.925]
149.39 [5,7,8,9] [238,239,240,241,242,243,244,245,246,247] [67.71, 73.24, 72.7, 73.8, 72.91, 74.07, 69.01, 75.46, 74.45, 74.8]
149.388 [5,7,8,9] [239,240,241,242,243,244,245,246] [67.663, 73.425, 72.675, 73.838, 72.988, 74.113, 69.038, 75.438, 74.5, 74.725]
149.379 [5,7,8,9] [238,239,240,241,242,243,244,245,246,247,248,249,250,251,252,253,254,255,256] [66.405, 72.595, 72.437, 73.074, 72.463, 73.942, 69.032, 75.458, 74.421, 74.937]
149.377 [5,7,8,9] [243,244,245,246,247,248,249,250,251,252,253,254,255,256,257] [65.56, 72.167, 72.2, 72.673, 72.253, 73.8, 68.993, 75.473, 74.433, 75.047]
149.371 [5,7,8,9] [244,245,246,247,248,249,250,251,252,253,254,255,256,257] [65.414, 72.043, 72.171, 72.579, 72.164, 73.771, 68.979, 75.471, 74.421, 75.079]
149.37 [5,7,8,9] [241,242,243,244,245] [67.58, 73.54, 72.62, 73.92, 73.14, 74.22, 69.04, 75.4, 74.46, 74.66]
149.367 [5,7,8,9] [248,249,250,251,252,253,254,255,256] [64.956, 71.878, 72.144, 72.267, 71.967, 73.8, 69.056, 75.456, 74.389, 75.089]
149.363 [5,7,8,9] [251,252,253,254] [64.65, 71.975, 72.125, 72.175, 71.975, 73.875, 69.075, 75.425, 74.4, 75.025]
149.359 [5,7,8,9] [250,251,252,253,254,255] [64.783, 71.917, 72.133, 72.2, 71.933, 73.8, 69.117, 75.45, 74.4, 75.067]
149.358 [5,7,8,9] [237,238,239,240,241,242,243,244,245,246,247,248,249,250,251,252,253,254,255,256] [66.54, 72.61, 72.475, 73.18, 72.51, 73.905, 69.05, 75.475, 74.4, 74.935]
149.357 [5,7,8,9] [236,237,238,239,240,241,242,243,244,245,246,247,248,249,250] [67.58, 72.907, 72.727, 73.68, 72.88, 74.0, 69.053, 75.507, 74.367, 74.84]
149.356 [5,7,8,9] [242,243,244,245,246,247,248,249,250,251,252,253,254,255,256,257] [65.712, 72.281, 72.231, 72.756, 72.294, 73.831, 69.0, 75.456, 74.419, 75.006]
149.354 [5,7,8,9] [245,246,247,248,249,250,251,252,253,254,255,256,257] [65.269, 71.954, 72.146, 72.485, 72.062, 73.731, 68.977, 75.469, 74.408, 75.1]
149.347 [5,7,8,9] [236,237,238,239,240,241,242,243,244,245,246,247,248,249,250,251,252,253] [67.111, 72.75, 72.633, 73.433, 72.75, 73.978, 69.039, 75.494, 74.372, 74.85]
149.344 [5,7,8,9] [241,242,243,244,245,246,247,248,249,250,251,252,253,254,255,256,257] [65.847, 72.376, 72.265, 72.829, 72.335, 73.853, 69.0, 75.447, 74.412, 74.976]
149.342 [5,7,8,9] [240,241,242,243,244,245,246,247,248,249,250,251,252,253,254,255,256,257] [65.972, 72.461, 72.3, 72.889, 72.367, 73.856, 69.0, 75.456, 74.411, 74.961]
149.34 [5,7,8,9] [236,237,238,239,240,241,242,243,244,245,246,247,248,249,250,251,252,253,254,255] [66.83, 72.66, 72.565, 73.305, 72.62, 73.925, 69.07, 75.48, 74.375, 74.9]
149.337 [5,7,8,9] [239,240,241,242,243,244,245,246,247,248,249,250,251,252,253,254,255,256,257] [66.105, 72.516, 72.337, 72.947, 72.389, 73.858, 69.0, 75.442, 74.432, 74.942]
149.334 [5,7,8,9] [246,247,248,249,250,251,252,253,254,255,256,257] [65.125, 71.892, 72.117, 72.375, 72.0, 73.7, 68.983, 75.467, 74.392, 75.108]
149.332 [5,7,8,9] [236,237,238,239,240,241,242,243,244,245,246,247,248,249] [67.707, 72.979, 72.75, 73.779, 72.914, 73.979, 69.05, 75.493, 74.364, 74.829]
149.32 [5,7,8,9] [238,239,240,241,242,243,244,245,246,247,248,249,250,251,252,253,254,255,256,257] [66.26, 72.53, 72.375, 73.03, 72.405, 73.845, 68.99, 75.445, 74.415, 74.935]
149.317 [5,7,8,9] [252,253,254] [64.433, 72.0, 72.033, 72.167, 71.833, 73.767, 69.133, 75.4, 74.4, 75.067]
149.313 [5,7,8,9] [241,242,243,244] [67.725, 73.75, 72.65, 73.95, 73.225, 74.25, 69.075, 75.375, 74.425, 74.575]
149.31 [5,7,8,9] [240,241,242,243,244] [67.8, 73.78, 72.7, 73.94, 73.16, 74.18, 69.06, 75.42, 74.42, 74.6]
149.302 [5,7,8,9] [237,238,239,240,241,242,243,244,245,246,247,248,249,250,251,252,253,254,255,256,257] [66.395, 72.548, 72.414, 73.133, 72.452, 73.814, 69.01, 75.462, 74.395, 74.933]
149.3 [5,7,8,9] [247,248,249,250,251,252,253,254,255,256,257] [64.973, 71.855, 72.091, 72.3, 71.955, 73.673, 68.973, 75.445, 74.382, 75.1]
149.298 [5,7,8,9] [236,237,238,239,240,241,242,243,244,245,246,247,248,249,250,251,252,253,254,255,256] [66.681, 72.605, 72.514, 73.252, 72.552, 73.848, 69.043, 75.467, 74.367, 74.914]
149.297 [5,7,8,9] [243,244,245,246,247,248,249,250,251,252,253,254,255,256,257,258] [65.412, 72.1, 72.125, 72.631, 72.181, 73.694, 68.906, 75.456, 74.419, 75.025]
149.293 [5,7,8,9] [235,236,237,238,239,240,241,242,243,244,245,246,247,248,249,250,251,252,253,254] [67.08, 72.715, 72.64, 73.43, 72.745, 73.935, 69.035, 75.445, 74.34, 74.865]
149.29 [5,7,8,9] [251,252,253,254,255] [64.58, 71.92, 72.08, 72.18, 71.84, 73.7, 69.12, 75.4, 74.4, 75.08]
149.287 [5,7,8,9] [244,245,246,247,248,249,250,251,252,253,254,255,256,257,258] [65.267, 71.98, 72.093, 72.54, 72.093, 73.66, 68.887, 75.453, 74.407, 75.053]
149.283 [5,7,8,9] [235,236,237,238,239,240,241,242,243,244,245,246,247,248,249,250,251,252] [67.389, 72.794, 72.717, 73.572, 72.856, 73.95, 69.011, 75.45, 74.333, 74.833]
149.282 [5,7,8,9] [242,243,244,245,246,247,248,249,250,251,252,253,254,255,256,257,258] [65.565, 72.212, 72.159, 72.712, 72.224, 73.729, 68.918, 75.441, 74.406, 74.988]
149.279 [5,7,8,9] [235,236,237,238,239,240,241,242,243,244,245,246,247,248,249,250,251,252,253,254,255] [66.948, 72.667, 72.605, 73.371, 72.676, 73.89, 69.048, 75.438, 74.343, 74.886]
149.275 [5,7,8,9] [241,242,243,244,245,246,247,248,249,250,251,252,253,254,255,256,257,258] [65.7, 72.306, 72.194, 72.783, 72.267, 73.756, 68.922, 75.433, 74.4, 74.961]
149.264 [5,7,8,9] [245,246,247,248,249,250,251,252,253,254,255,256,257,258] [65.121, 71.893, 72.064, 72.45, 71.993, 73.614, 68.879, 75.45, 74.393, 75.071]
149.262 [5,7,8,9] [238,239,240,241,242,243,244,245,246,247,248,249,250,251,252,253,254,255,256,257,258] [66.114, 72.462, 72.31, 72.981, 72.343, 73.762, 68.924, 75.433, 74.405, 74.924]
149.25 [5,7,8,9] [248,249,250,251,252,253,254,255,256,257] [64.81, 71.82, 72.05, 72.26, 71.9, 73.62, 68.97, 75.43, 74.38, 75.07]
149.249 [5,7,8,9] [236,237,238,239,240,241,242,243,244,245,246,247,248,249,250,251,252,253,254,255,256,257] [66.536, 72.545, 72.455, 73.205, 72.495, 73.764, 69.005, 75.455, 74.364, 74.914]
149.241 [5,7,8,9] [235,236,237,238,239,240,241,242,243,244,245,246,247,248,249,250,251,252,253,254,255,256] [66.8, 72.614, 72.555, 73.318, 72.609, 73.818, 69.023, 75.427, 74.336, 74.9]
149.239 [5,7,8,9] [246,247,248,249,250,251,252,253,254,255,256,257,258] [64.977, 71.831, 72.031, 72.346, 71.931, 73.577, 68.877, 75.446, 74.377, 75.077]
149.238 [5,7,8,9] [252,253,254,255] [64.4, 71.925, 72.0, 72.175, 71.7, 73.575, 69.175, 75.375, 74.4, 75.125]
149.232 [5,7,8,9] [234,235,236,237,238,239,240,241,242,243,244,245,246,247,248,249,250,251,252,253,254,255] [67.064, 72.695, 72.65, 73.427, 72.75, 73.873, 69.014, 75.418, 74.318, 74.855]
149.23 [5,7,8,9] [234,235,236,237,238,239,240,241,242,243,244,245,246,247,248,249,250,251] [67.656, 72.867, 72.794, 73.706, 72.983, 73.939, 68.978, 75.428, 74.3, 74.794]
149.229 [5,7,8,9] [250,251,252,253,254,255,256] [64.629, 71.857, 72.043, 72.2, 71.829, 73.586, 69.029, 75.414, 74.371, 75.086]
149.228 [5,7,8,9] [234,235,236,237,238,239,240,241,242,243,244,245,246,247,248,249,250,251,252,253] [67.34, 72.78, 72.72, 73.555, 72.88, 73.915, 68.98, 75.425, 74.31, 74.805]
149.208 [5,7,8,9] [239,240,241,242,243,244,245,246,247,248,249,250,251,252,253,254,255,256,257,258,259] [65.81, 72.381, 72.2, 72.867, 72.262, 73.681, 68.89, 75.41, 74.405, 74.919]
149.205 [5,7,8,9] [240,241,242,243,244,245,246,247,248,249,250,251,252,253,254,255,256,257,258,259] [65.675, 72.325, 72.16, 72.81, 72.235, 73.67, 68.885, 75.42, 74.385, 74.935]
149.203 [5,7,8,9] [242,243,244,245,246,247,248,249,250,251,252,253,254,255,256,257,258,259] [65.411, 72.15, 72.083, 72.683, 72.156, 73.628, 68.872, 75.417, 74.389, 74.972]
149.201 [5,7,8,9] [247,248,249,250,251,252,253,254,255,256,257,258] [64.825, 71.792, 72.0, 72.275, 71.883, 73.542, 68.858, 75.425, 74.367, 75.067]
149.2 [5,7,8,9] [241,242,243,244,245,246,247,248,249,250,251,252,253,254,255,256,257,258,259] [65.547, 72.242, 72.121, 72.753, 72.2, 73.658, 68.879, 75.411, 74.384, 74.947]
149.198 [5,7,8,9] [238,239,240,241,242,243,244,245,246,247,248,249,250,251,252,253,254,255,256,257,258,259] [65.964, 72.4, 72.241, 72.945, 72.282, 73.677, 68.886, 75.414, 74.391, 74.914]
149.197 [5,7,8,9] [244,245,246,247,248,249,250,251,252,253,254,255,256,257,258,259] [65.113, 71.925, 72.013, 72.519, 72.025, 73.55, 68.837, 75.425, 74.387, 75.031]
149.195 [5,7,8,9] [235,236,237,238,239,240,241,242,243,244,245,246,247,248,249,250,251,252,253,254,255,256,257] [66.657, 72.557, 72.496, 73.27, 72.552, 73.739, 68.987, 75.417, 74.335, 74.9]
149.184 [5,7,8,9] [233,234,235,236,237,238,239,240,241,242,243,244,245,246,247,248,249,250,251,252,253,254] [67.314, 72.759, 72.736, 73.518, 72.868, 73.891, 68.982, 75.391, 74.286, 74.8]
149.176 [5,7,8,9] [233,234,235,236,237,238,239,240,241,242,243,244,245,246,247,248,249,250,251,252,253,254,255] [67.183, 72.713, 72.7, 73.461, 72.8, 73.852, 68.996, 75.387, 74.291, 74.822]
149.166 [5,7,8,9] [233,234,235,236,237,238,239,240,241,242,243,244,245,246,247,248,249,250,251,252,253] [67.457, 72.795, 72.771, 73.586, 72.929, 73.89, 68.962, 75.39, 74.281, 74.771]
149.165 [5,7,8,9] [233,234,235,236,237,238,239,240,241,242,243,244,245,246,247,248,249,250,251,252] [67.615, 72.835, 72.815, 73.655, 72.98, 73.9, 68.955, 75.39, 74.275, 74.765]
149.163 [5,7,8,9] [233,234,235,236,237,238,239,240,241,242,243,244,245,246,247,248,249,250,251] [67.768, 72.879, 72.847, 73.732, 73.032, 73.911, 68.958, 75.389, 74.268, 74.758]
149.157 [5,7,8,9] [234,235,236,237,238,239,240,241,242,243,244,245,246,247,248,249,250,251,252,253,254,255,256,257] [66.775, 72.588, 72.542, 73.325, 72.625, 73.729, 68.958, 75.4, 74.313, 74.871]
149.151 [5,7,8,9] [251,252,253,254,255,256] [64.433, 71.85, 71.983, 72.183, 71.733, 73.467, 69.017, 75.367, 74.367, 75.1]
149.15 [5,7,8,9] [235,236,237,238,239,240,241,242,243,244,245,246,247,248,249,250,251,252,253,254,255,256,257,258] [66.513, 72.496, 72.433, 73.217, 72.492, 73.671, 68.929, 75.408, 74.329, 74.892]
149.14 [5,7,8,9] [232,233,234,235,236,237,238,239,240,241,242,243,244,245,246,247,248,249,250,251,252,253,254] [67.413, 72.787, 72.787, 73.535, 72.9, 73.87, 68.97, 75.348, 74.291, 74.77]
149.139 [5,7,8,9] [246,247,248,249,250,251,252,253,254,255,256,257,258,259] [64.821, 71.779, 71.943, 72.336, 71.864, 73.457, 68.821, 75.414, 74.357, 75.05]
149.134 [5,7,8,9] [232,233,234,235,236,237,238,239,240,241,242,243,244,245,246,247,248,249,250,251,252,253,254,255] [67.283, 72.742, 72.75, 73.479, 72.833, 73.833, 68.983, 75.346, 74.296, 74.792]
149.128 [5,7,8,9] [239,240,241,242,243,244,245,246,247,248,249,250,251,252,253,254,255,256,257,258,259,260] [65.668, 72.314, 72.118, 72.832, 72.191, 73.591, 68.85, 75.373, 74.386, 74.905]
149.122 [5,7,8,9] [240,241,242,243,244,245,246,247,248,249,250,251,252,253,254,255,256,257,258,259,260] [65.533, 72.257, 72.076, 72.776, 72.162, 73.576, 68.843, 75.381, 74.367, 74.919]
149.12 [5,7,8,9] [232,233,234,235,236,237,238,239,240,241,242,243,244,245,246,247,248,249,250,251,252,253] [67.555, 72.823, 72.823, 73.6, 72.959, 73.868, 68.95, 75.345, 74.286, 74.741]
149.117 [5,7,8,9] [232,233,234,235,236,237,238,239,240,241,242,243,244,245,246,247,248,249,250,251,252] [67.71, 72.862, 72.867, 73.667, 73.01, 73.876, 68.943, 75.343, 74.281, 74.733]
149.115 [5,7,8,9] [237,238,239,240,241,242,243,244,245,246,247,248,249,250,251,252,253,254,255,256,257,258,259,260] [65.958, 72.358, 72.204, 73.004, 72.263, 73.575, 68.871, 75.396, 74.358, 74.9]
149.114 [5,7,8,9] [234,235,236,237,238,239,240,241,242,243,244,245,246,247,248,249,250,251,252,253,254,255,256,257,258] [66.632, 72.528, 72.48, 73.272, 72.564, 73.664, 68.904, 75.392, 74.308, 74.864]
149.113 [5,7,8,9] [241,242,243,244,245,246,247,248,249,250,251,252,253,254,255,256,257,258,259,260] [65.405, 72.175, 72.035, 72.72, 72.125, 73.56, 68.835, 75.37, 74.365, 74.93]
149.108 [5,7,8,9] [233,234,235,236,237,238,239,240,241,242,243,244,245,246,247,248,249,250,251,252,253,254,255,256,257] [66.896, 72.608, 72.592, 73.36, 72.676, 73.716, 68.944, 75.372, 74.288, 74.84]
149.106 [5,7,8,9] [232,233,234,235,236,237,238,239,240,241,242,243,244,245,246,247,248,249,250,251,252,253,254,255,256] [67.14, 72.692, 72.7, 73.428, 72.768, 73.772, 68.964, 75.34, 74.292, 74.808]
149.101 [5,7,8,9] [250,251,252,253,254,255,256,257] [64.488, 71.788, 71.938, 72.2, 71.763, 73.387, 68.925, 75.388, 74.363, 75.063]
149.094 [5,7,8,9] [244,245,246,247,248,249,250,251,252,253,254,255,256,257,258,259,260] [64.971, 71.865, 71.918, 72.494, 71.947, 73.441, 68.788, 75.376, 74.365, 75.006]
149.08 [5,7,8,9] [252,253,254,255,256] [64.26, 71.84, 71.9, 72.18, 71.6, 73.32, 69.04, 75.34, 74.36, 75.14]
149.075 [5,7,8,9] [231,232,233,234,235,236,237,238,239,240,241,242,243,244,245,246,247,248,249,250,251,252,253,254] [67.496, 72.804, 72.833, 73.554, 72.925, 73.846, 68.967, 75.317, 74.254, 74.733]
149.072 [5,7,8,9] [232,233,234,235,236,237,238,239,240,241,242,243,244,245,246,247,248,249,250,251,252,253,254,255,256,257] [67.0, 72.638, 72.642, 73.381, 72.712, 73.704, 68.935, 75.335, 74.292, 74.812]
149.07 [5,7,8,9] [233,234,235,236,237,238,239,240,241,242,243,244,245,246,247,248,249,250,251,252,253,254,255,256,257,258] [66.754, 72.55, 72.531, 73.308, 72.615, 73.654, 68.892, 75.365, 74.285, 74.835]
149.066 [5,7,8,9] [234,235,236,237,238,239,240,241,242,243,244,245,246,247,248,249,250,251,252,253,254,255,256,257,258,259] [66.485, 72.473, 72.415, 73.231, 72.504, 73.596, 68.873, 75.377, 74.3, 74.858]
149.054 [5,7,8,9] [231,232,233,234,235,236,237,238,239,240,241,242,243,244,245,246,247,248,249,250,251,252,253] [67.635, 72.839, 72.87, 73.617, 72.983, 73.843, 68.948, 75.313, 74.248, 74.704]
149.046 [5,7,8,9] [238,239,240,241,242,243,244,245,246,247,248,249,250,251,252,253,254,255,256,257,258,259,260,261] [65.696, 72.275, 72.096, 72.879, 72.146, 73.504, 68.813, 75.346, 74.358, 74.883]
149.042 [5,7,8,9] [237,238,239,240,241,242,243,244,245,246,247,248,249,250,251,252,253,254,255,256,257,258,259,260,261] [65.832, 72.3, 72.14, 72.972, 72.196, 73.492, 68.836, 75.364, 74.344, 74.884]
149.039 [5,7,8,9] [240,241,242,243,244,245,246,247,248,249,250,251,252,253,254,255,256,257,258,259,260,261] [65.409, 72.195, 72.009, 72.75, 72.091, 73.482, 68.805, 75.345, 74.35, 74.9]
149.038 [5,7,8,9] [248,249,250,251,252,253,254,255,256,257,258,259] [64.508, 71.7, 71.858, 72.233, 71.758, 73.35, 68.783, 75.375, 74.342, 75.008]
149.035 [5,7,8,9] [235,236,237,238,239,240,241,242,243,244,245,246,247,248,249,250,251,252,253,254,255,256,257,258,259,260] [66.223, 72.381, 72.292, 73.135, 72.365, 73.527, 68.862, 75.362, 74.308, 74.873]
149.027 [5,7,8,9] [246,247,248,249,250,251,252,253,254,255,256,257,258,259,260] [64.68, 71.72, 71.84, 72.32, 71.787, 73.34, 68.767, 75.36, 74.333, 75.02]
149.025 [5,7,8,9] [233,234,235,236,237,238,239,240,241,242,243,244,245,246,247,248,249,250,251,252,253,254,255,256,257,258,259] [66.607, 72.496, 72.467, 73.267, 72.556, 73.589, 68.863, 75.352, 74.278, 74.83]
149.02 [5,7,8,9] [242,243,244,245,246,247,248,249,250,251,252,253,254,255,256,257,258,259,260,261] [65.145, 72.025, 71.925, 72.63, 72.005, 73.425, 68.785, 75.335, 74.35, 74.93]
149.019 [5,7,8,9] [243,244,245,246,247,248,249,250,251,252,253,254,255,256,257,258,259,260,261] [64.995, 71.921, 71.884, 72.558, 71.958, 73.379, 68.768, 75.342, 74.358, 74.958]
149.017 [5,7,8,9] [231,232,233,234,235,236,237,238,239,240,241,242,243,244,245,246,247,248,249,250,251,252,253,254,255,256,257] [67.089, 72.659, 72.689, 73.404, 72.741, 73.689, 68.933, 75.307, 74.259, 74.778]
149.006 [5,7,8,9] [236,237,238,239,240,241,242,243,244,245,246,247,248,249,250,251,252,253,254,255,256,257,258,259,260,261] [65.973, 72.308, 72.185, 73.038, 72.242, 73.462, 68.838, 75.362, 74.319, 74.869]
149.0 [5,7,8,9] [254,255,256] [64.1, 71.733, 71.8, 72.167, 71.367, 73.067, 69.067, 75.3, 74.333, 75.3]
148.994 [5,7,8,9] [244,245,246,247,248,249,250,251,252,253,254,255,256,257,258,259,260,261] [64.85, 71.811, 71.844, 72.478, 71.872, 73.333, 68.744, 75.333, 74.344, 74.978]
148.993 [5,7,8,9] [232,233,234,235,236,237,238,239,240,241,242,243,244,245,246,247,248,249,250,251,252,253,254,255,256,257,258,259] [66.714, 72.529, 72.518, 73.289, 72.593, 73.582, 68.857, 75.318, 74.282, 74.804]
148.989 [5,7,8,9] [230,231,232,233,234,235,236,237,238,239,240,241,242,243,244,245,246,247,248,249,250,251,252,253,254,255] [67.45, 72.777, 72.835, 73.523, 72.881, 73.762, 68.954, 75.292, 74.223, 74.7]
148.988 [5,7,8,9] [230,231,232,233,234,235,236,237,238,239,240,241,242,243,244,245,246,247,248,249,250,251,252,253,254] [67.576, 72.82, 72.872, 73.576, 72.944, 73.792, 68.94, 75.292, 74.216, 74.676]
148.984 [5,7,8,9] [231,232,233,234,235,236,237,238,239,240,241,242,243,244,245,246,247,248,249,250,251,252,253,254,255,256,257,258] [66.95, 72.604, 72.629, 73.354, 72.682, 73.632, 68.886, 75.304, 74.257, 74.775]
148.979 [5,7,8,9] [247,248,249,250,251,252,253,254,255,256,257,258,259,260] [64.529, 71.679, 71.8, 72.257, 71.736, 73.293, 68.743, 75.336, 74.321, 75.007]
148.968 [5,7,8,9] [233,234,235,236,237,238,239,240,241,242,243,244,245,246,247,248,249,250,251,252,253,254,255,256,257,258,259,260] [66.468, 72.439, 72.393, 73.225, 72.489, 73.521, 68.832, 75.325, 74.268, 74.821]
148.964 [5,7,8,9] [238,239,240,241,242,243,244,245,246,247,248,249,250,251,252,253,254,255,256,257,258,259,260,261,262] [65.576, 72.22, 72.068, 72.84, 72.08, 73.412, 68.768, 75.32, 74.34, 74.856]
148.963 [5,7,8,9] [249,250,251,252,253,254,255,256,257,258,259] [64.345, 71.673, 71.791, 72.191, 71.691, 73.264, 68.745, 75.345, 74.327, 74.991]
148.962 [5,7,8,9] [239,240,241,242,243,244,245,246,247,248,249,250,251,252,253,254,255,256,257,258,259,260,261,262] [65.425, 72.196, 72.025, 72.767, 72.054, 73.404, 68.767, 75.313, 74.35, 74.858]
148.959 [5,7,8,9] [245,246,247,248,249,250,251,252,253,254,255,256,257,258,259,260,261] [64.706, 71.729, 71.806, 72.4, 71.776, 73.276, 68.729, 75.324, 74.329, 74.988]
148.945 [5,7,8,9] [234,235,236,237,238,239,240,241,242,243,244,245,246,247,248,249,250,251,252,253,254,255,256,257,258,259,260,261] [66.218, 72.361, 72.279, 73.154, 72.371, 73.454, 68.811, 75.321, 74.279, 74.836]
148.941 [5,7,8,9] [230,231,232,233,234,235,236,237,238,239,240,241,242,243,244,245,246,247,248,249,250,251,252,253,254,255,256,257] [67.175, 72.679, 72.729, 73.429, 72.764, 73.646, 68.911, 75.286, 74.225, 74.725]
