[Score] [Station index] [Time slots] 
128.575 [0,1,2,3] [248,249] [63.65, 68.2, 63.75, 61.55, 58.35, 58.15, 54.4, 57.35, 59.65, 58.6]
128.517 [0,1,2,3] [248,249,250] [63.6, 68.167, 63.667, 61.6, 58.267, 58.133, 54.433, 57.3, 59.5, 58.567]
128.475 [0,1,2,3] [249,250] [63.5, 68.2, 63.5, 61.75, 58.2, 58.1, 54.5, 57.2, 59.35, 58.5]
128.45 [0,1,2,3] [247,248,249] [63.867, 68.033, 63.633, 61.367, 58.367, 58.267, 54.567, 57.467, 59.733, 58.7]
128.438 [0,1,2,3] [247,248,249,250] [63.775, 68.05, 63.6, 61.45, 58.3, 58.225, 54.55, 57.4, 59.6, 58.65]
128.425 [0,1,2,3] [248,249,250,251] [63.525, 68.175, 63.6, 61.55, 58.175, 58.125, 54.475, 57.225, 59.4, 58.45]
128.4 [0,1,2,3] [247,248] [64.05, 67.9, 63.7, 61.15, 58.4, 58.35, 54.6, 57.6, 59.85, 58.8]
128.38 [0,1,2,3] [247,248,249,250,251] [63.68, 68.08, 63.56, 61.44, 58.22, 58.2, 54.56, 57.32, 59.5, 58.54]
128.367 [0,1,2,3] [249,250,251] [63.433, 68.2, 63.467, 61.633, 58.1, 58.1, 54.533, 57.133, 59.267, 58.367]
128.35 [0,1,2,3] [248,249,250,251,252] [63.42, 68.22, 63.52, 61.54, 58.16, 58.14, 54.44, 57.12, 59.32, 58.32]
128.325 [0,1,2,3] [247,248,249,250,251,252] [63.567, 68.133, 63.5, 61.45, 58.2, 58.2, 54.517, 57.217, 59.417, 58.417]
128.288 [0,1,2,3] [249,250,251,252] [63.325, 68.25, 63.4, 61.6, 58.1, 58.125, 54.475, 57.025, 59.2, 58.225]
128.275 [0,1,2,3] [250,251] [63.4, 68.15, 63.45, 61.55, 58.0, 58.1, 54.55, 57.1, 59.15, 58.3]
128.264 [0,1,2,3] [247,248,249,250,251,252,253] [63.471, 68.129, 63.457, 61.471, 58.257, 58.214, 54.486, 57.129, 59.343, 58.329]
128.21 [0,1,2,3] [249,250,251,252,253] [63.24, 68.22, 63.36, 61.6, 58.2, 58.16, 54.44, 56.94, 59.14, 58.14]
128.2 [0,1,2,3] [250,251,252] [63.267, 68.233, 63.367, 61.533, 58.033, 58.133, 54.467, 56.967, 59.1, 58.133]
128.17 [0,1,2,3] [246,247,248,249,250] [63.76, 67.94, 63.34, 61.3, 58.32, 58.36, 54.66, 57.38, 59.66, 58.76]
128.166 [0,1,2,3] [246,247,248,249,250,251] [63.683, 67.983, 63.35, 61.317, 58.25, 58.317, 54.65, 57.317, 59.567, 58.65]
128.151 [0,1,2,3] [246,247,248,249,250,251,252] [63.586, 68.043, 63.329, 61.343, 58.229, 58.3, 54.6, 57.229, 59.486, 58.529]
128.15 [0,1,2,3] [247,248,249,250,251,252,253,254] [63.4, 68.025, 63.425, 61.45, 58.325, 58.225, 54.438, 57.088, 59.275, 58.225]
128.142 [0,1,2,3] [248,249,250,251,252,253,254] [63.271, 68.071, 63.429, 61.514, 58.314, 58.186, 54.371, 57.0, 59.186, 58.129]
128.125 [0,1,2,3] [250,251,252,253] [63.175, 68.2, 63.325, 61.55, 58.175, 58.175, 54.425, 56.875, 59.05, 58.05]
128.119 [0,1,2,3] [246,247,248,249,250,251,252,253] [63.5, 68.05, 63.312, 61.375, 58.275, 58.3, 54.563, 57.15, 59.413, 58.438]
128.113 [0,1,2,3] [246,247,248,249] [63.825, 67.9, 63.3, 61.2, 58.375, 58.425, 54.7, 57.425, 59.775, 58.825]
128.1 [0,1,2,3] [251,252] [63.15, 68.3, 63.3, 61.45, 58.0, 58.15, 54.45, 56.85, 59.05, 57.95]
128.076 [0,1,2,3] [248,249,250,251,252,253,254,255] [63.25, 68.013, 63.4, 61.488, 58.363, 58.188, 54.325, 56.95, 59.125, 58.05]
128.066 [0,1,2,3] [249,250,251,252,253,254] [63.183, 68.067, 63.333, 61.55, 58.3, 58.183, 54.383, 56.917, 59.083, 58.033]
128.065 [0,1,2,3] [247,248,249,250,251,252,253,254,255,256] [63.35, 68.0, 63.36, 61.42, 58.38, 58.2, 54.36, 56.99, 59.13, 58.05]
128.05 [0,1,2,3] [247,248,249,250,251,252,253,254,255,256,257] [63.327, 68.036, 63.318, 61.418, 58.4, 58.191, 54.327, 56.927, 59.064, 57.982]
128.034 [0,1,2,3] [246,247,248,249,250,251,252,253,254] [63.433, 67.967, 63.3, 61.367, 58.333, 58.3, 54.511, 57.111, 59.344, 58.333]
128.017 [0,1,2,3] [247,248,249,250,251,252,253,254,255,256,257,258] [63.3, 68.05, 63.275, 61.408, 58.4, 58.175, 54.292, 56.875, 58.992, 57.925]
128.0 [0,1,2,3] [248,249,250,251,252,253,254,255,256,257,258] [63.209, 68.082, 63.264, 61.445, 58.4, 58.145, 54.236, 56.8, 58.909, 57.836]
127.993 [0,1,2,3] [245,246,247,248,249,250,251] [63.657, 67.914, 63.2, 61.214, 58.286, 58.443, 54.671, 57.314, 59.614, 58.757]
127.99 [0,1,2,3] [246,247,248,249,250,251,252,253,254,255] [63.4, 67.93, 63.29, 61.36, 58.37, 58.29, 54.46, 57.06, 59.28, 58.25]
127.989 [0,1,2,3] [245,246,247,248,249,250,251,252,253] [63.5, 67.989, 63.2, 61.289, 58.3, 58.4, 54.589, 57.167, 59.467, 58.544]
127.978 [0,1,2,3] [246,247,248,249,250,251,252,253,254,255,256] [63.382, 67.955, 63.264, 61.355, 58.382, 58.264, 54.427, 57.018, 59.2, 58.155]
127.975 [0,1,2,3] [252,253] [62.95, 68.25, 63.2, 61.55, 58.35, 58.25, 54.3, 56.65, 58.95, 57.8]
127.971 [0,1,2,3] [246,247,248,249,250,251,252,253,254,255,256,257] [63.358, 67.992, 63.233, 61.358, 58.4, 58.25, 54.392, 56.958, 59.133, 58.083]
127.97 [0,1,2,3] [250,251,252,253,254] [63.12, 68.02, 63.3, 61.5, 58.3, 58.2, 54.36, 56.86, 59.0, 57.94]
127.967 [0,1,2,3] [245,246,247,248,249,250] [63.717, 67.867, 63.167, 61.183, 58.35, 58.5, 54.683, 57.367, 59.7, 58.867]
127.946 [0,1,2,3] [246,247,248,249,250,251,252,253,254,255,256,257,258] [63.331, 68.008, 63.2, 61.354, 58.4, 58.231, 54.354, 56.908, 59.062, 58.023]
127.942 [0,1,2,3] [247,248,249,250,251,252,253,254,255,256,257,258,259] [63.246, 68.038, 63.215, 61.385, 58.392, 58.115, 54.215, 56.785, 58.915, 57.869]
127.94 [0,1,2,3] [249,250,251,252,253,254,255,256,257,258] [63.15, 68.08, 63.19, 61.46, 58.4, 58.14, 54.23, 56.73, 58.82, 57.75]
127.925 [0,1,2,3] [245,246,247,248,249,250,251,252,253,254] [63.44, 67.92, 63.2, 61.29, 58.35, 58.39, 54.54, 57.13, 59.4, 58.44]
127.921 [0,1,2,3] [248,249,250,251,252,253,254,255,256,257,258,259] [63.158, 68.067, 63.2, 61.417, 58.392, 58.083, 54.158, 56.708, 58.833, 57.783]
127.909 [0,1,2,3] [250,251,252,253,254,255] [63.117, 67.95, 63.283, 61.467, 58.367, 58.2, 54.3, 56.817, 58.95, 57.867]
127.901 [0,1,2,3] [250,251,252,253,254,255,256,257] [63.125, 68.038, 63.2, 61.438, 58.413, 58.163, 54.238, 56.725, 58.812, 57.713]
127.896 [0,1,2,3] [245,246,247,248,249,250,251,252,253,254,255] [63.409, 67.891, 63.2, 61.291, 58.382, 58.373, 54.491, 57.082, 59.336, 58.355]
127.892 [0,1,2,3] [245,246,247,248,249,250,251,252,253,254,255,256,257] [63.369, 67.954, 63.162, 61.3, 58.408, 58.323, 54.423, 56.985, 59.192, 58.185]
127.88 [0,1,2,3] [245,246,247,248,249] [63.76, 67.82, 63.1, 61.08, 58.4, 58.58, 54.72, 57.4, 59.8, 58.94]
127.878 [0,1,2,3] [244,245,246,247,248,249,250] [63.786, 67.814, 63.086, 61.071, 58.4, 58.586, 54.743, 57.386, 59.729, 58.843]
127.875 [0,1,2,3] [245,246,247,248,249,250,251,252,253,254,255,256,257,258] [63.343, 67.971, 63.136, 61.3, 58.407, 58.3, 54.386, 56.936, 59.121, 58.121]
127.873 [0,1,2,3] [244,245,246,247,248,249,250,251,252,253,254] [63.509, 67.882, 63.145, 61.209, 58.382, 58.455, 54.591, 57.164, 59.445, 58.464]
127.859 [0,1,2,3] [249,250,251,252,253,254,255,256,257,258,259] [63.1, 68.064, 63.127, 61.427, 58.391, 58.073, 54.145, 56.636, 58.745, 57.7]
127.854 [0,1,2,3] [244,245,246,247,248,249,250,251,252,253,254,255,256,257] [63.429, 67.921, 63.121, 61.236, 58.429, 58.379, 54.471, 57.021, 59.243, 58.221]
127.85 [0,1,2,3] [244,245,246,247,248,249,250,251,252,253,254,255,256] [63.454, 67.885, 63.138, 61.223, 58.415, 58.4, 54.508, 57.077, 59.308, 58.292]
127.845 [0,1,2,3] [243,244,245,246,247,248,249,250,251] [63.8, 67.8, 63.056, 61.033, 58.367, 58.6, 54.756, 57.378, 59.689, 58.8]
127.84 [0,1,2,3] [244,245,246,247,248,249,250,251,252,253,254,255,256,257,258] [63.4, 67.94, 63.1, 61.24, 58.427, 58.353, 54.433, 56.973, 59.173, 58.16]
127.829 [0,1,2,3] [251,252,253,254,255,256,257] [63.071, 68.029, 63.157, 61.4, 58.457, 58.171, 54.2, 56.657, 58.757, 57.6]
127.825 [0,1,2,3] [243,244,245,246,247,248,249,250,251,252,253,254] [63.583, 67.833, 63.092, 61.142, 58.4, 58.517, 54.625, 57.208, 59.492, 58.525]
127.821 [0,1,2,3] [242,243,244,245,246,247,248,249,250,251,252,253] [63.733, 67.808, 63.042, 61.058, 58.383, 58.592, 54.7, 57.292, 59.6, 58.7]
127.82 [0,1,2,3] [245,246,247,248,249,250,251,252,253,254,255,256,257,258,259] [63.293, 67.967, 63.093, 61.287, 58.4, 58.24, 54.313, 56.853, 59.047, 58.06]
127.817 [0,1,2,3] [251,252,253,254,255,256] [63.067, 67.967, 63.2, 61.4, 58.433, 58.183, 54.233, 56.717, 58.817, 57.65]
127.816 [0,1,2,3] [243,244,245,246,247,248,249,250,251,252,253,254,255,256,257] [63.493, 67.88, 63.08, 61.18, 58.44, 58.433, 54.507, 57.067, 59.293, 58.287]
127.814 [0,1,2,3] [240,241,242,243,244,245,246,247,248,249,250,251,252,253] [63.793, 67.757, 63.114, 60.964, 58.4, 58.707, 54.729, 57.343, 59.671, 58.786]
127.812 [0,1,2,3] [248,249,250,251,252,253,254,255,256,257,258,259,260] [63.077, 68.015, 63.146, 61.385, 58.385, 58.008, 54.108, 56.615, 58.777, 57.738]
127.81 [0,1,2,3] [243,244,245,246,247,248,249,250,251,252,253,254,255,256] [63.521, 67.843, 63.093, 61.164, 58.429, 58.457, 54.543, 57.121, 59.357, 58.357]
127.808 [0,1,2,3] [240,241,242,243,244,245,246,247,248,249,250,251,252] [63.862, 67.731, 63.108, 60.915, 58.385, 58.738, 54.762, 57.4, 59.731, 58.862]
127.807 [0,1,2,3] [243,244,245,246,247,248,249,250,251,252,253,254,255,256,257,258] [63.463, 67.9, 63.063, 61.187, 58.438, 58.406, 54.469, 57.019, 59.225, 58.225]
127.792 [0,1,2,3] [244,245,246,247,248,249] [63.833, 67.767, 63.017, 60.967, 58.45, 58.667, 54.783, 57.417, 59.817, 58.9]
127.791 [0,1,2,3] [244,245,246,247,248,249,250,251,252,253,254,255,256,257,258,259] [63.35, 67.938, 63.063, 61.231, 58.419, 58.294, 54.363, 56.894, 59.1, 58.1]
127.79 [0,1,2,3] [246,247,248,249,250,251,252,253,254,255,256,257,258,259,260] [63.2, 67.96, 63.107, 61.313, 58.387, 58.1, 54.227, 56.733, 58.927, 57.913]
127.788 [0,1,2,3] [240,241,242,243,244,245,246,247,248,249,250,251] [63.933, 67.675, 63.1, 60.867, 58.408, 58.783, 54.8, 57.458, 59.792, 58.95]
127.786 [0,1,2,3] [241,242,243,244,245,246,247,248,249,250,251,252,253,254,255,256,257] [63.618, 67.8, 63.071, 61.082, 58.453, 58.529, 54.553, 57.141, 59.388, 58.429]
127.785 [0,1,2,3] [242,243,244,245,246,247,248,249,250,251,252,253,254,255,256,257] [63.569, 67.825, 63.05, 61.125, 58.45, 58.481, 54.537, 57.113, 59.344, 58.369]
127.784 [0,1,2,3] [240,241,242,243,244,245,246,247,248,249,250,251,252,253,254] [63.733, 67.727, 63.12, 60.987, 58.427, 58.68, 54.687, 57.307, 59.613, 58.7]
127.783 [0,1,2,3] [255,256,257] [63.133, 68.067, 63.033, 61.333, 58.6, 58.1, 54.033, 56.5, 58.5, 57.333]
127.782 [0,1,2,3] [239,240,241,242,243,244,245,246,247,248,249,250,251,252] [63.843, 67.7, 63.15, 60.871, 58.393, 58.807, 54.8, 57.414, 59.757, 58.871]
127.778 [0,1,2,3] [241,242,243,244,245,246,247,248,249,250,251,252,253,254,255,256] [63.65, 67.763, 63.081, 61.062, 58.444, 58.556, 54.588, 57.194, 59.45, 58.5]
127.777 [0,1,2,3] [240,241,242,243,244,245,246,247,248,249,250,251,252,253,254,255,256] [63.665, 67.747, 63.118, 61.024, 58.447, 58.612, 54.612, 57.224, 59.488, 58.541]
127.776 [0,1,2,3] [242,243,244,245,246,247,248,249,250,251,252,253,254,255,256,257,258] [63.535, 67.847, 63.035, 61.135, 58.447, 58.453, 54.5, 57.065, 59.276, 58.306]
127.775 [0,1,2,3] [257,258] [63.05, 68.3, 62.85, 61.35, 58.5, 58.05, 53.95, 56.3, 58.3, 57.3]
127.774 [0,1,2,3] [241,242,243,244,245,246,247,248,249,250,251,252,253,254,255] [63.68, 67.733, 63.087, 61.047, 58.44, 58.593, 54.62, 57.233, 59.52, 58.587]
127.772 [0,1,2,3] [242,243,244,245,246,247,248,249,250,251,252,253,254,255] [63.629, 67.757, 63.064, 61.093, 58.436, 58.543, 54.607, 57.207, 59.479, 58.529]
127.767 [0,1,2,3] [252,253,254] [62.933, 67.933, 63.2, 61.467, 58.5, 58.267, 54.233, 56.7, 58.9, 57.7]
127.766 [0,1,2,3] [239,240,241,242,243,244,245,246,247,248,249,250,251,252,253,254,255,256,257] [63.632, 67.758, 63.137, 61.005, 58.458, 58.642, 54.616, 57.195, 59.463, 58.5]
127.763 [0,1,2,3] [239,240,241,242,243,244,245,246,247,248,249,250,251,252,253,254] [63.725, 67.7, 63.156, 60.944, 58.431, 58.744, 54.725, 57.325, 59.644, 58.719]
127.762 [0,1,2,3] [243,244,245,246,247,248,249,250,251,252,253,254,255,256,257,258,259] [63.412, 67.9, 63.029, 61.182, 58.429, 58.347, 54.4, 56.941, 59.153, 58.165]
127.76 [0,1,2,3] [239,240,241,242,243,244,245,246,247,248,249,250,251,252,253,254,255,256,257,258] [63.6, 67.78, 63.12, 61.02, 58.455, 58.61, 54.58, 57.15, 59.4, 58.44]
127.758 [0,1,2,3] [239,240,241,242,243,244,245,246,247,248,249,250,251,252,253,254,255,256] [63.661, 67.722, 63.15, 60.983, 58.45, 58.672, 54.65, 57.244, 59.522, 58.567]
127.755 [0,1,2,3] [241,242,243,244,245,246,247,248,249,250] [64.0, 67.64, 63.01, 60.86, 58.45, 58.78, 54.8, 57.48, 59.83, 59.01]
127.753 [0,1,2,3] [239,240,241,242,243,244,245,246,247,248,249,250,251,252,253,254,255] [63.688, 67.694, 63.159, 60.965, 58.447, 58.712, 54.682, 57.282, 59.588, 58.647]
127.746 [0,1,2,3] [249,250,251,252,253,254,255,256,257,258,259,260] [63.017, 68.008, 63.075, 61.392, 58.383, 57.992, 54.092, 56.542, 58.692, 57.658]
127.74 [0,1,2,3] [241,242,243,244,245,246,247,248,249,250,251,252,253,254,255,256,257,258,259] [63.532, 67.826, 63.026, 61.095, 58.442, 58.442, 54.453, 57.021, 59.253, 58.305]
127.738 [0,1,2,3] [245,246,247,248,249,250,251,252,253,254,255,256,257,258,259,260] [63.219, 67.931, 63.056, 61.269, 58.394, 58.169, 54.263, 56.769, 58.988, 58.006]
127.737 [0,1,2,3] [238,239,240,241,242,243,244,245,246,247,248,249,250,251,252,253] [63.75, 67.669, 63.181, 60.875, 58.419, 58.825, 54.8, 57.406, 59.687, 58.812]
127.727 [0,1,2,3] [238,239,240,241,242,243,244,245,246,247,248,249,250,251,252] [63.807, 67.64, 63.18, 60.827, 58.407, 58.86, 54.833, 57.46, 59.74, 58.88]
127.726 [0,1,2,3] [239,240,241,242,243,244,245,246,247,248,249,250,251,252,253,254,255,256,257,258,259] [63.552, 67.786, 63.09, 61.024, 58.448, 58.552, 54.519, 57.081, 59.333, 58.381]
127.725 [0,1,2,3] [238,239,240,241,242,243,244,245,246,247,248,249,250,251,252,253,254,255,256,257] [63.615, 67.71, 63.16, 60.965, 58.465, 58.69, 54.65, 57.24, 59.465, 58.525]
127.722 [0,1,2,3] [251,252,253,254,255,256,257,258,259] [63.011, 68.033, 63.044, 61.356, 58.433, 58.067, 54.067, 56.511, 58.611, 57.522]
127.72 [0,1,2,3] [253,254,255,256,257] [63.04, 67.92, 63.1, 61.38, 58.64, 58.18, 54.1, 56.58, 58.64, 57.46]
127.716 [0,1,2,3] [238,239,240,241,242,243,244,245,246,247,248,249,250,251,252,253,254,255,256] [63.642, 67.674, 63.174, 60.942, 58.458, 58.721, 54.684, 57.289, 59.521, 58.589]
127.715 [0,1,2,3] [244,245,246,247,248,249,250,251,252,253,254,255,256,257,258,259,260] [63.276, 67.906, 63.029, 61.218, 58.412, 58.224, 54.312, 56.812, 59.041, 58.047]
127.713 [0,1,2,3] [245,246,247,248] [63.825, 67.7, 63.0, 60.9, 58.425, 58.7, 54.775, 57.45, 59.875, 59.05]
127.709 [0,1,2,3] [253,254,255,256,257,258] [63.033, 67.967, 63.05, 61.367, 58.6, 58.15, 54.067, 56.533, 58.567, 57.433]
127.708 [0,1,2,3] [238,239,240,241,242,243,244,245,246,247,248,249,250,251,252,253,254,255] [63.667, 67.644, 63.183, 60.922, 58.456, 58.761, 54.717, 57.328, 59.583, 58.667]
127.704 [0,1,2,3] [238,239,240,241,242,243,244,245,246,247,248,249,250,251] [63.864, 67.586, 63.179, 60.779, 58.429, 58.907, 54.871, 57.514, 59.793, 58.957]
127.693 [0,1,2,3] [248,249,250,251,252,253,254,255,256,257,258,259,260,261] [62.979, 67.957, 63.1, 61.35, 58.4, 57.857, 53.986, 56.557, 58.714, 57.693]
127.692 [0,1,2,3] [243,244,245,246,247,248,249,250,251,252,253,254,255,256,257,258,259,260] [63.339, 67.872, 63.0, 61.172, 58.422, 58.278, 54.35, 56.861, 59.094, 58.111]
127.69 [0,1,2,3] [240,241,242,243,244,245,246,247,248,249] [64.04, 67.58, 63.03, 60.73, 58.49, 58.92, 54.85, 57.53, 59.92, 59.08]
127.684 [0,1,2,3] [241,242,243,244,245,246,247,248,249] [64.056, 67.589, 62.956, 60.767, 58.489, 58.856, 54.833, 57.511, 59.9, 59.067]
127.681 [0,1,2,3] [240,241,242,243,244,245,246,247,248,249,250,251,252,253,254,255,256,257,258,259,260] [63.481, 67.79, 63.033, 61.057, 58.438, 58.429, 54.433, 56.981, 59.238, 58.295]
127.677 [0,1,2,3] [237,238,239,240,241,242,243,244,245,246,247,248,249,250,251,252,253,254,255,256,257] [63.6, 67.686, 63.143, 60.924, 58.471, 58.733, 54.686, 57.262, 59.448, 58.552]
127.675 [0,1,2,3] [237,238,239,240,241,242,243,244,245,246,247,248,249,250,251,252,253,254,255,256,257,258] [63.573, 67.709, 63.127, 60.941, 58.468, 58.7, 54.65, 57.218, 59.391, 58.495]
127.673 [0,1,2,3] [250,251,252,253,254,255,256,257,258,259,260] [62.973, 67.982, 63.036, 61.355, 58.391, 57.982, 54.055, 56.482, 58.618, 57.582]
127.671 [0,1,2,3] [242,243,244,245,246,247,248,249,250,251,252,253,254,255,256,257,258,259,260] [63.411, 67.826, 62.979, 61.126, 58.432, 58.326, 54.384, 56.911, 59.147, 58.189]
127.67 [0,1,2,3] [238,239,240,241,242,243,244,245,246,247,248,249,250] [63.908, 67.538, 63.162, 60.731, 58.469, 58.969, 54.892, 57.554, 59.846, 59.023]
127.669 [0,1,2,3] [252,253,254,255,256,257,258,259] [62.975, 68.013, 63.0, 61.35, 58.5, 58.063, 54.0, 56.45, 58.55, 57.45]
127.667 [0,1,2,3] [239,240,241] [63.967, 67.4, 63.6, 60.367, 58.5, 59.5, 55.033, 57.633, 60.1, 59.2]
127.665 [0,1,2,3] [237,238,239,240,241,242,243,244,245,246,247,248,249,250,251,252,253,254,255,256] [63.625, 67.65, 63.155, 60.9, 58.465, 58.765, 54.72, 57.31, 59.5, 58.615]
127.663 [0,1,2,3] [237,238,239,240,241,242,243,244,245,246,247,248,249,250,251,252] [63.775, 67.613, 63.156, 60.781, 58.419, 58.906, 54.869, 57.475, 59.7, 58.894]
127.659 [0,1,2,3] [237,238,239,240,241,242,243,244,245,246,247,248,249,250,251,252,253,254] [63.678, 67.622, 63.161, 60.856, 58.45, 58.839, 54.794, 57.389, 59.606, 58.756]
127.655 [0,1,2,3] [237,238,239,240,241,242,243,244,245,246,247,248,249,250,251,252,253,254,255] [63.647, 67.621, 63.163, 60.879, 58.463, 58.805, 54.753, 57.347, 59.558, 58.689]
127.65 [0,1,2,3] [246,247] [64.0, 67.6, 62.85, 60.85, 58.4, 58.7, 55.0, 57.5, 59.9, 59.05]
127.648 [0,1,2,3] [237,238,239,240,241,242,243,244,245,246,247,248,249,250,251,252,253,254,255,256,257,258,259] [63.53, 67.717, 63.1, 60.948, 58.461, 58.643, 54.591, 57.152, 59.33, 58.439]
127.644 [0,1,2,3] [245,246,247,248,249,250,251,252,253,254,255,256,257,258,259,260,261] [63.129, 67.888, 63.024, 61.247, 58.406, 58.035, 54.153, 56.712, 58.924, 57.953]
127.64 [0,1,2,3] [244,245,246,247,248] [63.9, 67.66, 62.92, 60.8, 58.48, 58.78, 54.84, 57.46, 59.88, 58.98]
127.639 [0,1,2,3] [238,239,240,241,242,243,244,245,246,247,248,249,250,251,252,253,254,255,256,257,258,259,260] [63.478, 67.726, 63.087, 60.987, 58.448, 58.535, 54.509, 57.057, 59.287, 58.357]
127.637 [0,1,2,3] [237,238,239,240,241,242,243,244,245,246,247,248,249,250,251] [63.827, 67.56, 63.153, 60.733, 58.44, 58.953, 54.907, 57.527, 59.747, 58.967]
127.628 [0,1,2,3] [244,245,246,247,248,249,250,251,252,253,254,255,256,257,258,259,260,261] [63.189, 67.867, 63.0, 61.2, 58.422, 58.094, 54.206, 56.756, 58.978, 57.994]
127.625 [0,1,2,3] [253,254] [62.9, 67.7, 63.2, 61.45, 58.7, 58.3, 54.2, 56.7, 58.85, 57.65]
127.623 [0,1,2,3] [249,250,251,252,253,254,255,256,257,258,259,260,261] [62.915, 67.946, 63.031, 61.354, 58.4, 57.831, 53.962, 56.485, 58.631, 57.615]
127.622 [0,1,2,3] [247,248,249,250,251,252,253,254,255,256,257,258,259,260,261,262] [62.969, 67.894, 63.069, 61.312, 58.425, 57.85, 53.931, 56.563, 58.725, 57.725]
127.617 [0,1,2,3] [236,237,238,239,240,241,242,243,244,245,246,247,248,249,250,251,252,253,254,255,256,257,258] [63.561, 67.67, 63.1, 60.904, 58.47, 58.743, 54.67, 57.217, 59.37, 58.526]
127.616 [0,1,2,3] [236,237,238,239,240,241,242,243,244,245,246,247,248,249,250,251,252,253,254,255,256,257] [63.586, 67.645, 63.114, 60.886, 58.473, 58.777, 54.705, 57.259, 59.423, 58.582]
127.614 [0,1,2,3] [253,254,255,256,257,258,259] [62.971, 67.957, 62.971, 61.329, 58.557, 58.043, 53.957, 56.414, 58.486, 57.4]
127.611 [0,1,2,3] [243,244,245,246,247,248,249,250,251,252,253,254,255,256,257,258,259,260,261] [63.253, 67.837, 62.974, 61.158, 58.432, 58.153, 54.247, 56.805, 59.032, 58.058]
127.609 [0,1,2,3] [238,239,240,241,242,243,244,245,246,247,248,249] [63.942, 67.492, 63.133, 60.65, 58.5, 59.042, 54.925, 57.583, 59.9, 59.067]
127.605 [0,1,2,3] [241,242,243,244,245,246,247,248,249,250,251,252,253,254,255,256,257,258,259,260,261] [63.376, 67.776, 62.976, 61.081, 58.443, 58.257, 54.31, 56.89, 59.133, 58.195]
127.604 [0,1,2,3] [239,240,241,242,243,244,245,246,247,248,249,250,251,252,253,254,255,256,257,258,259,260,261] [63.409, 67.743, 63.039, 61.017, 58.448, 58.374, 54.383, 56.957, 59.217, 58.274]
127.603 [0,1,2,3] [236,237,238,239,240,241,242,243,244,245,246,247,248,249,250,251,252,253,254,255,256] [63.61, 67.61, 63.124, 60.862, 58.467, 58.81, 54.738, 57.305, 59.471, 58.643]
127.602 [0,1,2,3] [236,237,238,239,240,241,242,243,244,245,246,247,248,249,250,251,252,253] [63.7, 67.594, 63.122, 60.789, 58.433, 58.917, 54.85, 57.411, 59.611, 58.85]
127.6 [0,1,2,3] [251,252,253,254,255,256,257,258,259,260] [62.92, 67.97, 62.99, 61.32, 58.42, 57.97, 54.01, 56.41, 58.56, 57.49]
127.595 [0,1,2,3] [242,243,244,245,246,247,248,249,250,251,252,253,254,255,256,257,258,259,260,261] [63.325, 67.795, 62.955, 61.115, 58.44, 58.205, 54.285, 56.855, 59.085, 58.135]
127.593 [0,1,2,3] [236,237,238,239,240,241,242,243,244,245,246,247,248,249,250,251,252,253,254,255,256,257,258,259] [63.521, 67.679, 63.075, 60.912, 58.463, 58.688, 54.612, 57.154, 59.313, 58.471]
127.592 [0,1,2,3] [246,247,248,249,250,251,252,253,254,255,256,257,258,259,260,261,262] [63.012, 67.871, 63.024, 61.276, 58.424, 57.912, 54.0, 56.606, 58.794, 57.812]
127.59 [0,1,2,3] [236,237,238,239,240,241,242,243,244,245,246,247,248,249,250,251,252,253,254,255] [63.63, 67.58, 63.13, 60.84, 58.465, 58.85, 54.77, 57.34, 59.525, 58.715]
127.586 [0,1,2,3] [236,237,238,239,240,241,242,243,244,245,246,247,248,249,250,251,252] [63.747, 67.565, 63.118, 60.741, 58.424, 58.953, 54.882, 57.459, 59.653, 58.912]
127.584 [0,1,2,3] [248,249,250,251,252,253,254,255,256,257,258,259,260,261,262] [62.88, 67.907, 63.047, 61.333, 58.427, 57.807, 53.867, 56.487, 58.647, 57.647]
127.58 [0,1,2,3] [239,240,241,242,243,244,245,246,247,248] [64.05, 67.48, 63.05, 60.58, 58.51, 59.08, 54.93, 57.57, 59.98, 59.13]
127.577 [0,1,2,3] [238,239,240,241,242,243,244,245,246,247,248,249,250,251,252,253,254,255,256,257,258,259,260,261] [63.404, 67.704, 63.063, 60.983, 58.454, 58.425, 54.421, 57.004, 59.229, 58.304]
127.575 [0,1,2,3] [241,242,243,244,245,246,247,248] [64.125, 67.5, 62.887, 60.638, 58.512, 58.95, 54.875, 57.55, 59.95, 59.137]
127.571 [0,1,2,3] [235,236,237,238,239,240,241,242,243,244,245,246,247,248,249,250,251,252,253,254,255,256,257,258] [63.554, 67.642, 63.067, 60.879, 58.475, 58.783, 54.687, 57.204, 59.35, 58.554]
127.567 [0,1,2,3] [235,236,237,238,239,240,241,242,243,244,245,246,247,248,249,250,251,252,253,254,255,256,257] [63.578, 67.617, 63.078, 60.861, 58.478, 58.817, 54.722, 57.243, 59.4, 58.609]
127.566 [0,1,2,3] [254,255,256,257,258,259] [62.983, 67.933, 62.933, 61.283, 58.55, 58.0, 53.9, 56.383, 58.417, 57.333]
127.557 [0,1,2,3] [236,237,238,239,240,241,242,243,244,245,246,247,248,249,250,251] [63.794, 67.513, 63.112, 60.694, 58.444, 59.0, 54.919, 57.506, 59.694, 58.981]
127.556 [0,1,2,3] [245,246,247,248,249,250,251,252,253,254,255,256,257,258,259,260,261,262] [63.039, 67.85, 62.983, 61.239, 58.428, 57.983, 54.044, 56.644, 58.856, 57.9]
127.552 [0,1,2,3] [235,236,237,238,239,240,241,242,243,244,245,246,247,248,249,250,251,252,253,254,255,256] [63.6, 67.582, 63.086, 60.836, 58.473, 58.85, 54.755, 57.286, 59.445, 58.668]
127.55 [0,1,2,3] [236,237,238,239,240,241,242,243,244,245,246,247,248,249,250,251,252,253,254,255,256,257,258,259,260] [63.464, 67.668, 63.052, 60.916, 58.456, 58.624, 54.568, 57.088, 59.264, 58.42]
127.545 [0,1,2,3] [244,245,246,247,248,249,250,251,252,253,254,255,256,257,258,259,260,261,262] [63.1, 67.832, 62.963, 61.195, 58.442, 58.042, 54.1, 56.689, 58.911, 57.942]
127.543 [0,1,2,3] [240,241,242,243,244,245,246,247,248,249,250,251,252,253,254,255,256,257,258,259,260,261,262] [63.317, 67.739, 62.978, 61.052, 58.461, 58.261, 54.248, 56.865, 59.113, 58.187]
127.542 [0,1,2,3] [237,238,239,240,241,242,243,244,245,246,247,248,249,250,251,252,253,254,255,256,257,258,259,260,261] [63.4, 67.684, 63.052, 60.948, 58.46, 58.472, 54.46, 57.032, 59.224, 58.336]
127.54 [0,1,2,3] [239,240,241,242,243,244,245,246,247,248,249,250,251,252,253,254,255,256,257,258,259,260,261,262] [63.329, 67.721, 63.008, 61.021, 58.462, 58.321, 54.292, 56.896, 59.154, 58.221]
127.539 [0,1,2,3] [252,253,254,255,256,257,258,259,260] [62.878, 67.944, 62.944, 61.311, 58.478, 57.956, 53.944, 56.344, 58.5, 57.422]
127.538 [0,1,2,3] [234,235,236,237,238,239,240,241,242,243,244,245,246,247,248,249,250,251,252,253,254,255,256,257] [63.608, 67.592, 63.046, 60.829, 58.475, 58.85, 54.746, 57.233, 59.371, 58.642]
127.534 [0,1,2,3] [241,242,243,244,245,246,247,248,249,250,251,252,253,254,255,256,257,258,259,260,261,262] [63.291, 67.75, 62.945, 61.082, 58.459, 58.205, 54.214, 56.827, 59.068, 58.141]
127.533 [0,1,2,3] [243,244,245,246,247,248,249,250,251,252,253,254,255,256,257,258,259,260,261,262] [63.165, 67.805, 62.94, 61.155, 58.45, 58.1, 54.145, 56.74, 58.965, 58.005]
127.525 [0,1,2,3] [235,236,237,238,239,240,241,242,243,244,245,246,247,248,249,250,251,252] [63.728, 67.533, 63.072, 60.717, 58.433, 58.994, 54.894, 57.428, 59.611, 58.928]
127.523 [0,1,2,3] [234,235,236,237,238,239,240,241,242,243,244,245,246,247,248,249,250,251,252,253,254,255,256,257,258,259] [63.546, 67.627, 63.015, 60.858, 58.465, 58.762, 54.658, 57.138, 59.273, 58.535]
127.522 [0,1,2,3] [242,243,244,245,246,247,248,249,250,251,252,253,254,255,256,257,258,259,260,261,262] [63.238, 67.767, 62.924, 61.114, 58.457, 58.152, 54.186, 56.79, 59.019, 58.081]
127.52 [0,1,2,3] [239,240,241,242,243] [64.2, 67.3, 63.18, 60.36, 58.54, 59.38, 55.02, 57.68, 60.08, 59.28]
127.517 [0,1,2,3] [236,237,238,239,240,241,242,243,244,245,246,247,248,249,250] [63.827, 67.467, 63.093, 60.647, 58.48, 59.06, 54.94, 57.54, 59.733, 59.04]
127.516 [0,1,2,3] [238,239,240,241,242,243,244,245,246,247,248,249,250,251,252,253,254,255,256,257,258,259,260,261,262] [63.328, 67.684, 63.032, 60.988, 58.468, 58.372, 54.332, 56.944, 59.168, 58.252]
127.511 [0,1,2,3] [249,250,251,252,253,254,255,256,257,258,259,260,261,262] [62.814, 67.893, 62.979, 61.336, 58.429, 57.779, 53.836, 56.414, 58.564, 57.571]
127.51 [0,1,2,3] [234,235,236,237,238,239,240,241,242,243,244,245,246,247,248,249,250,251,252,253] [63.715, 67.535, 63.04, 60.73, 58.44, 58.99, 54.885, 57.365, 59.53, 58.895]
127.509 [0,1,2,3] [235,236,237,238,239,240,241,242,243,244,245,246,247,248,249,250,251,252,253,254,255,256,257,258,259,260] [63.462, 67.642, 63.023, 60.892, 58.462, 58.665, 54.588, 57.081, 59.25, 58.45]
127.507 [0,1,2,3] [234,235,236,237,238,239,240,241,242,243,244,245,246,247,248,249,250,251,252,253,254,255] [63.65, 67.527, 63.055, 60.782, 58.468, 58.923, 54.809, 57.305, 59.459, 58.768]
127.503 [0,1,2,3] [234,235,236,237,238,239,240,241,242,243,244,245,246,247,248,249,250,251,252,253,254] [63.676, 67.524, 63.048, 60.757, 58.457, 58.957, 54.848, 57.338, 59.495, 58.829]
127.502 [0,1,2,3] [233,234,235,236,237,238,239,240,241,242,243,244,245,246,247,248,249,250,251,252,253,254,255,256,257,258] [63.612, 67.585, 62.988, 60.819, 58.462, 58.846, 54.738, 57.177, 59.304, 58.623]
127.5 [0,1,2,3] [240,241,242,243,244] [64.32, 67.34, 62.96, 60.38, 58.58, 59.26, 54.98, 57.66, 60.04, 59.22]
127.497 [0,1,2,3] [247,248,249,250,251,252,253,254,255,256,257,258,259,260,261,262,263] [62.882, 67.829, 63.0, 61.282, 58.435, 57.824, 53.812, 56.406, 58.665, 57.682]
127.496 [0,1,2,3] [236,237,238,239,240,241,242,243,244,245,246,247,248,249,250,251,252,253,254,255,256,257,258,259,260,261] [63.396, 67.65, 63.031, 60.915, 58.462, 58.519, 54.485, 57.038, 59.212, 58.369]
127.494 [0,1,2,3] [235,236,237,238,239,240,241,242,243,244,245,246,247,248,249,250,251] [63.771, 67.482, 63.065, 60.671, 58.453, 59.041, 54.929, 57.471, 59.647, 58.994]
127.49 [0,1,2,3] [234,235,236,237,238,239,240,241,242,243,244,245,246,247,248,249,250,251,252] [63.758, 67.505, 63.032, 60.684, 58.432, 59.026, 54.916, 57.405, 59.563, 58.953]
127.488 [0,1,2,3] [238,239,240,241] [63.8, 67.25, 63.6, 60.325, 58.525, 59.525, 55.1, 57.75, 59.95, 59.15]
127.486 [0,1,2,3] [234,235,236,237,238,239,240,241,242,243,244,245,246,247,248,249,250,251,252,253,254,255,256,257,258,259,260] [63.493, 67.619, 62.996, 60.863, 58.459, 58.7, 54.615, 57.078, 59.23, 58.485]
127.485 [0,1,2,3] [237,238,239,240,241,242,243,244,245,246,247,248,249,250,251,252,253,254,255,256,257,258,259,260,261,262] [63.327, 67.665, 63.023, 60.954, 58.473, 58.419, 54.373, 56.973, 59.165, 58.285]
127.479 [0,1,2,3] [233,234,235,236,237,238,239,240,241,242,243,244,245,246,247,248,249,250,251,252,253,254,255,256] [63.658, 67.525, 63.0, 60.775, 58.458, 58.913, 54.804, 57.25, 59.388, 58.733]
127.475 [0,1,2,3] [246,247,248,249,250,251,252,253,254,255,256,257,258,259,260,261,262,263] [62.928, 67.811, 62.961, 61.25, 58.433, 57.883, 53.883, 56.456, 58.733, 57.767]
127.473 [0,1,2,3] [232,233,234,235,236,237,238,239,240,241,242,243,244,245,246,247,248,249,250,251,252,253,254,255,256,257,258] [63.656, 67.544, 62.952, 60.793, 58.452, 58.881, 54.763, 57.159, 59.285, 58.659]
127.469 [0,1,2,3] [240,241,242,243,244,245,246,247] [64.137, 67.425, 62.85, 60.525, 58.525, 59.113, 54.963, 57.575, 59.987, 59.2]
127.468 [0,1,2,3] [251,252,253,254,255,256,257,258,259,260,261] [62.809, 67.9, 62.945, 61.282, 58.436, 57.782, 53.864, 56.355, 58.5, 57.455]
127.467 [0,1,2,3] [239,240,241,242,243,244,245,246,247] [64.078, 67.411, 62.944, 60.5, 58.522, 59.178, 55.0, 57.578, 60.0, 59.178]
127.465 [0,1,2,3] [232,233,234,235,236,237,238,239,240,241,242,243,244,245,246,247,248,249,250,251,252,253,254,255,256,257] [63.681, 67.519, 62.958, 60.773, 58.454, 58.915, 54.796, 57.192, 59.327, 58.712]
127.463 [0,1,2,3] [233,234,235,236,237,238,239,240,241,242,243,244,245,246,247,248,249,250,251,252,253,254,255] [63.678, 67.496, 63.0, 60.752, 58.457, 58.952, 54.835, 57.278, 59.43, 58.8]
127.459 [0,1,2,3] [235,236,237,238,239,240,241,242,243,244,245,246,247,248,249,250,251,252,253,254,255,256,257,258,259,260,261] [63.396, 67.626, 63.004, 60.893, 58.467, 58.563, 54.507, 57.033, 59.2, 58.4]
127.458 [0,1,2,3] [239,240,241,242,243,244,245,246,247,248,249,250,251,252,253,254,255,256,257,258,259,260,261,262,263] [63.256, 67.684, 62.964, 61.012, 58.468, 58.284, 54.196, 56.776, 59.096, 58.172]
127.457 [0,1,2,3] [233,234,235,236,237,238,239,240,241,242,243,244,245,246,247,248,249,250,251,252,253,254] [63.705, 67.491, 62.991, 60.727, 58.445, 58.986, 54.873, 57.309, 59.464, 58.859]
127.454 [0,1,2,3] [237,238,239,240,241,242,243,244,245,246,247,248] [63.925, 67.4, 63.075, 60.508, 58.525, 59.167, 55.0, 57.625, 59.867, 59.117]
127.453 [0,1,2,3] [248,249,250,251,252,253,254,255,256,257,258,259,260,261,262,263] [62.794, 67.838, 62.975, 61.3, 58.438, 57.781, 53.744, 56.325, 58.588, 57.606]
