[Score] [Station index] [Time slots] 
127.425 [1,2,3,5] [284,285] [33.5, 60.65, 66.95, 68.0, 59.45, 59.25, 49.4, 52.65, 52.6, 39.4]
127.15 [2,3,4,5] [280,281] [33.95, 55.6, 67.05, 68.35, 58.6, 60.3, 49.4, 53.65, 53.3, 40.6]
127.116 [2,3,4,5] [279,280,281] [34.0, 55.367, 67.067, 68.333, 58.5, 60.333, 49.567, 53.767, 53.533, 40.767]
127.113 [2,3,4,5] [278,279,280,281] [34.15, 55.3, 67.2, 68.3, 58.4, 60.325, 49.65, 53.85, 53.55, 40.925]
127.025 [2,3,4,5] [279,280,281,282] [33.95, 55.425, 67.05, 68.225, 58.5, 60.275, 49.5, 53.525, 53.375, 40.65]
126.983 [1,2,3,5] [283,284,285] [33.567, 59.533, 67.0, 68.033, 59.2, 59.4, 49.3, 52.7, 52.567, 39.567]
126.98 [2,3,4,5] [280,281,282,283,284] [33.8, 56.88, 67.08, 68.16, 58.76, 59.96, 49.34, 53.1, 52.94, 40.18]
126.957 [2,3,4,5] [278,279,280,281,282,283,284,285] [33.887, 56.925, 67.1, 68.15, 58.713, 59.95, 49.475, 53.288, 53.1, 40.338]
126.925 [2,3,4,5] [283,284] [33.65, 58.8, 67.15, 68.1, 59.05, 59.55, 49.3, 52.7, 52.6, 39.7]
126.92 [2,3,4,5] [277,278,279,280,281] [34.26, 55.22, 67.28, 67.84, 58.32, 60.4, 49.78, 53.98, 53.72, 41.1]
126.9 [2,3,4,5] [281,282,283,284] [33.75, 57.2, 67.075, 68.1, 58.8, 59.825, 49.3, 52.925, 52.825, 40.025]
126.892 [2,3,4,5] [277,278,279,280,281,282] [34.183, 55.283, 67.233, 67.85, 58.35, 60.35, 49.7, 53.783, 53.583, 40.967]
126.867 [2,3,4,5] [277,278,279,280,281,282,283,284,285] [33.978, 56.7, 67.156, 67.911, 58.633, 60.033, 49.567, 53.422, 53.244, 40.5]
126.85 [2,3,4,5] [279,280,281,282,283,284,285,286] [33.725, 57.663, 66.925, 68.1, 58.9, 59.775, 49.375, 53.088, 53.0, 40.038]
126.822 [2,3,4,5] [280,281,282,283,284,285,286] [33.671, 58.057, 66.9, 68.071, 58.986, 59.686, 49.3, 52.957, 52.857, 39.886]
126.805 [2,3,4,5] [277,278,279,280,281,282,283,284,285,286] [33.91, 57.13, 67.06, 67.9, 58.73, 59.92, 49.52, 53.33, 53.2, 40.35]
126.8 [2,3,4,5] [282,283,284,285] [33.625, 58.55, 67.0, 68.0, 59.025, 59.575, 49.3, 52.725, 52.65, 39.75]
126.767 [2,3,4,5] [277,278,279] [34.467, 54.967, 67.433, 67.5, 58.133, 60.467, 50.033, 54.2, 54.0, 41.433]
126.75 [2,3,4,5] [278,279,280,281,282,283,284,285,286,287] [33.75, 57.78, 66.87, 68.05, 58.88, 59.7, 49.36, 53.11, 53.03, 40.07]
126.742 [2,3,4,5] [281,282,283,284,285,286] [33.617, 58.467, 66.867, 68.017, 59.05, 59.55, 49.267, 52.817, 52.767, 39.733]
126.711 [2,3,4,5] [279,280,281,282,283,284,285,286,287] [33.656, 58.078, 66.789, 68.033, 58.967, 59.633, 49.3, 53.0, 52.967, 39.922]
126.696 [2,3,4,5] [277,278,279,280,281,282,283,284,285,286,287] [33.836, 57.518, 66.936, 67.864, 58.8, 59.791, 49.445, 53.236, 53.155, 40.227]
126.49 [2,3,4,5] [276,277,278,279,280,281,282,283,284,285] [34.07, 56.48, 67.21, 67.08, 58.58, 60.11, 49.61, 53.55, 53.35, 40.67]
126.478 [2,3,4,5] [276,277,278,279,280,281,282,283,284] [34.144, 55.978, 67.267, 66.989, 58.478, 60.222, 49.644, 53.644, 53.444, 40.822]
126.468 [2,3,4,5] [276,277,278,279,280,281,282,283,284,285,286] [34.0, 56.891, 67.118, 67.145, 58.673, 60.0, 49.564, 53.455, 53.3, 40.518]
126.407 [2,3,4,5] [276,277,278,279,280,281,282,283] [34.213, 55.438, 67.275, 66.85, 58.363, 60.325, 49.663, 53.775, 53.537, 40.988]
126.284 [2,3,4,5] [276,277,278,279,280,281] [34.367, 55.1, 67.35, 66.467, 58.283, 60.467, 49.817, 54.1, 53.817, 41.283]
126.079 [2,3,4,5] [275,276,277,278,279,280,281,282,283,284,285,286] [34.092, 56.675, 67.225, 66.275, 58.575, 60.083, 49.642, 53.55, 53.383, 40.692]
126.064 [2,3,4,5] [275,276,277,278,279,280,281,282,283,284,285] [34.164, 56.282, 67.318, 66.136, 58.482, 60.191, 49.691, 53.645, 53.436, 40.845]
126.042 [2,3,4,5] [275,276,277,278,279,280,281,282,283,284,285,286,287] [34.015, 57.038, 67.108, 66.369, 58.646, 59.962, 49.569, 53.454, 53.331, 40.562]
126.01 [2,3,4,5] [275,276,277,278,279,280,281,282,283,284] [34.24, 55.81, 67.38, 65.96, 58.38, 60.3, 49.73, 53.74, 53.53, 41.0]
125.782 [2,3,4,5] [275,276,277,278,279,280,281,282] [34.388, 55.063, 67.438, 65.425, 58.213, 60.488, 49.838, 54.0, 53.762, 41.325]
125.725 [2,3,4,5] [274,275,276,277,278,279,280,281,282,283,284,285] [34.242, 56.142, 67.425, 65.367, 58.383, 60.275, 49.775, 53.75, 53.583, 41.025]
125.675 [1,2,3,5] [280,281,282,283] [33.85, 56.025, 67.05, 68.175, 58.6, 60.1, 49.3, 53.225, 53.0, 40.35]
125.51 [2,3,4,5] [273,274,275,276,277,278,279,280,281,282,283,284,285,286,287] [34.167, 56.733, 67.313, 65.12, 58.46, 60.127, 49.733, 53.64, 53.553, 40.94]
125.45 [2,3,4,5] [276,277,278] [34.733, 54.833, 67.633, 64.6, 58.067, 60.6, 50.067, 54.433, 54.1, 41.8]
125.416 [2,3,4,5] [275,276,277,278,279,280] [34.567, 54.883, 67.583, 64.533, 58.1, 60.617, 50.017, 54.283, 54.0, 41.65]
125.361 [2,3,4,5] [274,275,276,277,278,279,280,281,282] [34.467, 55.011, 67.567, 64.478, 58.111, 60.567, 49.933, 54.1, 53.922, 41.511]
125.293 [1,2,3,5] [251,252,253,254,255,256,257] [38.929, 66.057, 70.671, 57.114, 57.157, 56.743, 52.157, 58.086, 59.357, 50.629]
125.225 [2,3,4,5] [272,273,274,275,276,277,278,279,280,281,282,283,284,285] [34.393, 55.986, 67.593, 64.2, 58.214, 60.443, 49.929, 53.921, 53.786, 41.45]
125.195 [2,3,4,5] [273,274,275,276,277,278,279,280,281,282,283] [34.464, 55.209, 67.627, 64.136, 58.082, 60.545, 49.945, 54.045, 53.873, 41.573]
125.188 [2,3,4,5] [274,275,276,277,278,279,280,281] [34.55, 54.938, 67.638, 64.05, 58.063, 60.625, 50.013, 54.263, 54.05, 41.662]
125.151 [2,3,4,5] [271,272,273,274,275,276,277,278,279,280,281,282,283,284,285,286,287] [34.329, 56.582, 67.465, 64.2, 58.318, 60.318, 49.882, 53.818, 53.806, 41.359]
125.122 [2,3,4,5] [271,272,273,274,275,276,277,278,279,280,281,282,283,284,285,286] [34.406, 56.281, 67.575, 63.994, 58.244, 60.431, 49.956, 53.913, 53.875, 41.506]
125.035 [2,3,4,5] [273,274,275,276,277,278,279,280,281,282] [34.54, 55.0, 67.68, 63.74, 58.02, 60.63, 50.03, 54.17, 54.01, 41.74]
125.001 [2,3,4,5] [270,271,272,273,274,275,276,277,278,279,280,281,282,283,284,285,286,287] [34.411, 56.572, 67.522, 63.817, 58.256, 60.406, 49.95, 53.9, 53.972, 41.556]
124.965 [2,3,4,5] [270,271,272,273,274,275,276,277,278,279,280,281,282,283,284,285,286] [34.488, 56.288, 67.629, 63.6, 58.182, 60.518, 50.024, 53.994, 54.047, 41.706]
124.884 [2,3,4,5] [270,271,272,273,274,275,276,277,278,279,280,281,282,283,284,285] [34.563, 55.994, 67.719, 63.337, 58.094, 60.619, 50.081, 54.088, 54.125, 41.875]
124.881 [2,3,4,5] [269,270,271,272,273,274,275,276,277,278,279,280,281,282,283,284,285,286,287] [34.495, 56.595, 67.589, 63.479, 58.195, 60.5, 50.016, 53.995, 54.132, 41.747]
124.75 [2,3,4,5] [268,269,270,271,272,273,274,275,276,277,278,279,280,281,282,283,284,285,286] [34.653, 56.379, 67.774, 62.947, 58.074, 60.705, 50.174, 54.184, 54.368, 42.084]
124.742 [1,2,3,5] [249,250,251,252,253,254,255,256,257,258,259,260,261] [38.585, 65.362, 70.3, 57.146, 56.954, 56.677, 52.238, 58.008, 59.108, 50.154]
124.717 [2,3,4,5] [267,268,269,270,271,272,273,274,275,276,277,278,279,280,281,282,283,284,285,286,287] [34.657, 56.719, 67.748, 62.9, 58.095, 60.69, 50.176, 54.186, 54.433, 42.114]
124.655 [2,3,4,5] [266,267,268,269,270,271,272,273,274,275,276,277,278,279,280,281,282,283,284,285,286,287] [34.727, 56.832, 67.832, 62.65, 58.041, 60.786, 50.259, 54.277, 54.591, 42.295]
124.644 [2,3,4,5] [269,270,271,272,273,274,275,276,277,278,279,280,281,282,283,284] [34.725, 55.744, 67.85, 62.681, 57.944, 60.813, 50.2, 54.275, 54.406, 42.244]
124.609 [2,3,4,5] [266,267,268,269,270,271,272,273,274,275,276,277,278,279,280,281,282,283,284,285,286] [34.805, 56.614, 67.933, 62.419, 57.971, 60.895, 50.333, 54.371, 54.681, 42.452]
124.607 [2,3,4,5] [270,271,272,273,274,275,276,277,278,279,280,281,282,283] [34.714, 55.329, 67.829, 62.671, 57.9, 60.814, 50.179, 54.293, 54.343, 42.229]
124.595 [2,3,4,5] [272,273,274,275,276,277,278,279,280,281] [34.7, 54.96, 67.83, 62.68, 57.89, 60.79, 50.18, 54.4, 54.24, 42.13]
124.553 [2,3,4,5] [268,269,270,271,272,273,274,275,276,277,278,279,280,281,282,283,284] [34.806, 55.835, 67.929, 62.371, 57.9, 60.906, 50.288, 54.371, 54.571, 42.429]
124.533 [2,3,4,5] [274,275,276,277,278,279] [34.75, 54.717, 67.833, 62.617, 57.883, 60.733, 50.217, 54.467, 54.3, 42.017]
124.528 [2,3,4,5] [266,267,268,269,270,271,272,273,274,275,276,277,278,279,280,281,282,283,284,285] [34.88, 56.395, 68.02, 62.15, 57.89, 60.995, 50.395, 54.465, 54.775, 42.625]
124.511 [1,2,3,5] [250,251,252,253,254,255,256,257,258,259,260,261,262,263,264,265,266,267] [37.761, 63.383, 70.267, 57.333, 56.911, 58.039, 52.239, 57.494, 58.922, 49.0]
124.504 [2,3,4,5] [264,265,266,267,268,269,270,271,272,273,274,275,276,277,278,279,280,281,282,283,284,285,286,287] [34.867, 57.117, 67.975, 62.242, 57.933, 60.858, 50.425, 54.475, 54.913, 42.675]
124.457 [2,3,4,5] [264,265,266,267,268,269,270,271,272,273,274,275,276,277,278,279,280,281,282,283,284,285,286] [34.943, 56.93, 68.074, 62.013, 57.865, 60.961, 50.5, 54.57, 55.009, 42.835]
124.439 [2,3,4,5] [270,271,272,273,274,275,276,277,278,279,280,281,282] [34.792, 55.177, 67.885, 62.254, 57.838, 60.9, 50.262, 54.408, 54.485, 42.408]
124.418 [2,3,4,5] [266,267,268,269,270,271,272,273,274,275,276,277,278,279,280,281,282,283,284] [34.958, 56.153, 68.089, 61.847, 57.805, 61.095, 50.453, 54.558, 54.895, 42.8]
124.397 [2,3,4,5] [268,269,270,271,272,273,274,275,276,277,278,279,280,281,282,283] [34.881, 55.556, 67.975, 62.012, 57.806, 61.0, 50.337, 54.481, 54.688, 42.612]
124.384 [2,3,4,5] [263,264,265,266,267,268,269,270,271,272,273,274,275,276,277,278,279,280,281,282,283,284,285,286,287] [34.936, 57.268, 68.048, 62.08, 57.888, 60.752, 50.504, 54.58, 55.06, 42.872]
124.375 [2,3,4,5] [264,265,266,267,268,269,270,271,272,273,274,275,276,277,278,279,280,281,282,283,284,285] [35.018, 56.745, 68.159, 61.75, 57.786, 61.055, 50.564, 54.664, 55.109, 43.009]
124.357 [2,3,4,5] [265,266,267,268,269,270,271,272,273,274,275,276,277,278,279,280,281,282,283,284] [35.035, 56.345, 68.16, 61.63, 57.755, 61.17, 50.54, 54.65, 55.065, 42.99]
124.328 [2,3,4,5] [272,273,274,275,276,277,278,279,280] [34.789, 54.889, 67.922, 62.056, 57.811, 60.867, 50.278, 54.5, 54.356, 42.322]
124.326 [2,3,4,5] [267,268,269,270,271,272,273,274,275,276,277,278,279,280,281,282,283] [34.965, 55.729, 68.053, 61.741, 57.765, 61.094, 50.418, 54.576, 54.847, 42.8]
124.318 [2,3,4,5] [269,270,271,272,273,274,275,276,277,278,279,280,281,282] [34.879, 55.307, 67.95, 61.907, 57.786, 60.993, 50.329, 54.5, 54.664, 42.607]
124.273 [2,3,4,5] [266,267,268,269,270,271,272,273,274,275,276,277,278,279,280,281,282,283] [35.033, 55.922, 68.139, 61.5, 57.717, 61.189, 50.506, 54.667, 55.017, 42.983]
124.261 [1,2,3,5] [250,251,252,253,254,255,256,257,258,259,260,261,262,263,264,265,266,267,268,269,270,271,272,273,274,275,276,277,278,279,280,281,282,283,284,285,286,287] [36.084, 59.829, 68.9, 60.408, 57.561, 59.384, 51.113, 55.703, 56.482, 45.279]
124.246 [2,3,4,5] [270,271,272,273,274,275,276,277,278,279,280,281] [34.875, 55.142, 67.958, 61.783, 57.783, 60.967, 50.342, 54.542, 54.617, 42.583]
124.243 [1,2,3,5] [250,251,252,253,254,255,256,257,258,259,260,261,262,263,264,265,266,267,268,269,270] [37.505, 62.457, 70.062, 57.338, 56.948, 58.629, 52.11, 57.229, 58.648, 48.452]
124.242 [2,3,4,5] [262,263,264,265,266,267,268,269,270,271,272,273,274,275,276,277,278,279,280,281,282,283,284,285,286,287] [34.996, 57.415, 68.119, 61.923, 57.842, 60.6, 50.573, 54.685, 55.215, 43.081]
124.223 [1,2,3,4] [253,254,255,256,257,258,259,260,261] [37.889, 63.667, 70.656, 57.022, 57.1, 56.844, 52.456, 57.6, 59.467, 49.622]
124.216 [2,3,4,5] [265,266,267,268,269,270,271,272,273,274,275,276,277,278,279,280,281,282,283] [35.111, 56.137, 68.211, 61.289, 57.668, 61.263, 50.595, 54.758, 55.189, 43.174]
124.172 [2,3,4,5] [267,268,269,270,271,272,273,274,275,276,277,278,279,280,281,282] [35.044, 55.631, 68.113, 61.344, 57.706, 61.181, 50.5, 54.688, 54.994, 42.981]
124.157 [1,2,3,5] [248,249,250,251,252,253,254,255,256,257,258,259,260,261,262,263,264,265,266,267,268,269,270,271,272,273,274,275,276,277,278,279,280,281,282,283,284,285,286] [36.374, 60.259, 68.756, 60.085, 57.485, 59.213, 51.197, 55.959, 56.641, 45.756]
124.146 [1,2,3,5] [249,250,251,252,253,254,255,256,257,258,259,260,261,262,263,264,265,266,267,268,269,270,271] [37.548, 62.448, 69.861, 57.339, 56.965, 58.643, 52.052, 57.226, 58.5, 48.426]
124.143 [2,3,4,5] [263,264,265,266,267,268,269,270,271,272,273,274,275,276,277,278,279,280,281,282,283,284] [35.164, 56.741, 68.3, 61.309, 57.664, 61.014, 50.705, 54.864, 55.386, 43.386]
124.13 [1,2,3,5] [250,251,252,253,254,255,256,257,258,259,260,261,262,263,264,265,266,267,268,269,270,271] [37.423, 62.15, 70.0, 57.336, 56.964, 58.773, 52.068, 57.136, 58.536, 48.286]
124.117 [1,2,3,5] [252,253,254,255,256,257,258,259,260,261,262,263,264,265,266,267,268,269,270,271,272,273,274,275,276,277,278,279,280,281,282,283,284,285,286,287] [35.856, 59.297, 68.822, 60.567, 57.639, 59.547, 51.083, 55.528, 56.381, 44.942]
124.102 [1,2,3,5] [251,252,253,254,255,256,257,258,259,260,261,262,263,264,265,266,267,268,269,270] [37.36, 62.09, 70.05, 57.32, 56.995, 58.745, 52.14, 57.15, 58.68, 48.295]
124.075 [1,2,3,5] [252,253,254,255,256,257,258,259,260,261,262,263,264,265,266,267,268,269] [37.3, 62.022, 70.122, 57.317, 57.022, 58.689, 52.217, 57.156, 58.789, 48.328]
124.05 [1,2,3,5] [263,264,265,266,267,268] [36.333, 59.4, 69.5, 57.65, 56.917, 61.55, 52.05, 56.433, 58.0, 46.433]
124.047 [1,2,3,5] [252,253,254,255,256,257,258,259,260,261,262,263,264,265,266,267,268,269,270,271,272,273,274,275,276,277,278,279,280,281,282,283,284,285,286] [35.934, 59.237, 68.911, 60.369, 57.586, 59.577, 51.151, 55.62, 56.486, 45.111]
124.044 [1,2,3,5] [249,250,251,252,253,254,255,256,257,258,259,260,261,262,263,264,265,266,267,268,269,270,271,272,273,274,275,276,277,278,279,280,281,282,283,284] [36.436, 59.975, 69.067, 59.714, 57.381, 59.331, 51.303, 56.067, 56.833, 45.967]
124.039 [1,2,3,5] [251,252,253,254,255,256,257,258,259,260,261,262,263,264,265,266,267,268,269,270,271,272,273,274,275,276,277,278,279,280,281,282,283,284,285] [36.126, 59.466, 69.029, 60.071, 57.491, 59.511, 51.229, 55.803, 56.651, 45.457]
124.03 [2,3,4,5] [274,275,276,277,278] [34.88, 54.68, 67.98, 61.48, 57.8, 60.8, 50.28, 54.56, 54.36, 42.2]
124.017 [1,2,3,5] [242,243,244,245,246,247,248,249,250,251,252,253,254,255,256,257,258,259,260,261,262,263,264,265,266,267,268,269,270,271,272,273,274,275,276,277,278,279,280,281,282,283,284,285,286,287] [36.815, 61.428, 67.985, 59.9, 57.343, 58.72, 51.039, 56.235, 56.713, 46.341]
124.007 [1,2,3,5] [244,245,246,247,248,249,250,251,252,253,254,255,256,257,258,259,260,261,262,263,264,265,266,267,268,269,270,271,272,273,274,275,276,277,278,279,280,281,282,283,284,285,286] [36.733, 61.072, 68.191, 59.87, 57.391, 58.881, 51.14, 56.216, 56.774, 46.272]
124.005 [2,3,4,5] [263,264,265,266,267,268,269,270,271,272,273,274,275,276,277,278,279,280,281,282,283] [35.238, 56.571, 68.352, 60.986, 57.581, 61.09, 50.762, 54.971, 55.514, 43.571]
123.993 [2,3,4,5] [262,263,264,265,266,267,268,269,270,271,272,273,274,275,276,277,278,279,280,281,282,283,284] [35.222, 56.93, 68.37, 61.165, 57.622, 60.83, 50.774, 54.97, 55.548, 43.6]
123.99 [2,3,4,5] [264,265,266,267,268,269,270,271,272,273,274,275,276,277,278,279,280,281,282] [35.247, 56.305, 68.342, 60.758, 57.563, 61.316, 50.763, 54.974, 55.511, 43.553]
123.969 [1,2,3,5] [252,253,254,255,256,257,258,259,260,261,262,263,264,265,266,267,268,269,270] [37.221, 61.726, 70.037, 57.316, 57.032, 58.858, 52.158, 57.058, 58.684, 48.147]
123.96 [2,3,4,5] [266,267,268,269,270,271,272,273,274,275,276,277,278,279,280,281] [35.194, 55.856, 68.275, 60.688, 57.606, 61.35, 50.669, 54.9, 55.306, 43.344]
123.957 [2,3,4,5] [272,273,274,275,276,277,278,279] [34.887, 54.8, 68.025, 61.263, 57.713, 60.913, 50.375, 54.588, 54.475, 42.513]
123.952 [2,3,4,5] [261,262,263,264,265,266,267,268,269,270,271,272,273,274,275,276,277,278,279,280,281,282,283,284,285] [35.208, 57.26, 68.364, 61.288, 57.66, 60.592, 50.784, 54.976, 55.564, 43.616]
123.947 [1,2,3,5] [240,241,242,243,244,245,246,247,248,249,250,251,252,253,254,255,256,257,258,259,260,261,262,263,264,265,266,267,268,269,270,271,272,273,274,275,276,277,278,279,280,281,282,283,284,285,286,287] [36.987, 61.742, 67.862, 59.75, 57.233, 58.54, 50.969, 56.331, 56.76, 46.542]
123.928 [1,2,3,5] [250,251,252,253,254,255,256,257,258,259,260,261,262,263,264,265,266,267,268,269,270,271,272,273,274,275,276,277,278,279,280,281,282,283] [36.406, 59.7, 69.188, 59.535, 57.332, 59.432, 51.344, 56.076, 56.929, 45.994]
123.92 [2,3,4,5] [260,261,262,263,264,265,266,267,268,269,270,271,272,273,274,275,276,277,278,279,280,281,282,283,284,285,286] [35.204, 57.57, 68.359, 61.374, 57.707, 60.4, 50.785, 54.974, 55.596, 43.626]
123.915 [2,3,4,5] [265,266,267,268,269,270,271,272,273,274,275,276,277,278,279,280,281] [35.271, 56.1, 68.347, 60.5, 57.559, 61.424, 50.759, 54.988, 55.482, 43.535]
123.913 [1,2,3,5] [262,263,264,265] [36.475, 60.625, 69.7, 57.925, 56.75, 59.575, 52.3, 56.925, 58.65, 47.4]
123.907 [1,2,3,5] [254,255,256,257,258,259,260,261,262,263,264,265,266,267,268] [37.067, 61.607, 70.147, 57.313, 56.973, 58.747, 52.313, 57.067, 58.847, 48.167]
123.892 [1,2,3,5] [242,243,244,245,246,247,248,249,250,251,252,253,254,255,256,257,258,259,260,261,262,263,264,265,266,267,268,269,270,271,272,273,274,275,276,277,278,279,280,281,282,283,284,285] [36.98, 61.439, 68.077, 59.548, 57.243, 58.72, 51.136, 56.409, 56.893, 46.675]
123.867 [2,3,4,5] [259,260,261,262,263,264,265,266,267,268,269,270,271,272,273,274,275,276,277,278,279,280,281,282,283,284,285,286,287] [35.203, 57.866, 68.352, 61.424, 57.741, 60.217, 50.783, 54.966, 55.628, 43.638]
123.863 [1,2,3,5] [247,248,249,250,251,252,253,254,255,256,257,258,259,260,261,262,263,264,265,266,267,268,269,270,271,272,273,274,275,276,277,278,279,280,281,282,283] [36.714, 60.457, 68.754, 59.4, 57.305, 59.114, 51.343, 56.314, 57.003, 46.424]
123.859 [1,2,3,5] [252,253,254,255,256,257,258,259,260,261,262,263,264,265,266,267,268,269,270,271,272,273,274,275,276,277,278,279,280,281,282,283,284] [36.091, 59.13, 69.061, 59.915, 57.467, 59.612, 51.27, 55.803, 56.718, 45.473]
123.857 [1,2,3,5] [252,253,254,255,256,257,258,259,260,261,262,263,264,265,266,267,268,269,270,271] [37.145, 61.425, 69.97, 57.315, 57.045, 59.005, 52.11, 56.965, 58.56, 47.98]
123.85 [1,2,3,5] [266,267,268] [36.2, 58.333, 69.367, 57.4, 57.067, 62.6, 51.8, 56.067, 57.5, 45.767]
123.841 [2,3,4,5] [261,262,263,264,265,266,267,268,269,270,271,272,273,274,275,276,277,278,279,280,281,282,283,284] [35.283, 57.104, 68.433, 61.012, 57.583, 60.654, 50.846, 55.071, 55.692, 43.796]
123.836 [2,3,4,5] [264,265,266,267,268,269,270,271,272,273,274,275,276,277,278,279,280,281] [35.328, 56.344, 68.417, 60.361, 57.511, 61.383, 50.844, 55.094, 55.656, 43.733]
123.834 [1,2,3,5] [248,249,250,251,252,253,254,255,256,257,258,259,260,261,262,263,264,265,266,267,268,269,270,271,272,273,274,275,276,277,278,279,280,281,282] [36.703, 60.3, 68.98, 59.183, 57.277, 59.206, 51.42, 56.337, 57.1, 46.48]
123.831 [2,3,4,5] [260,261,262,263,264,265,266,267,268,269,270,271,272,273,274,275,276,277,278,279,280,281,282,283,284,285] [35.277, 57.438, 68.442, 61.127, 57.635, 60.458, 50.85, 55.069, 55.704, 43.804]
123.823 [1,2,3,5] [253,254,255,256,257,258,259,260,261,262,263,264,265,266,267,268,269,270] [37.072, 61.328, 70.006, 57.322, 57.022, 58.989, 52.167, 56.961, 58.672, 47.978]
123.817 [1,2,3,5] [250,251,252,253,254,255,256,257,258,259,260,261,262,263,264,265,266,267,268,269,270,271,272,273,274,275,276,277,278,279,280,281] [36.572, 59.903, 69.322, 59.006, 57.253, 59.403, 51.478, 56.281, 57.194, 46.363]
123.806 [2,3,4,5] [259,260,261,262,263,264,265,266,267,268,269,270,271,272,273,274,275,276,277,278,279,280,281,282,283,284,285,286] [35.279, 57.739, 68.446, 61.207, 57.679, 60.279, 50.857, 55.061, 55.732, 43.804]
123.802 [1,2,3,5] [245,246,247,248,249,250,251,252,253,254,255,256,257,258,259,260,261,262,263,264,265,266,267,268,269,270,271,272] [37.854, 63.132, 68.754, 57.414, 56.954, 58.304, 51.843, 57.375, 58.325, 48.675]
123.801 [1,2,3,5] [238,239,240,241,242,243,244,245,246,247,248,249,250,251,252,253,254,255,256,257,258,259,260,261,262,263,264,265,266,267,268,269,270,271,272,273,274,275,276,277,278,279,280,281,282,283,284,285,286,287] [37.18, 62.014, 67.656, 59.576, 57.078, 58.356, 50.888, 56.402, 56.83, 46.72]
123.8 [1,2,3,5] [247,248,249,250,251,252,253,254,255,256,257,258,259,260,261,262,263,264,265,266,267,268,269,270,271,272,273,274,275,276,277,278,279,280,281,282] [36.797, 60.544, 68.8, 59.158, 57.267, 59.097, 51.406, 56.411, 57.128, 46.606]
123.79 [1,2,3,5] [245,246,247,248,249,250,251,252,253,254,255,256,257,258,259,260,261,262,263,264,265,266,267,268,269,270,271,272,273,274,275,276,277,278,279,280,281,282,283] [36.897, 60.897, 68.436, 59.31, 57.272, 58.936, 51.308, 56.436, 57.069, 46.672]
123.786 [2,3,4,5] [267,268,269,270,271,272,273,274,275,276,277,278,279,280] [35.214, 55.636, 68.271, 60.379, 57.586, 61.336, 50.671, 54.907, 55.271, 43.357]
123.784 [1,2,3,5] [261,262,263,264,265,266] [36.467, 60.467, 69.717, 57.767, 56.767, 59.617, 52.283, 56.883, 58.583, 47.333]
123.763 [1,2,3,5] [239,240,241,242,243,244,245,246,247,248,249,250,251,252,253,254,255,256,257,258,259,260,261,262,263,264,265,266,267,268,269,270,271,272,273,274,275,276,277,278,279,280,281,282,283,284,285] [37.249, 61.915, 67.838, 59.33, 57.057, 58.443, 51.019, 56.545, 56.968, 46.957]
123.726 [1,2,3,5] [254,255,256,257,258,259,260,261,262,263,264,265,266,267,268,269,270] [36.929, 61.029, 69.971, 57.318, 56.994, 59.135, 52.176, 56.882, 58.618, 47.8]
123.722 [2,3,4,5] [265,266,267,268,269,270,271,272,273,274,275,276,277,278,279,280] [35.356, 56.131, 68.431, 60.013, 57.494, 61.506, 50.85, 55.081, 55.625, 43.731]
123.72 [2,3,4,5] [260,261,262,263,264,265,266,267,268,269,270,271,272,273,274,275,276,277,278,279,280,281,282,283,284] [35.352, 57.296, 68.512, 60.856, 57.56, 60.512, 50.912, 55.164, 55.832, 43.984]
123.714 [1,2,3,5] [253,254,255,256,257,258,259,260,261,262,263,264,265,266,267,268,269,270,271] [37.0, 61.032, 69.937, 57.321, 57.037, 59.137, 52.116, 56.868, 58.542, 47.811]
123.713 [2,3,4,5] [263,264,265,266,267,268,269,270,271,272,273,274,275,276,277,278,279,280,281] [35.395, 56.584, 68.489, 60.247, 57.474, 61.216, 50.926, 55.2, 55.811, 43.937]
123.706 [1,2,3,5] [247,248,249,250,251,252,253,254,255,256,257,258,259,260,261,262,263,264,265,266,267,268,269,270,271,272,273,274,275,276,277,278,279,280] [36.971, 60.835, 68.906, 58.632, 57.191, 59.038, 51.529, 56.603, 57.368, 46.974]
123.695 [2,3,4,5] [258,259,260,261,262,263,264,265,266,267,268,269,270,271,272,273,274,275,276,277,278,279,280,281,282,283,284,285,286] [35.352, 57.928, 68.534, 61.052, 57.645, 60.159, 50.931, 55.138, 55.866, 43.986]
123.689 [1,2,3,5] [258,259,260,261,262,263,264,265,266] [36.722, 61.133, 70.056, 57.456, 56.8, 58.733, 52.444, 57.044, 58.856, 47.8]
123.688 [1,2,3,5] [264,265,266,267,268,269,270,271,272,273,274,275,276,277,278,279,280,281,282,283,284] [35.095, 56.543, 68.229, 61.457, 57.705, 61.148, 50.624, 54.757, 55.233, 43.186]
123.687 [1,2,3,5] [245,246,247,248,249,250,251,252,253,254,255,256,257,258,259,260,261,262,263,264,265,266,267,268,269,270,271,272,273,274,275,276,277,278,279,280,281] [37.068, 61.138, 68.511, 58.841, 57.2, 58.884, 51.422, 56.632, 57.305, 47.027]
123.676 [1,2,3,5] [248,249,250,251,252,253,254,255,256,257,258,259,260,261,262,263,264,265,266,267,268,269,270,271,272,273,274,275,276,277,278,279] [36.966, 60.741, 69.163, 58.338, 57.156, 59.109, 51.613, 56.616, 57.469, 47.041]
123.669 [1,2,3,5] [259,260,261,262,263,264,265,266] [36.637, 60.875, 69.938, 57.55, 56.813, 58.975, 52.375, 57.012, 58.763, 47.638]
123.662 [1,2,3,5] [240,241,242,243,244,245,246,247,248,249,250,251,252,253,254,255,256,257,258,259,260,261,262,263,264,265,266,267,268,269,270,271,272,273,274,275,276,277,278,279,280,281,282,283] [37.318, 61.816, 67.991, 59.016, 57.027, 58.5, 51.134, 56.677, 57.132, 47.209]
123.66 [1,2,3,5] [244,245,246,247,248,249,250,251,252,253,254,255,256,257,258,259,260,261,262,263,264,265,266,267,268,269,270,271,272,273,274,275,276,277,278,279,280,281] [37.15, 61.339, 68.368, 58.805, 57.161, 58.808, 51.387, 56.682, 57.313, 47.15]
123.65 [2,3,4,5] [264,265,266,267,268,269,270,271,272,273,274,275,276,277,278,279,280] [35.412, 56.388, 68.5, 59.894, 57.447, 61.459, 50.935, 55.188, 55.8, 43.929]
123.64 [1,2,3,5] [261,262,263,264,265] [36.52, 60.72, 69.74, 57.84, 56.74, 58.98, 52.34, 57.02, 58.72, 47.58]
123.626 [1,2,3,5] [242,243,244,245,246,247,248,249,250,251,252,253,254,255,256,257,258,259,260,261,262,263,264,265,266,267,268,269,270,271,272,273,274,275,276,277,278,279,280,281] [37.315, 61.728, 68.185, 58.703, 57.065, 58.635, 51.32, 56.778, 57.318, 47.367]
123.617 [1,2,3,5] [262,263,264] [36.467, 60.833, 69.767, 58.067, 56.733, 58.567, 52.333, 57.1, 58.767, 47.667]
123.604 [2,3,4,5] [258,259,260,261,262,263,264,265,266,267,268,269,270,271,272,273,274,275,276,277,278,279,280,281,282,283,284,285] [35.425, 57.818, 68.618, 60.811, 57.575, 60.204, 50.996, 55.232, 55.975, 44.164]
123.6 [1,2,3,5] [270,271,272,273,274,275,276,277,278,279,280,281,282,283,284] [34.64, 55.66, 67.787, 63.033, 58.0, 60.72, 50.133, 54.18, 54.233, 42.047]
123.589 [1,2,3,5] [247,248,249,250,251,252,253,254,255,256,257,258,259,260,261,262,263,264,265,266,267,268,269,270,271,272,273,274,275,276,277,278] [37.153, 61.184, 69.019, 58.025, 57.112, 58.95, 51.644, 56.772, 57.597, 47.35]
123.588 [1,2,3,5] [237,238,239,240,241,242,243,244,245,246,247,248,249,250,251,252,253,254,255,256,257,258,259,260,261,262,263,264,265,266,267,268,269,270,271,272,273,274,275,276,277,278,279,280,281,282,283,284,285] [37.437, 62.178, 67.612, 59.145, 56.892, 58.241, 50.927, 56.594, 57.031, 47.133]
123.582 [1,2,3,5] [243,244,245,246,247,248,249,250,251,252,253,254,255,256,257,258,259,260,261,262,263,264,265,266,267,268,269,270,271,272,273,274,275,276,277,278,279,280] [37.318, 61.687, 68.282, 58.508, 57.074, 58.687, 51.403, 56.811, 57.426, 47.447]
123.568 [1,2,3,5] [250,251,252,253,254,255,256,257,258,259,260,261,262,263,264,265,266,267,268,269,270,271,272,273,274,275,276,277] [36.918, 60.561, 69.625, 57.679, 57.089, 59.271, 51.739, 56.629, 57.714, 47.139]
123.562 [2,3,4,5] [261,262,263,264,265,266,267,268,269,270,271,272,273,274,275,276,277,278,279,280,281,282] [35.432, 56.95, 68.55, 60.368, 57.45, 60.755, 50.986, 55.286, 55.973, 44.168]
123.55 [1,2,3,5] [262,263,264,265,266,267,268,269,270] [36.256, 58.989, 69.356, 57.622, 56.944, 61.133, 51.878, 56.322, 57.878, 46.333]
123.542 [1,2,3,5] [267,268,269,270,271,272,273,274,275,276,277,278,279,280,281,282,283,284] [34.889, 55.983, 68.006, 62.094, 57.856, 61.0, 50.367, 54.467, 54.728, 42.617]
123.541 [2,3,4,5] [268,269,270,271,272,273,274,275,276,277,278,279] [35.225, 55.4, 68.283, 59.958, 57.542, 61.3, 50.683, 54.9, 55.25, 43.367]
123.53 [1,2,3,5] [250,251,252,253,254,255,256,257,258,259,260,261,262,263,264,265,266,267,268,269,270,271,272,273,274,275,276] [37.0, 60.77, 69.7, 57.37, 57.056, 59.219, 51.793, 56.707, 57.837, 47.337]
123.519 [1,2,3,5] [242,243,244,245,246,247,248,249,250,251,252,253,254,255,256,257,258,259,260,261,262,263,264,265,266,267,268,269,270,271,272,273,274,275,276,277,278,279] [37.492, 62.05, 68.245, 58.195, 56.984, 58.547, 51.421, 56.942, 57.529, 47.724]
123.507 [1,2,3,5] [254,255,256,257,258,259,260,261,262,263,264,265,266,267,268,269,270,271,272,273,274,275,276,277,278,279,280,281,282] [36.01, 58.566, 69.086, 59.531, 57.366, 59.831, 51.355, 55.828, 56.828, 45.483]
123.506 [1,2,3,5] [235,236,237,238,239,240,241,242,243,244,245,246,247,248,249,250,251,252,253,254,255,256,257,258,259,260,261,262,263,264,265,266,267,268,269,270,271,272,273,274,275,276,277,278,279,280,281,282,283,284,285,286,287] [37.466, 62.36, 67.325, 59.264, 56.821, 58.062, 50.755, 56.489, 56.909, 46.983]
123.505 [2,3,4,5] [256,257,258,259,260,261,262,263,264,265,266,267,268,269,270,271,272,273,274,275,276,277,278,279,280,281,282,283,284,285,286] [35.497, 58.339, 68.69, 60.771, 57.597, 59.952, 51.032, 55.287, 56.11, 44.361]
123.504 [2,3,4,5] [255,256,257,258,259,260,261,262,263,264,265,266,267,268,269,270,271,272,273,274,275,276,277,278,279,280,281,282,283,284,285,286,287] [35.518, 58.624, 68.67, 60.864, 57.655, 59.818, 50.994, 55.27, 56.103, 44.388]
123.492 [2,3,4,5] [258,259,260,261,262,263,264,265,266,267,268,269,270,271,272,273,274,275,276,277,278,279,280,281,282,283,284] [35.5, 57.7, 68.689, 60.548, 57.504, 60.244, 51.059, 55.326, 56.104, 44.344]
123.483 [2,3,4,5] [265,266,267,268,269,270,271,272,273,274,275,276,277,278,279] [35.447, 56.167, 68.52, 59.453, 57.42, 61.573, 50.94, 55.167, 55.773, 43.927]
123.47 [1,2,3,5] [243,244,245,246,247,248,249,250,251,252,253,254,255,256,257,258,259,260,261,262,263,264,265,266,267,268,269,270,271,272,273,274,275,276,277,278] [37.5, 62.044, 68.347, 57.961, 56.997, 58.589, 51.497, 56.972, 57.633, 47.808]
123.46 [1,2,3,5] [240,241,242,243,244,245,246,247,248,249,250,251,252,253,254,255,256,257,258,259,260,261,262,263,264,265,266,267,268,269,270,271,272,273,274,275,276,277,278,279] [37.665, 62.395, 68.085, 58.1, 56.87, 58.34, 51.318, 57.023, 57.545, 47.895]
123.441 [2,3,4,5] [260,261,262,263,264,265,266,267,268,269,270,271,272,273,274,275,276,277,278,279,280,281,282] [35.5, 57.165, 68.63, 60.226, 57.43, 60.596, 51.052, 55.378, 56.113, 44.357]
123.437 [2,3,4,5] [255,256,257,258,259,260,261,262,263,264,265,266,267,268,269,270,271,272,273,274,275,276,277,278,279,280,281,282,283,284,285,286] [35.594, 58.537, 68.762, 60.656, 57.597, 59.859, 51.066, 55.362, 56.209, 44.556]
123.43 [2,3,4,5] [254,255,256,257,258,259,260,261,262,263,264,265,266,267,268,269,270,271,272,273,274,275,276,277,278,279,280,281,282,283,284,285,286,287] [35.629, 58.806, 68.718, 60.759, 57.656, 59.726, 51.029, 55.35, 56.212, 44.579]
123.401 [1,2,3,5] [252,253,254,255,256,257,258,259,260,261,262,263,264,265,266,267,268,269,270,271,272,273,274,275,276,277,278] [36.589, 59.704, 69.5, 58.078, 57.196, 59.519, 51.678, 56.37, 57.519, 46.615]
123.395 [1,2,3,5] [234,235,236,237,238,239,240,241,242,243,244,245,246,247,248,249,250,251,252,253,254,255,256,257,258,259,260,261,262,263,264,265,266,267,268,269,270,271,272,273,274,275,276,277,278,279,280,281,282,283,284,285,286,287] [37.567, 62.457, 67.215, 59.148, 56.733, 57.97, 50.698, 56.509, 56.926, 47.054]
123.384 [1,2,3,5] [257,258,259,260,261,262] [37.067, 62.283, 70.5, 57.117, 56.8, 56.867, 52.633, 57.367, 59.333, 48.717]
123.378 [1,2,3,5] [235,236,237,238,239,240,241,242,243,244,245,246,247,248,249,250,251,252,253,254,255,256,257,258,259,260,261,262,263,264,265,266,267,268,269,270,271,272,273,274,275,276,277,278,279,280,281,282,283,284,285] [37.633, 62.406, 67.378, 58.935, 56.714, 58.037, 50.827, 56.649, 57.073, 47.296]
123.356 [2,3,4,5] [258,259,260,261,262,263,264,265,266,267,268,269,270,271,272,273,274,275,276,277,278,279,280,281,282,283] [35.573, 57.6, 68.746, 60.258, 57.431, 60.277, 51.119, 55.431, 56.235, 44.531]
123.346 [2,3,4,5] [255,256,257,258,259,260,261,262,263,264,265,266,267,268,269,270,271,272,273,274,275,276,277,278,279,280,281,282,283,284,285] [35.668, 58.458, 68.845, 60.426, 57.532, 59.89, 51.129, 55.455, 56.319, 44.735]
123.327 [2,3,4,5] [259,260,261,262,263,264,265,266,267,268,269,270,271,272,273,274,275,276,277,278,279,280,281,282] [35.575, 57.379, 68.721, 60.079, 57.408, 60.446, 51.125, 55.463, 56.25, 44.533]
123.31 [1,2,3,5] [238,239,240,241,242,243,244,245,246,247,248,249,250,251,252,253,254,255,256,257,258,259,260,261,262,263,264,265,266,267,268,269,270,271,272,273,274,275,276,277,278,279] [37.862, 62.688, 67.829, 57.971, 56.702, 58.131, 51.205, 57.074, 57.59, 48.043]
123.309 [2,3,4,5] [263,264,265,266,267,268,269,270,271,272,273,274,275,276,277,278,279] [35.565, 56.7, 68.659, 59.294, 57.341, 61.324, 51.106, 55.382, 56.106, 44.329]
123.299 [1,2,3,5] [235,236,237,238,239,240,241,242,243,244,245,246,247,248,249,250,251,252,253,254,255,256,257,258,259,260,261,262,263,264,265,266,267,268,269,270,271,272,273,274,275,276,277,278,279,280,281,282,283,284] [37.718, 62.434, 67.392, 58.756, 56.658, 58.016, 50.858, 56.728, 57.164, 47.456]
123.296 [1,2,3,5] [233,234,235,236,237,238,239,240,241,242,243,244,245,246,247,248,249,250,251,252,253,254,255,256,257,258,259,260,261,262,263,264,265,266,267,268,269,270,271,272,273,274,275,276,277,278,279,280,281,282,283,284,285,286,287] [37.685, 62.564, 67.105, 59.042, 56.629, 57.88, 50.644, 56.529, 56.938, 47.125]
123.295 [2,3,4,5] [253,254,255,256,257,258,259,260,261,262,263,264,265,266,267,268,269,270,271,272,273,274,275,276,277,278,279,280,281,282,283,284,285,286] [35.818, 58.953, 68.862, 60.462, 57.597, 59.668, 51.126, 55.526, 56.415, 44.932]
123.291 [2,3,4,5] [260,261,262,263,264,265,266,267,268,269,270,271,272,273,274,275,276,277,278,279,280,281] [35.577, 57.236, 68.705, 59.877, 57.382, 60.618, 51.132, 55.495, 56.259, 44.541]
123.289 [2,3,4,5] [270,271,272,273,274,275,276,277,278] [35.167, 55.067, 68.256, 59.6, 57.544, 61.178, 50.6, 54.8, 54.978, 43.189]
123.274 [2,3,4,5] [254,255,256,257,258,259,260,261,262,263,264,265,266,267,268,269,270,271,272,273,274,275,276,277,278,279,280,281,282,283,284,285] [35.781, 58.656, 68.891, 60.328, 57.537, 59.791, 51.163, 55.534, 56.428, 44.928]
123.267 [1,2,3,5] [236,237,238,239,240,241,242,243,244,245,246,247,248,249,250,251,252,253,254,255,256,257,258,259,260,261,262,263,264,265,266,267,268,269,270,271,272,273,274,275,276,277,278,279,280,281,282] [37.787, 62.477, 67.53, 58.472, 56.649, 58.055, 50.977, 56.87, 57.338, 47.704]
123.262 [2,3,4,5] [274,275,276,277] [34.95, 54.575, 68.075, 59.8, 57.725, 60.925, 50.375, 54.675, 54.55, 42.4]
123.241 [1,2,3,5] [254,255,256,257,258,259,260,261,262,263,264,265,266,267,268,269,270,271,272,273,274] [36.629, 59.9, 69.714, 57.286, 57.043, 59.581, 51.933, 56.524, 57.995, 47.067]
123.239 [2,3,4,5] [255,256,257,258,259,260,261,262,263,264,265,266,267,268,269,270,271,272,273,274,275,276,277,278,279,280,281,282,283,284] [35.743, 58.373, 68.917, 60.177, 57.467, 59.917, 51.19, 55.547, 56.447, 44.917]
123.231 [2,3,4,5] [266,267,268,269,270,271,272,273,274,275,276,277,278] [35.469, 55.969, 68.554, 58.923, 57.4, 61.585, 50.923, 55.162, 55.715, 43.938]
123.228 [2,3,4,5] [265,266,267,268,269,270,271,272,273,274,275,276,277,278] [35.543, 56.257, 68.621, 58.821, 57.357, 61.657, 51.014, 55.25, 55.9, 44.129]
123.223 [2,3,4,5] [268,269,270,271,272,273,274,275,276,277,278] [35.327, 55.445, 68.391, 59.2, 57.473, 61.382, 50.755, 54.982, 55.364, 43.573]
123.221 [2,3,4,5] [267,268,269,270,271,272,273,274,275,276,277,278] [35.408, 55.7, 68.467, 59.05, 57.442, 61.483, 50.833, 55.075, 55.533, 43.758]
123.218 [2,3,4,5] [258,259,260,261,262,263,264,265,266,267,268,269,270,271,272,273,274,275,276,277,278,279,280,281,282] [35.648, 57.612, 68.812, 59.944, 57.38, 60.3, 51.2, 55.536, 56.384, 44.716]
123.214 [1,2,3,5] [235,236,237,238,239,240,241,242,243,244,245,246,247,248,249,250,251,252,253,254,255,256,257,258,259,260,261,262,263,264,265,266,267,268,269,270,271,272,273,274,275,276,277,278,279,280,281,282,283] [37.802, 62.478, 67.396, 58.565, 56.602, 57.988, 50.886, 56.812, 57.255, 47.618]
123.204 [2,3,4,5] [253,254,255,256,257,258,259,260,261,262,263,264,265,266,267,268,269,270,271,272,273,274,275,276,277,278,279,280,281,282,283,284,285] [35.894, 58.891, 68.942, 60.239, 57.536, 59.691, 51.188, 55.618, 56.524, 45.112]
123.202 [1,2,3,5] [238,239,240,241,242,243,244,245,246,247,248,249,250,251,252,253,254,255,256,257,258,259,260,261,262,263,264,265,266,267,268,269,270,271,272,273,274,275,276,277] [38.038, 63.073, 67.852, 57.458, 56.628, 58.02, 51.27, 57.225, 57.78, 48.382]
123.164 [2,3,4,5] [262,263,264,265,266,267,268,269,270,271,272,273,274,275,276,277,278,279] [35.617, 56.944, 68.728, 59.222, 57.306, 61.072, 51.172, 55.489, 56.272, 44.55]
123.112 [1,2,3,5] [236,237,238,239,240,241,242,243,244,245,246,247,248,249,250,251,252,253,254,255,256,257,258,259,260,261,262,263,264,265,266,267,268,269,270,271,272,273,274,275,276,277,278,279] [38.052, 62.945, 67.564, 57.809, 56.518, 57.907, 51.086, 57.109, 57.623, 48.195]
123.1 [1,2,3,5] [234,235,236,237,238,239,240,241,242,243,244,245,246,247,248,249,250,251,252,253,254,255,256,257,258,259,260,261,262,263,264,265,266,267,268,269,270,271,272,273,274,275,276,277,278,279,280,281,282,283] [37.904, 62.58, 67.276, 58.454, 56.512, 57.89, 50.822, 56.828, 57.266, 47.682]
123.083 [1,2,3,5] [268,269,270,271,272,273,274,275,276,277,278,279,280,281,282] [34.96, 55.44, 68.033, 61.607, 57.747, 61.087, 50.42, 54.593, 54.833, 42.793]
123.075 [2,3,4,5] [263,264,265,266,267,268,269,270,271,272,273,274,275,276,277,278] [35.656, 56.813, 68.756, 58.731, 57.281, 61.381, 51.181, 55.469, 56.238, 44.531]
