[Score] [Station index] [Time slots] 
122.55 [0,1,2,3] [239,240] [58.6, 62.2, 63.75, 60.55, 56.8, 56.4, 54.25, 58.85, 61.1, 57.15]
122.4 [0,1,2,3] [240,241] [58.35, 62.05, 63.6, 60.8, 56.8, 56.4, 54.5, 58.85, 61.7, 57.5]
122.384 [0,1,2,3] [238,239,240] [58.5, 62.233, 63.767, 60.267, 56.633, 56.533, 54.167, 58.933, 60.833, 57.167]
122.338 [0,1,2,3] [238,239,240,241] [58.4, 62.15, 63.725, 60.4, 56.7, 56.55, 54.225, 58.9, 61.1, 57.325]
122.237 [0,1,2,3] [239,240,241,242] [58.175, 62.05, 63.675, 60.575, 57.0, 56.575, 54.3, 58.8, 61.475, 57.375]
122.208 [0,1,2,3] [239,240,241,242,243,244] [58.067, 62.033, 63.683, 60.633, 57.15, 56.717, 54.333, 58.967, 61.767, 57.367]
122.2 [0,1,2,3] [238,239,240,241,242] [58.2, 62.1, 63.7, 60.4, 56.86, 56.62, 54.24, 58.86, 61.24, 57.34]
122.19 [0,1,2,3] [236,237,238,239,240] [58.48, 62.24, 63.52, 60.14, 56.4, 56.38, 54.14, 59.04, 60.48, 57.2]
122.157 [0,1,2,3] [237,238,239,240,241,242,243,244] [58.15, 62.075, 63.65, 60.438, 56.925, 56.675, 54.287, 59.013, 61.4, 57.35]
122.15 [0,1,2,3] [239,240,241,242,243] [58.1, 61.98, 63.68, 60.54, 57.1, 56.66, 54.32, 58.9, 61.66, 57.38]
122.136 [0,1,2,3] [239,240,241,242,243,244,245] [57.9, 61.957, 63.714, 60.7, 57.2, 56.743, 54.329, 59.029, 61.829, 57.357]
122.114 [0,1,2,3] [236,237,238,239,240,241,242] [58.271, 62.143, 63.543, 60.271, 56.629, 56.486, 54.2, 58.957, 60.871, 57.314]
122.087 [0,1,2,3] [236,237,238,239] [58.45, 62.25, 63.5, 59.975, 56.325, 56.425, 54.025, 59.075, 60.225, 57.2]
122.081 [0,1,2,3] [239,240,241,242,243,244,245,246] [57.75, 61.9, 63.762, 60.75, 57.225, 56.65, 54.3, 59.1, 61.8, 57.325]
122.08 [0,1,2,3] [236,237,238,239,240,241,242,243,244,245] [58.05, 62.05, 63.61, 60.45, 56.88, 56.63, 54.25, 59.07, 61.3, 57.32]
122.076 [0,1,2,3] [236,237,238,239,240,241,242,243] [58.213, 62.087, 63.563, 60.288, 56.738, 56.55, 54.225, 59.0, 61.062, 57.325]
122.075 [0,1,2,3] [240,241,242,243,244,245] [57.783, 61.917, 63.683, 60.767, 57.25, 56.767, 54.4, 59.067, 62.017, 57.4]
122.065 [0,1,2,3] [237,238,239,240,241,242,243,244,245,246] [57.88, 61.96, 63.72, 60.57, 57.03, 56.63, 54.27, 59.11, 61.5, 57.32]
122.06 [0,1,2,3] [235,236,237,238,239,240,241,242,243,244] [58.21, 62.11, 63.5, 60.3, 56.74, 56.57, 54.22, 59.03, 61.05, 57.33]
122.046 [0,1,2,3] [236,237,238,239,240,241,242,243,244,245,246] [57.927, 62.0, 63.655, 60.509, 56.927, 56.573, 54.236, 59.118, 61.327, 57.3]
122.045 [0,1,2,3] [238,239,240,241,242,243,244,245,246,247] [57.68, 61.87, 63.83, 60.71, 57.14, 56.62, 54.26, 59.17, 61.54, 57.28]
122.044 [0,1,2,3] [239,240,241,242,243,244,245,246,247] [57.611, 61.822, 63.833, 60.822, 57.233, 56.6, 54.289, 59.178, 61.678, 57.289]
122.021 [0,1,2,3] [236,237,238,239,240,241,242,243,244,245,246,247] [57.808, 61.933, 63.717, 60.583, 56.958, 56.542, 54.233, 59.175, 61.275, 57.275]
122.0 [0,1,2,3] [243,244,245] [57.533, 61.833, 63.767, 60.867, 57.467, 56.967, 54.367, 59.333, 62.3, 57.333]
121.988 [0,1,2,3] [240,241,242,243,244,245,246,247] [57.487, 61.775, 63.825, 60.888, 57.275, 56.6, 54.338, 59.225, 61.8, 57.313]
121.982 [0,1,2,3] [238,239,240,241,242,243,244,245,246,247,248] [57.555, 61.8, 63.855, 60.755, 57.155, 56.564, 54.264, 59.227, 61.436, 57.236]
121.98 [0,1,2,3] [233,234,235,236,237,238,239,240,241,242,243,244] [58.267, 62.125, 63.417, 60.15, 56.658, 56.517, 54.075, 58.992, 60.917, 57.242]
121.979 [0,1,2,3] [234,235,236,237,238,239,240,241,242,243,244,245] [58.125, 62.067, 63.483, 60.283, 56.758, 56.575, 54.167, 59.025, 61.058, 57.3]
121.978 [0,1,2,3] [233,234,235,236,237,238,239,240,241] [58.456, 62.178, 63.333, 59.989, 56.389, 56.367, 53.978, 58.956, 60.5, 57.2]
121.972 [0,1,2,3] [234,235,236,237,238,239,240,241,242] [58.322, 62.144, 63.389, 60.089, 56.522, 56.444, 54.1, 58.922, 60.644, 57.289]
121.97 [0,1,2,3] [241,242,243,244,245] [57.62, 61.86, 63.7, 60.76, 57.36, 56.88, 54.36, 59.1, 62.12, 57.44]
121.969 [0,1,2,3] [236,237,238,239,240,241,242,243,244,245,246,247,248] [57.692, 61.869, 63.746, 60.631, 56.985, 56.5, 54.238, 59.223, 61.208, 57.238]
121.967 [0,1,2,3] [244,245,246] [57.167, 61.767, 63.9, 61.1, 57.433, 56.633, 54.267, 59.433, 62.033, 57.233]
121.958 [0,1,2,3] [234,235,236,237,238,239,240,241,242,243,244,245,246] [58.015, 62.023, 63.531, 60.346, 56.808, 56.531, 54.162, 59.069, 61.1, 57.285]
121.955 [0,1,2,3] [234,235,236,237,238,239,240,241,242,243] [58.27, 62.1, 63.42, 60.12, 56.62, 56.5, 54.13, 58.96, 60.82, 57.3]
121.95 [0,1,2,3] [233,234,235,236,237,238,239,240] [58.5, 62.213, 63.3, 59.888, 56.325, 56.338, 53.925, 58.975, 60.325, 57.125]
121.945 [0,1,2,3] [233,234,235,236,237,238,239,240,241,242] [58.35, 62.15, 63.36, 60.03, 56.5, 56.42, 54.01, 58.93, 60.63, 57.22]
121.938 [0,1,2,3] [232,233,234,235,236,237,238,239,240,241,242,243,244] [58.285, 62.123, 63.369, 60.1, 56.623, 56.515, 53.985, 58.938, 60.908, 57.162]
121.936 [0,1,2,3] [235,236,237,238,239,240,241,242,243,244,245,246,247,248] [57.75, 61.886, 63.679, 60.557, 56.921, 56.486, 54.221, 59.207, 61.1, 57.25]
121.927 [0,1,2,3] [233,234,235,236,237,238,239,240,241,242,243,244,245,246,247] [57.953, 61.98, 63.56, 60.36, 56.807, 56.487, 54.1, 59.113, 61.033, 57.22]
121.925 [0,1,2,3] [243,244,245,246] [57.325, 61.75, 63.85, 60.925, 57.45, 56.725, 54.3, 59.4, 62.125, 57.275]
121.917 [0,1,2,3] [240,241,242,243,244,245,246,247,248] [57.356, 61.7, 63.856, 60.922, 57.278, 56.533, 54.333, 59.289, 61.644, 57.256]
121.913 [0,1,2,3] [244,245,246,247] [57.0, 61.625, 64.025, 61.175, 57.4, 56.525, 54.25, 59.525, 61.7, 57.175]
121.912 [0,1,2,3] [237,238,239,240,241,242,243,244,245,246,247,248,249] [57.508, 61.746, 63.815, 60.754, 57.077, 56.508, 54.285, 59.185, 61.262, 57.192]
121.909 [0,1,2,3] [238,239,240,241,242,243,244,245,246,247,248,249] [57.425, 61.717, 63.858, 60.817, 57.15, 56.525, 54.283, 59.183, 61.342, 57.175]
121.907 [0,1,2,3] [236,237,238,239,240,241,242,243,244,245,246,247,248,249] [57.571, 61.793, 63.757, 60.693, 56.993, 56.471, 54.257, 59.186, 61.143, 57.186]
121.9 [0,1,2,3] [232,233,234,235,236,237,238,239,240,241,242] [58.364, 62.145, 63.309, 59.982, 56.473, 56.427, 53.909, 58.873, 60.645, 57.127]
121.898 [0,1,2,3] [232,233,234,235,236,237,238,239,240,241,242,243,244,245,246,247] [57.988, 61.988, 63.513, 60.306, 56.769, 56.488, 54.025, 59.062, 61.019, 57.156]
121.891 [0,1,2,3] [233,234,235,236,237,238,239,240,241,242,243,244,245,246,247,248] [57.85, 61.925, 63.594, 60.413, 56.837, 56.456, 54.112, 59.156, 60.994, 57.194]
121.87 [0,1,2,3] [242,243,244,245,246] [57.34, 61.78, 63.8, 60.82, 57.46, 56.76, 54.3, 59.26, 62.06, 57.3]
121.865 [0,1,2,3] [232,233,234,235,236,237,238,239,240,241,242,243,244,245,246,247,248] [57.888, 61.935, 63.547, 60.359, 56.8, 56.459, 54.041, 59.106, 60.982, 57.135]
121.86 [0,1,2,3] [231,232,233,234,235,236,237,238,239,240,241,242,243,244,245] [58.22, 62.1, 63.293, 60.107, 56.66, 56.52, 53.933, 58.947, 60.987, 57.093]
121.857 [0,1,2,3] [233,234,235,236,237,238,239] [58.486, 62.214, 63.257, 59.757, 56.271, 56.357, 53.829, 58.986, 60.157, 57.114]
121.844 [0,1,2,3] [231,232,233,234,235,236,237,238,239,240,241,242,243,244,245,246,247] [58.029, 62.012, 63.406, 60.241, 56.741, 56.471, 53.959, 59.035, 61.006, 57.088]
121.838 [0,1,2,3] [235,236,237,238] [58.425, 62.225, 63.225, 59.8, 56.125, 56.35, 54.05, 59.125, 59.975, 57.275]
121.835 [0,1,2,3] [240,241,242,243,244,245,246,247,248,249] [57.22, 61.61, 63.86, 60.98, 57.26, 56.49, 54.35, 59.23, 61.51, 57.18]
121.832 [0,1,2,3] [241,242,243,244,245,246,247,248] [57.2, 61.638, 63.888, 60.938, 57.35, 56.575, 54.3, 59.338, 61.662, 57.263]
121.825 [0,1,2,3] [231,232,233,234,235,236,237,238,239,240,241,242] [58.392, 62.167, 63.175, 59.917, 56.458, 56.408, 53.825, 58.85, 60.658, 57.033]
121.823 [0,1,2,3] [238,239,240,241,242,243,244,245,246,247,248,249,250] [57.3, 61.631, 63.846, 60.869, 57.154, 56.523, 54.223, 59.162, 61.315, 57.138]
121.816 [0,1,2,3] [231,232,233,234,235,236,237,238,239,240,241,242,243,244,245,246,247,248] [57.933, 61.961, 63.444, 60.294, 56.772, 56.444, 53.978, 59.078, 60.972, 57.072]
121.813 [0,1,2,3] [235,236,237,238,239,240,241,242,243,244,245,246,247,248,249,250] [57.519, 61.738, 63.694, 60.675, 56.95, 56.463, 54.194, 59.156, 61.044, 57.169]
121.807 [0,1,2,3] [232,233,234,235,236,237,238,239] [58.488, 62.2, 63.2, 59.725, 56.262, 56.375, 53.713, 58.9, 60.238, 57.0]
121.8 [0,1,2,3] [244,245,246,247,248] [56.86, 61.52, 64.04, 61.18, 57.38, 56.42, 54.26, 59.58, 61.44, 57.1]
121.791 [0,1,2,3] [234,235,236,237,238,239,240,241,242,243,244,245,246,247,248,249,250] [57.576, 61.765, 63.647, 60.594, 56.906, 56.453, 54.153, 59.124, 60.982, 57.159]
121.779 [0,1,2,3] [231,232,233,234,235,236,237,238,239,240,241,242,243,244,245,246,247,248,249] [57.832, 61.9, 63.468, 60.358, 56.789, 56.426, 54.005, 59.058, 60.937, 57.042]
121.768 [0,1,2,3] [232,233,234,235,236,237,238,239,240,241,242,243,244,245,246,247,248,249,250] [57.679, 61.805, 63.574, 60.479, 56.837, 56.442, 54.037, 59.074, 60.947, 57.079]
121.764 [0,1,2,3] [230,231,232,233,234,235,236,237,238,239,240,241,242,243,244,245,246,247] [58.044, 62.017, 63.306, 60.161, 56.717, 56.467, 53.883, 58.994, 60.989, 57.028]
121.76 [0,1,2,3] [234,235,236,237,238] [58.44, 62.22, 63.16, 59.7, 56.14, 56.34, 53.94, 59.02, 59.98, 57.22]
121.753 [0,1,2,3] [237,238,239,240,241,242,243,244,245,246,247,248,249,250,251] [57.273, 61.6, 63.793, 60.84, 57.093, 56.507, 54.167, 59.153, 61.22, 57.14]
121.751 [0,1,2,3] [233,234,235,236,237,238] [58.467, 62.217, 63.15, 59.667, 56.167, 56.317, 53.817, 59.017, 60.067, 57.117]
121.74 [0,1,2,3] [238,239,240,241,242,243,244,245,246,247,248,249,250,251] [57.186, 61.564, 63.829, 60.9, 57.157, 56.521, 54.157, 59.15, 61.286, 57.121]
121.73 [0,1,2,3] [231,232,233,234,235,236,237,238,239,240,241,242,243,244,245,246,247,248,249,250] [57.73, 61.835, 63.48, 60.415, 56.81, 56.43, 53.98, 59.05, 60.94, 57.025]
121.728 [0,1,2,3] [234,235,236,237,238,239,240,241,242,243,244,245,246,247,248,249,250,251] [57.472, 61.706, 63.644, 60.633, 56.922, 56.456, 54.106, 59.117, 60.978, 57.144]
121.727 [0,1,2,3] [233,234,235,236,237,238,239,240,241,242,243,244,245,246,247,248,249,250,251] [57.532, 61.732, 63.616, 60.574, 56.889, 56.442, 54.058, 59.111, 60.953, 57.116]
121.725 [0,1,2,3] [246,247] [56.6, 61.35, 64.25, 61.25, 57.35, 56.1, 54.15, 59.7, 61.15, 57.05]
121.721 [0,1,2,3] [230,231,232,233,234,235,236,237,238,239,240,241] [58.467, 62.183, 63.008, 59.783, 56.358, 56.367, 53.683, 58.817, 60.567, 56.917]
121.717 [0,1,2,3] [245,246,247] [56.7, 61.4, 64.133, 61.2, 57.4, 56.367, 54.2, 59.6, 61.5, 57.133]
121.713 [1,2,3,4] [246,247,248,249,250,251,252,253] [56.038, 60.95, 63.788, 61.425, 57.263, 56.162, 53.825, 59.125, 60.7, 56.912]
121.707 [0,1,2,3] [232,233,234,235,236,237,238] [58.471, 62.2, 63.1, 59.643, 56.171, 56.343, 53.686, 58.914, 60.171, 56.986]
121.7 [0,1,2,3] [243,244,245,246,247,248,249] [56.871, 61.443, 63.971, 61.114, 57.357, 56.457, 54.314, 59.414, 61.414, 57.057]
121.694 [0,1,2,3] [242,243,244,245,246,247,248,249] [56.938, 61.5, 63.925, 61.025, 57.375, 56.513, 54.313, 59.325, 61.463, 57.1]
121.69 [0,1,2,3] [233,234,235,236,237] [58.5, 62.2, 63.02, 59.66, 56.14, 56.22, 53.78, 59.0, 60.02, 57.1]
121.689 [0,1,2,3] [235,236,237,238,239,240,241,242,243,244,245,246,247,248,249,250,251,252] [57.311, 61.628, 63.672, 60.767, 56.983, 56.45, 54.094, 59.122, 61.006, 57.15]
121.688 [0,1,2,3] [234,235,236,237] [58.475, 62.2, 63.0, 59.7, 56.1, 56.225, 53.925, 59.0, 59.9, 57.225]
121.679 [0,1,2,3] [231,232,233,234,235,236,237,238,239,240,241,242,243,244,245,246,247,248,249,250,251] [57.633, 61.781, 63.486, 60.457, 56.829, 56.433, 53.948, 59.048, 60.938, 57.019]
121.678 [0,1,2,3] [230,231,232,233,234,235,236,237,238,239,240] [58.5, 62.209, 62.955, 59.691, 56.309, 56.345, 53.618, 58.818, 60.445, 56.836]
121.667 [0,1,2,3] [232,233,234,235,236,237,238,239,240,241,242,243,244,245,246,247,248,249,250,251,252] [57.486, 61.705, 63.567, 60.576, 56.876, 56.433, 53.967, 59.052, 60.924, 57.071]
121.66 [1,2,3,4] [237,238,239,240,241,242,243,244,245,246,247,248,249,250,251,252] [57.169, 61.55, 63.769, 60.894, 57.106, 56.488, 54.112, 59.125, 61.175, 57.137]
121.655 [0,1,2,3] [241,242,243,244,245,246,247,248,249,250] [56.94, 61.45, 63.87, 61.05, 57.31, 56.52, 54.24, 59.23, 61.46, 57.13]
121.65 [0,1,2,3] [240,241,242,243,244,245,246,247,248,249,250,251] [56.975, 61.45, 63.825, 61.05, 57.25, 56.492, 54.192, 59.183, 61.417, 57.117]
121.637 [0,1,2,3] [235,236,237,238,239,240,241,242,243,244,245,246,247,248,249,250,251,252,253] [57.226, 61.589, 63.642, 60.816, 57.0, 56.416, 54.058, 59.089, 60.963, 57.153]
121.635 [0,1,2,3] [229,230,231,232,233,234,235,236,237,238,239,240,241,242,243,244,245,246,247,248] [57.965, 61.94, 63.255, 60.11, 56.745, 56.415, 53.835, 59.015, 60.91, 56.965]
121.633 [1,2,3,4] [239,240,241] [58.433, 62.1, 63.7, 60.633, 56.833, 56.467, 54.3, 58.833, 61.367, 57.367]
121.632 [0,1,2,3] [237,238,239,240,241,242,243,244,245,246,247,248,249,250,251,252,253] [57.082, 61.512, 63.729, 60.941, 57.118, 56.447, 54.071, 59.088, 61.118, 57.141]
121.631 [1,2,3,4] [237,238,239,240,241,242,243,244,245,246,247,248,249,250,251,252,253,254] [57.006, 61.478, 63.678, 60.978, 57.128, 56.411, 54.017, 59.039, 61.056, 57.167]
121.628 [0,1,2,3] [234,235,236,237,238,239,240,241,242,243,244,245,246,247,248,249,250,251,252,253] [57.29, 61.62, 63.605, 60.74, 56.96, 56.41, 54.03, 59.065, 60.915, 57.145]
121.625 [0,1,2,3] [245,246,247,248] [56.6, 61.325, 64.125, 61.2, 57.375, 56.275, 54.225, 59.65, 61.225, 57.05]
121.623 [0,1,2,3] [232,233,234,235,236,237,238,239,240,241,242,243,244,245,246,247,248,249,250,251,252,253] [57.405, 61.668, 63.545, 60.627, 56.895, 56.405, 53.941, 59.027, 60.891, 57.077]
121.621 [0,1,2,3] [230,231,232,233,234,235,236,237,238,239,240,241,242,243,244,245,246,247,248,249,250,251] [57.664, 61.795, 63.4, 60.382, 56.805, 56.432, 53.886, 59.014, 60.927, 56.973]
121.619 [0,1,2,3] [231,232,233,234,235,236,237,238] [58.5, 62.225, 62.925, 59.588, 56.188, 56.325, 53.588, 58.875, 60.25, 56.863]
121.61 [0,1,2,3] [229,230,231,232,233,234,235,236,237,238,239,240,241,242,243,244,245,246,247,248,249] [57.871, 61.886, 63.286, 60.176, 56.762, 56.4, 53.867, 59.0, 60.881, 56.943]
121.6 [0,1,2,3] [246,247,248] [56.5, 61.267, 64.2, 61.233, 57.333, 56.067, 54.2, 59.733, 60.9, 56.967]
121.596 [0,1,2,3] [231,232,233,234,235,236,237,238,239,240,241,242,243,244,245,246,247,248,249,250,251,252,253] [57.461, 61.7, 63.465, 60.565, 56.87, 56.396, 53.896, 59.009, 60.887, 57.03]
121.595 [0,1,2,3] [242,243,244,245,246,247,248,249,250] [56.811, 61.4, 63.9, 61.078, 57.356, 56.511, 54.222, 59.278, 61.411, 57.056]
121.59 [0,1,2,3] [232,233,234,235,236] [58.5, 62.2, 62.92, 59.56, 56.14, 56.26, 53.5, 58.82, 60.12, 56.86]
121.584 [0,1,2,3] [236,237,238,239,240,241,242,243,244,245,246,247,248,249,250,251,252,253,254] [57.079, 61.526, 63.642, 60.921, 57.063, 56.389, 54.011, 59.047, 60.979, 57.163]
121.583 [0,1,2,3] [239,240,241,242,243,244,245,246,247,248,249,250,251,252,253] [56.907, 61.42, 63.753, 61.087, 57.233, 56.433, 54.06, 59.08, 61.227, 57.12]
121.58 [0,1,2,3] [233,234,235,236,237,238,239,240,241,242,243,244,245,246,247,248,249,250,251,252,253,254] [57.277, 61.614, 63.545, 60.723, 56.945, 56.373, 53.95, 59.023, 60.855, 57.141]
121.574 [0,1,2,3] [234,235,236,237,238,239,240,241,242,243,244,245,246,247,248,249,250,251,252,253,254] [57.214, 61.586, 63.567, 60.781, 56.976, 56.381, 53.986, 59.024, 60.871, 57.167]
121.572 [0,1,2,3] [229,230,231,232,233,234,235,236,237,238,239,240,241,242,243,244,245,246,247,248,249,250] [57.777, 61.827, 63.305, 60.236, 56.782, 56.405, 53.85, 58.995, 60.886, 56.932]
121.557 [0,1,2,3] [231,232,233,234,235,236,237] [58.529, 62.214, 62.8, 59.571, 56.171, 56.257, 53.529, 58.843, 60.243, 56.814]
121.551 [0,1,2,3] [231,232,233,234,235,236,237,238,239,240,241,242,243,244,245,246,247,248,249,250,251,252,253,254] [57.388, 61.667, 63.438, 60.608, 56.887, 56.371, 53.862, 58.975, 60.85, 57.054]
121.55 [0,1,2,3] [247,248] [56.4, 61.15, 64.25, 61.3, 57.3, 56.1, 54.25, 59.8, 60.55, 56.9]
121.547 [0,1,2,3] [238,239,240,241,242,243,244,245,246,247,248,249,250,251,252,253,254] [56.918, 61.441, 63.7, 61.035, 57.182, 56.418, 54.0, 59.029, 61.1, 57.153]
121.538 [1,2,3,4] [249,250,251,252] [55.775, 60.725, 63.65, 61.5, 57.2, 56.325, 53.65, 58.825, 60.675, 56.8]
121.53 [0,1,2,3] [228,229,230,231,232,233,234,235,236,237,238,239,240,241,242,243,244,245] [58.239, 62.033, 62.983, 59.806, 56.667, 56.45, 53.656, 58.878, 60.856, 56.861]
121.525 [0,1,2,3] [232,233,234,235] [58.525, 62.15, 62.9, 59.475, 56.2, 56.325, 53.4, 58.725, 60.25, 56.8]
121.524 [0,1,2,3] [232,233,234,235,236,237,238,239,240,241,242,243,244,245,246,247,248,249,250,251,252,253,254,255] [57.242, 61.604, 63.488, 60.713, 56.925, 56.35, 53.862, 58.954, 60.808, 57.121]
121.523 [0,1,2,3] [236,237,238,239,240,241,242,243,244,245,246,247,248,249,250,251,252,253,254,255] [56.985, 61.495, 63.605, 60.96, 57.07, 56.355, 53.955, 59.0, 60.92, 57.185]
121.522 [0,1,2,3] [235,236,237,238,239,240,241,242,243,244,245,246,247,248,249,250,251,252,253,254,255] [57.057, 61.524, 63.567, 60.895, 57.024, 56.352, 53.957, 59.0, 60.862, 57.195]
121.52 [0,1,2,3] [245,246,247,248,249] [56.48, 61.22, 64.08, 61.26, 57.32, 56.24, 54.28, 59.46, 61.04, 56.94]
121.519 [0,1,2,3] [234,235,236,237,238,239,240,241,242,243,244,245,246,247,248,249,250,251,252,253,254,255] [57.123, 61.555, 63.536, 60.823, 56.986, 56.35, 53.936, 58.982, 60.823, 57.186]
121.511 [1,2,3,4] [242,243,244,245,246,247,248,249,250,251,252,253,254,255,256,257,258,259] [56.022, 61.033, 63.383, 61.356, 57.25, 56.039, 53.522, 58.672, 60.733, 57.272]
121.5 [0,1,2,3] [242,243,244,245,246,247,248,249,250,251] [56.7, 61.33, 63.87, 61.1, 57.34, 56.51, 54.13, 59.25, 61.36, 57.04]
121.496 [0,1,2,3] [241,242,243,244,245,246,247,248,249,250,251,252] [56.725, 61.333, 63.808, 61.125, 57.3, 56.492, 54.083, 59.167, 61.333, 57.108]
121.489 [0,1,2,3] [228,229,230,231,232,233,234,235,236,237,238,239,240,241,242,243,244,245,246,247,248,249,250] [57.809, 61.817, 63.213, 60.139, 56.796, 56.387, 53.757, 58.983, 60.843, 56.852]
121.483 [0,1,2,3] [230,231,232,233,234,235,236,237,238] [58.478, 62.211, 62.778, 59.5, 56.2, 56.333, 53.478, 58.811, 60.3, 56.767]
121.475 [0,1,2,3] [246,247,248,249] [56.375, 61.15, 64.125, 61.3, 57.275, 56.075, 54.275, 59.475, 60.75, 56.85]
121.467 [1,2,3,4] [248,249,250,251,252,253,254,255,256] [55.667, 60.822, 63.356, 61.544, 57.211, 55.989, 53.422, 58.656, 60.311, 57.156]
121.465 [0,1,2,3] [233,234,235,236,237,238,239,240,241,242,243,244,245,246,247,248,249,250,251,252,253,254,255,256] [57.096, 61.546, 63.483, 60.804, 56.958, 56.3, 53.846, 58.942, 60.763, 57.196]
121.461 [1,2,3,4] [234,235,236,237,238,239,240,241,242,243,244,245,246,247,248,249,250,251,252] [57.374, 61.658, 63.632, 60.689, 56.942, 56.442, 54.063, 59.095, 60.953, 57.142]
121.46 [0,1,2,3] [228,229,230,231,232,233,234,235,236,237,238,239,240,241,242,243] [58.344, 62.05, 62.881, 59.644, 56.569, 56.388, 53.569, 58.819, 60.681, 56.806]
121.455 [0,1,2,3] [227,228,229,230,231,232,233,234,235,236,237,238,239,240,241,242,243,244,245,246,247] [58.081, 61.962, 63.019, 59.848, 56.733, 56.41, 53.629, 58.962, 60.843, 56.8]
121.454 [0,1,2,3] [234,235,236,237,238,239,240,241,242,243,244,245,246,247,248,249,250,251,252,253,254,255,256] [57.03, 61.517, 63.5, 60.861, 56.987, 56.304, 53.874, 58.939, 60.774, 57.222]
121.452 [0,1,2,3] [236,237,238,239,240,241,242,243,244,245,246,247,248,249,250,251,252,253,254,255,256] [56.89, 61.457, 63.562, 60.995, 57.067, 56.305, 53.886, 58.952, 60.862, 57.224]
121.45 [0,1,2,3] [240,241,242,243,244,245,246,247,248,249,250,251,252,253,254] [56.713, 61.333, 63.68, 61.173, 57.26, 56.38, 54.007, 59.04, 61.18, 57.153]
121.447 [0,1,2,3] [239,240,241,242,243,244,245,246,247,248,249,250,251,252,253,254,255] [56.735, 61.359, 63.647, 61.153, 57.235, 56.353, 53.935, 58.971, 61.071, 57.176]
121.444 [0,1,2,3] [244,245,246,247,248,249,250,251] [56.475, 61.213, 63.925, 61.275, 57.3, 56.4, 54.075, 59.312, 61.175, 56.95]
121.44 [0,1,2,3] [227,228,229,230,231,232,233,234,235,236,237,238,239,240,241,242,243,244,245,246] [58.16, 62.0, 62.95, 59.77, 56.705, 56.42, 53.6, 58.92, 60.85, 56.79]
121.437 [1,2,3,4] [243,244,245,246,247,248,249,250,251,252,253,254,255,256,257,258,259,260] [55.861, 60.939, 63.289, 61.428, 57.217, 55.906, 53.394, 58.567, 60.6, 57.272]
121.433 [0,1,2,3] [237,238,239,240,241,242,243,244,245,246,247,248,249,250,251,252,253,254,255,256] [56.815, 61.41, 63.59, 61.05, 57.125, 56.32, 53.885, 58.94, 60.925, 57.23]
121.432 [0,1,2,3] [242,243,244,245,246,247,248,249,250,251,252] [56.6, 61.282, 63.827, 61.155, 57.336, 56.482, 54.055, 59.2, 61.282, 57.045]
121.431 [0,1,2,3] [229,230,231,232,233,234,235,236,237,238,239,240,241,242,243,244,245,246,247,248,249,250,251,252,253,254] [57.454, 61.673, 63.292, 60.442, 56.858, 56.354, 53.762, 58.935, 60.812, 56.973]
121.426 [0,1,2,3] [228,229,230,231,232,233,234,235,236,237,238,239,240,241,242,243,244,245,246,247,248,249,250,251,252] [57.636, 61.732, 63.236, 60.248, 56.832, 56.384, 53.72, 58.972, 60.832, 56.864]
121.422 [0,1,2,3] [228,229,230,231,232,233,234,235,236,237,238,239,240,241] [58.45, 62.086, 62.771, 59.536, 56.436, 56.307, 53.457, 58.793, 60.479, 56.721]
121.411 [1,2,3,4] [234,235,236,237,238,239,240,241,242,243,244,245,246,247] [57.907, 61.964, 63.593, 60.421, 56.843, 56.507, 54.164, 59.121, 61.071, 57.264]
121.41 [0,1,2,3] [243,244,245,246,247,248,249,250,251,252] [56.52, 61.22, 63.85, 61.23, 57.32, 56.44, 54.03, 59.25, 61.23, 57.01]
121.409 [0,1,2,3] [227,228,229,230,231,232,233,234,235,236,237,238,239,240,241,242,243,244,245,246,247,248,249,250] [57.825, 61.821, 63.129, 60.042, 56.792, 56.383, 53.687, 58.983, 60.808, 56.783]
121.408 [0,1,2,3] [230,231,232,233,234,235,236,237,238,239,240,241,242,243,244,245,246,247,248,249,250,251,252,253,254,255,256] [57.252, 61.619, 63.322, 60.622, 56.881, 56.307, 53.73, 58.881, 60.763, 57.07]
121.405 [0,1,2,3] [229,230,231,232,233,234,235,236,237,238,239] [58.464, 62.136, 62.764, 59.445, 56.309, 56.318, 53.427, 58.791, 60.309, 56.727]
121.401 [0,1,2,3] [245,246,247,248,249,250] [56.367, 61.117, 64.017, 61.3, 57.3, 56.283, 54.15, 59.367, 61.033, 56.9]
121.4 [0,1,2,3] [247,248,249] [56.267, 61.033, 64.133, 61.367, 57.233, 56.1, 54.333, 59.433, 60.467, 56.767]
121.399 [0,1,2,3] [228,229,230,231,232,233,234,235,236,237,238,239,240,241,242,243,244,245,246,247,248,249,250,251,252,253] [57.562, 61.7, 63.231, 60.304, 56.85, 56.362, 53.708, 58.954, 60.808, 56.877]
121.391 [0,1,2,3] [229,230,231,232,233,234,235,236,237,238,239,240,241,242,243,244,245,246,247,248,249,250,251,252,253,254,255] [57.37, 61.644, 63.278, 60.489, 56.87, 56.33, 53.73, 58.904, 60.774, 56.996]
121.384 [0,1,2,3] [234,235,236,237,238,239,240,241,242,243,244,245,246,247,248,249,250,251,252,253,254,255,256,257] [56.938, 61.471, 63.463, 60.896, 56.992, 56.254, 53.813, 58.883, 60.733, 57.246]
121.383 [0,1,2,3] [231,232,233] [58.6, 62.233, 62.533, 59.4, 56.267, 56.3, 53.0, 58.633, 60.7, 56.267]
121.381 [0,1,2,3] [235,236,237,238,239,240,241,242,243,244,245,246,247,248,249,250,251,252,253,254,255,256,257] [56.87, 61.439, 63.487, 60.965, 57.026, 56.252, 53.826, 58.896, 60.765, 57.257]
121.378 [0,1,2,3] [227,228,229,230,231,232,233,234,235,236,237,238,239,240,241,242,243,244,245,246,247,248,249,250,251] [57.74, 61.776, 63.148, 60.092, 56.808, 56.388, 53.672, 58.984, 60.812, 56.788]
121.371 [0,1,2,3] [242,243,244,245,246,247,248,249,250,251,252,253] [56.525, 61.25, 63.767, 61.2, 57.333, 56.425, 54.0, 59.142, 61.192, 57.058]
121.352 [0,1,2,3] [237,238,239,240,241,242,243,244,245,246,247,248,249,250,251,252,253,254,255,256,257] [56.719, 61.362, 63.543, 61.081, 57.124, 56.262, 53.814, 58.876, 60.871, 57.257]
121.345 [0,1,2,3] [226,227,228,229,230,231,232,233,234,235,236,237,238,239,240,241,242,243,244,245,246,247,248] [58.017, 61.939, 62.943, 59.791, 56.739, 56.396, 53.596, 58.97, 60.791, 56.691]
121.34 [0,1,2,3] [246,247,248,249,250] [56.26, 61.04, 64.04, 61.34, 57.26, 56.16, 54.12, 59.36, 60.8, 56.82]
121.337 [1,2,3,4] [240,241,242,243,244,245,246,247,248,249,250,251,252,253,254,255,256,257,258,259,260,261,262] [56.013, 60.978, 63.196, 61.335, 57.165, 55.857, 53.409, 58.409, 60.67, 57.278]
121.336 [0,1,2,3] [230,231,232,233,234,235,236] [58.5, 62.214, 62.557, 59.4, 56.186, 56.271, 53.286, 58.714, 60.3, 56.614]
121.335 [0,1,2,3] [226,227,228,229,230,231,232,233,234,235,236,237,238,239,240,241,242,243,244,245,246,247,248,249] [57.933, 61.892, 62.983, 59.862, 56.754, 56.383, 53.633, 58.958, 60.771, 56.683]
121.33 [0,1,2,3] [232,233,234,235,236,237,238,239,240,241,242,243,244,245,246,247,248,249,250,251,252,253,254,255,256,257,258] [56.978, 61.481, 63.385, 60.815, 56.937, 56.219, 53.7, 58.811, 60.693, 57.2]
121.325 [0,1,2,3] [233,234,235,236,237,238,239,240,241,242,243,244,245,246,247,248,249,250,251,252,253,254,255,256,257,258] [56.919, 61.458, 63.408, 60.865, 56.965, 56.208, 53.731, 58.831, 60.688, 57.238]
121.319 [0,1,2,3] [227,228,229,230,231,232,233,234,235,236,237,238,239,240,241,242] [58.369, 62.063, 62.725, 59.481, 56.519, 56.344, 53.425, 58.8, 60.531, 56.669]
121.318 [0,1,2,3] [231,232,233,234,235,236,237,238,239,240,241,242,243,244,245,246,247,248,249,250,251,252,253,254,255,256,257,258] [57.039, 61.514, 63.325, 60.757, 56.914, 56.218, 53.671, 58.804, 60.696, 57.157]
121.314 [0,1,2,3] [226,227,228,229,230,231,232,233,234,235,236,237,238,239,240,241,242,243,244,245,246,247,248,249,250] [57.848, 61.84, 63.012, 59.928, 56.772, 56.388, 53.628, 58.956, 60.78, 56.684]
121.31 [0,1,2,3] [234,235,236,237,238,239,240,241,242,243,244,245,246,247,248,249,250,251,252,253,254,255,256,257,258] [56.852, 61.428, 63.42, 60.92, 56.992, 56.208, 53.752, 58.824, 60.696, 57.264]
121.308 [0,1,2,3] [226,227,228,229,230,231,232,233,234,235,236,237,238,239,240,241,242,243,244,245] [58.245, 62.04, 62.755, 59.575, 56.65, 56.445, 53.505, 58.855, 60.775, 56.65]
121.305 [0,1,2,3] [235,236,237,238,239,240,241,242,243,244,245,246,247,248,249,250,251,252,253,254,255,256,257,258] [56.783, 61.396, 63.442, 60.988, 57.025, 56.204, 53.763, 58.833, 60.725, 57.275]
121.303 [0,1,2,3] [240,241,242,243,244,245,246,247,248,249,250,251,252,253,254,255,256] [56.524, 61.271, 63.576, 61.235, 57.241, 56.276, 53.853, 58.924, 61.012, 57.229]
121.3 [1,2,3,4] [253,254,255,256] [55.4, 60.85, 62.875, 61.675, 57.2, 55.65, 52.975, 58.2, 59.925, 57.6]
121.297 [0,1,2,3] [227,228,229,230,231,232,233,234,235,236,237,238,239,240,241] [58.433, 62.073, 62.667, 59.42, 56.453, 56.307, 53.367, 58.807, 60.447, 56.62]
121.296 [0,1,2,3] [236,237,238,239,240,241,242,243,244,245,246,247,248,249,250,251,252,253,254,255,256,257,258] [56.709, 61.365, 63.47, 61.048, 57.065, 56.2, 53.752, 58.826, 60.77, 57.27]
121.295 [0,1,2,3] [229,230,231,232,233,234,235,236,237,238] [58.45, 62.13, 62.65, 59.36, 56.25, 56.29, 53.38, 58.79, 60.27, 56.69]
121.292 [0,1,2,3] [245,246,247,248,249,250,251] [56.271, 61.057, 63.957, 61.3, 57.286, 56.314, 54.029, 59.314, 61.014, 56.9]
121.286 [0,1,2,3] [230,231,232,233,234,235,236,237,238,239,240,241,242,243,244,245,246,247,248,249,250,251,252,253,254,255,256,257,258] [57.083, 61.534, 63.266, 60.69, 56.893, 56.224, 53.634, 58.786, 60.697, 57.117]
121.285 [0,1,2,3] [228,229,230,231,232,233,234,235,236,237,238,239,240,241,242,243,244,245,246,247,248,249,250,251,252,253,254,255,256] [57.328, 61.61, 63.186, 60.445, 56.883, 56.283, 53.617, 58.866, 60.707, 56.966]
121.27 [0,1,2,3] [237,238,239,240,241,242,243,244,245,246,247,248,249,250,251,252,253,254,255,256,257,258] [56.632, 61.318, 63.491, 61.1, 57.118, 56.209, 53.745, 58.809, 60.823, 57.277]
121.267 [0,1,2,3] [227,228,229,230,231,232,233,234,235,236,237,238,239,240,241,242,243,244,245,246,247,248,249,250,251,252,253,254,255] [57.438, 61.652, 63.134, 60.31, 56.872, 56.317, 53.603, 58.9, 60.717, 56.869]
121.264 [0,1,2,3] [232,233,234,235,236,237,238,239,240,241,242,243,244,245,246,247,248,249,250,251,252,253,254,255,256,257,258,259] [56.893, 61.439, 63.346, 60.85, 56.936, 56.161, 53.646, 58.75, 60.661, 57.211]
121.259 [0,1,2,3] [228,229,230,231,232,233,234,235,236,237,238,239] [58.467, 62.092, 62.633, 59.325, 56.375, 56.292, 53.283, 58.783, 60.275, 56.592]
121.258 [0,1,2,3] [233,234,235,236,237,238,239,240,241,242,243,244,245,246,247,248,249,250,251,252,253,254,255,256,257,258,259] [56.833, 61.415, 63.367, 60.9, 56.963, 56.148, 53.674, 58.767, 60.656, 57.248]
121.255 [0,1,2,3] [231,232,233,234,235,236,237,238,239,240,241,242,243,244,245,246,247,248,249,250,251,252,253,254,255,256,257,258,259] [56.955, 61.472, 63.29, 60.793, 56.914, 56.162, 53.621, 58.745, 60.666, 57.169]
121.25 [0,1,2,3] [247,248,249,250] [56.15, 60.925, 64.025, 61.4, 57.225, 56.2, 54.125, 59.3, 60.6, 56.75]
121.248 [0,1,2,3] [226,227,228,229,230,231,232,233,234,235,236,237,238,239,240,241,242,243,244,245,246,247,248,249,250,251,252,253] [57.614, 61.729, 63.05, 60.104, 56.825, 56.364, 53.596, 58.932, 60.754, 56.725]
121.241 [0,1,2,3] [234,235,236,237,238,239,240,241,242,243,244,245,246,247,248,249,250,251,252,253,254,255,256,257,258,259] [56.765, 61.385, 63.377, 60.954, 56.988, 56.146, 53.692, 58.758, 60.662, 57.273]
121.238 [0,1,2,3] [225,226,227,228,229,230,231,232,233,234,235,236,237,238,239,240,241,242,243,244,245,246,247,248] [58.046, 61.925, 62.817, 59.688, 56.717, 56.396, 53.529, 58.946, 60.746, 56.6]
121.236 [0,1,2,3] [242,243,244,245,246,247,248,249,250,251,252,253,254,255] [56.371, 61.2, 63.636, 61.264, 57.321, 56.329, 53.857, 59.0, 61.007, 57.136]
121.234 [1,2,3,4] [254,255,256] [55.3, 60.833, 62.8, 61.667, 57.167, 55.6, 52.833, 58.1, 59.833, 57.733]
121.233 [0,1,2,3] [225,226,227,228,229,230,231,232,233,234,235,236,237,238,239,240,241,242,243,244,245,246,247] [58.122, 61.961, 62.761, 59.622, 56.691, 56.413, 53.496, 58.909, 60.761, 56.591]
121.232 [0,1,2,3] [235,236,237,238,239,240,241,242,243,244,245,246,247,248,249,250,251,252,253,254,255,256,257,258,259] [56.696, 61.352, 63.396, 61.02, 57.02, 56.14, 53.7, 58.764, 60.688, 57.284]
121.228 [0,1,2,3] [244,245,246,247,248,249,250,251,252,253,254] [56.255, 61.118, 63.7, 61.382, 57.3, 56.273, 53.855, 59.082, 60.918, 57.045]
121.227 [0,1,2,3] [227,228,229,230,231,232,233,234,235,236,237,238,239,240,241,242,243,244,245,246,247,248,249,250,251,252,253,254,255,256] [57.357, 61.62, 63.12, 60.357, 56.877, 56.283, 53.567, 58.87, 60.683, 56.907]
121.225 [0,1,2,3] [245,246,247,248,249,250,251,252] [56.188, 61.025, 63.887, 61.35, 57.288, 56.3, 53.938, 59.238, 60.95, 56.925]
121.223 [0,1,2,3] [241,242,243,244,245,246,247,248,249,250,251,252,253,254,255,256] [56.394, 61.213, 63.575, 61.263, 57.275, 56.281, 53.806, 58.925, 60.981, 57.231]
121.222 [0,1,2,3] [226,227,228,229,230,231,232,233,234,235,236,237,238,239,240,241,242,243,244,245,246,247,248,249,250,251,252,253,254] [57.548, 61.7, 63.041, 60.155, 56.841, 56.345, 53.579, 58.907, 60.728, 56.755]
