[Score] [Station index] [Time slots] 
2.675 [6,7,8,9] [187,188,189,190,191,192,193,194,195,196,197,198,199,200,201,202,203,204,205,206,207,208,209,210,211,212,213,214,215,216,217,218,219,220,221,222,223,224,225,226,227,228,229,230,231,232,233,234,235,236,237,238,239,240,241,242,243,244,245,246,247,248,249,250,251,252,253,254,255,256,257,258] [1.145, 1.208, 1.23, 1.14, 1.248, 1.256, 1.438, 1.222, 1.305, 1.385] 
[22.40833333333333, 22.183333333333334, 23.349999999999998, 23.46666666666667, 20.63333333333333, 20.575, 16.733333333333334, 22.200000000000003, 23.0, 22.858333333333334]
2.669 [6,7,8,9] [187,188,189,190,191,192,193,194,195,196,197,198,199,200,201,202,203,204,205,206,207,208,209,210,211,212,213,214,215,216,217,218,219,220,221,222,223,224,225,226,227,228,229,230,231,232,233,234,235,236,237,238,239,240,241,242,243,244,245,246,247,248,249,250,251,252,253,254,255,256,257] [1.144, 1.206, 1.229, 1.138, 1.245, 1.253, 1.434, 1.22, 1.302, 1.381] 
[22.40833333333333, 22.183333333333334, 23.349999999999998, 23.46666666666667, 20.63333333333333, 20.575, 16.733333333333334, 22.200000000000003, 23.0, 22.858333333333334]
2.661 [6,7,8,9] [187,188,189,190,191,192,193,194,195,196,197,198,199,200,201,202,203,204,205,206,207,208,209,210,211,212,213,214,215,216,217,218,219,220,221,222,223,224,225,226,227,228,229,230,231,232,233,234,235,236,237,238,239,240,241,242,243,244,245,246,247,248,249,250,251,252,253,254,255,256] [1.143, 1.204, 1.226, 1.136, 1.243, 1.25, 1.429, 1.217, 1.3, 1.376] 
[22.40833333333333, 22.183333333333334, 23.349999999999998, 23.46666666666667, 20.63333333333333, 20.575, 16.733333333333334, 22.200000000000003, 23.0, 22.858333333333334]
2.644 [4,6,7,9] [194,195,196,197,198,199,200,201,202,203,204,205,206,207,208,209,210,211,212,213,214,215,216,217,218,219,220,221,222,223,224,225,226,227,228,229,230,231,232,233,234,235,236,237,238,239,240,241,242,243,244,245,246,247,248,249,250,251,252,253,254,255,256,257,258,259,260,261,262,263,264,265] [1.13, 1.227, 1.206, 1.141, 1.243, 1.258, 1.412, 1.254, 1.283, 1.379] 
[23.025000000000002, 22.399999999999995, 24.36666666666666, 23.958333333333332, 21.358333333333334, 21.23333333333333, 17.816666666666666, 22.300000000000008, 24.13333333333333, 23.999999999999996]
2.643 [4,6,7,9] [188,189,190,191,192,193,194,195,196,197,198,199,200,201,202,203,204,205,206,207,208,209,210,211,212,213,214,215,216,217,218,219,220,221,222,223,224,225,226,227,228,229,230,231,232,233,234,235,236,237,238,239,240,241,242,243,244,245,246,247,248,249,250,251,252,253,254,255,256,257,258] [1.144, 1.209, 1.223, 1.133, 1.245, 1.256, 1.432, 1.223, 1.299, 1.385] 
[22.466666666666665, 22.21666666666667, 23.533333333333335, 23.64166666666667, 20.73333333333333, 20.633333333333333, 16.866666666666667, 22.24166666666667, 23.175, 22.95]
2.638 [4,6,7,9] [194,195,196,197,198,199,200,201,202,203,204,205,206,207,208,209,210,211,212,213,214,215,216,217,218,219,220,221,222,223,224,225,226,227,228,229,230,231,232,233,234,235,236,237,238,239,240,241,242,243,244,245,246,247,248,249,250,251,252,253,254,255,256,257,258,259,260,261,262,263,264] [1.13, 1.226, 1.205, 1.14, 1.24, 1.255, 1.408, 1.253, 1.282, 1.376] 
[23.025000000000002, 22.399999999999995, 24.36666666666666, 23.958333333333332, 21.358333333333334, 21.23333333333333, 17.816666666666666, 22.300000000000008, 24.13333333333333, 23.999999999999996]
2.633 [4,6,7,9] [191,192,193,194,195,196,197,198,199,200,201,202,203,204,205,206,207,208,209,210,211,212,213,214,215,216,217,218,219,220,221,222,223,224,225,226,227,228,229,230,231,232,233,234,235,236,237,238,239,240,241,242,243,244,245,246,247,248,249,250,251,252,253,254,255,256,257,258,259,260] [1.133, 1.217, 1.212, 1.134, 1.241, 1.255, 1.415, 1.234, 1.288, 1.376] 
[22.799999999999997, 22.3, 23.966666666666665, 23.825, 21.025, 20.908333333333335, 17.35833333333333, 22.300000000000008, 23.650000000000002, 23.483333333333334]
2.628 [4,6,7,9] [190,191,192,193,194,195,196,197,198,199,200,201,202,203,204,205,206,207,208,209,210,211,212,213,214,215,216,217,218,219,220,221,222,223,224,225,226,227,228,229,230,231,232,233,234,235,236,237,238,239,240,241,242,243,244,245,246,247,248,249,250,251,252,253,254,255,256,257,258] [1.135, 1.211, 1.213, 1.13, 1.239, 1.251, 1.416, 1.226, 1.289, 1.374] 
[22.7, 22.291666666666668, 23.825, 23.791666666666668, 20.925, 20.825, 17.183333333333334, 22.300000000000008, 23.483333333333334, 23.291666666666668]
2.627 [5,6,7,9] [190,191,192,193,194,195,196,197,198,199,200,201,202,203,204,205,206,207,208,209,210,211,212,213,214,215,216,217,218,219,220,221,222,223,224,225,226,227,228,229,230,231,232,233,234,235,236,237,238,239,240,241,242,243,244,245,246,247,248,249,250,251,252,253,254,255,256,257] [1.134, 1.209, 1.212, 1.127, 1.236, 1.248, 1.412, 1.224, 1.286, 1.369] 
[22.7, 22.291666666666668, 23.825, 23.791666666666668, 20.925, 20.825, 17.183333333333334, 22.300000000000008, 23.483333333333334, 23.291666666666668]
2.625 [6,7,8,9] [188,189,190,191,192,193,194,195,196,197,198,199,200,201,202,203,204,205,206,207,208,209,210,211,212,213,214,215,216,217,218,219,220,221,222,223,224,225,226,227,228,229,230,231,232,233,234,235,236,237,238,239,240,241,242,243,244,245,246,247,248,249,250,251,252] [1.137, 1.194, 1.21, 1.12, 1.228, 1.236, 1.403, 1.207, 1.283, 1.356] 
[22.466666666666665, 22.21666666666667, 23.533333333333335, 23.64166666666667, 20.73333333333333, 20.633333333333333, 16.866666666666667, 22.24166666666667, 23.175, 22.95]
2.622 [5,6,7,9] [194,195,196,197,198,199,200,201,202,203,204,205,206,207,208,209,210,211,212,213,214,215,216,217,218,219,220,221,222,223,224,225,226,227,228,229,230,231,232,233,234,235,236,237,238,239,240,241,242,243,244,245,246,247,248,249,250,251,252,253,254,255,256,257,258,259,260] [1.127, 1.22, 1.2, 1.133, 1.231, 1.245, 1.394, 1.244, 1.273, 1.36] 
[23.025000000000002, 22.399999999999995, 24.36666666666666, 23.958333333333332, 21.358333333333334, 21.23333333333333, 17.816666666666666, 22.300000000000008, 24.13333333333333, 23.999999999999996]
2.621 [5,6,7,9] [192,193,194,195,196,197,198,199,200,201,202,203,204,205,206,207,208,209,210,211,212,213,214,215,216,217,218,219,220,221,222,223,224,225,226,227,228,229,230,231,232,233,234,235,236,237,238,239,240,241,242,243,244,245,246,247,248,249,250,251,252,253,254,255,256,257,258] [1.129, 1.214, 1.204, 1.13, 1.232, 1.247, 1.397, 1.233, 1.279, 1.365] 
[22.883333333333336, 22.341666666666665, 24.10833333333333, 23.866666666666664, 21.141666666666666, 21.008333333333333, 17.55, 22.300000000000008, 23.799999999999997, 23.60833333333333]
2.615 [5,6,7,9] [196,197,198,199,200,201,202,203,204,205,206,207,208,209,210,211,212,213,214,215,216,217,218,219,220,221,222,223,224,225,226,227,228,229,230,231,232,233,234,235,236,237,238,239,240,241,242,243,244,245,246,247,248,249,250,251,252,253,254,255,256,257,258,259,260,261,262,263] [1.126, 1.224, 1.199, 1.134, 1.235, 1.243, 1.393, 1.24, 1.271, 1.353] 
[23.16666666666666, 22.53333333333333, 24.575, 24.133333333333336, 21.524999999999995, 21.508333333333336, 18.099999999999998, 22.58333333333334, 24.441666666666663, 24.48333333333333]
2.613 [4,6,7,9] [191,192,193,194,195,196,197,198,199,200,201,202,203,204,205,206,207,208,209,210,211,212,213,214,215,216,217,218,219,220,221,222,223,224,225,226,227,228,229,230,231,232,233,234,235,236,237,238,239,240,241,242,243,244,245,246,247,248,249,250,251,252,253,254,255,256,257] [1.131, 1.212, 1.207, 1.128, 1.233, 1.246, 1.403, 1.227, 1.281, 1.362] 
[22.799999999999997, 22.3, 23.966666666666665, 23.825, 21.025, 20.908333333333335, 17.35833333333333, 22.300000000000008, 23.650000000000002, 23.483333333333334]
2.608 [6,7,8,9] [189,190,191,192,193,194,195,196,197,198,199,200,201,202,203,204,205,206,207,208,209,210,211,212,213,214,215,216,217,218,219,220,221,222,223,224,225,226,227,228,229,230,231,232,233,234,235,236,237,238,239,240,241,242,243,244,245,246,247,248,249,250,251] [1.13, 1.191, 1.202, 1.114, 1.222, 1.229, 1.388, 1.204, 1.277, 1.346] 
[22.599999999999998, 22.274999999999995, 23.691666666666666, 23.74166666666667, 20.816666666666666, 20.741666666666667, 17.05, 22.300000000000008, 23.308333333333334, 23.10833333333333]
2.607 [4,6,7,9] [198,199,200,201,202,203,204,205,206,207,208,209,210,211,212,213,214,215,216,217,218,219,220,221,222,223,224,225,226,227,228,229,230,231,232,233,234,235,236,237,238,239,240,241,242,243,244,245,246,247,248,249,250,251,252,253,254,255,256,257,258,259,260,261,262,263,264,265,266,267,268,269] [1.13, 1.223, 1.201, 1.137, 1.235, 1.249, 1.39, 1.238, 1.27, 1.35] 
[23.216666666666665, 22.691666666666666, 24.724999999999998, 24.275000000000002, 21.849999999999994, 21.733333333333334, 18.48333333333333, 22.883333333333336, 24.75, 25.058333333333334]
2.606 [4,6,7,9] [192,193,194,195,196,197,198,199,200,201,202,203,204,205,206,207,208,209,210,211,212,213,214,215,216,217,218,219,220,221,222,223,224,225,226,227,228,229,230,231,232,233,234,235,236,237,238,239,240,241,242,243,244,245,246,247,248,249,250,251,252,253,254,255,256,257] [1.128, 1.212, 1.203, 1.128, 1.229, 1.243, 1.393, 1.23, 1.276, 1.36] 
[22.883333333333336, 22.341666666666665, 24.10833333333333, 23.866666666666664, 21.141666666666666, 21.008333333333333, 17.55, 22.300000000000008, 23.799999999999997, 23.60833333333333]
2.605 [4,6,7,9] [196,197,198,199,200,201,202,203,204,205,206,207,208,209,210,211,212,213,214,215,216,217,218,219,220,221,222,223,224,225,226,227,228,229,230,231,232,233,234,235,236,237,238,239,240,241,242,243,244,245,246,247,248,249,250,251,252,253,254,255,256,257,258,259,260,261,262] [1.125, 1.222, 1.198, 1.132, 1.232, 1.24, 1.389, 1.238, 1.269, 1.35] 
[23.16666666666666, 22.53333333333333, 24.575, 24.133333333333336, 21.524999999999995, 21.508333333333336, 18.099999999999998, 22.58333333333334, 24.441666666666663, 24.48333333333333]
2.601 [4,6,7,9] [193,194,195,196,197,198,199,200,201,202,203,204,205,206,207,208,209,210,211,212,213,214,215,216,217,218,219,220,221,222,223,224,225,226,227,228,229,230,231,232,233,234,235,236,237,238,239,240,241,242,243,244,245,246,247,248,249,250,251,252,253,254,255,256,257] [1.126, 1.214, 1.199, 1.128, 1.226, 1.239, 1.389, 1.234, 1.271, 1.352] 
[22.966666666666665, 22.375, 24.241666666666664, 23.90833333333333, 21.258333333333336, 21.133333333333333, 17.666666666666668, 22.300000000000008, 23.958333333333332, 23.816666666666663]
2.6 [4,6,7,9] [192,193,194,195,196,197,198,199,200,201,202,203,204,205,206,207,208,209,210,211,212,213,214,215,216,217,218,219,220,221,222,223,224,225,226,227,228,229,230,231,232,233,234,235,236,237,238,239,240,241,242,243,244,245,246,247,248,249,250,251,252,253,254,255,256] [1.127, 1.21, 1.2, 1.125, 1.227, 1.24, 1.389, 1.228, 1.274, 1.355] 
[22.883333333333336, 22.341666666666665, 24.10833333333333, 23.866666666666664, 21.141666666666666, 21.008333333333333, 17.55, 22.300000000000008, 23.799999999999997, 23.60833333333333]
2.596 [4,6,7,9] [199,200,201,202,203,204,205,206,207,208,209,210,211,212,213,214,215,216,217,218,219,220,221,222,223,224,225,226,227,228,229,230,231,232,233,234,235,236,237,238,239,240,241,242,243,244,245,246,247,248,249,250,251,252,253,254,255,256,257,258,259,260,261,262,263,264,265,266,267,268,269,270] [1.13, 1.221, 1.199, 1.137, 1.234, 1.248, 1.383, 1.233, 1.261, 1.342] 
[23.249999999999996, 22.775000000000002, 24.84166666666667, 24.333333333333332, 21.95, 21.833333333333332, 18.666666666666664, 23.033333333333335, 25.0, 25.316666666666666]
2.595 [5,6,7,9] [198,199,200,201,202,203,204,205,206,207,208,209,210,211,212,213,214,215,216,217,218,219,220,221,222,223,224,225,226,227,228,229,230,231,232,233,234,235,236,237,238,239,240,241,242,243,244,245,246,247,248,249,250,251,252,253,254,255,256,257,258,259,260,261,262,263,264,265] [1.128, 1.223, 1.199, 1.132, 1.227, 1.241, 1.379, 1.232, 1.265, 1.337] 
[23.216666666666665, 22.691666666666666, 24.724999999999998, 24.275000000000002, 21.849999999999994, 21.733333333333334, 18.48333333333333, 22.883333333333336, 24.75, 25.058333333333334]
2.593 [4,6,7,9] [195,196,197,198,199,200,201,202,203,204,205,206,207,208,209,210,211,212,213,214,215,216,217,218,219,220,221,222,223,224,225,226,227,228,229,230,231,232,233,234,235,236,237,238,239,240,241,242,243,244,245,246,247,248,249,250,251,252,253,254,255,256,257,258] [1.125, 1.217, 1.193, 1.127, 1.227, 1.234, 1.38, 1.236, 1.263, 1.342] 
[23.075, 22.46666666666667, 24.491666666666664, 24.05, 21.399999999999995, 21.375, 17.966666666666665, 22.425000000000008, 24.28333333333333, 24.241666666666664]
2.591 [5,6,7,9] [199,200,201,202,203,204,205,206,207,208,209,210,211,212,213,214,215,216,217,218,219,220,221,222,223,224,225,226,227,228,229,230,231,232,233,234,235,236,237,238,239,240,241,242,243,244,245,246,247,248,249,250,251,252,253,254,255,256,257,258,259,260,261,262,263,264,265,266,267] [1.129, 1.222, 1.197, 1.134, 1.228, 1.242, 1.376, 1.23, 1.258, 1.334] 
[23.249999999999996, 22.775000000000002, 24.84166666666667, 24.333333333333332, 21.95, 21.833333333333332, 18.666666666666664, 23.033333333333335, 25.0, 25.316666666666666]
2.585 [6,7,8,9] [190,191,192,193,194,195,196,197,198,199,200,201,202,203,204,205,206,207,208,209,210,211,212,213,214,215,216,217,218,219,220,221,222,223,224,225,226,227,228,229,230,231,232,233,234,235,236,237,238,239,240,241,242,243,244,245,246,247,248,249] [1.124, 1.187, 1.192, 1.109, 1.213, 1.22, 1.373, 1.202, 1.265, 1.33] 
[22.7, 22.291666666666668, 23.825, 23.791666666666668, 20.925, 20.825, 17.183333333333334, 22.300000000000008, 23.483333333333334, 23.291666666666668]
2.584 [4,6,7,9] [191,192,193,194,195,196,197,198,199,200,201,202,203,204,205,206,207,208,209,210,211,212,213,214,215,216,217,218,219,220,221,222,223,224,225,226,227,228,229,230,231,232,233,234,235,236,237,238,239,240,241,242,243,244,245,246,247,248,249,250,251,252,253] [1.126, 1.201, 1.198, 1.119, 1.222, 1.233, 1.384, 1.217, 1.271, 1.344] 
[22.799999999999997, 22.3, 23.966666666666665, 23.825, 21.025, 20.908333333333335, 17.35833333333333, 22.300000000000008, 23.650000000000002, 23.483333333333334]
2.58 [4,6,7,9] [193,194,195,196,197,198,199,200,201,202,203,204,205,206,207,208,209,210,211,212,213,214,215,216,217,218,219,220,221,222,223,224,225,226,227,228,229,230,231,232,233,234,235,236,237,238,239,240,241,242,243,244,245,246,247,248,249,250,251,252,253,254] [1.123, 1.206, 1.192, 1.121, 1.218, 1.229, 1.376, 1.226, 1.264, 1.339] 
[22.966666666666665, 22.375, 24.241666666666664, 23.90833333333333, 21.258333333333336, 21.133333333333333, 17.666666666666668, 22.300000000000008, 23.958333333333332, 23.816666666666663]
2.579 [4,6,7,9] [195,196,197,198,199,200,201,202,203,204,205,206,207,208,209,210,211,212,213,214,215,216,217,218,219,220,221,222,223,224,225,226,227,228,229,230,231,232,233,234,235,236,237,238,239,240,241,242,243,244,245,246,247,248,249,250,251,252,253,254,255,256] [1.123, 1.212, 1.19, 1.122, 1.222, 1.228, 1.372, 1.231, 1.259, 1.333] 
[23.075, 22.46666666666667, 24.491666666666664, 24.05, 21.399999999999995, 21.375, 17.966666666666665, 22.425000000000008, 24.28333333333333, 24.241666666666664]
2.577 [5,6,7,9] [196,197,198,199,200,201,202,203,204,205,206,207,208,209,210,211,212,213,214,215,216,217,218,219,220,221,222,223,224,225,226,227,228,229,230,231,232,233,234,235,236,237,238,239,240,241,242,243,244,245,246,247,248,249,250,251,252,253,254,255,256,257] [1.122, 1.214, 1.19, 1.122, 1.22, 1.226, 1.371, 1.227, 1.257, 1.329] 
[23.16666666666666, 22.53333333333333, 24.575, 24.133333333333336, 21.524999999999995, 21.508333333333336, 18.099999999999998, 22.58333333333334, 24.441666666666663, 24.48333333333333]
2.573 [6,7,8,9] [193,194,195,196,197,198,199,200,201,202,203,204,205,206,207,208,209,210,211,212,213,214,215,216,217,218,219,220,221,222,223,224,225,226,227,228,229,230,231,232,233,234,235,236,237,238,239,240,241,242,243,244,245,246,247,248,249,250] [1.118, 1.195, 1.182, 1.112, 1.206, 1.215, 1.356, 1.215, 1.254, 1.32] 
[22.966666666666665, 22.375, 24.241666666666664, 23.90833333333333, 21.258333333333336, 21.133333333333333, 17.666666666666668, 22.300000000000008, 23.958333333333332, 23.816666666666663]
2.571 [5,6,7,9] [201,202,203,204,205,206,207,208,209,210,211,212,213,214,215,216,217,218,219,220,221,222,223,224,225,226,227,228,229,230,231,232,233,234,235,236,237,238,239,240,241,242,243,244,245,246,247,248,249,250,251,252,253,254,255,256,257,258,259,260,261,262,263,264,265,266,267,268] [1.131, 1.216, 1.196, 1.132, 1.227, 1.233, 1.367, 1.223, 1.247, 1.318] 
[23.28333333333333, 22.974999999999998, 24.974999999999998, 24.46666666666667, 22.108333333333334, 22.133333333333336, 18.958333333333332, 23.3, 25.358333333333334, 25.825]
2.57 [5,6,7,9] [193,194,195,196,197,198,199,200,201,202,203,204,205,206,207,208,209,210,211,212,213,214,215,216,217,218,219,220,221,222,223,224,225,226,227,228,229,230,231,232,233,234,235,236,237,238,239,240,241,242,243,244,245,246,247,248,249,250,251,252] [1.12, 1.2, 1.187, 1.116, 1.212, 1.223, 1.366, 1.221, 1.259, 1.329] 
[22.966666666666665, 22.375, 24.241666666666664, 23.90833333333333, 21.258333333333336, 21.133333333333333, 17.666666666666668, 22.300000000000008, 23.958333333333332, 23.816666666666663]
2.567 [4,6,7,9] [196,197,198,199,200,201,202,203,204,205,206,207,208,209,210,211,212,213,214,215,216,217,218,219,220,221,222,223,224,225,226,227,228,229,230,231,232,233,234,235,236,237,238,239,240,241,242,243,244,245,246,247,248,249,250,251,252,253,254,255,256] [1.121, 1.212, 1.188, 1.12, 1.217, 1.223, 1.367, 1.225, 1.254, 1.324] 
[23.16666666666666, 22.53333333333333, 24.575, 24.133333333333336, 21.524999999999995, 21.508333333333336, 18.099999999999998, 22.58333333333334, 24.441666666666663, 24.48333333333333]
2.566 [4,6,7,9] [203,204,205,206,207,208,209,210,211,212,213,214,215,216,217,218,219,220,221,222,223,224,225,226,227,228,229,230,231,232,233,234,235,236,237,238,239,240,241,242,243,244,245,246,247,248,249,250,251,252,253,254,255,256,257,258,259,260,261,262,263,264,265,266,267,268,269,270,271,272,273,274] [1.13, 1.209, 1.196, 1.133, 1.232, 1.234, 1.367, 1.217, 1.232, 1.316] 
[23.38333333333333, 23.150000000000002, 25.11666666666667, 24.650000000000002, 22.308333333333337, 22.383333333333336, 19.224999999999998, 23.599999999999998, 25.849999999999998, 26.283333333333335]
2.565 [4,6,7,9] [195,196,197,198,199,200,201,202,203,204,205,206,207,208,209,210,211,212,213,214,215,216,217,218,219,220,221,222,223,224,225,226,227,228,229,230,231,232,233,234,235,236,237,238,239,240,241,242,243,244,245,246,247,248,249,250,251,252,253,254] [1.121, 1.207, 1.185, 1.118, 1.216, 1.221, 1.363, 1.226, 1.254, 1.324] 
[23.075, 22.46666666666667, 24.491666666666664, 24.05, 21.399999999999995, 21.375, 17.966666666666665, 22.425000000000008, 24.28333333333333, 24.241666666666664]
2.564 [5,6,7,9] [191,192,193,194,195,196,197,198,199,200,201,202,203,204,205,206,207,208,209,210,211,212,213,214,215,216,217,218,219,220,221,222,223,224,225,226,227,228,229,230,231,232,233,234,235,236,237,238,239,240,241,242,243,244,245,246,247,248,249,250] [1.122, 1.192, 1.19, 1.112, 1.213, 1.222, 1.369, 1.208, 1.263, 1.329] 
[22.799999999999997, 22.3, 23.966666666666665, 23.825, 21.025, 20.908333333333335, 17.35833333333333, 22.300000000000008, 23.650000000000002, 23.483333333333334]
2.561 [2,3,4,6] [151,152,153,154,155,156,157,158,159,160,161,162,163,164,165,166,167,168,169,170,171,172,173,174,175,176,177,178,179,180,181,182,183,184,185,186,187,188,189,190,191,192,193,194,195,196,197,198,199,200,201,202,203,204,205,206,207,208,209,210,211,212,213,214,215,216] [1.188, 1.146, 1.14, 1.242, 1.31, 1.332, 1.431, 1.263, 1.37, 1.26] 
[18.983333333333338, 19.433333333333334, 20.866666666666667, 18.625, 16.075, 15.583333333333334, 12.266666666666667, 17.65, 17.125, 19.258333333333336]
2.559 [4,6,7,9] [201,202,203,204,205,206,207,208,209,210,211,212,213,214,215,216,217,218,219,220,221,222,223,224,225,226,227,228,229,230,231,232,233,234,235,236,237,238,239,240,241,242,243,244,245,246,247,248,249,250,251,252,253,254,255,256,257,258,259,260,261,262,263,264,265,266] [1.131, 1.217, 1.195, 1.13, 1.223, 1.229, 1.362, 1.22, 1.245, 1.313] 
[23.28333333333333, 22.974999999999998, 24.974999999999998, 24.46666666666667, 22.108333333333334, 22.133333333333336, 18.958333333333332, 23.3, 25.358333333333334, 25.825]
2.558 [6,7,8,9] [193,194,195,196,197,198,199,200,201,202,203,204,205,206,207,208,209,210,211,212,213,214,215,216,217,218,219,220,221,222,223,224,225,226,227,228,229,230,231,232,233,234,235,236,237,238,239,240,241,242,243,244,245,246,247,248] [1.115, 1.189, 1.177, 1.106, 1.2, 1.208, 1.346, 1.211, 1.248, 1.31] 
[22.966666666666665, 22.375, 24.241666666666664, 23.90833333333333, 21.258333333333336, 21.133333333333333, 17.666666666666668, 22.300000000000008, 23.958333333333332, 23.816666666666663]
2.557 [6,7,8,9] [197,198,199,200,201,202,203,204,205,206,207,208,209,210,211,212,213,214,215,216,217,218,219,220,221,222,223,224,225,226,227,228,229,230,231,232,233,234,235,236,237,238,239,240,241,242,243,244,245,246,247,248,249,250,251,252,253,254] [1.119, 1.206, 1.183, 1.114, 1.207, 1.211, 1.349, 1.214, 1.247, 1.304] 
[23.208333333333332, 22.600000000000005, 24.65833333333333, 24.191666666666666, 21.674999999999997, 21.658333333333335, 18.291666666666668, 22.74166666666667, 24.566666666666666, 24.75833333333333]
2.556 [6,7,8,9] [192,193,194,195,196,197,198,199,200,201,202,203,204,205,206,207,208,209,210,211,212,213,214,215,216,217,218,219,220,221,222,223,224,225,226,227,228,229,230,231,232,233,234,235,236,237,238,239,240,241,242,243,244,245,246,247] [1.116, 1.184, 1.178, 1.104, 1.2, 1.209, 1.344, 1.204, 1.25, 1.313] 
[22.883333333333336, 22.341666666666665, 24.10833333333333, 23.866666666666664, 21.141666666666666, 21.008333333333333, 17.55, 22.300000000000008, 23.799999999999997, 23.60833333333333]
2.554 [4,6,7,9] [200,201,202,203,204,205,206,207,208,209,210,211,212,213,214,215,216,217,218,219,220,221,222,223,224,225,226,227,228,229,230,231,232,233,234,235,236,237,238,239,240,241,242,243,244,245,246,247,248,249,250,251,252,253,254,255,256,257,258,259,260,261,262,263] [1.127, 1.216, 1.194, 1.13, 1.218, 1.228, 1.358, 1.22, 1.248, 1.311] 
[23.299999999999997, 22.900000000000002, 24.900000000000002, 24.358333333333338, 22.03333333333333, 21.974999999999998, 18.825, 23.15833333333333, 25.149999999999995, 25.583333333333332]
2.553 [4,6,7,9] [196,197,198,199,200,201,202,203,204,205,206,207,208,209,210,211,212,213,214,215,216,217,218,219,220,221,222,223,224,225,226,227,228,229,230,231,232,233,234,235,236,237,238,239,240,241,242,243,244,245,246,247,248,249,250,251,252,253,254] [1.119, 1.207, 1.184, 1.116, 1.212, 1.216, 1.358, 1.22, 1.25, 1.315] 
[23.16666666666666, 22.53333333333333, 24.575, 24.133333333333336, 21.524999999999995, 21.508333333333336, 18.099999999999998, 22.58333333333334, 24.441666666666663, 24.48333333333333]
2.551 [6,7,8,9] [194,195,196,197,198,199,200,201,202,203,204,205,206,207,208,209,210,211,212,213,214,215,216,217,218,219,220,221,222,223,224,225,226,227,228,229,230,231,232,233,234,235,236,237,238,239,240,241,242,243,244,245,246,247,248] [1.114, 1.19, 1.174, 1.106, 1.197, 1.205, 1.34, 1.214, 1.243, 1.305] 
[23.025000000000002, 22.399999999999995, 24.36666666666666, 23.958333333333332, 21.358333333333334, 21.23333333333333, 17.816666666666666, 22.300000000000008, 24.13333333333333, 23.999999999999996]
2.55 [6,7,8,9] [197,198,199,200,201,202,203,204,205,206,207,208,209,210,211,212,213,214,215,216,217,218,219,220,221,222,223,224,225,226,227,228,229,230,231,232,233,234,235,236,237,238,239,240,241,242,243,244,245,246,247,248,249,250,251,252,253] [1.117, 1.203, 1.181, 1.112, 1.204, 1.208, 1.344, 1.211, 1.245, 1.3] 
[23.208333333333332, 22.600000000000005, 24.65833333333333, 24.191666666666666, 21.674999999999997, 21.658333333333335, 18.291666666666668, 22.74166666666667, 24.566666666666666, 24.75833333333333]
2.547 [6,7,8,9] [192,193,194,195,196,197,198,199,200,201,202,203,204,205,206,207,208,209,210,211,212,213,214,215,216,217,218,219,220,221,222,223,224,225,226,227,228,229,230,231,232,233,234,235,236,237,238,239,240,241,242,243,244,245,246] [1.114, 1.181, 1.176, 1.101, 1.197, 1.205, 1.339, 1.201, 1.246, 1.308] 
[22.883333333333336, 22.341666666666665, 24.10833333333333, 23.866666666666664, 21.141666666666666, 21.008333333333333, 17.55, 22.300000000000008, 23.799999999999997, 23.60833333333333]
2.546 [4,6,7,9] [204,205,206,207,208,209,210,211,212,213,214,215,216,217,218,219,220,221,222,223,224,225,226,227,228,229,230,231,232,233,234,235,236,237,238,239,240,241,242,243,244,245,246,247,248,249,250,251,252,253,254,255,256,257,258,259,260,261,262,263,264,265,266,267,268,269,270,271,272] [1.129, 1.208, 1.195, 1.129, 1.224, 1.229, 1.356, 1.209, 1.224, 1.303] 
[23.450000000000003, 23.24166666666667, 25.191666666666666, 24.716666666666665, 22.450000000000003, 22.483333333333334, 19.400000000000002, 23.79166666666667, 26.066666666666666, 26.55]
2.545 [5,6,7,9] [203,204,205,206,207,208,209,210,211,212,213,214,215,216,217,218,219,220,221,222,223,224,225,226,227,228,229,230,231,232,233,234,235,236,237,238,239,240,241,242,243,244,245,246,247,248,249,250,251,252,253,254,255,256,257,258,259,260,261,262,263,264,265,266,267] [1.129, 1.213, 1.195, 1.125, 1.22, 1.224, 1.355, 1.212, 1.227, 1.3] 
[23.38333333333333, 23.150000000000002, 25.11666666666667, 24.650000000000002, 22.308333333333337, 22.383333333333336, 19.224999999999998, 23.599999999999998, 25.849999999999998, 26.283333333333335]
2.543 [6,7,8,9] [197,198,199,200,201,202,203,204,205,206,207,208,209,210,211,212,213,214,215,216,217,218,219,220,221,222,223,224,225,226,227,228,229,230,231,232,233,234,235,236,237,238,239,240,241,242,243,244,245,246,247,248,249,250,251,252] [1.116, 1.201, 1.178, 1.11, 1.201, 1.205, 1.339, 1.208, 1.243, 1.295] 
[23.208333333333332, 22.600000000000005, 24.65833333333333, 24.191666666666666, 21.674999999999997, 21.658333333333335, 18.291666666666668, 22.74166666666667, 24.566666666666666, 24.75833333333333]
2.541 [6,7,8,9] [193,194,195,196,197,198,199,200,201,202,203,204,205,206,207,208,209,210,211,212,213,214,215,216,217,218,219,220,221,222,223,224,225,226,227,228,229,230,231,232,233,234,235,236,237,238,239,240,241,242,243,244,245,246] [1.112, 1.182, 1.172, 1.101, 1.193, 1.201, 1.335, 1.204, 1.242, 1.301] 
[22.966666666666665, 22.375, 24.241666666666664, 23.90833333333333, 21.258333333333336, 21.133333333333333, 17.666666666666668, 22.300000000000008, 23.958333333333332, 23.816666666666663]
2.54 [4,6,7,9] [204,205,206,207,208,209,210,211,212,213,214,215,216,217,218,219,220,221,222,223,224,225,226,227,228,229,230,231,232,233,234,235,236,237,238,239,240,241,242,243,244,245,246,247,248,249,250,251,252,253,254,255,256,257,258,259,260,261,262,263,264,265,266,267,268,269,270] [1.129, 1.21, 1.195, 1.127, 1.22, 1.226, 1.353, 1.208, 1.222, 1.299] 
[23.450000000000003, 23.24166666666667, 25.191666666666666, 24.716666666666665, 22.450000000000003, 22.483333333333334, 19.400000000000002, 23.79166666666667, 26.066666666666666, 26.55]
2.539 [4,6,7,9] [205,206,207,208,209,210,211,212,213,214,215,216,217,218,219,220,221,222,223,224,225,226,227,228,229,230,231,232,233,234,235,236,237,238,239,240,241,242,243,244,245,246,247,248,249,250,251,252,253,254,255,256,257,258,259,260,261,262,263,264,265,266,267,268,269,270,271,272,273,274,275] [1.128, 1.204, 1.193, 1.13, 1.224, 1.228, 1.351, 1.204, 1.217, 1.298] 
[23.5, 23.325, 25.275000000000002, 24.816666666666666, 22.58333333333334, 22.608333333333338, 19.583333333333332, 23.975000000000005, 26.283333333333335, 26.808333333333337]
2.538 [4,6,7,9] [192,193,194,195,196,197,198,199,200,201,202,203,204,205,206,207,208,209,210,211,212,213,214,215,216,217,218,219,220,221,222,223,224,225,226,227,228,229,230,231,232,233,234,235,236,237,238,239,240,241,242,243,244,245,246,247,248] [1.117, 1.187, 1.181, 1.106, 1.203, 1.212, 1.349, 1.207, 1.253, 1.317] 
[22.883333333333336, 22.341666666666665, 24.10833333333333, 23.866666666666664, 21.141666666666666, 21.008333333333333, 17.55, 22.300000000000008, 23.799999999999997, 23.60833333333333]
2.537 [4,6,7,9] [191,192,193,194,195,196,197,198,199,200,201,202,203,204,205,206,207,208,209,210,211,212,213,214,215,216,217,218,219,220,221,222,223,224,225,226,227,228,229,230,231,232,233,234,235,236,237,238,239,240,241,242,243,244,245,246,247] [1.118, 1.184, 1.182, 1.104, 1.204, 1.211, 1.354, 1.2, 1.254, 1.315] 
[22.799999999999997, 22.3, 23.966666666666665, 23.825, 21.025, 20.908333333333335, 17.35833333333333, 22.300000000000008, 23.650000000000002, 23.483333333333334]
2.536 [4,6,7,9] [205,206,207,208,209,210,211,212,213,214,215,216,217,218,219,220,221,222,223,224,225,226,227,228,229,230,231,232,233,234,235,236,237,238,239,240,241,242,243,244,245,246,247,248,249,250,251,252,253,254,255,256,257,258,259,260,261,262,263,264,265,266,267,268,269,270,271,272,273,274] [1.128, 1.205, 1.193, 1.129, 1.222, 1.227, 1.35, 1.203, 1.217, 1.297] 
[23.5, 23.325, 25.275000000000002, 24.816666666666666, 22.58333333333334, 22.608333333333338, 19.583333333333332, 23.975000000000005, 26.283333333333335, 26.808333333333337]
2.535 [6,7,8,9] [197,198,199,200,201,202,203,204,205,206,207,208,209,210,211,212,213,214,215,216,217,218,219,220,221,222,223,224,225,226,227,228,229,230,231,232,233,234,235,236,237,238,239,240,241,242,243,244,245,246,247,248,249,250,251] [1.115, 1.198, 1.176, 1.107, 1.198, 1.201, 1.334, 1.205, 1.24, 1.291] 
[23.208333333333332, 22.600000000000005, 24.65833333333333, 24.191666666666666, 21.674999999999997, 21.658333333333335, 18.291666666666668, 22.74166666666667, 24.566666666666666, 24.75833333333333]
2.534 [6,7,8,9] [198,199,200,201,202,203,204,205,206,207,208,209,210,211,212,213,214,215,216,217,218,219,220,221,222,223,224,225,226,227,228,229,230,231,232,233,234,235,236,237,238,239,240,241,242,243,244,245,246,247,248,249,250,251,252,253] [1.119, 1.202, 1.181, 1.109, 1.197, 1.207, 1.335, 1.206, 1.239, 1.288] 
[23.216666666666665, 22.691666666666666, 24.724999999999998, 24.275000000000002, 21.849999999999994, 21.733333333333334, 18.48333333333333, 22.883333333333336, 24.75, 25.058333333333334]
2.533 [4,6,7,9] [201,202,203,204,205,206,207,208,209,210,211,212,213,214,215,216,217,218,219,220,221,222,223,224,225,226,227,228,229,230,231,232,233,234,235,236,237,238,239,240,241,242,243,244,245,246,247,248,249,250,251,252,253,254,255,256,257,258,259,260,261] [1.129, 1.212, 1.191, 1.123, 1.212, 1.218, 1.347, 1.212, 1.237, 1.295] 
[23.28333333333333, 22.974999999999998, 24.974999999999998, 24.46666666666667, 22.108333333333334, 22.133333333333336, 18.958333333333332, 23.3, 25.358333333333334, 25.825]
2.532 [5,6,7,9] [203,204,205,206,207,208,209,210,211,212,213,214,215,216,217,218,219,220,221,222,223,224,225,226,227,228,229,230,231,232,233,234,235,236,237,238,239,240,241,242,243,244,245,246,247,248,249,250,251,252,253,254,255,256,257,258,259,260,261,262,263,264] [1.129, 1.213, 1.193, 1.122, 1.214, 1.217, 1.348, 1.207, 1.223, 1.291] 
[23.38333333333333, 23.150000000000002, 25.11666666666667, 24.650000000000002, 22.308333333333337, 22.383333333333336, 19.224999999999998, 23.599999999999998, 25.849999999999998, 26.283333333333335]
2.53 [5,6,7,9] [193,194,195,196,197,198,199,200,201,202,203,204,205,206,207,208,209,210,211,212,213,214,215,216,217,218,219,220,221,222,223,224,225,226,227,228,229,230,231,232,233,234,235,236,237,238,239,240,241,242,243,244,245,246,247] [1.114, 1.186, 1.174, 1.104, 1.197, 1.204, 1.341, 1.208, 1.245, 1.306] 
[22.966666666666665, 22.375, 24.241666666666664, 23.90833333333333, 21.258333333333336, 21.133333333333333, 17.666666666666668, 22.300000000000008, 23.958333333333332, 23.816666666666663]
2.529 [5,6,7,9] [200,201,202,203,204,205,206,207,208,209,210,211,212,213,214,215,216,217,218,219,220,221,222,223,224,225,226,227,228,229,230,231,232,233,234,235,236,237,238,239,240,241,242,243,244,245,246,247,248,249,250,251,252,253,254,255,256,257,258] [1.124, 1.209, 1.188, 1.12, 1.206, 1.216, 1.341, 1.21, 1.237, 1.291] 
[23.299999999999997, 22.900000000000002, 24.900000000000002, 24.358333333333338, 22.03333333333333, 21.974999999999998, 18.825, 23.15833333333333, 25.149999999999995, 25.583333333333332]
2.528 [6,7,8,9] [197,198,199,200,201,202,203,204,205,206,207,208,209,210,211,212,213,214,215,216,217,218,219,220,221,222,223,224,225,226,227,228,229,230,231,232,233,234,235,236,237,238,239,240,241,242,243,244,245,246,247,248,249,250] [1.114, 1.195, 1.173, 1.105, 1.195, 1.197, 1.329, 1.203, 1.237, 1.286] 
[23.208333333333332, 22.600000000000005, 24.65833333333333, 24.191666666666666, 21.674999999999997, 21.658333333333335, 18.291666666666668, 22.74166666666667, 24.566666666666666, 24.75833333333333]
2.527 [4,6,7,9] [195,196,197,198,199,200,201,202,203,204,205,206,207,208,209,210,211,212,213,214,215,216,217,218,219,220,221,222,223,224,225,226,227,228,229,230,231,232,233,234,235,236,237,238,239,240,241,242,243,244,245,246,247,248,249] [1.115, 1.193, 1.173, 1.106, 1.202, 1.204, 1.338, 1.213, 1.241, 1.3] 
[23.075, 22.46666666666667, 24.491666666666664, 24.05, 21.399999999999995, 21.375, 17.966666666666665, 22.425000000000008, 24.28333333333333, 24.241666666666664]
2.525 [4,6,7,9] [203,204,205,206,207,208,209,210,211,212,213,214,215,216,217,218,219,220,221,222,223,224,225,226,227,228,229,230,231,232,233,234,235,236,237,238,239,240,241,242,243,244,245,246,247,248,249,250,251,252,253,254,255,256,257,258,259,260,261,262,263] [1.128, 1.212, 1.192, 1.121, 1.211, 1.215, 1.345, 1.206, 1.222, 1.288] 
[23.38333333333333, 23.150000000000002, 25.11666666666667, 24.650000000000002, 22.308333333333337, 22.383333333333336, 19.224999999999998, 23.599999999999998, 25.849999999999998, 26.283333333333335]
2.524 [5,6,7,9] [202,203,204,205,206,207,208,209,210,211,212,213,214,215,216,217,218,219,220,221,222,223,224,225,226,227,228,229,230,231,232,233,234,235,236,237,238,239,240,241,242,243,244,245,246,247,248,249,250,251,252,253,254,255,256,257,258,259,260,261] [1.127, 1.211, 1.19, 1.12, 1.212, 1.214, 1.342, 1.206, 1.228, 1.287] 
[23.341666666666665, 23.066666666666666, 25.05, 24.566666666666674, 22.166666666666668, 22.266666666666666, 19.099999999999998, 23.466666666666665, 25.59166666666667, 26.058333333333334]
2.523 [6,7,8,9] [195,196,197,198,199,200,201,202,203,204,205,206,207,208,209,210,211,212,213,214,215,216,217,218,219,220,221,222,223,224,225,226,227,228,229,230,231,232,233,234,235,236,237,238,239,240,241,242,243,244,245,246] [1.111, 1.184, 1.165, 1.098, 1.192, 1.193, 1.323, 1.204, 1.232, 1.286] 
[23.075, 22.46666666666667, 24.491666666666664, 24.05, 21.399999999999995, 21.375, 17.966666666666665, 22.425000000000008, 24.28333333333333, 24.241666666666664]
2.521 [6,7,8,9] [197,198,199,200,201,202,203,204,205,206,207,208,209,210,211,212,213,214,215,216,217,218,219,220,221,222,223,224,225,226,227,228,229,230,231,232,233,234,235,236,237,238,239,240,241,242,243,244,245,246,247,248,249] [1.112, 1.192, 1.171, 1.102, 1.192, 1.193, 1.325, 1.201, 1.235, 1.281] 
[23.208333333333332, 22.600000000000005, 24.65833333333333, 24.191666666666666, 21.674999999999997, 21.658333333333335, 18.291666666666668, 22.74166666666667, 24.566666666666666, 24.75833333333333]
2.52 [4,6,7,9] [198,199,200,201,202,203,204,205,206,207,208,209,210,211,212,213,214,215,216,217,218,219,220,221,222,223,224,225,226,227,228,229,230,231,232,233,234,235,236,237,238,239,240,241,242,243,244,245,246,247,248,249,250,251,252,253,254] [1.12, 1.204, 1.183, 1.112, 1.2, 1.21, 1.339, 1.209, 1.241, 1.293] 
[23.216666666666665, 22.691666666666666, 24.724999999999998, 24.275000000000002, 21.849999999999994, 21.733333333333334, 18.48333333333333, 22.883333333333336, 24.75, 25.058333333333334]
2.519 [4,6,7,9] [205,206,207,208,209,210,211,212,213,214,215,216,217,218,219,220,221,222,223,224,225,226,227,228,229,230,231,232,233,234,235,236,237,238,239,240,241,242,243,244,245,246,247,248,249,250,251,252,253,254,255,256,257,258,259,260,261,262,263,264,265,266,267,268] [1.127, 1.21, 1.193, 1.123, 1.212, 1.219, 1.342, 1.199, 1.213, 1.285] 
[23.5, 23.325, 25.275000000000002, 24.816666666666666, 22.58333333333334, 22.608333333333338, 19.583333333333332, 23.975000000000005, 26.283333333333335, 26.808333333333337]
2.518 [6,7,8,9] [194,195,196,197,198,199,200,201,202,203,204,205,206,207,208,209,210,211,212,213,214,215,216,217,218,219,220,221,222,223,224,225,226,227,228,229,230,231,232,233,234,235,236,237,238,239,240,241,242,243,244] [1.108, 1.178, 1.163, 1.095, 1.185, 1.191, 1.32, 1.202, 1.229, 1.285] 
[23.025000000000002, 22.399999999999995, 24.36666666666666, 23.958333333333332, 21.358333333333334, 21.23333333333333, 17.816666666666666, 22.300000000000008, 24.13333333333333, 23.999999999999996]
2.517 [6,7,8,9] [193,194,195,196,197,198,199,200,201,202,203,204,205,206,207,208,209,210,211,212,213,214,215,216,217,218,219,220,221,222,223,224,225,226,227,228,229,230,231,232,233,234,235,236,237,238,239,240,241,242,243] [1.107, 1.173, 1.162, 1.093, 1.185, 1.19, 1.322, 1.195, 1.231, 1.285] 
[22.966666666666665, 22.375, 24.241666666666664, 23.90833333333333, 21.258333333333336, 21.133333333333333, 17.666666666666668, 22.300000000000008, 23.958333333333332, 23.816666666666663]
2.516 [4,6,7,9] [204,205,206,207,208,209,210,211,212,213,214,215,216,217,218,219,220,221,222,223,224,225,226,227,228,229,230,231,232,233,234,235,236,237,238,239,240,241,242,243,244,245,246,247,248,249,250,251,252,253,254,255,256,257,258,259,260,261,262,263,264] [1.127, 1.211, 1.192, 1.121, 1.209, 1.215, 1.34, 1.2, 1.216, 1.282] 
[23.450000000000003, 23.24166666666667, 25.191666666666666, 24.716666666666665, 22.450000000000003, 22.483333333333334, 19.400000000000002, 23.79166666666667, 26.066666666666666, 26.55]
2.513 [6,7,8,9] [198,199,200,201,202,203,204,205,206,207,208,209,210,211,212,213,214,215,216,217,218,219,220,221,222,223,224,225,226,227,228,229,230,231,232,233,234,235,236,237,238,239,240,241,242,243,244,245,246,247,248,249,250] [1.116, 1.193, 1.173, 1.102, 1.188, 1.196, 1.32, 1.198, 1.232, 1.275] 
[23.216666666666665, 22.691666666666666, 24.724999999999998, 24.275000000000002, 21.849999999999994, 21.733333333333334, 18.48333333333333, 22.883333333333336, 24.75, 25.058333333333334]
2.512 [4,6,7,9] [202,203,204,205,206,207,208,209,210,211,212,213,214,215,216,217,218,219,220,221,222,223,224,225,226,227,228,229,230,231,232,233,234,235,236,237,238,239,240,241,242,243,244,245,246,247,248,249,250,251,252,253,254,255,256,257,258,259] [1.126, 1.208, 1.188, 1.116, 1.207, 1.209, 1.335, 1.202, 1.223, 1.28] 
[23.341666666666665, 23.066666666666666, 25.05, 24.566666666666674, 22.166666666666668, 22.266666666666666, 19.099999999999998, 23.466666666666665, 25.59166666666667, 26.058333333333334]
2.51 [2,3,4,6] [190,191,192,193,194,195,196,197,198,199,200,201,202,203,204,205,206,207,208,209,210,211,212,213,214,215,216,217,218,219,220,221,222,223,224,225,226,227,228,229,230,231,232,233,234,235,236,237,238,239,240,241,242,243,244,245,246,247,248,249,250,251,252,253,254,255,256,257,258,259,260] [1.137, 1.215, 1.217, 1.134, 1.244, 1.257, 1.424, 1.231, 1.294, 1.382] 
[22.7, 22.291666666666668, 23.825, 23.791666666666668, 20.925, 20.825, 17.183333333333334, 22.300000000000008, 23.483333333333334, 23.291666666666668]
2.508 [5,6,7,9] [204,205,206,207,208,209,210,211,212,213,214,215,216,217,218,219,220,221,222,223,224,225,226,227,228,229,230,231,232,233,234,235,236,237,238,239,240,241,242,243,244,245,246,247,248,249,250,251,252,253,254,255,256,257,258,259,260,261,262] [1.126, 1.209, 1.19, 1.119, 1.204, 1.211, 1.334, 1.197, 1.213, 1.275] 
[23.450000000000003, 23.24166666666667, 25.191666666666666, 24.716666666666665, 22.450000000000003, 22.483333333333334, 19.400000000000002, 23.79166666666667, 26.066666666666666, 26.55]
2.507 [6,7,8,9] [192,193,194,195,196,197,198,199,200,201,202,203,204,205,206,207,208,209,210,211,212,213,214,215,216,217,218,219,220,221,222,223,224,225,226,227,228,229,230,231,232,233,234,235,236,237,238,239,240,241] [1.105, 1.164, 1.159, 1.089, 1.183, 1.186, 1.318, 1.185, 1.227, 1.284] 
[22.883333333333336, 22.341666666666665, 24.10833333333333, 23.866666666666664, 21.141666666666666, 21.008333333333333, 17.55, 22.300000000000008, 23.799999999999997, 23.60833333333333]
2.505 [4,6,7,9] [207,208,209,210,211,212,213,214,215,216,217,218,219,220,221,222,223,224,225,226,227,228,229,230,231,232,233,234,235,236,237,238,239,240,241,242,243,244,245,246,247,248,249,250,251,252,253,254,255,256,257,258,259,260,261,262,263,264,265,266,267,268,269,270,271,272,273,274] [1.127, 1.203, 1.19, 1.126, 1.207, 1.217, 1.334, 1.196, 1.205, 1.272] 
[23.59166666666667, 23.46666666666667, 25.458333333333332, 24.95, 22.966666666666672, 22.89166666666667, 19.95, 24.233333333333338, 26.649999999999995, 27.46666666666667]
2.504 [6,7,8,9] [196,197,198,199,200,201,202,203,204,205,206,207,208,209,210,211,212,213,214,215,216,217,218,219,220,221,222,223,224,225,226,227,228,229,230,231,232,233,234,235,236,237,238,239,240,241,242,243,244,245] [1.107, 1.18, 1.161, 1.093, 1.185, 1.185, 1.314, 1.195, 1.225, 1.273] 
[23.16666666666666, 22.53333333333333, 24.575, 24.133333333333336, 21.524999999999995, 21.508333333333336, 18.099999999999998, 22.58333333333334, 24.441666666666663, 24.48333333333333]
2.503 [4,6,7,9] [203,204,205,206,207,208,209,210,211,212,213,214,215,216,217,218,219,220,221,222,223,224,225,226,227,228,229,230,231,232,233,234,235,236,237,238,239,240,241,242,243,244,245,246,247,248,249,250,251,252,253,254,255,256,257,258,259] [1.126, 1.207, 1.188, 1.114, 1.202, 1.206, 1.332, 1.198, 1.213, 1.273] 
[23.38333333333333, 23.150000000000002, 25.11666666666667, 24.650000000000002, 22.308333333333337, 22.383333333333336, 19.224999999999998, 23.599999999999998, 25.849999999999998, 26.283333333333335]
2.502 [4,6,7,9] [205,206,207,208,209,210,211,212,213,214,215,216,217,218,219,220,221,222,223,224,225,226,227,228,229,230,231,232,233,234,235,236,237,238,239,240,241,242,243,244,245,246,247,248,249,250,251,252,253,254,255,256,257,258,259,260,261,262,263,264] [1.126, 1.21, 1.191, 1.118, 1.204, 1.211, 1.332, 1.194, 1.209, 1.273] 
[23.5, 23.325, 25.275000000000002, 24.816666666666666, 22.58333333333334, 22.608333333333338, 19.583333333333332, 23.975000000000005, 26.283333333333335, 26.808333333333337]
2.5 [5,6,7,9] [206,207,208,209,210,211,212,213,214,215,216,217,218,219,220,221,222,223,224,225,226,227,228,229,230,231,232,233,234,235,236,237,238,239,240,241,242,243,244,245,246,247,248,249,250,251,252,253,254,255,256,257,258,259,260,261,262,263,264,265,266] [1.127, 1.211, 1.19, 1.118, 1.201, 1.212, 1.33, 1.19, 1.205, 1.268] 
[23.549999999999997, 23.375, 25.366666666666664, 24.908333333333335, 22.758333333333336, 22.733333333333334, 19.758333333333333, 24.16666666666667, 26.466666666666665, 27.125000000000004]
2.499 [5,6,7,9] [199,200,201,202,203,204,205,206,207,208,209,210,211,212,213,214,215,216,217,218,219,220,221,222,223,224,225,226,227,228,229,230,231,232,233,234,235,236,237,238,239,240,241,242,243,244,245,246,247,248,249,250,251,252] [1.119, 1.197, 1.176, 1.106, 1.192, 1.202, 1.322, 1.199, 1.228, 1.275] 
[23.249999999999996, 22.775000000000002, 24.84166666666667, 24.333333333333332, 21.95, 21.833333333333332, 18.666666666666664, 23.033333333333335, 25.0, 25.316666666666666]
2.498 [6,7,8,9] [197,198,199,200,201,202,203,204,205,206,207,208,209,210,211,212,213,214,215,216,217,218,219,220,221,222,223,224,225,226,227,228,229,230,231,232,233,234,235,236,237,238,239,240,241,242,243,244,245,246] [1.108, 1.183, 1.163, 1.094, 1.183, 1.183, 1.31, 1.192, 1.226, 1.268] 
[23.208333333333332, 22.600000000000005, 24.65833333333333, 24.191666666666666, 21.674999999999997, 21.658333333333335, 18.291666666666668, 22.74166666666667, 24.566666666666666, 24.75833333333333]
2.497 [4,6,7,9] [203,204,205,206,207,208,209,210,211,212,213,214,215,216,217,218,219,220,221,222,223,224,225,226,227,228,229,230,231,232,233,234,235,236,237,238,239,240,241,242,243,244,245,246,247,248,249,250,251,252,253,254,255,256,257,258] [1.126, 1.205, 1.186, 1.112, 1.2, 1.203, 1.329, 1.196, 1.211, 1.269] 
[23.38333333333333, 23.150000000000002, 25.11666666666667, 24.650000000000002, 22.308333333333337, 22.383333333333336, 19.224999999999998, 23.599999999999998, 25.849999999999998, 26.283333333333335]
2.495 [4,6,7,9] [204,205,206,207,208,209,210,211,212,213,214,215,216,217,218,219,220,221,222,223,224,225,226,227,228,229,230,231,232,233,234,235,236,237,238,239,240,241,242,243,244,245,246,247,248,249,250,251,252,253,254,255,256,257,258,259,260] [1.125, 1.206, 1.188, 1.115, 1.2, 1.206, 1.328, 1.193, 1.209, 1.268] 
[23.450000000000003, 23.24166666666667, 25.191666666666666, 24.716666666666665, 22.450000000000003, 22.483333333333334, 19.400000000000002, 23.79166666666667, 26.066666666666666, 26.55]
2.494 [5,6,7,9] [208,209,210,211,212,213,214,215,216,217,218,219,220,221,222,223,224,225,226,227,228,229,230,231,232,233,234,235,236,237,238,239,240,241,242,243,244,245,246,247,248,249,250,251,252,253,254,255,256,257,258,259,260,261,262,263,264,265,266,267,268,269,270,271,272,273] [1.128, 1.204, 1.187, 1.124, 1.201, 1.214, 1.321, 1.194, 1.198, 1.259] 
[23.616666666666664, 23.53333333333333, 25.566666666666666, 25.00833333333333, 23.100000000000005, 22.983333333333334, 20.175, 24.308333333333337, 26.850000000000005, 27.76666666666667]
2.492 [5,6,7,9] [197,198,199,200,201,202,203,204,205,206,207,208,209,210,211,212,213,214,215,216,217,218,219,220,221,222,223,224,225,226,227,228,229,230,231,232,233,234,235,236,237,238,239,240,241,242,243,244,245,246,247,248] [1.111, 1.189, 1.168, 1.1, 1.189, 1.19, 1.32, 1.198, 1.232, 1.277] 
[23.208333333333332, 22.600000000000005, 24.65833333333333, 24.191666666666666, 21.674999999999997, 21.658333333333335, 18.291666666666668, 22.74166666666667, 24.566666666666666, 24.75833333333333]
2.491 [4,6,7,9] [206,207,208,209,210,211,212,213,214,215,216,217,218,219,220,221,222,223,224,225,226,227,228,229,230,231,232,233,234,235,236,237,238,239,240,241,242,243,244,245,246,247,248,249,250,251,252,253,254,255,256,257,258,259,260,261,262,263,264,265] [1.126, 1.211, 1.19, 1.117, 1.199, 1.21, 1.328, 1.189, 1.204, 1.265] 
[23.549999999999997, 23.375, 25.366666666666664, 24.908333333333335, 22.758333333333336, 22.733333333333334, 19.758333333333333, 24.16666666666667, 26.466666666666665, 27.125000000000004]
2.49 [4,6,7,9] [207,208,209,210,211,212,213,214,215,216,217,218,219,220,221,222,223,224,225,226,227,228,229,230,231,232,233,234,235,236,237,238,239,240,241,242,243,244,245,246,247,248,249,250,251,252,253,254,255,256,257,258,259,260,261,262,263,264,265,266,267,268,269] [1.127, 1.208, 1.189, 1.121, 1.198, 1.211, 1.327, 1.193, 1.203, 1.262] 
[23.59166666666667, 23.46666666666667, 25.458333333333332, 24.95, 22.966666666666672, 22.89166666666667, 19.95, 24.233333333333338, 26.649999999999995, 27.46666666666667]
2.488 [5,6,7,9] [198,199,200,201,202,203,204,205,206,207,208,209,210,211,212,213,214,215,216,217,218,219,220,221,222,223,224,225,226,227,228,229,230,231,232,233,234,235,236,237,238,239,240,241,242,243,244,245,246,247,248,249] [1.114, 1.19, 1.171, 1.1, 1.186, 1.193, 1.316, 1.196, 1.229, 1.27] 
[23.216666666666665, 22.691666666666666, 24.724999999999998, 24.275000000000002, 21.849999999999994, 21.733333333333334, 18.48333333333333, 22.883333333333336, 24.75, 25.058333333333334]
2.486 [4,6,7,9] [208,209,210,211,212,213,214,215,216,217,218,219,220,221,222,223,224,225,226,227,228,229,230,231,232,233,234,235,236,237,238,239,240,241,242,243,244,245,246,247,248,249,250,251,252,253,254,255,256,257,258,259,260,261,262,263,264,265,266,267,268,269,270,271,272] [1.128, 1.205, 1.187, 1.123, 1.199, 1.213, 1.32, 1.194, 1.198, 1.258] 
[23.616666666666664, 23.53333333333333, 25.566666666666666, 25.00833333333333, 23.100000000000005, 22.983333333333334, 20.175, 24.308333333333337, 26.850000000000005, 27.76666666666667]
2.485 [4,6,7,9] [209,210,211,212,213,214,215,216,217,218,219,220,221,222,223,224,225,226,227,228,229,230,231,232,233,234,235,236,237,238,239,240,241,242,243,244,245,246,247,248,249,250,251,252,253,254,255,256,257,258,259,260,261,262,263,264,265,266,267,268,269,270,271,272,273,274,275,276,277,278,279,280] [1.124, 1.193, 1.183, 1.131, 1.205, 1.216, 1.315, 1.194, 1.192, 1.256] 
[23.683333333333334, 23.60833333333333, 25.683333333333334, 25.041666666666668, 23.266666666666666, 23.10833333333333, 20.4, 24.40833333333333, 27.058333333333337, 28.058333333333334]
2.483 [6,7,8,9] [199,200,201,202,203,204,205,206,207,208,209,210,211,212,213,214,215,216,217,218,219,220,221,222,223,224,225,226,227,228,229,230,231,232,233,234,235,236,237,238,239,240,241,242,243,244,245,246,247,248] [1.113, 1.186, 1.166, 1.096, 1.181, 1.187, 1.303, 1.189, 1.217, 1.256] 
[23.249999999999996, 22.775000000000002, 24.84166666666667, 24.333333333333332, 21.95, 21.833333333333332, 18.666666666666664, 23.033333333333335, 25.0, 25.316666666666666]
2.481 [4,6,7,9] [206,207,208,209,210,211,212,213,214,215,216,217,218,219,220,221,222,223,224,225,226,227,228,229,230,231,232,233,234,235,236,237,238,239,240,241,242,243,244,245,246,247,248,249,250,251,252,253,254,255,256,257,258,259,260,261,262,263] [1.126, 1.21, 1.189, 1.115, 1.195, 1.205, 1.322, 1.186, 1.202, 1.258] 
[23.549999999999997, 23.375, 25.366666666666664, 24.908333333333335, 22.758333333333336, 22.733333333333334, 19.758333333333333, 24.16666666666667, 26.466666666666665, 27.125000000000004]
2.479 [4,6,7,9] [209,210,211,212,213,214,215,216,217,218,219,220,221,222,223,224,225,226,227,228,229,230,231,232,233,234,235,236,237,238,239,240,241,242,243,244,245,246,247,248,249,250,251,252,253,254,255,256,257,258,259,260,261,262,263,264,265,266,267,268,269,270,271,272,273,274,275,276] [1.125, 1.199, 1.184, 1.127, 1.199, 1.213, 1.313, 1.192, 1.192, 1.253] 
[23.683333333333334, 23.60833333333333, 25.683333333333334, 25.041666666666668, 23.266666666666666, 23.10833333333333, 20.4, 24.40833333333333, 27.058333333333337, 28.058333333333334]
2.478 [2,3,4,6] [151,152,153,154,155,156,157,158,159,160,161,162,163,164,165,166,167,168,169,170,171,172,173,174,175,176,177,178,179,180,181,182,183,184,185,186,187,188,189,190,191,192,193,194,195,196,197,198,199,200,201,202,203,204,205,206] [1.169, 1.125, 1.114, 1.22, 1.27, 1.291, 1.351, 1.229, 1.325, 1.208] 
[18.983333333333338, 19.433333333333334, 20.866666666666667, 18.625, 16.075, 15.583333333333334, 12.266666666666667, 17.65, 17.125, 19.258333333333336]
2.477 [4,6,7,9] [196,197,198,199,200,201,202,203,204,205,206,207,208,209,210,211,212,213,214,215,216,217,218,219,220,221,222,223,224,225,226,227,228,229,230,231,232,233,234,235,236,237,238,239,240,241,242,243,244] [1.105, 1.177, 1.158, 1.09, 1.183, 1.182, 1.31, 1.192, 1.221, 1.268] 
[23.16666666666666, 22.53333333333333, 24.575, 24.133333333333336, 21.524999999999995, 21.508333333333336, 18.099999999999998, 22.58333333333334, 24.441666666666663, 24.48333333333333]
2.476 [4,6,7,9] [207,208,209,210,211,212,213,214,215,216,217,218,219,220,221,222,223,224,225,226,227,228,229,230,231,232,233,234,235,236,237,238,239,240,241,242,243,244,245,246,247,248,249,250,251,252,253,254,255,256,257,258,259,260,261,262,263,264,265] [1.126, 1.21, 1.188, 1.117, 1.191, 1.204, 1.319, 1.189, 1.199, 1.252] 
[23.59166666666667, 23.46666666666667, 25.458333333333332, 24.95, 22.966666666666672, 22.89166666666667, 19.95, 24.233333333333338, 26.649999999999995, 27.46666666666667]
2.475 [5,6,7,9] [210,211,212,213,214,215,216,217,218,219,220,221,222,223,224,225,226,227,228,229,230,231,232,233,234,235,236,237,238,239,240,241,242,243,244,245,246,247,248,249,250,251,252,253,254,255,256,257,258,259,260,261,262,263,264,265,266,267,268,269,270,271,272,273,274,275,276,277,278,279] [1.122, 1.195, 1.179, 1.132, 1.197, 1.21, 1.302, 1.191, 1.186, 1.247] 
[23.766666666666666, 23.65833333333333, 25.825, 25.041666666666668, 23.433333333333334, 23.258333333333336, 20.641666666666662, 24.50833333333333, 27.250000000000004, 28.308333333333334]
2.474 [6,7,8,9] [196,197,198,199,200,201,202,203,204,205,206,207,208,209,210,211,212,213,214,215,216,217,218,219,220,221,222,223,224,225,226,227,228,229,230,231,232,233,234,235,236,237,238,239,240,241] [1.099, 1.166, 1.148, 1.083, 1.175, 1.169, 1.299, 1.183, 1.21, 1.255] 
[23.16666666666666, 22.53333333333333, 24.575, 24.133333333333336, 21.524999999999995, 21.508333333333336, 18.099999999999998, 22.58333333333334, 24.441666666666663, 24.48333333333333]
2.473 [4,6,7,9] [208,209,210,211,212,213,214,215,216,217,218,219,220,221,222,223,224,225,226,227,228,229,230,231,232,233,234,235,236,237,238,239,240,241,242,243,244,245,246,247,248,249,250,251,252,253,254,255,256,257,258,259,260,261,262,263,264,265,266,267,268] [1.128, 1.208, 1.187, 1.119, 1.192, 1.207, 1.315, 1.191, 1.196, 1.249] 
[23.616666666666664, 23.53333333333333, 25.566666666666666, 25.00833333333333, 23.100000000000005, 22.983333333333334, 20.175, 24.308333333333337, 26.850000000000005, 27.76666666666667]
2.472 [6,7,8,9] [200,201,202,203,204,205,206,207,208,209,210,211,212,213,214,215,216,217,218,219,220,221,222,223,224,225,226,227,228,229,230,231,232,233,234,235,236,237,238,239,240,241,242,243,244,245,246,247,248] [1.113, 1.183, 1.166, 1.096, 1.179, 1.182, 1.297, 1.186, 1.214, 1.247] 
[23.299999999999997, 22.900000000000002, 24.900000000000002, 24.358333333333338, 22.03333333333333, 21.974999999999998, 18.825, 23.15833333333333, 25.149999999999995, 25.583333333333332]
2.47 [4,6,7,9] [205,206,207,208,209,210,211,212,213,214,215,216,217,218,219,220,221,222,223,224,225,226,227,228,229,230,231,232,233,234,235,236,237,238,239,240,241,242,243,244,245,246,247,248,249,250,251,252,253,254,255,256,257,258] [1.124, 1.203, 1.185, 1.108, 1.191, 1.197, 1.314, 1.183, 1.197, 1.251] 
[23.5, 23.325, 25.275000000000002, 24.816666666666666, 22.58333333333334, 22.608333333333338, 19.583333333333332, 23.975000000000005, 26.283333333333335, 26.808333333333337]
2.468 [6,7,8,9] [201,202,203,204,205,206,207,208,209,210,211,212,213,214,215,216,217,218,219,220,221,222,223,224,225,226,227,228,229,230,231,232,233,234,235,236,237,238,239,240,241,242,243,244,245,246,247,248,249] [1.117, 1.185, 1.168, 1.096, 1.181, 1.18, 1.298, 1.184, 1.209, 1.244] 
[23.28333333333333, 22.974999999999998, 24.974999999999998, 24.46666666666667, 22.108333333333334, 22.133333333333336, 18.958333333333332, 23.3, 25.358333333333334, 25.825]
2.467 [6,7,8,9] [197,198,199,200,201,202,203,204,205,206,207,208,209,210,211,212,213,214,215,216,217,218,219,220,221,222,223,224,225,226,227,228,229,230,231,232,233,234,235,236,237,238,239,240,241,242] [1.101, 1.17, 1.15, 1.084, 1.172, 1.168, 1.294, 1.18, 1.212, 1.247] 
[23.208333333333332, 22.600000000000005, 24.65833333333333, 24.191666666666666, 21.674999999999997, 21.658333333333335, 18.291666666666668, 22.74166666666667, 24.566666666666666, 24.75833333333333]
2.466 [4,6,7,9] [207,208,209,210,211,212,213,214,215,216,217,218,219,220,221,222,223,224,225,226,227,228,229,230,231,232,233,234,235,236,237,238,239,240,241,242,243,244,245,246,247,248,249,250,251,252,253,254,255,256,257,258,259,260,261,262,263] [1.126, 1.208, 1.187, 1.115, 1.187, 1.2, 1.314, 1.186, 1.196, 1.245] 
[23.59166666666667, 23.46666666666667, 25.458333333333332, 24.95, 22.966666666666672, 22.89166666666667, 19.95, 24.233333333333338, 26.649999999999995, 27.46666666666667]
2.465 [4,6,7,9] [206,207,208,209,210,211,212,213,214,215,216,217,218,219,220,221,222,223,224,225,226,227,228,229,230,231,232,233,234,235,236,237,238,239,240,241,242,243,244,245,246,247,248,249,250,251,252,253,254,255,256,257,258,259,260] [1.125, 1.206, 1.186, 1.11, 1.189, 1.199, 1.313, 1.181, 1.196, 1.247] 
[23.549999999999997, 23.375, 25.366666666666664, 24.908333333333335, 22.758333333333336, 22.733333333333334, 19.758333333333333, 24.16666666666667, 26.466666666666665, 27.125000000000004]
2.464 [4,6,7,9] [204,205,206,207,208,209,210,211,212,213,214,215,216,217,218,219,220,221,222,223,224,225,226,227,228,229,230,231,232,233,234,235,236,237,238,239,240,241,242,243,244,245,246,247,248,249,250,251,252,253,254,255] [1.122, 1.198, 1.181, 1.104, 1.188, 1.191, 1.31, 1.183, 1.198, 1.247] 
[23.450000000000003, 23.24166666666667, 25.191666666666666, 24.716666666666665, 22.450000000000003, 22.483333333333334, 19.400000000000002, 23.79166666666667, 26.066666666666666, 26.55]
2.463 [4,6,7,9] [210,211,212,213,214,215,216,217,218,219,220,221,222,223,224,225,226,227,228,229,230,231,232,233,234,235,236,237,238,239,240,241,242,243,244,245,246,247,248,249,250,251,252,253,254,255,256,257,258,259,260,261,262,263,264,265,266,267,268,269,270,271,272,273,274,275] [1.123, 1.201, 1.18, 1.128, 1.191, 1.207, 1.3, 1.19, 1.186, 1.244] 
[23.766666666666666, 23.65833333333333, 25.825, 25.041666666666668, 23.433333333333334, 23.258333333333336, 20.641666666666662, 24.50833333333333, 27.250000000000004, 28.308333333333334]
2.461 [4,6,7,9] [207,208,209,210,211,212,213,214,215,216,217,218,219,220,221,222,223,224,225,226,227,228,229,230,231,232,233,234,235,236,237,238,239,240,241,242,243,244,245,246,247,248,249,250,251,252,253,254,255,256,257,258,259,260,261,262] [1.126, 1.207, 1.186, 1.114, 1.185, 1.197, 1.311, 1.184, 1.195, 1.242] 
[23.59166666666667, 23.46666666666667, 25.458333333333332, 24.95, 22.966666666666672, 22.89166666666667, 19.95, 24.233333333333338, 26.649999999999995, 27.46666666666667]
2.46 [2,3,4,6] [203,204,205,206,207,208,209,210,211,212,213,214,215,216,217,218,219,220,221,222,223,224,225,226,227,228,229,230,231,232,233,234,235,236,237,238,239,240,241,242,243,244,245,246,247,248,249,250,251,252,253,254,255,256,257,258,259,260,261,262,263,264,265,266,267,268,269,270,271,272] [1.13, 1.21, 1.196, 1.131, 1.229, 1.231, 1.364, 1.216, 1.231, 1.312] 
[23.38333333333333, 23.150000000000002, 25.11666666666667, 24.650000000000002, 22.308333333333337, 22.383333333333336, 19.224999999999998, 23.599999999999998, 25.849999999999998, 26.283333333333335]
2.459 [4,6,7,9] [193,194,195,196,197,198,199,200,201,202,203,204,205,206,207,208,209,210,211,212,213,214,215,216,217,218,219,220,221,222,223,224,225,226,227,228,229,230,231,232,233,234,235,236,237] [1.092, 1.15, 1.141, 1.081, 1.171, 1.167, 1.303, 1.175, 1.204, 1.268] 
[22.966666666666665, 22.375, 24.241666666666664, 23.90833333333333, 21.258333333333336, 21.133333333333333, 17.666666666666668, 22.300000000000008, 23.958333333333332, 23.816666666666663]
2.458 [4,6,7,9] [208,209,210,211,212,213,214,215,216,217,218,219,220,221,222,223,224,225,226,227,228,229,230,231,232,233,234,235,236,237,238,239,240,241,242,243,244,245,246,247,248,249,250,251,252,253,254,255,256,257,258,259,260,261,262,263,264] [1.127, 1.209, 1.185, 1.115, 1.185, 1.2, 1.306, 1.186, 1.191, 1.238] 
[23.616666666666664, 23.53333333333333, 25.566666666666666, 25.00833333333333, 23.100000000000005, 22.983333333333334, 20.175, 24.308333333333337, 26.850000000000005, 27.76666666666667]
2.457 [4,6,7,9] [195,196,197,198,199,200,201,202,203,204,205,206,207,208,209,210,211,212,213,214,215,216,217,218,219,220,221,222,223,224,225,226,227,228,229,230,231,232,233,234,235,236,237,238,239] [1.096, 1.159, 1.142, 1.081, 1.174, 1.167, 1.298, 1.182, 1.205, 1.259] 
[23.075, 22.46666666666667, 24.491666666666664, 24.05, 21.399999999999995, 21.375, 17.966666666666665, 22.425000000000008, 24.28333333333333, 24.241666666666664]
2.456 [4,6,7,9] [211,212,213,214,215,216,217,218,219,220,221,222,223,224,225,226,227,228,229,230,231,232,233,234,235,236,237,238,239,240,241,242,243,244,245,246,247,248,249,250,251,252,253,254,255,256,257,258,259,260,261,262,263,264,265,266,267,268,269,270,271,272,273,274,275,276,277,278,279,280,281] [1.118, 1.189, 1.175, 1.134, 1.193, 1.205, 1.29, 1.188, 1.185, 1.241] 
[23.84166666666667, 23.758333333333336, 25.941666666666666, 25.08333333333333, 23.608333333333334, 23.433333333333326, 20.9, 24.625, 27.33333333333334, 28.55]
2.454 [4,6,7,9] [206,207,208,209,210,211,212,213,214,215,216,217,218,219,220,221,222,223,224,225,226,227,228,229,230,231,232,233,234,235,236,237,238,239,240,241,242,243,244,245,246,247,248,249,250,251,252,253,254,255,256,257,258] [1.124, 1.204, 1.183, 1.106, 1.184, 1.193, 1.307, 1.177, 1.191, 1.24] 
[23.549999999999997, 23.375, 25.366666666666664, 24.908333333333335, 22.758333333333336, 22.733333333333334, 19.758333333333333, 24.16666666666667, 26.466666666666665, 27.125000000000004]
2.452 [5,6,7,9] [206,207,208,209,210,211,212,213,214,215,216,217,218,219,220,221,222,223,224,225,226,227,228,229,230,231,232,233,234,235,236,237,238,239,240,241,242,243,244,245,246,247,248,249,250,251,252,253,254,255,256,257] [1.123, 1.202, 1.182, 1.104, 1.182, 1.19, 1.304, 1.175, 1.189, 1.236] 
[23.549999999999997, 23.375, 25.366666666666664, 24.908333333333335, 22.758333333333336, 22.733333333333334, 19.758333333333333, 24.16666666666667, 26.466666666666665, 27.125000000000004]
2.451 [4,6,7,9] [204,205,206,207,208,209,210,211,212,213,214,215,216,217,218,219,220,221,222,223,224,225,226,227,228,229,230,231,232,233,234,235,236,237,238,239,240,241,242,243,244,245,246,247,248,249,250,251,252,253] [1.12, 1.192, 1.177, 1.099, 1.182, 1.185, 1.302, 1.178, 1.194, 1.239] 
[23.450000000000003, 23.24166666666667, 25.191666666666666, 24.716666666666665, 22.450000000000003, 22.483333333333334, 19.400000000000002, 23.79166666666667, 26.066666666666666, 26.55]
2.45 [4,6,7,9] [187,188,189,190,191,192,193,194,195,196,197,198,199,200,201,202,203,204,205,206,207,208,209,210,211,212,213,214,215,216,217,218,219,220,221,222,223,224,225,226,227,228,229,230,231] [1.096, 1.119, 1.15, 1.08, 1.17, 1.16, 1.32, 1.138, 1.206, 1.271] 
[22.40833333333333, 22.183333333333334, 23.349999999999998, 23.46666666666667, 20.63333333333333, 20.575, 16.733333333333334, 22.200000000000003, 23.0, 22.858333333333334]
2.449 [6,7,8,9] [200,201,202,203,204,205,206,207,208,209,210,211,212,213,214,215,216,217,218,219,220,221,222,223,224,225,226,227,228,229,230,231,232,233,234,235,236,237,238,239,240,241,242,243,244,245] [1.109, 1.174, 1.158, 1.088, 1.17, 1.172, 1.283, 1.177, 1.205, 1.233] 
[23.299999999999997, 22.900000000000002, 24.900000000000002, 24.358333333333338, 22.03333333333333, 21.974999999999998, 18.825, 23.15833333333333, 25.149999999999995, 25.583333333333332]
2.448 [4,6,7,9] [211,212,213,214,215,216,217,218,219,220,221,222,223,224,225,226,227,228,229,230,231,232,233,234,235,236,237,238,239,240,241,242,243,244,245,246,247,248,249,250,251,252,253,254,255,256,257,258,259,260,261,262,263,264,265,266,267,268,269,270,271,272,273,274,275,276] [1.121, 1.197, 1.176, 1.129, 1.186, 1.201, 1.287, 1.186, 1.185, 1.237] 
[23.84166666666667, 23.758333333333336, 25.941666666666666, 25.08333333333333, 23.608333333333334, 23.433333333333326, 20.9, 24.625, 27.33333333333334, 28.55]
2.447 [5,6,7,9] [211,212,213,214,215,216,217,218,219,220,221,222,223,224,225,226,227,228,229,230,231,232,233,234,235,236,237,238,239,240,241,242,243,244,245,246,247,248,249,250,251,252,253,254,255,256,257,258,259,260,261,262,263,264,265,266,267,268,269,270,271] [1.122, 1.203, 1.177, 1.124, 1.178, 1.196, 1.283, 1.185, 1.185, 1.23] 
[23.84166666666667, 23.758333333333336, 25.941666666666666, 25.08333333333333, 23.608333333333334, 23.433333333333326, 20.9, 24.625, 27.33333333333334, 28.55]
2.446 [4,6,7,9] [201,202,203,204,205,206,207,208,209,210,211,212,213,214,215,216,217,218,219,220,221,222,223,224,225,226,227,228,229,230,231,232,233,234,235,236,237,238,239,240,241,242,243,244,245,246,247,248] [1.116, 1.182, 1.165, 1.093, 1.178, 1.177, 1.293, 1.181, 1.207, 1.239] 
[23.28333333333333, 22.974999999999998, 24.974999999999998, 24.46666666666667, 22.108333333333334, 22.133333333333336, 18.958333333333332, 23.3, 25.358333333333334, 25.825]
2.445 [4,6,7,9] [202,203,204,205,206,207,208,209,210,211,212,213,214,215,216,217,218,219,220,221,222,223,224,225,226,227,228,229,230,231,232,233,234,235,236,237,238,239,240,241,242,243,244,245,246,247,248,249] [1.117, 1.184, 1.167, 1.093, 1.181, 1.176, 1.294, 1.178, 1.201, 1.236] 
[23.341666666666665, 23.066666666666666, 25.05, 24.566666666666674, 22.166666666666668, 22.266666666666666, 19.099999999999998, 23.466666666666665, 25.59166666666667, 26.058333333333334]
2.444 [5,6,7,9] [199,200,201,202,203,204,205,206,207,208,209,210,211,212,213,214,215,216,217,218,219,220,221,222,223,224,225,226,227,228,229,230,231,232,233,234,235,236,237,238,239,240,241,242,243,244,245] [1.109, 1.177, 1.158, 1.088, 1.171, 1.177, 1.288, 1.18, 1.208, 1.243] 
[23.249999999999996, 22.775000000000002, 24.84166666666667, 24.333333333333332, 21.95, 21.833333333333332, 18.666666666666664, 23.033333333333335, 25.0, 25.316666666666666]
2.443 [4,6,7,9] [208,209,210,211,212,213,214,215,216,217,218,219,220,221,222,223,224,225,226,227,228,229,230,231,232,233,234,235,236,237,238,239,240,241,242,243,244,245,246,247,248,249,250,251,252,253,254,255,256,257,258,259,260,261] [1.126, 1.206, 1.183, 1.111, 1.179, 1.193, 1.297, 1.181, 1.187, 1.228] 
[23.616666666666664, 23.53333333333333, 25.566666666666666, 25.00833333333333, 23.100000000000005, 22.983333333333334, 20.175, 24.308333333333337, 26.850000000000005, 27.76666666666667]
2.442 [6,7,8,9] [197,198,199,200,201,202,203,204,205,206,207,208,209,210,211,212,213,214,215,216,217,218,219,220,221,222,223,224,225,226,227,228,229,230,231,232,233,234,235,236,237,238] [1.091, 1.155, 1.136, 1.076, 1.164, 1.153, 1.283, 1.167, 1.194, 1.239] 
[23.208333333333332, 22.600000000000005, 24.65833333333333, 24.191666666666666, 21.674999999999997, 21.658333333333335, 18.291666666666668, 22.74166666666667, 24.566666666666666, 24.75833333333333]
2.441 [4,6,7,9] [210,211,212,213,214,215,216,217,218,219,220,221,222,223,224,225,226,227,228,229,230,231,232,233,234,235,236,237,238,239,240,241,242,243,244,245,246,247,248,249,250,251,252,253,254,255,256,257,258,259,260,261,262,263,264,265,266,267] [1.124, 1.209, 1.18, 1.121, 1.178, 1.197, 1.29, 1.185, 1.183, 1.229] 
[23.766666666666666, 23.65833333333333, 25.825, 25.041666666666668, 23.433333333333334, 23.258333333333336, 20.641666666666662, 24.50833333333333, 27.250000000000004, 28.308333333333334]
2.439 [5,6,7,8] [210,211,212,213,214,215,216,217,218,219,220,221,222,223,224,225,226,227,228,229,230,231,232,233,234,235,236,237,238,239,240,241,242,243,244,245,246,247,248,249,250,251,252,253,254,255,256,257,258,259,260,261,262,263,264,265,266,267,268,269,270,271,272,273] [1.124, 1.203, 1.18, 1.126, 1.188, 1.205, 1.298, 1.189, 1.186, 1.241] 
[23.766666666666666, 23.65833333333333, 25.825, 25.041666666666668, 23.433333333333334, 23.258333333333336, 20.641666666666662, 24.50833333333333, 27.250000000000004, 28.308333333333334]
2.438 [2,3,4,6] [205,206,207,208,209,210,211,212,213,214,215,216,217,218,219,220,221,222,223,224,225,226,227,228,229,230,231,232,233,234,235,236,237,238,239,240,241,242,243,244,245,246,247,248,249,250,251,252,253,254,255,256,257,258,259,260,261,262,263,264,265,266,267,268,269] [1.128, 1.209, 1.193, 1.124, 1.214, 1.221, 1.344, 1.2, 1.214, 1.287] 
[23.5, 23.325, 25.275000000000002, 24.816666666666666, 22.58333333333334, 22.608333333333338, 19.583333333333332, 23.975000000000005, 26.283333333333335, 26.808333333333337]
2.437 [6,7,8,9] [203,204,205,206,207,208,209,210,211,212,213,214,215,216,217,218,219,220,221,222,223,224,225,226,227,228,229,230,231,232,233,234,235,236,237,238,239,240,241,242,243,244,245,246,247,248] [1.115, 1.18, 1.165, 1.088, 1.173, 1.17, 1.286, 1.173, 1.189, 1.225] 
[23.38333333333333, 23.150000000000002, 25.11666666666667, 24.650000000000002, 22.308333333333337, 22.383333333333336, 19.224999999999998, 23.599999999999998, 25.849999999999998, 26.283333333333335]
2.435 [4,6,7,9] [196,197,198,199,200,201,202,203,204,205,206,207,208,209,210,211,212,213,214,215,216,217,218,219,220,221,222,223,224,225,226,227,228,229,230,231,232,233,234,235,236,237] [1.088, 1.151, 1.134, 1.075, 1.166, 1.155, 1.288, 1.169, 1.191, 1.246] 
[23.16666666666666, 22.53333333333333, 24.575, 24.133333333333336, 21.524999999999995, 21.508333333333336, 18.099999999999998, 22.58333333333334, 24.441666666666663, 24.48333333333333]
2.434 [4,6,7,9] [207,208,209,210,211,212,213,214,215,216,217,218,219,220,221,222,223,224,225,226,227,228,229,230,231,232,233,234,235,236,237,238,239,240,241,242,243,244,245,246,247,248,249,250,251,252,253,254,255,256,257] [1.123, 1.201, 1.181, 1.104, 1.174, 1.185, 1.296, 1.175, 1.184, 1.223] 
[23.59166666666667, 23.46666666666667, 25.458333333333332, 24.95, 22.966666666666672, 22.89166666666667, 19.95, 24.233333333333338, 26.649999999999995, 27.46666666666667]
2.433 [6,7,8,9] [198,199,200,201,202,203,204,205,206,207,208,209,210,211,212,213,214,215,216,217,218,219,220,221,222,223,224,225,226,227,228,229,230,231,232,233,234,235,236,237,238,239] [1.096, 1.157, 1.14, 1.075, 1.159, 1.156, 1.276, 1.166, 1.193, 1.23] 
[23.216666666666665, 22.691666666666666, 24.724999999999998, 24.275000000000002, 21.849999999999994, 21.733333333333334, 18.48333333333333, 22.883333333333336, 24.75, 25.058333333333334]
2.432 [6,7,8,9] [211,212,213,214,215,216,217,218,219,220,221,222,223,224,225,226,227,228,229,230,231,232,233,234,235,236,237,238,239,240,241,242,243,244,245,246,247,248,249,250,251,252,253,254,255,256,257,258,259,260,261,262,263,264,265,266,267] [1.122, 1.207, 1.177, 1.121, 1.172, 1.191, 1.277, 1.182, 1.182, 1.222] 
[23.84166666666667, 23.758333333333336, 25.941666666666666, 25.08333333333333, 23.608333333333334, 23.433333333333326, 20.9, 24.625, 27.33333333333334, 28.55]
2.431 [6,7,8,9] [201,202,203,204,205,206,207,208,209,210,211,212,213,214,215,216,217,218,219,220,221,222,223,224,225,226,227,228,229,230,231,232,233,234,235,236,237,238,239,240,241,242,243,244] [1.111, 1.17, 1.155, 1.082, 1.167, 1.163, 1.275, 1.17, 1.195, 1.221] 
[23.28333333333333, 22.974999999999998, 24.974999999999998, 24.46666666666667, 22.108333333333334, 22.133333333333336, 18.958333333333332, 23.3, 25.358333333333334, 25.825]
2.43 [4,6,7,9] [211,212,213,214,215,216,217,218,219,220,221,222,223,224,225,226,227,228,229,230,231,232,233,234,235,236,237,238,239,240,241,242,243,244,245,246,247,248,249,250,251,252,253,254,255,256,257,258,259,260,261,262,263,264,265,266,267,268] [1.122, 1.206, 1.177, 1.122, 1.173, 1.192, 1.279, 1.183, 1.183, 1.224] 
[23.84166666666667, 23.758333333333336, 25.941666666666666, 25.08333333333333, 23.608333333333334, 23.433333333333326, 20.9, 24.625, 27.33333333333334, 28.55]
2.428 [6,7,8,9] [197,198,199,200,201,202,203,204,205,206,207,208,209,210,211,212,213,214,215,216,217,218,219,220,221,222,223,224,225,226,227,228,229,230,231,232,233,234,235,236] [1.086, 1.147, 1.129, 1.072, 1.159, 1.145, 1.277, 1.159, 1.185, 1.234] 
[23.208333333333332, 22.600000000000005, 24.65833333333333, 24.191666666666666, 21.674999999999997, 21.658333333333335, 18.291666666666668, 22.74166666666667, 24.566666666666666, 24.75833333333333]
2.427 [4,6,7,9] [208,209,210,211,212,213,214,215,216,217,218,219,220,221,222,223,224,225,226,227,228,229,230,231,232,233,234,235,236,237,238,239,240,241,242,243,244,245,246,247,248,249,250,251,252,253,254,255,256,257,258] [1.125, 1.203, 1.18, 1.105, 1.172, 1.186, 1.289, 1.176, 1.18, 1.217] 
[23.616666666666664, 23.53333333333333, 25.566666666666666, 25.00833333333333, 23.100000000000005, 22.983333333333334, 20.175, 24.308333333333337, 26.850000000000005, 27.76666666666667]
2.423 [6,7,8,9] [199,200,201,202,203,204,205,206,207,208,209,210,211,212,213,214,215,216,217,218,219,220,221,222,223,224,225,226,227,228,229,230,231,232,233,234,235,236,237,238,239,240] [1.099, 1.16, 1.141, 1.076, 1.159, 1.157, 1.271, 1.164, 1.189, 1.223] 
[23.249999999999996, 22.775000000000002, 24.84166666666667, 24.333333333333332, 21.95, 21.833333333333332, 18.666666666666664, 23.033333333333335, 25.0, 25.316666666666666]
2.422 [4,6,7,9] [202,203,204,205,206,207,208,209,210,211,212,213,214,215,216,217,218,219,220,221,222,223,224,225,226,227,228,229,230,231,232,233,234,235,236,237,238,239,240,241,242,243,244,245,246] [1.113, 1.175, 1.16, 1.084, 1.172, 1.166, 1.279, 1.17, 1.193, 1.223] 
[23.341666666666665, 23.066666666666666, 25.05, 24.566666666666674, 22.166666666666668, 22.266666666666666, 19.099999999999998, 23.466666666666665, 25.59166666666667, 26.058333333333334]
2.421 [6,7,8,9] [205,206,207,208,209,210,211,212,213,214,215,216,217,218,219,220,221,222,223,224,225,226,227,228,229,230,231,232,233,234,235,236,237,238,239,240,241,242,243,244,245,246,247,248,249,250] [1.117, 1.184, 1.169, 1.089, 1.17, 1.171, 1.281, 1.164, 1.18, 1.217] 
[23.5, 23.325, 25.275000000000002, 24.816666666666666, 22.58333333333334, 22.608333333333338, 19.583333333333332, 23.975000000000005, 26.283333333333335, 26.808333333333337]
2.42 [6,7,8,9] [198,199,200,201,202,203,204,205,206,207,208,209,210,211,212,213,214,215,216,217,218,219,220,221,222,223,224,225,226,227,228,229,230,231,232,233,234,235,236,237] [1.09, 1.149, 1.133, 1.071, 1.155, 1.149, 1.272, 1.158, 1.184, 1.226] 
[23.216666666666665, 22.691666666666666, 24.724999999999998, 24.275000000000002, 21.849999999999994, 21.733333333333334, 18.48333333333333, 22.883333333333336, 24.75, 25.058333333333334]
2.419 [4,6,7,9] [213,214,215,216,217,218,219,220,221,222,223,224,225,226,227,228,229,230,231,232,233,234,235,236,237,238,239,240,241,242,243,244,245,246,247,248,249,250,251,252,253,254,255,256,257,258,259,260,261,262,263,264,265,266,267,268,269,270,271,272,273,274,275,276,277,278] [1.117, 1.191, 1.171, 1.132, 1.176, 1.191, 1.261, 1.175, 1.181, 1.226] 
[23.96666666666667, 23.90833333333333, 26.150000000000002, 25.13333333333333, 23.95, 23.75, 21.45, 24.958333333333332, 27.541666666666668, 28.99166666666667]
2.417 [4,5,6,7] [155,156,157,158,159,160,161,162,163,164,165,166,167,168,169,170,171,172,173,174,175,176,177,178,179,180,181,182,183,184,185,186,187,188,189,190,191] [1.107, 1.09, 1.079, 1.166, 1.196, 1.208, 1.257, 1.174, 1.231, 1.14] 
[19.74166666666667, 19.675, 20.966666666666665, 19.058333333333334, 16.533333333333335, 16.083333333333332, 12.491666666666667, 17.991666666666667, 17.616666666666667, 19.4]
2.416 [4,6,7,9] [212,213,214,215,216,217,218,219,220,221,222,223,224,225,226,227,228,229,230,231,232,233,234,235,236,237,238,239,240,241,242,243,244,245,246,247,248,249,250,251,252,253,254,255,256,257,258,259,260,261,262,263,264,265,266,267,268,269] [1.123, 1.206, 1.175, 1.122, 1.168, 1.188, 1.266, 1.177, 1.182, 1.22] 
[23.874999999999996, 23.808333333333334, 26.05, 25.141666666666666, 23.79166666666666, 23.583333333333332, 21.183333333333334, 24.816666666666663, 27.450000000000003, 28.775000000000002]
2.415 [5,6,7,9] [214,215,216,217,218,219,220,221,222,223,224,225,226,227,228,229,230,231,232,233,234,235,236,237,238,239,240,241,242,243,244,245,246,247,248,249,250,251,252,253,254,255,256,257,258,259,260,261,262,263,264,265,266,267,268,269,270,271,272,273,274,275,276,277,278,279,280,281] [1.115, 1.181, 1.166, 1.137, 1.174, 1.188, 1.249, 1.173, 1.182, 1.22] 
[24.008333333333336, 24.05, 26.266666666666666, 25.141666666666666, 24.124999999999996, 23.891666666666666, 21.71666666666667, 25.075, 27.566666666666663, 29.225000000000005]
2.414 [6,7,8,9] [212,213,214,215,216,217,218,219,220,221,222,223,224,225,226,227,228,229,230,231,232,233,234,235,236,237,238,239,240,241,242,243,244,245,246,247,248,249,250,251,252,253,254,255,256,257,258,259,260,261,262,263,264,265,266] [1.123, 1.209, 1.175, 1.119, 1.163, 1.184, 1.261, 1.174, 1.179, 1.213] 
[23.874999999999996, 23.808333333333334, 26.05, 25.141666666666666, 23.79166666666666, 23.583333333333332, 21.183333333333334, 24.816666666666663, 27.450000000000003, 28.775000000000002]
2.412 [5,6,7,8] [140,141,142,143,144,145,146,147,148,149,150,151,152,153,154,155,156,157,158,159,160,161,162,163,164,165,166,167,168,169,170,171,172,173,174,175,176,177,178,179,180,181,182,183,184,185,186,187,188,189,190,191,192,193,194,195,196,197,198] [1.158, 1.124, 1.047, 1.158, 1.158, 1.222, 1.207, 1.162, 1.233, 1.101] 
[18.475, 18.833333333333332, 21.45833333333334, 18.708333333333332, 16.583333333333336, 15.441666666666668, 12.658333333333333, 17.716666666666665, 17.083333333333332, 19.866666666666667]
2.411 [5,6,7,8] [138,139,140,141,142,143,144,145,146,147,148,149,150,151,152,153,154,155,156,157,158,159,160,161,162,163,164,165,166,167,168,169,170,171,172,173,174,175,176,177,178,179,180,181,182,183,184,185,186,187,188,189,190,191,192,193,194,195,196,197,198,199,200,201,202] [1.156, 1.148, 1.042, 1.158, 1.158, 1.218, 1.208, 1.16, 1.235, 1.104] 
[18.55, 18.508333333333336, 21.691666666666666, 18.799999999999997, 16.7, 15.591666666666669, 12.791666666666666, 17.841666666666665, 17.23333333333333, 20.041666666666668]
2.41 [4,6,7,9] [201,202,203,204,205,206,207,208,209,210,211,212,213,214,215,216,217,218,219,220,221,222,223,224,225,226,227,228,229,230,231,232,233,234,235,236,237,238,239,240,241,242,243] [1.109, 1.167, 1.151, 1.079, 1.164, 1.159, 1.272, 1.167, 1.191, 1.216] 
[23.28333333333333, 22.974999999999998, 24.974999999999998, 24.46666666666667, 22.108333333333334, 22.133333333333336, 18.958333333333332, 23.3, 25.358333333333334, 25.825]
2.409 [6,7,8,9] [201,202,203,204,205,206,207,208,209,210,211,212,213,214,215,216,217,218,219,220,221,222,223,224,225,226,227,228,229,230,231,232,233,234,235,236,237,238,239,240,241] [1.104, 1.16, 1.144, 1.074, 1.16, 1.151, 1.265, 1.16, 1.183, 1.209] 
[23.28333333333333, 22.974999999999998, 24.974999999999998, 24.46666666666667, 22.108333333333334, 22.133333333333336, 18.958333333333332, 23.3, 25.358333333333334, 25.825]
2.408 [4,6,7,9] [207,208,209,210,211,212,213,214,215,216,217,218,219,220,221,222,223,224,225,226,227,228,229,230,231,232,233,234,235,236,237,238,239,240,241,242,243,244,245,246,247,248,249,250,251,252,253] [1.12, 1.192, 1.173, 1.094, 1.164, 1.172, 1.28, 1.166, 1.177, 1.206] 
[23.59166666666667, 23.46666666666667, 25.458333333333332, 24.95, 22.966666666666672, 22.89166666666667, 19.95, 24.233333333333338, 26.649999999999995, 27.46666666666667]
2.407 [6,7,8,9] [206,207,208,209,210,211,212,213,214,215,216,217,218,219,220,221,222,223,224,225,226,227,228,229,230,231,232,233,234,235,236,237,238,239,240,241,242,243,244,245,246,247,248,249,250] [1.117, 1.185, 1.168, 1.087, 1.164, 1.168, 1.275, 1.158, 1.175, 1.206] 
[23.549999999999997, 23.375, 25.366666666666664, 24.908333333333335, 22.758333333333336, 22.733333333333334, 19.758333333333333, 24.16666666666667, 26.466666666666665, 27.125000000000004]
2.406 [4,6,7,9] [189,190,191,192,193,194,195,196,197,198,199,200,201,202,203,204,205,206,207,208,209,210,211,212,213,214,215,216,217,218,219,220,221,222,223,224,225,226] [1.08, 1.1, 1.121, 1.061, 1.151, 1.144, 1.289, 1.124, 1.177, 1.247] 
[22.599999999999998, 22.274999999999995, 23.691666666666666, 23.74166666666667, 20.816666666666666, 20.741666666666667, 17.05, 22.300000000000008, 23.308333333333334, 23.10833333333333]
2.403 [4,6,7,9] [195,196,197,198,199,200,201,202,203,204,205,206,207,208,209,210,211,212,213,214,215,216,217,218,219,220,221,222,223,224,225,226,227,228,229,230] [1.075, 1.122, 1.111, 1.063, 1.149, 1.137, 1.272, 1.15, 1.165, 1.234] 
[23.075, 22.46666666666667, 24.491666666666664, 24.05, 21.399999999999995, 21.375, 17.966666666666665, 22.425000000000008, 24.28333333333333, 24.241666666666664]
2.402 [5,6,7,9] [213,214,215,216,217,218,219,220,221,222,223,224,225,226,227,228,229,230,231,232,233,234,235,236,237,238,239,240,241,242,243,244,245,246,247,248,249,250,251,252,253,254,255,256,257,258,259,260,261,262,263,264,265,266] [1.12, 1.207, 1.173, 1.122, 1.158, 1.178, 1.249, 1.17, 1.178, 1.207] 
[23.96666666666667, 23.90833333333333, 26.150000000000002, 25.13333333333333, 23.95, 23.75, 21.45, 24.958333333333332, 27.541666666666668, 28.99166666666667]
2.401 [4,6,7,9] [190,191,192,193,194,195,196,197,198,199,200,201,202,203,204,205,206,207,208,209,210,211,212,213,214,215,216,217,218,219,220,221,222,223,224,225,226] [1.076, 1.102, 1.116, 1.06, 1.147, 1.142, 1.285, 1.127, 1.171, 1.242] 
[22.7, 22.291666666666668, 23.825, 23.791666666666668, 20.925, 20.825, 17.183333333333334, 22.300000000000008, 23.483333333333334, 23.291666666666668]
2.4 [4,6,7,9] [214,215,216,217,218,219,220,221,222,223,224,225,226,227,228,229,230,231,232,233,234,235,236,237,238,239,240,241,242,243,244,245,246,247,248,249,250,251,252,253,254,255,256,257,258,259,260,261,262,263,264,265,266,267,268,269,270,271,272,273,274,275] [1.118, 1.191, 1.169, 1.131, 1.166, 1.184, 1.247, 1.171, 1.183, 1.216] 
[24.008333333333336, 24.05, 26.266666666666666, 25.141666666666666, 24.124999999999996, 23.891666666666666, 21.71666666666667, 25.075, 27.566666666666663, 29.225000000000005]
2.399 [5,6,7,9] [214,215,216,217,218,219,220,221,222,223,224,225,226,227,228,229,230,231,232,233,234,235,236,237,238,239,240,241,242,243,244,245,246,247,248,249,250,251,252,253,254,255,256,257,258,259,260,261,262,263,264,265,266,267,268,269] [1.12, 1.199, 1.17, 1.126, 1.156, 1.178, 1.242, 1.17, 1.183, 1.207] 
[24.008333333333336, 24.05, 26.266666666666666, 25.141666666666666, 24.124999999999996, 23.891666666666666, 21.71666666666667, 25.075, 27.566666666666663, 29.225000000000005]
2.398 [5,6,7,8] [143,144,145,146,147,148,149,150,151,152,153,154,155,156,157,158,159,160,161,162,163,164,165,166,167,168,169,170,171,172,173,174,175,176,177,178,179,180,181,182,183,184,185,186,187,188,189,190,191] [1.161, 1.099, 1.051, 1.155, 1.157, 1.218, 1.197, 1.159, 1.222, 1.093] 
[18.366666666666667, 19.116666666666667, 21.14166666666667, 18.575000000000003, 16.408333333333335, 15.283333333333337, 12.466666666666667, 17.575, 16.933333333333334, 19.625000000000004]
2.397 [4,6,7,9] [214,215,216,217,218,219,220,221,222,223,224,225,226,227,228,229,230,231,232,233,234,235,236,237,238,239,240,241,242,243,244,245,246,247,248,249,250,251,252,253,254,255,256,257,258,259,260,261,262,263,264,265,266,267,268,269,270,271,272,273] [1.119, 1.194, 1.169, 1.129, 1.163, 1.183, 1.246, 1.171, 1.183, 1.214] 
[24.008333333333336, 24.05, 26.266666666666666, 25.141666666666666, 24.124999999999996, 23.891666666666666, 21.71666666666667, 25.075, 27.566666666666663, 29.225000000000005]
2.396 [4,6,7,9] [215,216,217,218,219,220,221,222,223,224,225,226,227,228,229,230,231,232,233,234,235,236,237,238,239,240,241,242,243,244,245,246,247,248,249,250,251,252,253,254,255,256,257,258,259,260,261,262,263,264,265,266,267,268,269,270,271,272,273,274,275,276,277,278,279,280,281,282,283,284,285,286] [1.107, 1.169, 1.16, 1.142, 1.178, 1.188, 1.233, 1.168, 1.185, 1.214] 
[24.10833333333333, 24.183333333333334, 26.40833333333333, 25.183333333333337, 24.249999999999996, 24.008333333333336, 22.075, 25.21666666666667, 27.583333333333332, 29.458333333333332]
2.395 [4,6,7,9] [215,216,217,218,219,220,221,222,223,224,225,226,227,228,229,230,231,232,233,234,235,236,237,238,239,240,241,242,243,244,245,246,247,248,249,250,251,252,253,254,255,256,257,258,259,260,261,262,263,264,265,266,267,268,269,270,271,272,273,274,275,276,277,278,279,280,281,282,283,284,285] [1.108, 1.17, 1.16, 1.141, 1.176, 1.188, 1.232, 1.168, 1.185, 1.214] 
[24.10833333333333, 24.183333333333334, 26.40833333333333, 25.183333333333337, 24.249999999999996, 24.008333333333336, 22.075, 25.21666666666667, 27.583333333333332, 29.458333333333332]
2.394 [4,6,7,9] [202,203,204,205,206,207,208,209,210,211,212,213,214,215,216,217,218,219,220,221,222,223,224,225,226,227,228,229,230,231,232,233,234,235,236,237,238,239,240,241,242] [1.106, 1.162, 1.147, 1.074, 1.162, 1.151, 1.264, 1.159, 1.179, 1.203] 
[23.341666666666665, 23.066666666666666, 25.05, 24.566666666666674, 22.166666666666668, 22.266666666666666, 19.099999999999998, 23.466666666666665, 25.59166666666667, 26.058333333333334]
2.393 [4,6,7,9] [215,216,217,218,219,220,221,222,223,224,225,226,227,228,229,230,231,232,233,234,235,236,237,238,239,240,241,242,243,244,245,246,247,248,249,250,251,252,253,254,255,256,257,258,259,260,261,262,263,264,265,266,267,268,269,270,271,272,273,274,275,276,277,278,279,280,281,282] [1.111, 1.175, 1.162, 1.138, 1.171, 1.186, 1.232, 1.168, 1.184, 1.214] 
[24.10833333333333, 24.183333333333334, 26.40833333333333, 25.183333333333337, 24.249999999999996, 24.008333333333336, 22.075, 25.21666666666667, 27.583333333333332, 29.458333333333332]
2.392 [6,7,8,9] [210,211,212,213,214,215,216,217,218,219,220,221,222,223,224,225,226,227,228,229,230,231,232,233,234,235,236,237,238,239,240,241,242,243,244,245,246,247,248,249,250,251,252,253,254,255,256] [1.121, 1.201, 1.171, 1.103, 1.155, 1.172, 1.26, 1.168, 1.165, 1.191] 
[23.766666666666666, 23.65833333333333, 25.825, 25.041666666666668, 23.433333333333334, 23.258333333333336, 20.641666666666662, 24.50833333333333, 27.250000000000004, 28.308333333333334]
2.391 [5,6,7,8] [214,215,216,217,218,219,220,221,222,223,224,225,226,227,228,229,230,231,232,233,234,235,236,237,238,239,240,241,242,243,244,245,246,247,248,249,250,251,252,253,254,255,256,257,258,259,260,261,262,263,264,265,266,267,268,269,270,271,272] [1.12, 1.196, 1.17, 1.129, 1.161, 1.182, 1.245, 1.171, 1.183, 1.213] 
[24.008333333333336, 24.05, 26.266666666666666, 25.141666666666666, 24.124999999999996, 23.891666666666666, 21.71666666666667, 25.075, 27.566666666666663, 29.225000000000005]
2.39 [4,6,7,9] [202,203,204,205,206,207,208,209,210,211,212,213,214,215,216,217,218,219,220,221,222,223,224,225,226,227,228,229,230,231,232,233,234,235,236,237,238,239,240,241] [1.103, 1.159, 1.144, 1.071, 1.16, 1.147, 1.262, 1.155, 1.175, 1.202] 
[23.341666666666665, 23.066666666666666, 25.05, 24.566666666666674, 22.166666666666668, 22.266666666666666, 19.099999999999998, 23.466666666666665, 25.59166666666667, 26.058333333333334]
2.389 [5,6,7,9] [213,214,215,216,217,218,219,220,221,222,223,224,225,226,227,228,229,230,231,232,233,234,235,236,237,238,239,240,241,242,243,244,245,246,247,248,249,250,251,252,253,254,255,256,257,258,259,260,261,262,263] [1.12, 1.207, 1.172, 1.119, 1.152, 1.172, 1.242, 1.166, 1.176, 1.198] 
[23.96666666666667, 23.90833333333333, 26.150000000000002, 25.13333333333333, 23.95, 23.75, 21.45, 24.958333333333332, 27.541666666666668, 28.99166666666667]
2.388 [4,6,7,9] [215,216,217,218,219,220,221,222,223,224,225,226,227,228,229,230,231,232,233,234,235,236,237,238,239,240,241,242,243,244,245,246,247,248,249,250,251,252,253,254,255,256,257,258,259,260,261,262,263,264,265,266,267,268,269,270,271,272,273,274,275,276,277,278] [1.113, 1.182, 1.163, 1.134, 1.166, 1.183, 1.23, 1.168, 1.184, 1.212] 
[24.10833333333333, 24.183333333333334, 26.40833333333333, 25.183333333333337, 24.249999999999996, 24.008333333333336, 22.075, 25.21666666666667, 27.583333333333332, 29.458333333333332]
2.387 [4,6,7,9] [207,208,209,210,211,212,213,214,215,216,217,218,219,220,221,222,223,224,225,226,227,228,229,230,231,232,233,234,235,236,237,238,239,240,241,242,243,244,245,246,247,248,249,250] [1.117, 1.184, 1.167, 1.087, 1.156, 1.162, 1.267, 1.158, 1.17, 1.193] 
[23.59166666666667, 23.46666666666667, 25.458333333333332, 24.95, 22.966666666666672, 22.89166666666667, 19.95, 24.233333333333338, 26.649999999999995, 27.46666666666667]
2.386 [4,6,7,9] [215,216,217,218,219,220,221,222,223,224,225,226,227,228,229,230,231,232,233,234,235,236,237,238,239,240,241,242,243,244,245,246,247,248,249,250,251,252,253,254,255,256,257,258,259,260,261,262,263,264,265,266,267,268,269,270,271,272,273,274,275,276] [1.115, 1.186, 1.164, 1.132, 1.163, 1.182, 1.23, 1.167, 1.185, 1.211] 
[24.10833333333333, 24.183333333333334, 26.40833333333333, 25.183333333333337, 24.249999999999996, 24.008333333333336, 22.075, 25.21666666666667, 27.583333333333332, 29.458333333333332]
2.385 [4,6,7,9] [214,215,216,217,218,219,220,221,222,223,224,225,226,227,228,229,230,231,232,233,234,235,236,237,238,239,240,241,242,243,244,245,246,247,248,249,250,251,252,253,254,255,256,257,258,259,260,261,262,263,264,265,266,267,268] [1.12, 1.201, 1.171, 1.125, 1.155, 1.177, 1.241, 1.169, 1.182, 1.205] 
[24.008333333333336, 24.05, 26.266666666666666, 25.141666666666666, 24.124999999999996, 23.891666666666666, 21.71666666666667, 25.075, 27.566666666666663, 29.225000000000005]
2.384 [4,6,7,8] [156,157,158,159,160,161,162,163,164,165,166,167,168,169,170,171,172,173,174,175,176,177,178,179,180,181,182,183,184,185,186,187,188,189,190,191,192,193,194,195,196,197,198,199,200,201,202,203,204,205,206,207,208,209,210,211,212,213,214,215,216,217,218,219,220,221] [1.155, 1.15, 1.158, 1.227, 1.298, 1.319, 1.467, 1.264, 1.365, 1.288] 
[19.900000000000002, 19.775000000000002, 21.00833333333333, 19.2, 16.675, 16.208333333333332, 12.583333333333334, 18.116666666666667, 17.775000000000002, 19.474999999999998]
2.383 [4,6,7,9] [201,202,203,204,205,206,207,208,209,210,211,212,213,214,215,216,217,218,219,220,221,222,223,224,225,226,227,228,229,230,231,232,233,234,235,236,237,238] [1.096, 1.148, 1.134, 1.068, 1.154, 1.14, 1.259, 1.15, 1.17, 1.203] 
[23.28333333333333, 22.974999999999998, 24.974999999999998, 24.46666666666667, 22.108333333333334, 22.133333333333336, 18.958333333333332, 23.3, 25.358333333333334, 25.825]
2.382 [5,6,7,9] [210,211,212,213,214,215,216,217,218,219,220,221,222,223,224,225,226,227,228,229,230,231,232,233,234,235,236,237,238,239,240,241,242,243,244,245,246,247,248,249,250,251,252,253,254] [1.12, 1.196, 1.168, 1.098, 1.15, 1.166, 1.252, 1.163, 1.162, 1.183] 
[23.766666666666666, 23.65833333333333, 25.825, 25.041666666666668, 23.433333333333334, 23.258333333333336, 20.641666666666662, 24.50833333333333, 27.250000000000004, 28.308333333333334]
2.381 [4,6,7,9] [210,211,212,213,214,215,216,217,218,219,220,221,222,223,224,225,226,227,228,229,230,231,232,233,234,235,236,237,238,239,240,241,242,243,244,245,246,247,248,249,250,251,252,253,254,255] [1.12, 1.199, 1.17, 1.101, 1.153, 1.169, 1.256, 1.165, 1.163, 1.187] 
[23.766666666666666, 23.65833333333333, 25.825, 25.041666666666668, 23.433333333333334, 23.258333333333336, 20.641666666666662, 24.50833333333333, 27.250000000000004, 28.308333333333334]
2.38 [4,6,7,9] [204,205,206,207,208,209,210,211,212,213,214,215,216,217,218,219,220,221,222,223,224,225,226,227,228,229,230,231,232,233,234,235,236,237,238,239,240,241,242,243] [1.107, 1.164, 1.151, 1.073, 1.155, 1.15, 1.259, 1.152, 1.167, 1.194] 
[23.450000000000003, 23.24166666666667, 25.191666666666666, 24.716666666666665, 22.450000000000003, 22.483333333333334, 19.400000000000002, 23.79166666666667, 26.066666666666666, 26.55]
2.379 [4,6,7,9] [189,190,191,192,193,194,195,196,197,198,199,200,201,202,203,204,205,206,207,208,209,210,211,212,213,214,215,216,217,218,219,220,221,222,223] [1.075, 1.089, 1.111, 1.055, 1.142, 1.135, 1.269, 1.115, 1.166, 1.232] 
[22.599999999999998, 22.274999999999995, 23.691666666666666, 23.74166666666667, 20.816666666666666, 20.741666666666667, 17.05, 22.300000000000008, 23.308333333333334, 23.10833333333333]
2.378 [4,6,7,9] [214,215,216,217,218,219,220,221,222,223,224,225,226,227,228,229,230,231,232,233,234,235,236,237,238,239,240,241,242,243,244,245,246,247,248,249,250,251,252,253,254,255,256,257,258,259,260,261,262,263,264,265,266] [1.12, 1.203, 1.171, 1.124, 1.152, 1.174, 1.237, 1.167, 1.181, 1.2] 
[24.008333333333336, 24.05, 26.266666666666666, 25.141666666666666, 24.124999999999996, 23.891666666666666, 21.71666666666667, 25.075, 27.566666666666663, 29.225000000000005]
2.377 [4,6,7,9] [216,217,218,219,220,221,222,223,224,225,226,227,228,229,230,231,232,233,234,235,236,237,238,239,240,241,242,243,244,245,246,247,248,249,250,251,252,253,254,255,256,257,258,259,260,261,262,263,264,265,266,267,268,269,270,271,272,273,274,275,276,277,278,279,280,281] [1.104, 1.173, 1.158, 1.136, 1.165, 1.182, 1.216, 1.164, 1.186, 1.209] 
[24.274999999999995, 24.308333333333334, 26.549999999999997, 25.25, 24.400000000000002, 24.13333333333333, 22.391666666666666, 25.358333333333334, 27.616666666666664, 29.64166666666667]
2.375 [5,6,7,9] [203,204,205,206,207,208,209,210,211,212,213,214,215,216,217,218,219,220,221,222,223,224,225,226,227,228,229,230,231,232,233,234,235,236,237,238,239,240,241] [1.104, 1.158, 1.144, 1.069, 1.155, 1.144, 1.259, 1.152, 1.166, 1.195] 
[23.38333333333333, 23.150000000000002, 25.11666666666667, 24.650000000000002, 22.308333333333337, 22.383333333333336, 19.224999999999998, 23.599999999999998, 25.849999999999998, 26.283333333333335]
2.374 [5,6,7,9] [209,210,211,212,213,214,215,216,217,218,219,220,221,222,223,224,225,226,227,228,229,230,231,232,233,234,235,236,237,238,239,240,241,242,243,244,245,246,247,248,249,250,251] [1.119, 1.188, 1.165, 1.089, 1.148, 1.161, 1.251, 1.158, 1.161, 1.178] 
[23.683333333333334, 23.60833333333333, 25.683333333333334, 25.041666666666668, 23.266666666666666, 23.10833333333333, 20.4, 24.40833333333333, 27.058333333333337, 28.058333333333334]
2.373 [4,6,7,8] [154,155,156,157,158,159,160,161,162,163,164,165,166,167,168,169,170,171,172,173,174,175,176,177,178,179,180,181,182,183,184,185,186,187,188,189,190,191,192,193,194,195,196,197,198,199,200,201,202,203,204,205,206,207,208,209,210,211,212,213,214,215,216,217,218] [1.164, 1.149, 1.147, 1.236, 1.3, 1.319, 1.447, 1.264, 1.364, 1.275] 
[19.558333333333337, 19.583333333333332, 20.941666666666666, 18.90833333333333, 16.408333333333335, 15.975, 12.425000000000002, 17.875, 17.491666666666667, 19.34166666666667]
2.372 [0,1,2,3] [182,183,184,185,186,187,188,189,190,191,192,193,194,195,196,197,198,199,200,201,202,203,204,205,206,207,208,209,210,211,212,213,214,215,216,217,218,219,220,221,222,223,224,225,226,227,228,229,230,231,232,233,234,235,236,237,238,239,240,241,242,243,244,245,246,247,248,249,250,251,252] [1.145, 1.197, 1.24, 1.161, 1.238, 1.256, 1.443, 1.217, 1.317, 1.358] 
[22.099999999999998, 21.849999999999998, 22.65833333333333, 22.625, 20.258333333333336, 19.991666666666667, 16.033333333333335, 21.750000000000004, 22.183333333333334, 22.425]
2.371 [4,6,7,9] [198,199,200,201,202,203,204,205,206,207,208,209,210,211,212,213,214,215,216,217,218,219,220,221,222,223,224,225,226,227,228,229,230,231] [1.076, 1.124, 1.113, 1.058, 1.138, 1.129, 1.256, 1.137, 1.158, 1.21] 
[23.216666666666665, 22.691666666666666, 24.724999999999998, 24.275000000000002, 21.849999999999994, 21.733333333333334, 18.48333333333333, 22.883333333333336, 24.75, 25.058333333333334]
2.369 [4,6,7,9] [189,190,191,192,193,194,195,196,197,198,199,200,201,202,203,204,205,206,207,208,209,210,211,212,213,214,215,216,217,218,219,220,221,222] [1.072, 1.085, 1.107, 1.053, 1.139, 1.133, 1.261, 1.111, 1.163, 1.227] 
[22.599999999999998, 22.274999999999995, 23.691666666666666, 23.74166666666667, 20.816666666666666, 20.741666666666667, 17.05, 22.300000000000008, 23.308333333333334, 23.10833333333333]
2.368 [4,6,7,9] [210,211,212,213,214,215,216,217,218,219,220,221,222,223,224,225,226,227,228,229,230,231,232,233,234,235,236,237,238,239,240,241,242,243,244,245,246,247,248,249,250,251,252,253] [1.119, 1.194, 1.166, 1.096, 1.148, 1.163, 1.248, 1.161, 1.16, 1.179] 
[23.766666666666666, 23.65833333333333, 25.825, 25.041666666666668, 23.433333333333334, 23.258333333333336, 20.641666666666662, 24.50833333333333, 27.250000000000004, 28.308333333333334]
2.367 [4,6,7,9] [196,197,198,199,200,201,202,203,204,205,206,207,208,209,210,211,212,213,214,215,216,217,218,219,220,221,222,223,224,225,226] [1.065, 1.105, 1.096, 1.054, 1.135, 1.122, 1.257, 1.132, 1.145, 1.21] 
[23.16666666666666, 22.53333333333333, 24.575, 24.133333333333336, 21.524999999999995, 21.508333333333336, 18.099999999999998, 22.58333333333334, 24.441666666666663, 24.48333333333333]
2.366 [4,6,7,9] [192,193,194,195,196,197,198,199,200,201,202,203,204,205,206,207,208,209,210,211,212,213,214,215,216,217,218,219,220,221,222,223] [1.066, 1.093, 1.098, 1.054, 1.133, 1.13, 1.251, 1.126, 1.152, 1.222] 
[22.883333333333336, 22.341666666666665, 24.10833333333333, 23.866666666666664, 21.141666666666666, 21.008333333333333, 17.55, 22.300000000000008, 23.799999999999997, 23.60833333333333]
2.365 [5,6,7,8] [139,140,141,142,143,144,145,146,147,148,149,150,151,152,153,154,155,156,157,158,159,160,161,162,163,164,165,166,167,168,169,170,171,172,173,174,175,176,177,178,179,180,181,182,183,184,185,186,187,188,189,190,191,192,193,194,195] [1.147, 1.126, 1.034, 1.142, 1.141, 1.199, 1.178, 1.145, 1.208, 1.082] 
[18.525000000000002, 18.666666666666668, 21.58333333333334, 18.75833333333333, 16.64166666666667, 15.533333333333337, 12.733333333333334, 17.775000000000002, 17.15833333333333, 19.958333333333332]
2.364 [5,6,7,8] [143,144,145,146,147,148,149,150,151,152,153,154,155,156,157,158,159,160,161,162,163,164,165,166,167,168,169,170,171,172,173,174,175,176,177,178,179,180,181,182,183,184,185,186,187] [1.152, 1.092, 1.041, 1.143, 1.141, 1.202, 1.174, 1.149, 1.202, 1.079] 
[18.366666666666667, 19.116666666666667, 21.14166666666667, 18.575000000000003, 16.408333333333335, 15.283333333333337, 12.466666666666667, 17.575, 16.933333333333334, 19.625000000000004]
2.363 [4,6,7,8] [151,152,153,154,155,156,157,158,159,160,161,162,163,164,165,166,167,168,169,170,171,172,173,174,175,176,177,178,179,180,181,182,183,184,185,186,187,188,189,190,191,192,193,194,195,196,197,198,199,200,201,202,203,204,205,206,207,208,209,210,211,212,213,214,215] [1.185, 1.144, 1.137, 1.24, 1.306, 1.328, 1.422, 1.26, 1.365, 1.255] 
[18.983333333333338, 19.433333333333334, 20.866666666666667, 18.625, 16.075, 15.583333333333334, 12.266666666666667, 17.65, 17.125, 19.258333333333336]
2.362 [5,6,7,9] [207,208,209,210,211,212,213,214,215,216,217,218,219,220,221,222,223,224,225,226,227,228,229,230,231,232,233,234,235,236,237,238,239,240,241,242,243,244,245,246] [1.112, 1.173, 1.157, 1.076, 1.144, 1.149, 1.249, 1.149, 1.16, 1.176] 
[23.59166666666667, 23.46666666666667, 25.458333333333332, 24.95, 22.966666666666672, 22.89166666666667, 19.95, 24.233333333333338, 26.649999999999995, 27.46666666666667]
2.361 [4,6,7,9] [209,210,211,212,213,214,215,216,217,218,219,220,221,222,223,224,225,226,227,228,229,230,231,232,233,234,235,236,237,238,239,240,241,242,243,244,245,246,247,248,249,250] [1.118, 1.185, 1.163, 1.087, 1.146, 1.157, 1.247, 1.155, 1.159, 1.173] 
[23.683333333333334, 23.60833333333333, 25.683333333333334, 25.041666666666668, 23.266666666666666, 23.10833333333333, 20.4, 24.40833333333333, 27.058333333333337, 28.058333333333334]
2.36 [4,6,7,9] [213,214,215,216,217,218,219,220,221,222,223,224,225,226,227,228,229,230,231,232,233,234,235,236,237,238,239,240,241,242,243,244,245,246,247,248,249,250,251,252,253,254,255,256,257,258,259] [1.12, 1.204, 1.17, 1.112, 1.144, 1.164, 1.232, 1.16, 1.168, 1.184] 
[23.96666666666667, 23.90833333333333, 26.150000000000002, 25.13333333333333, 23.95, 23.75, 21.45, 24.958333333333332, 27.541666666666668, 28.99166666666667]
2.359 [5,6,7,9] [204,205,206,207,208,209,210,211,212,213,214,215,216,217,218,219,220,221,222,223,224,225,226,227,228,229,230,231,232,233,234,235,236,237,238,239,240] [1.1, 1.153, 1.141, 1.066, 1.148, 1.139, 1.251, 1.142, 1.154, 1.185] 
[23.450000000000003, 23.24166666666667, 25.191666666666666, 24.716666666666665, 22.450000000000003, 22.483333333333334, 19.400000000000002, 23.79166666666667, 26.066666666666666, 26.55]
2.358 [5,6,7,9] [213,214,215,216,217,218,219,220,221,222,223,224,225,226,227,228,229,230,231,232,233,234,235,236,237,238,239,240,241,242,243,244,245,246,247,248,249,250,251,252,253,254,255,256,257] [1.119, 1.201, 1.168, 1.108, 1.14, 1.158, 1.226, 1.156, 1.165, 1.176] 
[23.96666666666667, 23.90833333333333, 26.150000000000002, 25.13333333333333, 23.95, 23.75, 21.45, 24.958333333333332, 27.541666666666668, 28.99166666666667]
