[Score] [Station index] [Time slots] 
25.95 [3,5,7,8] [191,192] [10.199999999999996, 10.799999999999997, 6.600000000000001, 13.899999999999999, 4.299999999999997, 12.599999999999994, 5.899999999999999, 10.100000000000001, 15.299999999999997, 10.300000000000004]
9.067 [3,5,7,8] [190,191,192,193] [3.5333333333333337, 3.6666666666666643, 2.300000000000002, 4.733333333333334, 1.7666666666666657, 4.266666666666666, 2.066666666666665, 3.5666666666666678, 5.5666666666666655, 3.6000000000000014]
7.1 [3] [191,192,193] [5.300000000000001, 5.4999999999999964, 3.450000000000003, 7.100000000000001, 2.6499999999999986, 6.399999999999999, 3.099999999999998, 5.350000000000001, 8.349999999999998, 5.400000000000002]
6.308 [3,5,7,8] [189,190,191,192,193] [2.6500000000000004, 2.7499999999999982, 1.7250000000000014, 3.5500000000000007, 1.3249999999999993, 3.1999999999999993, 1.549999999999999, 2.6750000000000007, 4.174999999999999, 2.700000000000001]
5.568 [3,5,7,8] [190,191,192,193,194] [2.700000000000001, 2.7499999999999982, 1.825000000000001, 3.5999999999999996, 1.5, 3.4749999999999996, 1.5749999999999975, 2.8500000000000014, 4.275, 2.7250000000000014]
5.187 [0,1,2,3] [188,189,190,191,192] [2.549999999999999, 2.6999999999999993, 1.6500000000000004, 3.4749999999999996, 1.0749999999999993, 3.1499999999999986, 1.4749999999999996, 2.5250000000000004, 3.8249999999999993, 2.575000000000001]
4.8 [3] [191,192,193,194] [3.6000000000000014, 3.6666666666666643, 2.433333333333335, 4.8, 2.0, 4.633333333333333, 2.0999999999999965, 3.800000000000002, 5.7, 3.633333333333335]
4.205 [3,5,7,8] [187,188,189,190,191,192,193] [1.7666666666666668, 1.8333333333333321, 1.150000000000001, 2.366666666666667, 0.8833333333333329, 2.133333333333333, 1.0333333333333325, 1.7833333333333339, 2.7833333333333328, 1.8000000000000007]
3.745 [3,5,7,8] [187,188,189,190,191,192,193,194] [1.5428571428571434, 1.5714285714285705, 1.0428571428571434, 2.057142857142857, 0.8571428571428571, 1.9857142857142855, 0.8999999999999986, 1.6285714285714294, 2.442857142857143, 1.557142857142858]
3.558 [3,5,7,8] [189,190,191,192,193,194,195,196,197] [1.4500000000000002, 1.487499999999999, 1.1625000000000005, 1.9749999999999988, 0.9124999999999996, 1.9749999999999996, 0.9999999999999982, 1.5500000000000007, 2.2125000000000004, 1.5875000000000004]
3.55 [3,5,7,8] [186,187,188,189,190,191,192,193,194] [1.3500000000000005, 1.3749999999999991, 0.9125000000000005, 1.7999999999999998, 0.75, 1.7374999999999998, 0.7874999999999988, 1.4250000000000007, 2.1375, 1.3625000000000007]
3.428 [3,5,7,8] [188,189,190,191,192,193,194,195,196,197] [1.288888888888889, 1.3222222222222213, 1.0333333333333339, 1.7555555555555544, 0.8111111111111108, 1.7555555555555553, 0.8888888888888873, 1.3777777777777784, 1.966666666666667, 1.4111111111111114]
3.4 [0] [189,190,191,192] [3.3999999999999986, 3.599999999999999, 2.2000000000000006, 4.633333333333333, 1.4333333333333325, 4.199999999999998, 1.9666666666666661, 3.366666666666667, 5.099999999999999, 3.433333333333335]
3.313 [3,5,7,8] [189,190,191,192,193,194,195,196] [1.6571428571428573, 1.6714285714285697, 1.2428571428571433, 2.171428571428571, 1.028571428571428, 2.157142857142856, 1.028571428571427, 1.7285714285714289, 2.5142857142857147, 1.7142857142857142]
3.3 [2] [190,191,192] [5.099999999999998, 5.399999999999999, 3.3000000000000007, 6.949999999999999, 2.1499999999999986, 6.299999999999997, 2.9499999999999993, 5.050000000000001, 7.649999999999999, 5.150000000000002]
3.263 [3,5,7,8] [188,189,190,191,192,193,194,195] [1.6000000000000003, 1.5714285714285705, 1.2285714285714289, 2.142857142857143, 0.8999999999999996, 2.028571428571428, 0.9571428571428555, 1.6285714285714294, 2.471428571428572, 1.6285714285714294]
3.121 [3,5,7,8] [186,187,188,189,190,191,192,193] [1.5142857142857145, 1.5714285714285705, 0.9857142857142865, 2.028571428571429, 0.7571428571428568, 1.828571428571428, 0.8857142857142851, 1.528571428571429, 2.3857142857142852, 1.5428571428571434]
3.041 [4,6,7,9] [272,273] [0.29999999999999716, 0.3999999999999986, 0.6000000000000014, 0.7999999999999972, 2.6000000000000014, 0.7999999999999972, 0.09999999999999432, 0.7000000000000028, 0.10000000000000142, 1.6999999999999957]
3.017 [3,5,7,8] [184,185,186,187,188,189,190,191,192] [1.2749999999999995, 1.3499999999999996, 0.8250000000000002, 1.7374999999999998, 0.5374999999999996, 1.5749999999999993, 0.7374999999999998, 1.2625000000000002, 1.9124999999999996, 1.2875000000000005]
2.8 [0] [191,192,193,194,195] [2.8000000000000007, 2.7499999999999982, 2.1500000000000004, 3.75, 1.5749999999999993, 3.549999999999999, 1.6749999999999972, 2.8500000000000014, 4.325000000000001, 2.8500000000000014]
2.78 [3] [187,188,189,190,191,192] [2.039999999999999, 2.1599999999999993, 1.3200000000000003, 2.78, 0.8599999999999994, 2.5199999999999987, 1.1799999999999997, 2.0200000000000005, 3.0599999999999996, 2.060000000000001]
2.72 [3,5,7,8] [183,184,185,186,187,188,189,190,191,192,193] [1.06, 1.0999999999999992, 0.6900000000000006, 1.4200000000000004, 0.5299999999999997, 1.2799999999999998, 0.6199999999999996, 1.0700000000000003, 1.6699999999999995, 1.0800000000000005]
2.633 [3] [191,192,193,194,195,196,197] [1.9333333333333336, 1.9833333333333318, 1.5500000000000007, 2.6333333333333315, 1.2166666666666661, 2.633333333333333, 1.333333333333331, 2.0666666666666678, 2.9500000000000006, 2.116666666666667]
2.6 [8] [135,136] [0.8000000000000007, 0.1999999999999993, 0.0, 0.1999999999999993, 0.1999999999999993, 0.10000000000000142, 0.1999999999999993, 0.0, 2.6000000000000014, 0.0]
2.598 [2,3,4,5] [282,283] [0.0, 0.10000000000000142, 1.3000000000000043, 0.19999999999999574, 1.6000000000000014, 1.6000000000000014, 0.0, 0.10000000000000142, 1.1000000000000014, 0.3999999999999986]
2.582 [3,5,7,8] [183,184,185,186,187,188,189,190,191,192,193,194] [0.9818181818181823, 0.9999999999999993, 0.663636363636364, 1.3090909090909089, 0.5454545454545454, 1.2636363636363634, 0.5727272727272719, 1.0363636363636368, 1.5545454545454547, 0.9909090909090914]
2.533 [3] [190,191,192,193,194,195,196] [1.9333333333333336, 1.9499999999999982, 1.4500000000000004, 2.5333333333333328, 1.1999999999999993, 2.5166666666666657, 1.1999999999999982, 2.016666666666667, 2.9333333333333336, 2.0]
2.461 [0,1,2] [190,191,192,193,194,195,196,197,198] [1.5375000000000005, 1.5374999999999988, 1.1875, 2.0124999999999993, 0.9500000000000002, 2.0124999999999993, 0.9999999999999982, 1.6125000000000007, 2.2375000000000007, 1.625]
2.428 [3,5,7,8] [184,185,186,187,188,189,190,191,192,193] [1.177777777777778, 1.2222222222222214, 0.7666666666666673, 1.5777777777777782, 0.5888888888888886, 1.4222222222222218, 0.6888888888888884, 1.188888888888889, 1.8555555555555552, 1.2000000000000004]
2.333 [5,7,8] [76,77] [0.29999999999999716, 0.3999999999999986, 0.40000000000000213, 0.10000000000000142, 0.3999999999999986, 1.5, 0.3000000000000007, 0.7000000000000028, 1.8000000000000007, 0.1999999999999993]
2.32 [0] [191,192,193,194,195,196] [2.3200000000000003, 2.3399999999999976, 1.7400000000000007, 3.039999999999999, 1.439999999999999, 3.0199999999999987, 1.4399999999999977, 2.4200000000000004, 3.5200000000000005, 2.4]
2.309 [3,4,5] [272,273,274] [0.24999999999999645, 0.3999999999999986, 0.3999999999999986, 1.0499999999999972, 1.6500000000000021, 1.3000000000000007, 0.09999999999999432, 0.5500000000000007, 0.09999999999999787, 1.3999999999999986]
2.3 [3] [191,192,193,194,195,196,197,198] [1.7571428571428578, 1.7571428571428558, 1.3571428571428572, 2.2999999999999994, 1.0857142857142859, 2.2999999999999994, 1.1428571428571408, 1.8428571428571436, 2.557142857142858, 1.8571428571428572]
2.294 [3,5,7,8] [182,183,184,185,186,187,188,189,190,191,192,193] [0.9636363636363637, 0.9999999999999993, 0.6272727272727278, 1.2909090909090912, 0.48181818181818153, 1.1636363636363634, 0.5636363636363633, 0.972727272727273, 1.5181818181818179, 0.9818181818181823]
2.252 [5,7,8] [76,77,78] [0.19999999999999574, 0.5999999999999996, 0.20000000000000107, 0.20000000000000107, 0.3999999999999986, 1.5, 0.20000000000000107, 0.8500000000000014, 1.549999999999999, 0.25]
2.24 [0] [190,191,192,193,194,195] [2.2400000000000007, 2.1999999999999984, 1.7200000000000002, 3.0, 1.2599999999999993, 2.839999999999999, 1.3399999999999976, 2.280000000000001, 3.460000000000001, 2.280000000000001]
2.237 [3,5,7,8] [183,184,185,186,187,188,189,190,191,192,193,194,195] [0.9333333333333336, 0.9166666666666661, 0.7166666666666668, 1.25, 0.5249999999999998, 1.183333333333333, 0.5583333333333323, 0.9500000000000005, 1.441666666666667, 0.9500000000000005]
2.227 [3,5,7,8] [184,185,186,187,188,189,190,191,192,193,194] [1.0800000000000005, 1.0999999999999992, 0.7300000000000004, 1.44, 0.6, 1.39, 0.629999999999999, 1.1400000000000006, 1.7100000000000002, 1.0900000000000005]
2.2 [1] [188,189,190,191,192,193] [2.12, 2.1999999999999984, 1.3800000000000012, 2.8400000000000007, 1.0599999999999994, 2.5599999999999996, 1.239999999999999, 2.1400000000000006, 3.339999999999999, 2.160000000000001]
2.194 [3,4,5] [273,274] [0.19999999999999574, 0.3999999999999986, 0.19999999999999574, 1.2999999999999972, 0.7000000000000028, 1.8000000000000043, 0.09999999999999432, 0.3999999999999986, 0.09999999999999432, 1.1000000000000014]
2.162 [3,5,7,8] [180,181,182,183,184,185,186,187,188,189,190,191,192] [0.8499999999999996, 0.8999999999999998, 0.5500000000000002, 1.1583333333333332, 0.3583333333333331, 1.0499999999999996, 0.49166666666666653, 0.8416666666666668, 1.2749999999999997, 0.8583333333333337]
2.16 [0] [189,190,191,192,193,194] [2.160000000000001, 2.1999999999999984, 1.4600000000000009, 2.88, 1.2, 2.78, 1.259999999999998, 2.280000000000001, 3.4200000000000004, 2.180000000000001]
2.145 [3,5,7,8] [190,191,192,193,194,195,196,197,198,199,200,201,202] [1.1249999999999993, 1.1499999999999992, 0.9750000000000002, 1.433333333333333, 0.8249999999999998, 1.4583333333333333, 0.8166666666666659, 1.2750000000000004, 1.6000000000000003, 1.2250000000000003]
2.13 [2,3,4] [189,190,191,192,193,194,195,196,197,198] [1.3666666666666671, 1.3666666666666656, 1.0555555555555556, 1.7888888888888883, 0.8444444444444446, 1.7888888888888883, 0.8888888888888873, 1.433333333333334, 1.9888888888888896, 1.4444444444444444]
2.121 [1,2,3,4] [101,102] [0.0, 1.6000000000000014, 0.09999999999999432, 0.09999999999999787, 1.3999999999999986, 0.10000000000000142, 0.1999999999999993, 0.0, 0.29999999999999716, 0.40000000000000213]
2.098 [5,7,8] [75,76,77,78] [0.1666666666666643, 0.5666666666666664, 0.1999999999999993, 0.2666666666666681, 0.4666666666666662, 1.3333333333333333, 0.16666666666666785, 1.0333333333333339, 1.2666666666666657, 0.29999999999999954]
2.065 [3,5,7,8] [182,183,184,185,186,187,188,189,190,191,192] [1.0199999999999996, 1.0799999999999996, 0.6600000000000001, 1.39, 0.4299999999999997, 1.2599999999999993, 0.5899999999999999, 1.0100000000000002, 1.5299999999999998, 1.0300000000000005]
2.051 [0,1] [127,128] [1.0, 1.8999999999999986, 0.19999999999999574, 0.10000000000000142, 0.8999999999999986, 0.0, 0.09999999999999787, 0.5, 0.1999999999999993, 1.5]
2.05 [5,7,8] [75,76,77] [0.1999999999999993, 0.4499999999999993, 0.29999999999999893, 0.2500000000000018, 0.5, 1.25, 0.20000000000000107, 1.0500000000000007, 1.25, 0.29999999999999893]
2.0 [8] [279,280,281] [0.15000000000000213, 0.25000000000000355, 0.25, 0.5, 0.40000000000000213, 0.6000000000000014, 0.3000000000000007, 0.3000000000000007, 2.0, 0.4499999999999993]
1.986 [3] [185,186,187,188,189,190,191,192] [1.4571428571428566, 1.5428571428571425, 0.9428571428571431, 1.9857142857142855, 0.6142857142857139, 1.7999999999999992, 0.8428571428571426, 1.442857142857143, 2.1857142857142855, 1.471428571428572]
1.982 [3,4,5] [272,273,274,275] [0.1666666666666643, 0.29999999999999954, 0.4333333333333324, 0.8999999999999986, 1.2000000000000028, 1.3333333333333333, 0.09999999999999669, 0.5333333333333338, 0.4333333333333324, 1.0]
1.98 [1,2,3,4] [80,81] [0.0, 1.5, 0.0, 0.10000000000000142, 1.3000000000000007, 0.0, 0.0, 0.3000000000000007, 0.09999999999999787, 0.3000000000000007]
1.967 [4,5,7,8] [74,75,76,77] [0.13333333333333286, 0.4333333333333324, 0.3000000000000007, 0.23333333333333547, 0.5666666666666664, 1.3333333333333333, 0.16666666666666785, 1.0333333333333339, 1.0, 0.29999999999999954]
1.963 [3,5,7,8] [280,281,282] [0.10000000000000142, 0.25, 0.25, 1.0, 0.4499999999999993, 0.8000000000000007, 0.1999999999999993, 0.350000000000005, 1.6000000000000014, 0.3500000000000014]
1.95 [6,7,8,9] [158,159] [0.4000000000000057, 0.6000000000000014, 0.30000000000000426, 0.10000000000000142, 0.4000000000000057, 0.3999999999999986, 0.8000000000000007, 1.1000000000000014, 1.1000000000000014, 0.9000000000000021]
1.943 [3,5,7,8] [179,180,181,182,183,184,185,186,187,188,189,190,191,192,193] [0.7571428571428572, 0.7857142857142853, 0.49285714285714327, 1.0142857142857145, 0.3785714285714284, 0.914285714285714, 0.44285714285714256, 0.7642857142857145, 1.1928571428571426, 0.7714285714285717]
1.918 [3,5,7,8] [181,182,183,184,185,186,187,188,189,190,191,192,193,194,195] [0.8000000000000002, 0.7857142857142853, 0.6142857142857144, 1.0714285714285714, 0.4499999999999998, 1.014285714285714, 0.47857142857142776, 0.8142857142857147, 1.235714285714286, 0.8142857142857147]
1.909 [0,1] [185,186,187,188,189,190,191,192,193] [1.3250000000000002, 1.3749999999999991, 0.8625000000000007, 1.7750000000000004, 0.6624999999999996, 1.5999999999999996, 0.7749999999999995, 1.3375000000000004, 2.0874999999999995, 1.3500000000000005]
1.9 [3] [188,189,190,191,192,193,194,195,196] [1.4500000000000002, 1.4624999999999986, 1.0875000000000004, 1.8999999999999995, 0.8999999999999995, 1.8874999999999993, 0.8999999999999986, 1.5125000000000002, 2.2, 1.5]
1.893 [3,5,7,8] [179,180,181,182,183,184,185,186,187,188,189,190,191,192,193,194] [0.7200000000000003, 0.7333333333333328, 0.48666666666666697, 0.9599999999999999, 0.4, 0.9266666666666665, 0.4199999999999993, 0.7600000000000003, 1.1400000000000001, 0.726666666666667]
1.887 [3,5,7,8] [187,188,189,190,191,192,193,194,195,196,197,198,199,200] [0.9769230769230771, 0.9999999999999989, 0.8000000000000005, 1.2461538461538457, 0.6846153846153845, 1.315384615384615, 0.6923076923076912, 1.0923076923076924, 1.4230769230769236, 1.0769230769230769]
1.875 [3] [187,188,189,190,191,192,193,194,195] [1.4000000000000004, 1.3749999999999991, 1.0750000000000002, 1.875, 0.7874999999999996, 1.7749999999999995, 0.8374999999999986, 1.4250000000000007, 2.1625000000000005, 1.4250000000000007]
1.867 [0] [189,190,191,192,193,194,195] [1.8666666666666671, 1.8333333333333321, 1.4333333333333336, 2.5, 1.0499999999999996, 2.366666666666666, 1.1166666666666647, 1.900000000000001, 2.883333333333334, 1.900000000000001]
1.866 [5,7,8,9] [191,192,193,194,195,196,197,198,199,200,201,202,203,204,205,206,207,208,209,210,211,212,213] [0.7499999999999997, 0.8090909090909083, 0.7409090909090914, 0.8999999999999996, 0.7, 0.9363636363636348, 0.6318181818181811, 0.9636363636363631, 0.9772727272727276, 0.8545454545454544]
1.859 [3,5,7,8] [189,190,191,192,193,194,195,196,197,198,199,200,201,202,203] [0.9928571428571428, 1.0357142857142847, 0.8857142857142861, 1.2571428571428567, 0.7714285714285717, 1.2571428571428567, 0.7571428571428562, 1.1214285714285717, 1.3714285714285717, 1.0928571428571432]
1.856 [3,5,7,8] [182,183,184,185,186,187,188,189,190,191,192,193,194] [0.9000000000000004, 0.9166666666666661, 0.6083333333333337, 1.2, 0.5, 1.1583333333333332, 0.5249999999999991, 0.9500000000000005, 1.425, 0.9083333333333338]
1.85 [5,6,7,9] [111,112] [0.20000000000000284, 0.3999999999999986, 0.0, 0.1999999999999993, 0.1999999999999993, 1.3999999999999986, 0.6999999999999993, 0.8999999999999986, 0.1999999999999993, 0.6999999999999993]
1.848 [4,5,7] [74,75] [0.0, 0.3999999999999986, 0.30000000000000426, 0.20000000000000284, 0.6999999999999993, 1.5, 0.10000000000000142, 1.0, 0.5, 0.3000000000000007]
1.838 [0,1] [167,168] [1.1999999999999957, 1.3999999999999986, 0.29999999999999716, 0.0, 0.5, 0.5, 0.8000000000000043, 0.7000000000000028, 0.3999999999999986, 0.3999999999999986]
1.822 [3,5,7,8] [184,185,186,187,188,189,190,191,192,193,194,195,196,197] [0.8923076923076925, 0.9153846153846147, 0.7153846153846157, 1.2153846153846146, 0.5615384615384613, 1.215384615384615, 0.6153846153846143, 0.9538461538461542, 1.3615384615384618, 0.9769230769230771]
1.807 [5,7,8,9] [191,192,193,194,195,196,197,198,199,200,201,202,203,204,205,206,207,208,209,210,211,212,213,214] [0.7434782608695647, 0.8043478260869559, 0.7652173913043482, 0.8739130434782603, 0.6695652173913043, 0.8999999999999982, 0.6086956521739124, 0.947826086956521, 0.9434782608695657, 0.8217391304347822]
1.803 [3,5] [273,274,275] [0.09999999999999787, 0.25, 0.34999999999999787, 0.9499999999999993, 0.5000000000000036, 1.6000000000000014, 0.09999999999999787, 0.4499999999999993, 0.5999999999999979, 0.6500000000000021]
1.8 [2,3,4,5] [272,273,274,275,276] [0.1999999999999993, 0.25, 0.4999999999999982, 0.9249999999999989, 1.0250000000000021, 1.1500000000000004, 0.17499999999999716, 0.40000000000000036, 0.34999999999999964, 0.8499999999999996]
1.785 [5,7,8] [279,280,281,282,283] [0.10000000000000142, 0.2500000000000018, 0.5500000000000007, 0.5749999999999993, 0.625, 0.9500000000000011, 0.20000000000000107, 0.2500000000000018, 1.575000000000001, 0.47499999999999964]
1.775 [5,7,8] [75,76,77,78,79] [0.14999999999999858, 0.5250000000000004, 0.14999999999999947, 0.2500000000000018, 0.4249999999999998, 1.0499999999999998, 0.1250000000000009, 0.7750000000000004, 1.2499999999999991, 0.2999999999999998]
1.771 [5,7,8] [76,77,78,79] [0.1666666666666643, 0.5333333333333338, 0.13333333333333405, 0.20000000000000165, 0.366666666666666, 1.0666666666666664, 0.13333333333333405, 0.5666666666666677, 1.4333333333333325, 0.2666666666666669]
1.77 [4,5,7,8] [74,75,76,77,78,79] [0.11999999999999886, 0.5, 0.18000000000000044, 0.240000000000002, 0.4799999999999997, 1.14, 0.120000000000001, 0.8200000000000003, 1.0999999999999992, 0.3]
1.768 [4,5] [282,283,284] [0.05000000000000071, 0.3000000000000007, 1.0, 0.3000000000000007, 1.0, 1.5000000000000036, 0.05000000000000071, 0.3500000000000014, 0.75, 0.3999999999999986]
1.75 [2,3,4,5] [277,278] [0.30000000000000426, 0.7000000000000028, 1.1000000000000014, 0.8999999999999986, 0.8000000000000043, 0.6999999999999957, 0.20000000000000284, 0.0, 1.6000000000000014, 0.0]
1.732 [6,7,9] [114,115] [0.3000000000000007, 0.1999999999999993, 0.0, 0.10000000000000142, 0.3000000000000007, 0.20000000000000284, 1.6000000000000014, 0.6999999999999993, 0.3000000000000007, 0.7000000000000028]
1.731 [5,7,8,9] [190,191,192,193,194,195,196,197,198,199,200,201,202,203,204,205,206,207,208,209,210,211,212,213,214] [0.7124999999999995, 0.7708333333333327, 0.7333333333333337, 0.8374999999999995, 0.6416666666666666, 0.8624999999999984, 0.5833333333333327, 0.9083333333333327, 0.9041666666666671, 0.7874999999999996]
1.717 [3,5,7,8] [184,185,186,187,188,189,190,191,192,193,194,195,196,197,198] [0.8785714285714289, 0.8785714285714279, 0.6785714285714286, 1.1499999999999997, 0.5428571428571429, 1.1499999999999997, 0.5714285714285704, 0.9214285714285718, 1.278571428571429, 0.9285714285714286]
1.714 [5,7,8,9] [191,192,193,194,195,196,197,198,199,200,201,202,203,204,205,206,207,208,209,210,211,212,213,214,215,216] [0.7159999999999994, 0.7599999999999995, 0.7160000000000005, 0.8119999999999991, 0.6439999999999998, 0.8479999999999984, 0.5759999999999994, 0.9079999999999993, 0.8800000000000003, 0.7919999999999996]
1.713 [3,4,5] [271,272,273,274] [0.29999999999999716, 0.3999999999999986, 0.46666666666666384, 0.8333333333333334, 1.2000000000000004, 0.9333333333333348, 0.16666666666666194, 0.4666666666666662, 0.29999999999999716, 0.9999999999999977]
1.7 [2,3,4,5] [281,282,283,284] [0.06666666666666761, 0.3333333333333333, 0.7999999999999995, 0.5666666666666677, 0.6999999999999981, 1.3333333333333357, 0.10000000000000142, 0.3333333333333357, 0.9000000000000009, 0.4666666666666662]
1.697 [4,6,7,9] [271,272,273] [0.34999999999999787, 0.3999999999999986, 0.5999999999999979, 0.6000000000000014, 1.4499999999999993, 0.5, 0.19999999999999574, 0.5, 0.3999999999999986, 0.9499999999999957]
1.687 [5,7,8,9] [191,192,193,194,195,196,197,198,199,200,201,202,203,204,205,206,207,208,209,210,211,212,213,214,215,216,217] [0.7115384615384607, 0.7615384615384612, 0.6923076923076928, 0.7961538461538452, 0.6230769230769229, 0.8384615384615367, 0.5576923076923072, 0.9153846153846147, 0.8538461538461543, 0.7653846153846151]
1.686 [5,7,8,9] [190,191,192,193,194,195,196,197,198,199,200,201,202,203,204,205,206,207,208,209,210,211,212,213,214,215] [0.6999999999999994, 0.7399999999999994, 0.7080000000000004, 0.8079999999999993, 0.6359999999999999, 0.8319999999999985, 0.5599999999999994, 0.8999999999999991, 0.8680000000000004, 0.7719999999999996]
1.683 [3,5,7,8] [186,187,188,189,190,191,192,193,194,195,196,197,198,199,200,201] [0.8933333333333332, 0.8733333333333325, 0.7666666666666667, 1.113333333333333, 0.6, 1.1399999999999997, 0.6533333333333327, 0.9866666666666669, 1.266666666666667, 0.9600000000000004]
1.682 [3,5,7,8] [178,179,180,181,182,183,184,185,186,187,188,189,190,191,192,193] [0.7066666666666668, 0.7333333333333328, 0.46000000000000035, 0.9466666666666669, 0.35333333333333317, 0.8533333333333332, 0.41333333333333305, 0.7133333333333335, 1.113333333333333, 0.7200000000000003]
1.665 [5,7,8] [74,75,76,77,78,79,80] [0.13333333333333286, 0.4166666666666667, 0.20000000000000048, 0.21666666666666856, 0.39999999999999974, 1.0166666666666664, 0.16666666666666785, 0.8833333333333334, 0.9833333333333325, 0.2666666666666669]
1.662 [5,7,8,9] [189,190,191,192,193,194,195,196,197,198,199,200,201,202,203,204,205,206,207,208,209,210,211,212,213,214] [0.6839999999999995, 0.7399999999999994, 0.7040000000000003, 0.8039999999999995, 0.616, 0.8279999999999984, 0.5599999999999994, 0.8719999999999993, 0.8680000000000004, 0.7559999999999997]
1.652 [5,7,8,9] [191,192,193,194,195,196,197,198,199,200,201,202,203,204,205,206,207,208,209,210,211,212,213,214,215,216,217,218] [0.6888888888888879, 0.733333333333333, 0.6666666666666672, 0.7814814814814804, 0.6185185185185184, 0.8333333333333317, 0.5481481481481475, 0.8851851851851846, 0.8296296296296298, 0.7555555555555552]
1.651 [5,7,8] [75,76,77,78,79,80] [0.15999999999999942, 0.42000000000000026, 0.17999999999999972, 0.2200000000000017, 0.33999999999999986, 0.9199999999999996, 0.18000000000000113, 0.8600000000000001, 1.079999999999999, 0.2600000000000001]
1.648 [5,7,8,9] [190,191,192,193,194,195,196,197,198,199,200,201,202,203,204,205,206,207,208,209,210,211,212,213,214,215,216] [0.6884615384615379, 0.7307692307692302, 0.6884615384615389, 0.7807692307692299, 0.619230769230769, 0.8153846153846138, 0.5538461538461532, 0.8730769230769224, 0.8461538461538465, 0.7615384615384612]
1.645 [5,7,9] [89,90,91] [0.3500000000000014, 0.25, 0.04999999999999716, 0.1999999999999993, 0.40000000000000036, 0.6500000000000004, 0.34999999999999964, 1.5999999999999996, 0.1999999999999993, 0.5999999999999996]
1.638 [2,3,4,5] [271,272,273,274,275] [0.22499999999999787, 0.3249999999999993, 0.47499999999999787, 0.7750000000000004, 0.9750000000000014, 1.0500000000000007, 0.1499999999999968, 0.47499999999999964, 0.4999999999999982, 0.7999999999999989]
1.632 [2,3] [190,191,192,193,194,195,196,197,198,199,200,201,202,203] [1.0692307692307692, 1.1153846153846143, 0.9538461538461542, 1.3538461538461535, 0.8307692307692311, 1.3538461538461535, 0.8153846153846144, 1.2076923076923078, 1.4769230769230772, 1.1769230769230772]
1.626 [1,2,3,4] [101,102,103] [0.0, 0.8000000000000007, 0.04999999999999716, 0.14999999999999858, 1.5, 0.10000000000000142, 0.25, 0.5, 0.1999999999999975, 0.3500000000000014]
1.622 [3,5,7,8] [176,177,178,179,180,181,182,183,184,185,186,187,188,189,190,191,192] [0.6374999999999997, 0.6749999999999998, 0.4125000000000001, 0.8687499999999999, 0.2687499999999998, 0.7874999999999996, 0.3687499999999999, 0.6312500000000001, 0.9562499999999998, 0.6437500000000003]
1.62 [3] [190,191,192,193,194,195,196,197,198,199,200] [1.2700000000000002, 1.2999999999999985, 1.0400000000000005, 1.6199999999999997, 0.8899999999999999, 1.7099999999999995, 0.8999999999999986, 1.4200000000000004, 1.8500000000000008, 1.4]
1.618 [5,7,8,9] [191,192,193,194,195,196,197,198,199,200,201,202,203,204,205,206,207,208,209,210,211,212,213,214,215,216,217,218,219] [0.6892857142857134, 0.7392857142857139, 0.6607142857142863, 0.7571428571428562, 0.6178571428571425, 0.8107142857142843, 0.5357142857142853, 0.8642857142857139, 0.8071428571428572, 0.7535714285714283]
1.617 [2,3,4,6] [189,190,191,192,193,194,195,196,197,198,199,200,201,202,203,204,205,206,207] [0.8222222222222216, 0.8666666666666656, 0.7777777777777778, 1.0555555555555556, 0.7444444444444444, 1.0333333333333323, 0.655555555555555, 1.0055555555555553, 1.1333333333333337, 0.9166666666666666]
1.6 [2,3,4,5] [273,274,275,276] [0.16666666666666666, 0.20000000000000048, 0.46666666666666384, 0.9666666666666662, 0.5000000000000023, 1.2666666666666682, 0.1999999999999981, 0.29999999999999954, 0.4333333333333324, 0.5666666666666677]
1.591 [5,7,8] [279,280,281,282,283,284,285] [0.10000000000000142, 0.283333333333335, 0.5, 0.5666666666666664, 0.5166666666666669, 0.9000000000000009, 0.16666666666666785, 0.3500000000000014, 1.3500000000000003, 0.39999999999999974]
1.59 [2,3,4,5] [271,272,273,274,275,276] [0.23999999999999916, 0.2799999999999997, 0.5199999999999975, 0.8200000000000003, 0.8800000000000011, 0.9600000000000009, 0.19999999999999715, 0.3799999999999997, 0.4199999999999989, 0.7199999999999989]
1.583 [4,5,7,8] [73,74,75,76,77,78,79] [0.13333333333333167, 0.43333333333333357, 0.15000000000000036, 0.23333333333333486, 0.43333333333333296, 1.0833333333333333, 0.11666666666666714, 0.7166666666666668, 0.933333333333333, 0.2666666666666669]
1.581 [3,5,7,8] [188,189,190,191,192,193,194,195,196,197,198,199,200,201,202,203,204,205] [0.8470588235294113, 0.8705882352941167, 0.7764705882352942, 1.0823529411764705, 0.6882352941176473, 1.0470588235294107, 0.6588235294117645, 0.9823529411764703, 1.1529411764705888, 0.923529411764706]
1.579 [5,7,8,9] [187,188,189,190,191,192,193,194,195,196,197,198,199,200,201,202,203,204,205,206,207,208,209,210,211,212,213] [0.6346153846153844, 0.684615384615384, 0.6269230769230774, 0.7615384615384612, 0.5923076923076922, 0.792307692307691, 0.534615384615384, 0.8153846153846149, 0.8269230769230772, 0.723076923076923]
1.578 [3,5,7,8] [185,186,187,188,189,190,191,192,193,194,195,196,197,198,199,200,201] [0.8374999999999999, 0.8187499999999992, 0.71875, 1.0437499999999997, 0.5625, 1.0687499999999996, 0.6124999999999994, 0.9250000000000003, 1.1875000000000004, 0.9000000000000004]
1.575 [2,3,4,5] [280,281,282,283,284] [0.07500000000000107, 0.27500000000000036, 0.625, 0.6500000000000004, 0.7249999999999996, 1.1500000000000021, 0.125, 0.3500000000000032, 1.1750000000000007, 0.375]
1.564 [3] [191,192,193,194,195,196,197,198,199,200,201,202] [1.2272727272727266, 1.2545454545454537, 1.063636363636364, 1.5636363636363633, 0.8999999999999999, 1.5909090909090908, 0.89090909090909, 1.3909090909090913, 1.7454545454545458, 1.3363636363636366]
1.563 [0] [191,192,193,194,195,196,197,198,199] [1.5625000000000009, 1.5874999999999986, 1.25, 2.0249999999999995, 1.0249999999999995, 2.1374999999999993, 1.0749999999999984, 1.6875, 2.3000000000000007, 1.7000000000000002]
1.562 [5,7,8,9] [190,191,192,193,194,195,196,197,198,199,200,201,202,203,204,205,206,207,208,209,210,211,212,213,214,215,216,217,218,219] [0.6655172413793096, 0.7137931034482755, 0.6379310344827591, 0.7310344827586198, 0.5965517241379307, 0.7827586206896539, 0.5172413793103443, 0.8344827586206892, 0.7793103448275862, 0.7275862068965515]
1.561 [5,7,8,9] [188,189,190,191,192,193,194,195,196,197,198,199,200,201,202,203,204,205,206,207,208,209,210,211,212,213,214,215] [0.6481481481481476, 0.6851851851851847, 0.6555555555555559, 0.7481481481481475, 0.5888888888888888, 0.7703703703703689, 0.518518518518518, 0.8333333333333326, 0.803703703703704, 0.7148148148148145]
1.559 [2,3,5,7] [283,284] [0.10000000000000142, 0.5, 0.6999999999999957, 0.4000000000000057, 0.3999999999999986, 1.4000000000000057, 0.10000000000000142, 0.6000000000000014, 0.3999999999999986, 0.3999999999999986]
1.556 [7,9] [100,101] [0.29999999999999716, 0.3000000000000007, 0.0, 0.10000000000000142, 0.29999999999999716, 0.1999999999999993, 0.3999999999999986, 1.3000000000000007, 0.1999999999999993, 0.8999999999999986]
1.547 [3,4,5] [272,273,274,275,276,277] [0.19999999999999857, 0.22000000000000028, 0.5199999999999989, 0.8599999999999994, 0.840000000000002, 0.9800000000000011, 0.19999999999999857, 0.44000000000000056, 0.3799999999999997, 0.9]
1.542 [4,5,7,8] [72,73,74,75,76,77,78] [0.14999999999999858, 0.5166666666666663, 0.15000000000000036, 0.2666666666666681, 0.3999999999999992, 1.1166666666666665, 0.3000000000000001, 0.7833333333333338, 0.7833333333333332, 0.2833333333333332]
1.54 [5,7,8,9] [191,192,193,194,195,196,197,198,199,200,201,202,203,204,205,206,207,208,209,210,211,212,213,214,215,216,217,218,219,220,221] [0.6833333333333326, 0.7033333333333329, 0.626666666666667, 0.729999999999999, 0.5799999999999995, 0.7633333333333316, 0.523333333333333, 0.8299999999999997, 0.7766666666666666, 0.7099999999999994]
1.538 [5,7,8,9] [189,190,191,192,193,194,195,196,197,198,199,200,201,202,203,204,205,206,207,208,209,210,211,212,213,214,215,216,217,218] [0.6413793103448266, 0.6827586206896549, 0.6206896551724143, 0.7275862068965508, 0.5758620689655171, 0.7758620689655158, 0.5103448275862064, 0.8241379310344822, 0.7724137931034485, 0.7034482758620687]
1.529 [3,5,7,8] [183,184,185,186,187,188,189,190,191,192,193,194,195,196,197,198,199] [0.7812500000000004, 0.7937499999999993, 0.625, 1.0124999999999997, 0.5124999999999997, 1.0687499999999996, 0.5374999999999992, 0.84375, 1.1500000000000004, 0.8500000000000001]
1.525 [4,5,7,8] [192,193,194] [0.30000000000000426, 0.09999999999999787, 0.3500000000000014, 0.25, 0.8500000000000014, 0.6500000000000021, 0.19999999999999574, 0.6500000000000021, 0.9000000000000021, 0.3000000000000007]
1.52 [3,4,5] [280,281,282,283] [0.06666666666666761, 0.20000000000000048, 0.6000000000000014, 0.733333333333332, 0.8333333333333334, 1.0666666666666675, 0.13333333333333286, 0.26666666666667044, 1.4333333333333347, 0.36666666666666714]
1.518 [3] [190,191,192,193,194,195,196,197,198,199,200,201] [1.218181818181818, 1.1909090909090898, 1.0454545454545454, 1.5181818181818179, 0.8181818181818182, 1.554545454545454, 0.89090909090909, 1.345454545454546, 1.727272727272728, 1.3090909090909095]
1.51 [5,7,8,9] [189,190,191,192,193,194,195,196,197,198,199,200,201,202,203,204,205,206,207,208,209,210,211,212,213,214,215,216,217,218,219] [0.6433333333333325, 0.6899999999999996, 0.6166666666666671, 0.7066666666666658, 0.5766666666666663, 0.7566666666666654, 0.4999999999999995, 0.8066666666666663, 0.7533333333333334, 0.7033333333333331]
1.501 [3,5,7,8] [284,285] [0.10000000000000142, 0.20000000000000284, 0.10000000000000142, 0.6999999999999957, 0.20000000000000284, 0.19999999999999574, 0.10000000000000142, 0.5, 1.3999999999999986, 0.10000000000000142]
1.5 [5,7,8,9] [205,206] [0.29999999999999716, 0.5, 0.3999999999999986, 0.4000000000000057, 0.6999999999999957, 0.7999999999999972, 0.3999999999999986, 0.8999999999999986, 0.6000000000000014, 0.6999999999999957]
1.487 [5,7,8,9] [188,189,190,191,192,193,194,195,196,197,198,199,200,201,202,203,204,205,206,207,208,209,210,211,212,213,214,215,216,217,218] [0.6199999999999991, 0.6599999999999997, 0.6000000000000004, 0.7033333333333325, 0.5566666666666665, 0.7499999999999986, 0.4933333333333328, 0.7966666666666662, 0.7466666666666668, 0.6799999999999997]
1.485 [3,5] [281,282] [0.10000000000000142, 0.3999999999999986, 0.3999999999999986, 1.1000000000000014, 0.09999999999999432, 1.0, 0.20000000000000284, 0.30000000000000426, 1.2000000000000028, 0.6000000000000014]
1.484 [3,5,7,8] [176,177,178,179,180,181,182,183,184,185,186,187,188,189,190,191,192,193] [0.623529411764706, 0.6470588235294114, 0.4058823529411768, 0.835294117647059, 0.3117647058823528, 0.7529411764705881, 0.36470588235294094, 0.6294117647058826, 0.9823529411764703, 0.6352941176470591]
1.476 [5,7,8,9] [189,190,191,192,193,194,195,196,197,198,199,200,201,202,203,204,205,206,207,208,209,210,211,212,213,214,215,216,217,218,219,220] [0.6483870967741927, 0.6774193548387092, 0.6064516129032261, 0.6999999999999992, 0.558064516129032, 0.7354838709677405, 0.49999999999999956, 0.790322580645161, 0.7419354838709677, 0.6838709677419351]
1.475 [4,5,7,8] [75,76,77,78,79,80,81] [0.13333333333333286, 0.6000000000000002, 0.14999999999999977, 0.20000000000000165, 0.5, 0.7666666666666663, 0.15000000000000094, 0.7666666666666669, 0.9166666666666655, 0.2666666666666669]
1.473 [3] [189,190,191,192,193,194,195,196,197,198,199,200] [1.1545454545454548, 1.1818181818181805, 0.945454545454546, 1.4727272727272724, 0.809090909090909, 1.554545454545454, 0.8181818181818169, 1.2909090909090912, 1.6818181818181825, 1.2727272727272727]
1.466 [5,7,8,9] [185,186,187,188,189,190,191,192,193,194,195,196,197,198,199,200,201,202,203,204,205,206,207,208,209,210,211,212,213] [0.5892857142857141, 0.6357142857142851, 0.5821428571428575, 0.7071428571428567, 0.5499999999999999, 0.7357142857142845, 0.4964285714285709, 0.7571428571428568, 0.7678571428571431, 0.6714285714285714]
1.462 [5,7,8,9] [187,188,189,190,191,192,193,194,195,196,197,198,199,200,201,202,203,204,205,206,207,208,209,210,211,212,213,214,215,216,217] [0.6166666666666659, 0.6599999999999997, 0.6000000000000004, 0.6899999999999992, 0.5399999999999998, 0.7266666666666651, 0.48333333333333284, 0.7933333333333328, 0.7400000000000003, 0.663333333333333]
1.456 [3,5,7,8] [176,177,178,179,180,181,182,183,184,185,186,187,188,189,190,191,192,193,194] [0.6000000000000002, 0.6111111111111107, 0.4055555555555558, 0.7999999999999999, 0.3333333333333333, 0.7722222222222221, 0.3499999999999994, 0.6333333333333336, 0.9500000000000001, 0.6055555555555558]
1.45 [4,5,7,8] [193,194] [0.20000000000000284, 0.0, 0.3999999999999986, 0.19999999999999574, 0.7000000000000028, 1.1000000000000014, 0.09999999999999432, 0.7000000000000028, 0.4000000000000057, 0.10000000000000142]
1.448 [3,5,7,8] [175,176,177,178,179,180,181,182,183,184,185,186,187,188,189,190,191,192,193,194,195] [0.5600000000000002, 0.5499999999999996, 0.43000000000000005, 0.75, 0.31499999999999984, 0.7099999999999997, 0.3349999999999994, 0.5700000000000003, 0.8650000000000002, 0.5700000000000003]
1.444 [5,7,8,9] [189,190,191,192,193,194,195,196,197,198,199,200,201,202,203,204,205,206,207,208,209,210,211,212,213,214,215,216,217,218,219,220,221] [0.6406249999999993, 0.6593749999999996, 0.5875000000000004, 0.6843749999999991, 0.5437499999999995, 0.7156249999999984, 0.49062499999999964, 0.7781249999999997, 0.7281249999999999, 0.6656249999999995]
1.443 [7,8,9] [278,279,280] [0.14999999999999858, 0.25000000000000355, 0.6000000000000014, 0.45000000000000284, 0.09999999999999787, 0.40000000000000213, 0.40000000000000213, 0.5499999999999972, 1.0, 0.9499999999999993]
1.439 [5,7,8,9] [187,188,189,190,191,192,193,194,195,196,197,198,199,200,201,202,203,204,205,206,207,208,209,210,211,212,213,214,215,216,217,218] [0.5999999999999991, 0.6387096774193545, 0.5806451612903231, 0.6806451612903217, 0.5387096774193547, 0.7258064516129018, 0.4774193548387091, 0.7709677419354833, 0.7225806451612905, 0.6580645161290319]
1.436 [3] [186,187,188,189,190,191,192,193,194,195,196,197] [1.0545454545454547, 1.0818181818181811, 0.8454545454545458, 1.4363636363636354, 0.6636363636363634, 1.436363636363636, 0.727272727272726, 1.1272727272727279, 1.6090909090909093, 1.1545454545454548]
1.435 [5,7,8] [71,72,73,74,75,76,77,78] [0.1999999999999988, 0.571428571428571, 0.14285714285714235, 0.28571428571428725, 0.44285714285714256, 1.0142857142857145, 0.25714285714285723, 0.7714285714285717, 0.6999999999999998, 0.24285714285714274]
1.433 [5,7,8,9] [185,186,187,188,189,190,191,192,193,194,195,196,197,198,199,200,201,202,203,204,205,206,207,208,209,210,211,212,213,214] [0.5896551724137926, 0.6379310344827581, 0.6068965517241383, 0.6931034482758617, 0.5310344827586206, 0.7137931034482745, 0.4827586206896547, 0.7517241379310339, 0.7482758620689659, 0.6517241379310342]
1.431 [4,5,7,8] [74,75,76,77,78,79,80,81,82] [0.14999999999999947, 0.5749999999999997, 0.20000000000000018, 0.2375000000000016, 0.5499999999999998, 0.7749999999999999, 0.1500000000000008, 0.7625000000000002, 0.774999999999999, 0.3125]
1.43 [5,7,8,9] [188,189,190,191,192,193,194,195,196,197,198,199,200,201,202,203,204,205,206,207,208,209,210,211,212,213,214,215,216,217,218,219,220] [0.6281249999999992, 0.6562499999999996, 0.5875000000000004, 0.6781249999999992, 0.5406249999999997, 0.7124999999999986, 0.48437499999999956, 0.7656249999999998, 0.71875, 0.6624999999999996]
1.429 [3,4,5] [270,271,272,273,274] [0.2749999999999986, 0.375, 0.3749999999999982, 0.8249999999999993, 0.9250000000000007, 0.7249999999999996, 0.2749999999999968, 0.34999999999999964, 0.24999999999999645, 0.7749999999999968]
1.428 [5,7,8,9] [186,187,188,189,190,191,192,193,194,195,196,197,198,199,200,201,202,203,204,205,206,207,208,209,210,211,212,213,214,215,216] [0.5966666666666661, 0.6333333333333329, 0.5966666666666671, 0.6766666666666659, 0.5366666666666665, 0.7066666666666653, 0.4799999999999995, 0.756666666666666, 0.7333333333333336, 0.6599999999999997]
1.42 [4,5,7,8] [282,283,284,285,286,287] [0.14000000000000057, 0.26000000000000084, 0.7400000000000005, 0.3200000000000003, 0.7, 0.8400000000000005, 0.12000000000000029, 0.35999999999999943, 0.9200000000000003, 0.23999999999999916]
1.419 [4,5,7,8] [73,74,75,76,77,78,79,80,81] [0.12499999999999911, 0.5125000000000002, 0.15000000000000036, 0.2000000000000015, 0.4874999999999998, 0.8624999999999998, 0.13750000000000062, 0.7250000000000001, 0.7624999999999993, 0.25000000000000044]
1.416 [5,7,8,9] [184,185,186,187,188,189,190,191,192,193,194,195,196,197,198,199,200,201,202,203,204,205,206,207,208,209,210,211,212,213] [0.5689655172413791, 0.6137931034482753, 0.5620689655172417, 0.6827586206896549, 0.5310344827586206, 0.7103448275862058, 0.47931034482758567, 0.7310344827586203, 0.7413793103448278, 0.6482758620689654]
1.415 [6,7,8] [140,141,142] [0.4499999999999993, 0.6500000000000004, 0.05000000000000071, 0.20000000000000284, 0.29999999999999893, 0.10000000000000142, 0.8500000000000014, 0.9000000000000004, 0.6999999999999993, 0.20000000000000107]
1.414 [7,9] [136,137] [0.3999999999999986, 0.1999999999999993, 0.0, 0.1999999999999993, 0.09999999999999787, 0.10000000000000142, 0.1999999999999993, 1.3999999999999986, 0.3000000000000007, 0.5999999999999979]
1.409 [3,4,5] [270,271,272,273,274,275] [0.21999999999999886, 0.3200000000000003, 0.3999999999999986, 0.7799999999999997, 0.8000000000000014, 0.8599999999999994, 0.23999999999999772, 0.3799999999999997, 0.41999999999999743, 0.659999999999998]
1.407 [5,7,8] [72,73,74,75,76,77,78,79,80] [0.14999999999999947, 0.4375, 0.15000000000000036, 0.2375000000000016, 0.33749999999999947, 0.9124999999999996, 0.27500000000000036, 0.7375000000000003, 0.7874999999999996, 0.2625000000000002]
1.404 [5,7,8,9] [191,192,193,194,195,196,197,198,199,200,201,202,203,204,205,206,207,208,209,210,211,212,213,214,215,216,217,218,219,220,221,222,223,224,225,226] [0.6171428571428565, 0.654285714285714, 0.574285714285715, 0.6657142857142846, 0.5342857142857134, 0.6828571428571414, 0.5028571428571429, 0.7799999999999995, 0.7057142857142854, 0.6399999999999993]
1.4 [2] [286,287] [0.3999999999999986, 0.20000000000000284, 1.3999999999999986, 0.0, 0.5, 0.6999999999999957, 0.29999999999999716, 0.3999999999999986, 1.5, 0.29999999999999716]
1.399 [3,5,7,8] [185,186,187,188,189,190,191,192,193,194,195,196,197,198,199,200,201,202,203,204] [0.7368421052631575, 0.7736842105263149, 0.6684210526315791, 0.9526315789473682, 0.5894736842105265, 0.9315789473684205, 0.5684210526315784, 0.868421052631579, 1.0263157894736845, 0.810526315789474]
1.393 [5,7,8,9] [190,191,192,193,194,195,196,197,198,199,200,201,202,203,204,205,206,207,208,209,210,211,212,213,214,215,216,217,218,219,220,221,222,223,224,225] [0.6085714285714279, 0.6342857142857141, 0.5657142857142863, 0.6628571428571419, 0.5314285714285707, 0.6799999999999985, 0.4971428571428571, 0.7771428571428566, 0.694285714285714, 0.6342857142857136]
1.392 [5,7,8,9] [191,192,193,194,195,196,197,198,199,200,201,202,203,204,205,206,207,208,209,210,211,212,213,214,215,216,217,218,219,220,221,222,223,224,225,226,227] [0.6055555555555548, 0.6472222222222219, 0.5861111111111117, 0.6638888888888876, 0.5305555555555548, 0.6694444444444431, 0.49166666666666675, 0.7777777777777773, 0.6888888888888887, 0.6472222222222217]
1.388 [4,5,7,8] [71,72,73,74,75,76,77,78,79] [0.1874999999999991, 0.5499999999999998, 0.12499999999999956, 0.2750000000000017, 0.4249999999999998, 0.9125000000000001, 0.2250000000000001, 0.6750000000000003, 0.7624999999999997, 0.25]
1.386 [2,3,5] [273,274,275,276,277] [0.17499999999999893, 0.1750000000000007, 0.4999999999999982, 0.875, 0.40000000000000213, 1.0250000000000021, 0.22499999999999964, 0.375, 0.4499999999999993, 0.7000000000000011]
1.385 [5,7,8,9] [184,185,186,187,188,189,190,191,192,193,194,195,196,197,198,199,200,201,202,203,204,205,206,207,208,209,210,211,212,213,214] [0.5699999999999996, 0.6166666666666661, 0.586666666666667, 0.6699999999999996, 0.5133333333333333, 0.6899999999999987, 0.4666666666666662, 0.7266666666666661, 0.7233333333333337, 0.6299999999999997]
1.381 [2,3,4,5] [270,271,272,273,274,275,276,277,278] [0.23749999999999982, 0.3125000000000009, 0.5499999999999989, 0.7999999999999998, 0.6750000000000016, 0.7374999999999998, 0.2624999999999993, 0.3125, 0.5374999999999988, 0.5999999999999988]
1.38 [3,5,7,8] [175,176,177,178,179,180,181,182,183,184,185,186,187,188,189,190,191,192,193,194] [0.5684210526315792, 0.5789473684210522, 0.3842105263157897, 0.7578947368421052, 0.3157894736842105, 0.731578947368421, 0.33157894736842053, 0.6000000000000003, 0.9, 0.5736842105263161]
1.379 [6,7] [137,138,139] [0.2500000000000018, 0.4499999999999993, 0.05000000000000071, 0.2500000000000018, 0.10000000000000142, 0.1999999999999993, 0.5999999999999996, 1.3499999999999996, 0.049999999999998934, 0.34999999999999787]
1.377 [3,4,5] [271,272,273,274,275,276,277,278] [0.24285714285714224, 0.31428571428571467, 0.6142857142857129, 0.8000000000000002, 0.7571428571428588, 0.8285714285714292, 0.21428571428571327, 0.35714285714285715, 0.5999999999999994, 0.6714285714285708]
1.376 [3,4,5] [270,271,272,273,274,275,276] [0.2333333333333331, 0.2833333333333338, 0.4499999999999981, 0.8166666666666664, 0.7500000000000012, 0.8166666666666664, 0.26666666666666455, 0.31666666666666643, 0.36666666666666475, 0.6166666666666648]
1.375 [2,3,4,5] [273,274,275,276,277,278,279,280,281,282,283] [0.15, 0.25000000000000144, 0.6100000000000001, 0.75, 0.5100000000000009, 0.8800000000000011, 0.23000000000000043, 0.3400000000000006, 0.9700000000000003, 0.5800000000000004]
1.373 [5,7,8,9] [186,187,188,189,190,191,192,193,194,195,196,197,198,199,200,201,202,203,204,205,206,207,208,209,210,211,212,213,214,215,216,217,218,219] [0.5848484848484841, 0.627272727272727, 0.560606060606061, 0.6424242424242417, 0.524242424242424, 0.6878787878787866, 0.45454545454545414, 0.733333333333333, 0.6848484848484849, 0.6393939393939392]
1.371 [7,8,9] [89,90,91,92,93] [0.27500000000000036, 0.4250000000000007, 0.07499999999999751, 0.1999999999999993, 0.5750000000000002, 0.5, 0.42499999999999893, 1.0250000000000004, 0.7999999999999998, 0.5499999999999998]
1.37 [2,3,4,5] [279,280,281,282,283,284] [0.10000000000000142, 0.30000000000000143, 0.5799999999999997, 0.5400000000000006, 0.5799999999999997, 1.040000000000002, 0.18000000000000113, 0.3200000000000017, 1.3400000000000005, 0.4599999999999994]
1.369 [4,5,7,8] [70,71,72,73,74,75,76,77,78] [0.274999999999999, 0.5999999999999992, 0.1499999999999999, 0.26250000000000107, 0.4874999999999994, 0.8875000000000002, 0.2250000000000001, 0.75, 0.6124999999999998, 0.26249999999999973]
1.368 [5,7,8,9] [183,184,185,186,187,188,189,190,191,192,193,194,195,196,197,198,199,200,201,202,203,204,205,206,207,208,209,210,211,212,213] [0.5499999999999997, 0.5933333333333327, 0.5433333333333337, 0.6599999999999997, 0.5133333333333333, 0.6866666666666655, 0.4633333333333328, 0.7066666666666663, 0.7166666666666669, 0.6266666666666666]
1.367 [7] [136,137,138,139] [0.3000000000000007, 0.366666666666666, 0.033333333333333805, 0.23333333333333428, 0.10000000000000024, 0.16666666666666666, 0.4666666666666662, 1.366666666666666, 0.13333333333333286, 0.4333333333333312]
1.365 [5,7,8,9] [191,192,193,194,195,196,197,198,199,200,201,202,203,204,205,206,207,208,209,210,211,212,213,214,215,216,217,218,219,220,221,222,223,224,225,226,227,228] [0.5972972972972965, 0.6378378378378375, 0.5702702702702709, 0.6513513513513502, 0.5270270270270263, 0.659459459459458, 0.48918918918918924, 0.7648648648648644, 0.6729729729729728, 0.632432432432432]
1.361 [2,3] [188,189,190,191,192,193,194,195,196,197,198,199,200,201,202,203,204] [0.8749999999999996, 0.9187499999999988, 0.7937500000000002, 1.1312499999999996, 0.7000000000000002, 1.1062499999999993, 0.6749999999999994, 1.03125, 1.2187500000000004, 0.9625000000000004]
1.36 [3,5,7,8] [173,174,175,176,177,178,179,180,181,182,183,184,185,186,187,188,189,190,191,192,193] [0.5800000000000001, 0.5499999999999996, 0.375, 0.7100000000000002, 0.26499999999999985, 0.6399999999999999, 0.3099999999999998, 0.5350000000000001, 0.8349999999999997, 0.5400000000000003]
1.358 [2,3,4,5] [277,278,279,280,281,282,283] [0.13333333333333405, 0.3000000000000019, 0.6833333333333348, 0.6666666666666666, 0.5833333333333334, 0.7833333333333338, 0.23333333333333428, 0.3166666666666676, 1.3166666666666675, 0.5]
1.357 [2,3,5] [273,274,275,276,277,278,279] [0.18333333333333238, 0.25000000000000117, 0.6499999999999998, 0.8666666666666671, 0.43333333333333474, 0.8333333333333345, 0.25, 0.39999999999999974, 0.5666666666666664, 0.6500000000000009]
1.355 [3,5,7,8] [176,177,178,179,180,181,182,183,184,185,186,187,188,189,190,191,192,193,194,195,196,197] [0.5523809523809524, 0.5666666666666662, 0.44285714285714306, 0.7523809523809519, 0.3476190476190475, 0.7523809523809523, 0.38095238095238027, 0.5904761904761907, 0.842857142857143, 0.604761904761905]
1.354 [5,7,8,9] [190,191,192,193,194,195,196,197,198,199,200,201,202,203,204,205,206,207,208,209,210,211,212,213,214,215,216,217,218,219,220,221,222,223,224,225,226,227] [0.5891891891891885, 0.6297297297297295, 0.5702702702702709, 0.6459459459459448, 0.5162162162162155, 0.65135135135135, 0.47837837837837843, 0.7567567567567564, 0.67027027027027, 0.6297297297297293]
1.352 [3,5,7,8] [173,174,175,176,177,178,179,180,181,182,183,184,185,186,187,188,189,190,191,192,193,194] [0.5619047619047621, 0.5238095238095235, 0.37619047619047613, 0.6857142857142856, 0.2857142857142857, 0.6619047619047619, 0.29999999999999954, 0.5428571428571431, 0.8142857142857144, 0.5190476190476193]
1.35 [2,3,5,6] [196,197] [0.0, 0.20000000000000284, 0.6000000000000014, 0.5999999999999943, 0.10000000000000142, 0.7000000000000028, 0.7999999999999972, 0.30000000000000426, 0.10000000000000142, 0.7000000000000028]
1.344 [2,3] [194,195] [0.3999999999999986, 0.0, 1.2999999999999972, 0.6000000000000014, 0.29999999999999716, 0.29999999999999716, 0.3999999999999986, 0.0, 0.20000000000000284, 0.5]
1.34 [0] [191,192,193,194,195,196,197,198,199,200,201] [1.3399999999999999, 1.3099999999999987, 1.15, 1.6699999999999995, 0.9, 1.7099999999999995, 0.979999999999999, 1.4800000000000004, 1.9000000000000008, 1.4400000000000006]
1.339 [5,7,8,9] [184,185,186,187,188,189,190,191,192,193,194,195,196,197,198,199,200,201,202,203,204,205,206,207,208,209,210,211,212,213,214,215,216] [0.5593749999999995, 0.5937499999999996, 0.5593750000000004, 0.6343749999999992, 0.5031249999999998, 0.6624999999999988, 0.4499999999999995, 0.7093749999999994, 0.6875000000000002, 0.6187499999999997]
1.338 [2,3,4,5] [274,275,276,277,278] [0.20000000000000107, 0.2500000000000018, 0.7249999999999996, 0.7750000000000004, 0.4250000000000025, 0.75, 0.2500000000000018, 0.27500000000000036, 0.8250000000000011, 0.4250000000000007]
1.333 [4,6,7,8] [87,88,89,90] [0.16666666666666785, 0.39999999999999974, 0.06666666666666761, 0.10000000000000024, 0.5666666666666677, 0.5666666666666664, 0.5999999999999991, 0.6333333333333341, 0.8666666666666671, 0.2666666666666657]
1.329 [2] [190,191,192,193,194,195,196,197] [1.6571428571428573, 1.6999999999999988, 1.3285714285714292, 2.257142857142856, 1.0428571428571425, 2.2571428571428567, 1.1428571428571408, 1.7714285714285722, 2.528571428571429, 1.8142857142857147]
1.328 [3,4,5] [280,281] [0.10000000000000142, 0.10000000000000142, 0.10000000000000142, 0.8999999999999986, 0.8000000000000043, 0.6000000000000014, 0.19999999999999574, 0.4000000000000057, 2.0, 0.10000000000000142]
1.325 [3,5,7,8] [153,154,155] [0.29999999999999893, 0.3999999999999986, 0.25, 0.75, 0.29999999999999893, 0.45000000000000107, 0.20000000000000107, 0.40000000000000036, 1.0500000000000007, 0.34999999999999964]
1.324 [5,7,8,9] [182,183,184,185,186,187,188,189,190,191,192,193,194,195,196,197,198,199,200,201,202,203,204,205,206,207,208,209,210,211,212,213] [0.5322580645161288, 0.5741935483870962, 0.5258064516129036, 0.6387096774193545, 0.49677419354838703, 0.664516129032257, 0.44838709677419303, 0.6838709677419351, 0.6935483870967745, 0.6064516129032257]
1.323 [3] [189,190,191,192,193,194,195,196,197,198,199,200,201,202] [1.0384615384615379, 1.0615384615384609, 0.9000000000000002, 1.3230769230769228, 0.7615384615384614, 1.3461538461538463, 0.753846153846153, 1.1769230769230772, 1.4769230769230772, 1.130769230769231]
1.32 [4,5,7] [100,101,102,103] [0.09999999999999905, 0.6333333333333341, 0.03333333333333144, 0.13333333333333286, 1.099999999999999, 0.13333333333333405, 0.29999999999999954, 0.7666666666666669, 0.1999999999999981, 0.5333333333333338]
1.318 [5,7,8,9] [189,190,191,192,193,194,195,196,197,198,199,200,201,202,203,204,205,206,207,208,209,210,211,212,213,214,215,216,217,218,219,220,221,222,223,224,225,226,227] [0.5736842105263151, 0.6131578947368418, 0.5552631578947375, 0.6289473684210515, 0.5026315789473678, 0.6342105263157882, 0.4657894736842106, 0.7368421052631575, 0.6526315789473681, 0.6131578947368417]
1.317 [2,3,4,5] [275,276,277,278] [0.2666666666666681, 0.3000000000000019, 0.7999999999999995, 0.8333333333333334, 0.46666666666666856, 0.5333333333333338, 0.3000000000000019, 0.20000000000000048, 0.7333333333333343, 0.5]
1.314 [3] [191,192,193,194,195,196,197,198,199,200,201,202,203,204,205] [1.028571428571428, 1.0571428571428558, 0.9428571428571431, 1.3142857142857143, 0.835714285714286, 1.2714285714285702, 0.7999999999999997, 1.1928571428571426, 1.4000000000000006, 1.1214285714285717]
