[Score] [Station index] [Time slots] 
7.0 [4,5] [99,100] [0.29999999999999716, 0.20000000000000284, 0.6999999999999957, 0.10000000000000142, 4.5, 5.399999999999999, 1.6999999999999957, 0.29999999999999716, 0.20000000000000284, 0.5]
6.6 [3] [60,61] [0.20000000000000284, 0.5, 0.20000000000000284, 6.600000000000001, 0.5, 1.0, 2.1000000000000014, 0.10000000000000142, 0.9000000000000057, 0.29999999999999716]
6.25 [3] [60,61,62] [0.20000000000000284, 0.3000000000000007, 0.15000000000000213, 6.25, 0.4499999999999993, 0.6499999999999986, 1.9000000000000021, 0.05000000000000071, 0.5500000000000043, 0.4499999999999993]
6.187 [4,5] [98,99,100] [0.14999999999999858, 0.25, 0.34999999999999787, 0.3000000000000007, 4.0, 4.75, 0.9999999999999964, 0.9999999999999964, 0.6500000000000021, 0.6000000000000014]
5.9 [3] [61,62] [0.20000000000000284, 0.10000000000000142, 0.10000000000000142, 5.899999999999999, 0.3999999999999986, 0.29999999999999716, 1.7000000000000028, 0.0, 0.20000000000000284, 0.6000000000000014]
5.433 [3] [59,60,61,62] [0.16666666666666666, 0.6000000000000014, 0.46666666666666856, 5.433333333333333, 1.0333333333333314, 0.4333333333333324, 1.400000000000001, 0.23333333333333428, 0.5000000000000023, 0.5333333333333338]
5.374 [4,5] [98,99] [0.0, 0.29999999999999716, 0.0, 0.5, 3.5, 4.100000000000001, 0.29999999999999716, 1.6999999999999957, 1.1000000000000014, 0.7000000000000028]
5.2 [3] [59,60,61] [0.14999999999999858, 0.8500000000000014, 0.6500000000000021, 5.199999999999999, 1.3499999999999979, 0.5, 1.25, 0.3500000000000014, 0.6500000000000021, 0.5]
4.903 [4,5] [97,98,99,100] [0.20000000000000048, 0.3333333333333333, 0.23333333333333192, 0.23333333333333428, 2.800000000000002, 4.133333333333333, 0.8333333333333309, 1.1333333333333304, 0.5666666666666677, 0.5666666666666677]
4.6 [3] [60,61,62,63] [0.20000000000000048, 0.2666666666666681, 0.16666666666666904, 4.599999999999999, 0.5, 0.4666666666666662, 1.8666666666666696, 0.20000000000000048, 0.7333333333333366, 0.333333333333331]
4.478 [4,5] [98,99,100,101] [0.1999999999999981, 0.20000000000000048, 0.4666666666666662, 0.3000000000000019, 2.699999999999998, 3.633333333333333, 0.7666666666666634, 1.0999999999999968, 0.5333333333333338, 0.5333333333333338]
4.4 [3] [59,60,61,62,63] [0.17499999999999893, 0.5000000000000018, 0.40000000000000213, 4.399999999999999, 0.9249999999999989, 0.34999999999999964, 1.5000000000000018, 0.3000000000000007, 0.6500000000000021, 0.42499999999999893]
4.35 [3] [58,59,60,61,62] [0.20000000000000107, 0.7000000000000011, 0.3750000000000018, 4.35, 1.1249999999999982, 0.42499999999999893, 1.200000000000001, 0.4250000000000007, 0.7000000000000028, 0.5749999999999993]
4.243 [3,4] [59,60] [0.09999999999999432, 1.2000000000000028, 1.1000000000000014, 3.799999999999997, 2.1999999999999957, 0.0, 0.3999999999999986, 0.6000000000000014, 0.3999999999999986, 0.7000000000000028]
4.041 [4,5,7] [97,98,99] [0.15000000000000213, 0.3999999999999986, 0.0, 0.3000000000000007, 1.9500000000000028, 3.5, 0.3999999999999986, 1.5499999999999972, 0.75, 0.6000000000000014]
4.031 [4,5] [99,100,101] [0.29999999999999716, 0.15000000000000213, 0.6999999999999993, 0.20000000000000284, 2.299999999999997, 3.3999999999999986, 0.9999999999999964, 0.7999999999999972, 0.25, 0.4499999999999993]
3.942 [4,5] [97,98,99,100,101] [0.22499999999999964, 0.27500000000000036, 0.34999999999999964, 0.2500000000000018, 2.125, 3.4499999999999993, 0.6999999999999975, 1.1749999999999972, 0.5, 0.5250000000000004]
3.9 [8] [72,73] [0.6000000000000014, 0.30000000000000426, 0.10000000000000142, 0.19999999999999574, 1.2000000000000028, 0.30000000000000426, 0.20000000000000284, 0.3999999999999986, 3.8999999999999986, 1.1000000000000014]
3.833 [3] [58,59,60,61] [0.20000000000000048, 0.9000000000000009, 0.46666666666666856, 3.8333333333333335, 1.3666666666666647, 0.4666666666666662, 1.0333333333333339, 0.5666666666666677, 0.8666666666666695, 0.5666666666666652]
3.818 [6,7] [24,25] [0.20000000000000284, 0.8999999999999986, 0.6000000000000014, 0.3999999999999986, 0.0, 0.10000000000000142, 3.0, 2.4000000000000057, 0.0, 0.09999999999999432]
3.8 [8] [72,73,74] [0.5500000000000007, 0.4499999999999993, 0.10000000000000142, 0.34999999999999787, 1.2500000000000036, 0.3500000000000014, 0.6000000000000014, 0.5, 3.799999999999997, 0.5500000000000007]
3.783 [3,4,6] [61,62,63] [0.1999999999999993, 0.15000000000000213, 0.15000000000000213, 3.599999999999998, 0.5, 0.1999999999999993, 1.7500000000000036, 0.25, 0.6500000000000021, 0.34999999999999787]
3.748 [4,5] [98,99,100,101,102] [0.14999999999999858, 0.20000000000000107, 0.42499999999999893, 0.3000000000000025, 2.1999999999999975, 3.0999999999999996, 0.7499999999999982, 0.8499999999999979, 0.5250000000000004, 0.5250000000000004]
3.74 [3] [58,59,60,61,62,63] [0.2, 0.6000000000000014, 0.34000000000000197, 3.7399999999999993, 1.019999999999999, 0.35999999999999943, 1.3200000000000016, 0.44000000000000056, 0.7800000000000026, 0.4799999999999983]
3.73 [4,5] [96,97,98,99,100] [0.22500000000000142, 0.25, 0.22499999999999787, 0.1750000000000007, 2.1750000000000025, 3.0999999999999996, 0.6499999999999986, 0.9499999999999975, 0.625, 0.5750000000000011]
3.7 [8] [72,73,74,75] [0.5666666666666652, 0.3333333333333333, 0.10000000000000142, 0.2666666666666657, 1.4333333333333347, 0.5, 0.6000000000000014, 0.5, 3.699999999999998, 0.4333333333333324]
3.695 [1,2,3] [17,18] [0.19999999999999574, 1.3999999999999986, 3.6000000000000014, 1.3999999999999986, 0.30000000000000426, 0.19999999999999574, 0.20000000000000284, 1.8000000000000043, 0.30000000000000426, 0.10000000000000142]
3.642 [4,6,7,8] [73,74,75] [0.5499999999999972, 0.34999999999999787, 0.10000000000000142, 0.3000000000000007, 1.5500000000000007, 0.5999999999999979, 0.8000000000000007, 0.5500000000000007, 3.599999999999998, 0.09999999999999787]
3.6 [3] [59,60,61,62,63,64] [0.15999999999999942, 0.440000000000002, 0.5800000000000012, 3.6, 0.7799999999999983, 0.4, 1.2600000000000022, 0.5200000000000002, 0.5200000000000017, 0.359999999999998]
3.553 [3,4,6] [60,61,62,63,64] [0.1750000000000007, 0.2500000000000018, 0.45000000000000107, 3.5500000000000007, 0.42499999999999893, 0.5, 1.4750000000000032, 0.5, 0.5500000000000025, 0.2749999999999968]
3.52 [3] [57,58,59,60,61,62] [0.2200000000000017, 0.5600000000000008, 0.6800000000000012, 3.5199999999999987, 1.3999999999999986, 0.459999999999998, 1.0200000000000002, 0.3600000000000009, 0.5800000000000012, 0.5399999999999991]
3.465 [4,5] [97,98,99,100,101,102] [0.17999999999999972, 0.26000000000000084, 0.33999999999999914, 0.2600000000000023, 1.8399999999999992, 3.0599999999999996, 0.6999999999999986, 0.959999999999998, 0.5, 0.5200000000000002]
3.464 [4,5,7,8] [77,78] [0.0, 0.8999999999999986, 0.19999999999999574, 0.0, 1.2000000000000028, 0.09999999999999432, 0.7999999999999972, 1.6000000000000014, 3.200000000000003, 0.20000000000000284]
3.4 [8] [48,49] [0.8000000000000043, 0.20000000000000284, 1.0, 0.0, 0.20000000000000284, 0.0, 0.6999999999999957, 0.10000000000000142, 3.3999999999999986, 0.5]
3.253 [4,6,7,8] [146,147] [0.19999999999999574, 0.29999999999999716, 0.20000000000000284, 0.09999999999999432, 1.6000000000000014, 0.20000000000000284, 0.7999999999999972, 0.5, 3.0, 0.6999999999999957]
3.235 [3,4] [57,58,59,60,61] [0.22500000000000142, 0.6750000000000007, 0.8250000000000011, 2.924999999999999, 1.6499999999999986, 0.4999999999999982, 0.8499999999999996, 0.45000000000000107, 0.6750000000000007, 0.5249999999999986]
3.214 [3,4,6] [57,58,59,60,61,62,63] [0.21666666666666737, 0.5000000000000012, 0.6000000000000014, 3.1499999999999986, 1.2666666666666657, 0.3999999999999986, 1.150000000000001, 0.383333333333334, 0.6666666666666679, 0.466666666666665]
3.206 [4,5] [99,100,101,102] [0.1999999999999981, 0.16666666666666904, 0.5666666666666652, 0.23333333333333664, 1.7666666666666633, 2.7666666666666657, 0.8999999999999986, 0.5666666666666652, 0.3333333333333333, 0.4666666666666662]
3.2 [4,6,7,8] [72,73,74,75,76] [0.5749999999999993, 0.27500000000000036, 0.20000000000000107, 0.22499999999999964, 1.3750000000000018, 0.3999999999999986, 0.7250000000000014, 0.6749999999999989, 3.1499999999999986, 0.3749999999999982]
3.199 [4,5,7] [96,97,98,99,100,101] [0.24000000000000057, 0.22000000000000028, 0.31999999999999884, 0.20000000000000143, 1.760000000000001, 2.7599999999999993, 0.5799999999999983, 1.0199999999999974, 0.5599999999999994, 0.5400000000000006]
3.183 [3] [58,59,60,61,62,63,64] [0.18333333333333357, 0.533333333333335, 0.5000000000000012, 3.1833333333333336, 0.8833333333333316, 0.39999999999999974, 1.1500000000000021, 0.6000000000000002, 0.6500000000000021, 0.4166666666666643]
3.168 [4,6,7,8] [70,71,72,73,74,75] [0.4599999999999994, 0.28000000000000114, 0.2, 0.17999999999999972, 1.5800000000000012, 0.5599999999999994, 0.4600000000000023, 0.6600000000000008, 2.8999999999999986, 0.3200000000000003]
3.125 [4,5] [98,99,100,101,102,103] [0.159999999999998, 0.2200000000000017, 0.35999999999999943, 0.240000000000002, 1.7799999999999983, 2.6399999999999992, 0.8599999999999994, 0.8799999999999983, 0.4799999999999997, 0.5]
3.118 [4,6,7,9] [83,84] [0.10000000000000142, 0.20000000000000284, 0.6000000000000014, 0.0, 1.7000000000000028, 0.09999999999999432, 2.6000000000000014, 0.10000000000000142, 0.10000000000000142, 1.0999999999999943]
3.111 [2,3,4] [57,58] [0.30000000000000426, 0.0, 1.8999999999999986, 0.19999999999999574, 2.5, 0.5999999999999943, 0.29999999999999716, 0.10000000000000142, 0.09999999999999432, 0.3999999999999986]
3.1 [4] [90,91] [0.5, 0.20000000000000284, 0.29999999999999716, 0.10000000000000142, 3.1000000000000014, 0.7000000000000028, 0.20000000000000284, 0.10000000000000142, 0.4000000000000057, 0.10000000000000142]
3.089 [1,2,3,4] [58,59,60] [0.1999999999999993, 1.1000000000000014, 0.6000000000000014, 2.4499999999999993, 1.7999999999999972, 0.1999999999999993, 0.5, 0.8000000000000007, 0.8500000000000014, 0.6999999999999993]
3.083 [8] [72,73,74,75,76,77,78] [0.4499999999999993, 0.366666666666666, 0.3000000000000007, 0.16666666666666666, 1.2666666666666693, 0.29999999999999716, 0.6666666666666679, 0.7499999999999988, 3.083333333333332, 0.4333333333333324]
3.069 [4,6,7,8] [72,73,74,75,76,77] [0.5399999999999991, 0.25999999999999945, 0.3200000000000017, 0.2, 1.2800000000000025, 0.33999999999999775, 0.640000000000002, 0.5799999999999983, 3.059999999999998, 0.4799999999999983]
3.067 [8] [71,72,73,74] [0.46666666666666856, 0.36666666666666714, 0.09999999999999905, 0.2666666666666657, 1.2000000000000028, 0.43333333333333474, 0.5000000000000023, 0.766666666666668, 3.066666666666665, 0.40000000000000097]
3.064 [4,6,7,8] [73,74,75,76] [0.5666666666666652, 0.2666666666666657, 0.23333333333333428, 0.23333333333333428, 1.4333333333333347, 0.43333333333333, 0.9000000000000009, 0.7666666666666657, 2.8999999999999986, 0.1333333333333305]
3.041 [4,5] [95,96,97,98,99,100] [0.28000000000000114, 0.2, 0.259999999999998, 0.2, 1.7800000000000011, 2.5200000000000005, 0.5599999999999994, 0.8199999999999988, 0.5399999999999991, 0.6000000000000014]
3.033 [3] [59,60,61,62,63,64,65] [0.2333333333333331, 0.3666666666666683, 0.6666666666666679, 3.0333333333333328, 0.8166666666666652, 0.383333333333334, 1.2000000000000017, 0.5833333333333334, 0.48333333333333545, 0.3999999999999974]
3.023 [4,6,7,8] [70,71,72,73,74] [0.4250000000000007, 0.32500000000000107, 0.22499999999999964, 0.1999999999999993, 1.5250000000000021, 0.5, 0.4250000000000025, 0.7000000000000011, 2.7499999999999982, 0.3500000000000014]
2.998 [3,4,6] [60,61,62,63,64,65] [0.26000000000000084, 0.20000000000000143, 0.5800000000000012, 2.88, 0.5399999999999991, 0.46000000000000085, 1.3600000000000023, 0.5799999999999997, 0.5000000000000029, 0.3399999999999963]
2.993 [4,5] [97,98,99,100,101,102,103] [0.18333333333333238, 0.2666666666666681, 0.29999999999999954, 0.21666666666666856, 1.5499999999999996, 2.6833333333333322, 0.7999999999999995, 0.966666666666665, 0.4666666666666662, 0.5]
2.97 [4,6,7,8] [73,74,75,76,77,78] [0.4199999999999989, 0.3799999999999983, 0.3400000000000006, 0.16000000000000086, 1.2800000000000025, 0.2999999999999957, 0.7600000000000009, 0.8199999999999988, 2.919999999999999, 0.2999999999999986]
2.958 [4,6,7,8] [70,71,72,73,74,75,76] [0.4833333333333331, 0.25000000000000117, 0.25, 0.16666666666666666, 1.5166666666666682, 0.4833333333333319, 0.5666666666666688, 0.75, 2.6666666666666656, 0.29999999999999954]
2.95 [8] [76,77,78] [0.1999999999999993, 0.5499999999999972, 0.5, 0.05000000000000071, 1.0500000000000043, 0.09999999999999432, 0.5500000000000007, 0.8999999999999986, 2.9499999999999993, 0.5500000000000007]
2.942 [4,6,7,8] [71,72,73,74,75,76] [0.5200000000000002, 0.26000000000000084, 0.17999999999999972, 0.2, 1.3200000000000016, 0.43999999999999917, 0.640000000000002, 0.8, 2.839999999999999, 0.31999999999999884]
2.934 [4,6,7,8] [73,74,75,76,77] [0.5249999999999986, 0.24999999999999822, 0.3750000000000018, 0.20000000000000107, 1.3000000000000025, 0.3499999999999961, 0.7500000000000018, 0.6249999999999982, 2.849999999999998, 0.3249999999999975]
2.926 [4,6,7,8] [70,71,72,73,74,75,76,77,78] [0.41249999999999964, 0.3250000000000002, 0.3125, 0.13750000000000018, 1.4000000000000021, 0.3874999999999975, 0.5625000000000018, 0.7874999999999996, 2.737499999999999, 0.3624999999999998]
2.923 [4,5] [96,97,98,99,100,101,102] [0.20000000000000048, 0.21666666666666737, 0.31666666666666526, 0.21666666666666856, 1.5833333333333333, 2.5499999999999994, 0.5999999999999991, 0.8666666666666648, 0.5499999999999995, 0.5333333333333338]
2.911 [3,4,6] [56,57,58,59,60,61,62,63] [0.24285714285714427, 0.5142857142857155, 0.7428571428571443, 2.7285714285714278, 1.1714285714285708, 0.6285714285714273, 1.142857142857144, 0.528571428571429, 0.7000000000000018, 0.5285714285714269]
2.909 [4,6,7,8] [71,72,73,74,75,76,77,78] [0.42857142857142855, 0.34285714285714264, 0.27142857142857124, 0.15714285714285733, 1.2428571428571453, 0.34285714285714064, 0.6142857142857159, 0.8285714285714282, 2.8714285714285706, 0.3857142857142851]
2.899 [4,6,7,8] [70,71,72,73,74,75,76,77] [0.47142857142857103, 0.24285714285714327, 0.3285714285714292, 0.15714285714285733, 1.4285714285714306, 0.42857142857142655, 0.528571428571431, 0.6714285714285708, 2.67142857142857, 0.3857142857142851]
2.887 [1,2,3,4] [36,37] [0.29999999999999716, 1.2000000000000028, 2.5, 0.7000000000000028, 1.3000000000000043, 0.10000000000000142, 0.0, 1.0, 1.0, 0.5]
2.876 [4,6,7,8] [71,72,73,74,75,76,77] [0.5, 0.25, 0.2833333333333338, 0.18333333333333357, 1.2500000000000024, 0.3833333333333317, 0.5833333333333357, 0.6999999999999993, 2.816666666666665, 0.41666666666666546]
2.852 [4,6,7,8] [70,71,72,73] [0.40000000000000097, 0.23333333333333664, 0.2666666666666657, 0.09999999999999905, 1.6000000000000014, 0.5333333333333338, 0.23333333333333664, 0.7333333333333343, 2.4333333333333322, 0.46666666666666856]
2.85 [4,6,7,8] [74,75,76] [0.5999999999999979, 0.10000000000000142, 0.3000000000000007, 0.10000000000000142, 1.5, 0.44999999999999574, 0.8500000000000014, 0.8499999999999979, 2.5, 0.19999999999999574]
2.829 [4,5,7] [96,97,98,99] [0.20000000000000284, 0.2666666666666657, 0.06666666666666525, 0.20000000000000048, 1.4000000000000032, 2.3333333333333335, 0.29999999999999954, 1.1666666666666643, 0.7666666666666657, 0.6000000000000014]
2.828 [4,5] [94,95,96,97,98,99,100] [0.25000000000000117, 0.18333333333333357, 0.26666666666666455, 0.1999999999999993, 1.900000000000001, 2.1, 0.49999999999999883, 0.7999999999999984, 0.5166666666666657, 0.5500000000000007]
2.825 [5,6,7,8] [55,56,57] [0.20000000000000284, 0.3500000000000014, 1.1000000000000014, 0.10000000000000142, 0.5500000000000007, 1.5, 1.3499999999999979, 1.2999999999999972, 1.5000000000000036, 1.0]
2.817 [4,6,7,8] [69,70,71,72,73,74,75] [0.38333333333333286, 0.23333333333333428, 0.2166666666666662, 0.18333333333333357, 1.383333333333334, 0.49999999999999883, 0.5833333333333345, 0.6000000000000002, 2.599999999999999, 0.31666666666666643]
2.808 [3,4,6] [59,60,61,62,63,64,65,66] [0.2857142857142857, 0.3142857142857157, 0.585714285714287, 2.642857142857142, 0.7428571428571412, 0.3857142857142861, 1.3285714285714303, 0.5571428571428569, 0.4428571428571451, 0.4571428571428545]
2.8 [7] [187,188] [0.7999999999999972, 0.5, 0.6000000000000085, 0.0, 0.29999999999999716, 0.19999999999998863, 0.29999999999999716, 2.8000000000000043, 0.20000000000000284, 0.7999999999999972]
2.783 [4,5,6,7] [98,99,100,101,102,103,104] [0.216666666666665, 0.23333333333333428, 0.3333333333333333, 0.23333333333333547, 1.499999999999999, 2.25, 0.9499999999999993, 0.8666666666666648, 0.43333333333333357, 0.4166666666666667]
2.781 [3,4,6] [60,61,62,63,64,65,66] [0.3166666666666676, 0.16666666666666785, 0.5000000000000012, 2.4499999999999993, 0.49999999999999883, 0.45000000000000046, 1.4833333333333354, 0.5499999999999995, 0.45000000000000284, 0.41666666666666313]
2.771 [2,3,4] [56,57,58,59,60,61] [0.2600000000000023, 0.6600000000000008, 0.9800000000000011, 2.38, 1.439999999999999, 0.7999999999999986, 0.9, 0.6400000000000006, 0.7200000000000017, 0.5999999999999985]
2.768 [4,6,7,8] [72,73,74,75,76,77,78,79] [0.3999999999999996, 0.35714285714285615, 0.3000000000000002, 0.15714285714285733, 1.1571428571428595, 0.29999999999999816, 0.6857142857142874, 0.7999999999999982, 2.757142857142856, 0.4142857142857131]
2.758 [4,6,7,8] [71,72,73] [0.45000000000000284, 0.25000000000000355, 0.09999999999999787, 0.14999999999999858, 1.1500000000000021, 0.45000000000000284, 0.25000000000000355, 0.8500000000000014, 2.75, 0.6000000000000014]
2.757 [4,5,6,7] [97,98,99,100,101,102,103,104] [0.22857142857142776, 0.27142857142857224, 0.2857142857142857, 0.21428571428571633, 1.3428571428571427, 2.3428571428571425, 0.8857142857142851, 0.9428571428571411, 0.42857142857142855, 0.42857142857142855]
2.752 [2,3,4] [57,58,59,60] [0.23333333333333428, 0.7333333333333343, 1.0333333333333339, 1.6999999999999982, 2.0333333333333314, 0.333333333333331, 0.4333333333333324, 0.5666666666666677, 0.5999999999999991, 0.5999999999999991]
2.75 [4,6,7,8] [145,146] [0.20000000000000284, 0.0, 0.10000000000000142, 0.19999999999999574, 1.2000000000000028, 0.19999999999999574, 0.8999999999999986, 1.6999999999999957, 1.6999999999999957, 0.20000000000000284]
2.742 [6,7,9] [23,24,25] [0.3000000000000007, 0.5, 0.8999999999999986, 0.6999999999999993, 0.10000000000000142, 0.15000000000000213, 2.1000000000000014, 1.7000000000000028, 0.10000000000000142, 0.9499999999999993]
2.734 [4,6,7,8] [74,75,76,77] [0.5333333333333314, 0.13333333333333286, 0.46666666666666856, 0.10000000000000142, 1.3000000000000018, 0.3333333333333286, 0.6666666666666691, 0.6333333333333305, 2.566666666666665, 0.43333333333333]
2.733 [4,5,7] [95,96,97,98,99,100,101] [0.2833333333333338, 0.18333333333333357, 0.33333333333333215, 0.21666666666666737, 1.5, 2.3333333333333335, 0.5166666666666657, 0.8999999999999986, 0.49999999999999883, 0.5666666666666677]
2.718 [4,6,7,8] [69,70,71,72,73,74,75,76,77,78] [0.36666666666666636, 0.28888888888888903, 0.3111111111111108, 0.14444444444444493, 1.2888888888888905, 0.366666666666664, 0.6333333333333344, 0.7333333333333327, 2.555555555555555, 0.35555555555555507]
2.703 [4,6,7,8] [70,71,72,73,74,75,76,77,78,79] [0.3777777777777776, 0.3222222222222221, 0.3111111111111108, 0.13333333333333364, 1.3000000000000018, 0.37777777777777605, 0.5888888888888909, 0.8222222222222213, 2.522222222222221, 0.35555555555555507]
2.7 [8] [76,77] [0.3999999999999986, 0.19999999999999574, 0.8000000000000043, 0.10000000000000142, 0.9000000000000057, 0.09999999999999432, 0.30000000000000426, 0.19999999999999574, 2.6999999999999957, 0.8999999999999986]
2.687 [4,6,7,8] [69,70,71,72,73,74,75,76] [0.4142857142857141, 0.2142857142857153, 0.25714285714285673, 0.17142857142857185, 1.357142857142858, 0.442857142857141, 0.6571428571428584, 0.6857142857142853, 2.442857142857142, 0.2999999999999992]
2.675 [4,6,7,8] [73,74,75,76,77,78,79] [0.366666666666666, 0.36666666666666475, 0.3333333333333333, 0.15000000000000094, 1.1500000000000021, 0.29999999999999716, 0.766666666666668, 0.8666666666666648, 2.566666666666665, 0.2999999999999983]
2.67 [4,5,6] [99,100,101,102,103] [0.1999999999999975, 0.20000000000000284, 0.4499999999999993, 0.1750000000000025, 1.3499999999999979, 2.2749999999999986, 1.0, 0.6749999999999989, 0.3249999999999993, 0.4499999999999993]
2.669 [4,6,7,8] [69,70,71,72,73,74,75,76,77] [0.41249999999999964, 0.21250000000000036, 0.3250000000000002, 0.16250000000000053, 1.3000000000000016, 0.3999999999999977, 0.6125000000000016, 0.6249999999999991, 2.4749999999999988, 0.3749999999999991]
2.656 [7,8,9] [86,87] [0.10000000000000142, 0.20000000000000284, 0.10000000000000142, 0.0, 0.29999999999999716, 0.5, 0.09999999999999432, 1.3000000000000043, 2.0, 1.2999999999999972]
2.652 [4,6,7,8] [72,73,74,75,76,77,78,79,80] [0.3624999999999998, 0.39999999999999947, 0.3000000000000007, 0.1875, 1.2250000000000023, 0.28749999999999787, 0.6500000000000021, 0.7249999999999979, 2.5249999999999986, 0.4374999999999991]
2.65 [7] [187,188,189] [0.8500000000000014, 0.3499999999999943, 0.6499999999999986, 0.05000000000000426, 0.3500000000000014, 0.3499999999999943, 0.3999999999999986, 2.650000000000002, 0.5, 0.7999999999999972]
2.634 [3,4,6] [59,60,61,62,63,64,65,66,67] [0.2999999999999998, 0.3125000000000009, 0.6250000000000009, 2.3499999999999988, 0.7124999999999986, 0.33750000000000036, 1.3750000000000009, 0.6875, 0.4875000000000016, 0.4499999999999975]
2.631 [4,5,7] [96,97,98,99,100,101,102,103] [0.1999999999999998, 0.22857142857142979, 0.2857142857142847, 0.18571428571428733, 1.3714285714285717, 2.2999999999999994, 0.6999999999999998, 0.8857142857142841, 0.5142857142857135, 0.5142857142857145]
2.63 [4,6,7,8] [69,70,71,72,73,74] [0.3400000000000006, 0.26000000000000084, 0.23999999999999916, 0.2, 1.3000000000000014, 0.43999999999999917, 0.5800000000000012, 0.6200000000000003, 2.419999999999999, 0.3400000000000006]
2.616 [6,7] [115,116] [0.0, 0.0, 0.29999999999999716, 0.19999999999999574, 0.09999999999999432, 0.20000000000000284, 2.3999999999999986, 1.2999999999999972, 0.5999999999999943, 0.6999999999999957]
2.607 [3,4,6] [58,59,60,61,62,63,64,65,66] [0.28750000000000053, 0.40000000000000124, 0.5250000000000012, 2.4499999999999993, 0.8249999999999984, 0.3875000000000002, 1.2375000000000016, 0.6124999999999998, 0.5500000000000025, 0.48749999999999716]
2.606 [4,5,7] [94,95,96,97,98,99,100,101] [0.25714285714285773, 0.17142857142857185, 0.3285714285714271, 0.21428571428571427, 1.6428571428571428, 2.0, 0.47142857142857003, 0.8714285714285696, 0.4857142857142845, 0.528571428571429]
2.598 [4,5,7,8] [85,86] [0.20000000000000284, 0.10000000000000142, 0.5, 0.3999999999999986, 1.0999999999999943, 0.5, 0.19999999999999574, 1.0, 2.3999999999999986, 0.6000000000000014]
2.586 [3,4,6] [60,61,62,63,64,65,66,67] [0.3285714285714292, 0.18571428571428633, 0.5571428571428579, 2.142857142857142, 0.499999999999999, 0.3857142857142861, 1.5142857142857156, 0.6999999999999998, 0.500000000000002, 0.41428571428571104]
2.569 [4,6,7,8] [71,72,73,74,75,76,77,78,79,80] [0.35555555555555585, 0.3777777777777776, 0.2777777777777778, 0.17777777777777792, 1.2111111111111132, 0.32222222222222047, 0.6111111111111135, 0.7888888888888874, 2.422222222222221, 0.39999999999999936]
2.566 [4,6,7,8] [68,69,70,71,72,73,74,75] [0.3999999999999996, 0.2142857142857153, 0.24285714285714224, 0.1857142857142853, 1.357142857142858, 0.4571428571428565, 0.6857142857142874, 0.5714285714285714, 2.2714285714285714, 0.2999999999999992]
2.562 [4,5,6,7] [97,98,99,100,101,102,103,104,105] [0.2624999999999993, 0.2375000000000007, 0.28749999999999964, 0.18750000000000178, 1.25, 2.0874999999999995, 0.9624999999999995, 0.8249999999999984, 0.3875000000000002, 0.3875000000000002]
2.557 [4,5,6,7] [98,99,100,101,102,103,104,105] [0.25714285714285573, 0.20000000000000082, 0.3285714285714282, 0.20000000000000182, 1.3714285714285706, 1.971428571428571, 1.028571428571428, 0.7428571428571412, 0.3857142857142861, 0.3714285714285716]
2.556 [4,5] [93,94,95,96,97,98,99,100] [0.22857142857142979, 0.1857142857142853, 0.25714285714285573, 0.1857142857142843, 1.7857142857142867, 1.8285714285714292, 0.4857142857142845, 0.7714285714285702, 0.499999999999999, 0.5428571428571435]
2.553 [4,6,7,8] [68,69,70,71,72,73,74,75,76,77,78] [0.3799999999999997, 0.2700000000000003, 0.31999999999999956, 0.15, 1.2800000000000018, 0.34999999999999787, 0.7000000000000014, 0.6999999999999993, 2.3299999999999996, 0.33999999999999914]
2.55 [4,6,7,8] [74,75,76,77,78,79] [0.33999999999999914, 0.31999999999999884, 0.3799999999999997, 0.08000000000000114, 1.1200000000000017, 0.27999999999999686, 0.7200000000000017, 0.9199999999999975, 2.339999999999999, 0.359999999999998]
2.546 [4,5] [95,96,97,98,99,100,101,102] [0.24285714285714327, 0.18571428571428633, 0.3285714285714271, 0.22857142857142979, 1.385714285714285, 2.2142857142857144, 0.5428571428571425, 0.7857142857142847, 0.499999999999999, 0.5571428571428579]
2.54 [4,5,7,8] [70,71,72] [0.3000000000000007, 0.20000000000000284, 0.34999999999999787, 0.05000000000000071, 1.8000000000000007, 0.6499999999999986, 0.25000000000000355, 0.9000000000000021, 1.6999999999999993, 0.15000000000000213]
2.539 [4,6,7,8] [69,70,71,72,73,74,75,76,77,78,79] [0.33999999999999986, 0.28999999999999987, 0.30999999999999944, 0.14000000000000057, 1.2100000000000015, 0.359999999999998, 0.6500000000000015, 0.7699999999999989, 2.379999999999999, 0.3499999999999993]
2.522 [2,3,4,6] [55,56,57,58,59,60,61,62,63,64] [0.20000000000000126, 0.43333333333333474, 0.7888888888888899, 2.1666666666666665, 0.9888888888888879, 0.6666666666666659, 1.1000000000000005, 0.6999999999999997, 0.7777777777777793, 0.5444444444444427]
2.521 [4,6,7,8] [73,74,75,76,77,78,79,80] [0.3285714285714282, 0.4142857142857131, 0.3285714285714292, 0.18571428571428633, 1.2285714285714309, 0.28571428571428265, 0.7142857142857163, 0.7714285714285692, 2.328571428571427, 0.34285714285714164]
2.514 [4,6,7,8] [72,73,74,75,76,77,78,79,80,81] [0.36666666666666636, 0.3777777777777768, 0.27777777777777857, 0.17777777777777792, 1.1111111111111127, 0.3555555555555535, 0.7333333333333358, 0.6888888888888869, 2.444444444444443, 0.4222222222222211]
2.511 [2,3,4,6] [57,58,59,60,61,62,63,64,65,66] [0.28888888888888986, 0.3555555555555567, 0.6777777777777787, 2.199999999999999, 1.0111111111111097, 0.41111111111111065, 1.1333333333333344, 0.5555555555555556, 0.5000000000000016, 0.4777777777777751]
2.507 [4,6,7,8] [70,71,72,73,74,75,76,77,78,79,80,81] [0.35454545454545444, 0.3454545454545452, 0.2909090909090912, 0.1545454545454548, 1.2363636363636379, 0.4090909090909072, 0.6454545454545482, 0.727272727272726, 2.3090909090909078, 0.3727272727272722]
2.506 [3,4,6,7] [58,59,60,61,62,63,64,65,66,67] [0.3000000000000003, 0.38888888888888967, 0.5666666666666677, 2.2111111111111104, 0.7888888888888874, 0.3444444444444446, 1.2888888888888899, 0.7222222222222222, 0.5777777777777797, 0.4777777777777751]
2.5 [7] [188,189] [0.9000000000000057, 0.19999999999998863, 0.6999999999999886, 0.10000000000000853, 0.4000000000000057, 0.5, 0.5, 2.5, 0.7999999999999972, 0.7999999999999972]
2.491 [4,6,7,8] [68,69,70,71,72,73,74,75,76,77] [0.4222222222222219, 0.20000000000000048, 0.3333333333333333, 0.16666666666666666, 1.2888888888888905, 0.37777777777777605, 0.6888888888888908, 0.5999999999999991, 2.2333333333333325, 0.3555555555555543]
2.484 [4,6,7,8] [68,69,70,71,72,73,74,75,76] [0.4249999999999998, 0.20000000000000107, 0.27499999999999947, 0.17499999999999982, 1.3375000000000012, 0.41249999999999876, 0.7375000000000016, 0.6499999999999995, 2.175, 0.28749999999999876]
2.483 [7,8,9] [85,86,87] [0.15000000000000213, 0.15000000000000213, 0.3000000000000007, 0.1999999999999993, 0.6999999999999957, 0.5, 0.14999999999999503, 1.1500000000000021, 2.1999999999999993, 0.9499999999999993]
2.475 [4,6,7,8] [69,70,71,72,73,74,75,76,77,78,79,80] [0.3181818181818182, 0.3272727272727274, 0.30909090909090897, 0.16363636363636402, 1.2545454545454562, 0.34545454545454324, 0.6272727272727291, 0.7181818181818168, 2.2454545454545443, 0.3727272727272722]
2.462 [4,5,6,7] [96,97,98,99,100,101,102,103,104] [0.23749999999999982, 0.2375000000000007, 0.27499999999999947, 0.18750000000000178, 1.2125000000000004, 2.05, 0.7874999999999996, 0.8749999999999982, 0.47499999999999964, 0.4500000000000002]
2.455 [4,6,7,8] [71,72,73,74,75,76,77,78,79,80,81] [0.36000000000000015, 0.35999999999999943, 0.2600000000000001, 0.1700000000000003, 1.1100000000000017, 0.3799999999999983, 0.6900000000000027, 0.7499999999999986, 2.3599999999999985, 0.3899999999999991]
2.45 [4,5,6,7] [97,98,99,100,101,102,103,104,105,106] [0.2666666666666665, 0.23333333333333428, 0.2666666666666665, 0.20000000000000126, 1.1333333333333337, 1.8777777777777769, 1.033333333333333, 0.8555555555555543, 0.4444444444444444, 0.3888888888888889]
2.448 [4,5] [94,95,96,97,98,99,100,101,102] [0.22500000000000053, 0.1750000000000007, 0.3249999999999984, 0.22500000000000053, 1.5249999999999995, 1.9375, 0.4999999999999991, 0.7749999999999986, 0.48749999999999893, 0.5250000000000004]
2.444 [4,6,7,8] [73,74,75,76,77,78,79,80,81] [0.33749999999999947, 0.3874999999999984, 0.3000000000000007, 0.1750000000000007, 1.1000000000000014, 0.36249999999999716, 0.8000000000000025, 0.7249999999999979, 2.2624999999999984, 0.3374999999999986]
2.44 [4,6,7,8] [67,68,69,70,71,72,73,74,75] [0.3624999999999998, 0.2500000000000009, 0.34999999999999964, 0.16249999999999964, 1.262500000000001, 0.46249999999999947, 0.7000000000000011, 0.5999999999999996, 2.1875, 0.3124999999999991]
2.438 [4,6,7,8] [66,67,68,69,70,71,72,73,74,75,76,77,78] [0.3583333333333331, 0.2916666666666667, 0.43333333333333296, 0.14999999999999977, 1.158333333333335, 0.33333333333333154, 0.7916666666666673, 0.7833333333333327, 2.141666666666666, 0.34999999999999903]
2.435 [2,3,4,6] [56,57,58,59,60,61,62,63,64,65,66] [0.30000000000000143, 0.3800000000000011, 0.770000000000001, 1.9999999999999993, 0.9699999999999989, 0.5699999999999996, 1.1300000000000012, 0.6399999999999999, 0.540000000000002, 0.5199999999999975]
2.431 [4,5,6,7] [98,99,100,101,102,103,104,105,106] [0.2624999999999993, 0.20000000000000107, 0.2999999999999998, 0.21250000000000124, 1.2249999999999996, 1.7499999999999991, 1.0999999999999996, 0.7874999999999988, 0.4500000000000002, 0.375]
2.43 [2,3,4,6] [55,56,57,58,59,60,61,62,63,64,65] [0.24000000000000127, 0.3900000000000013, 0.820000000000001, 1.9699999999999995, 0.9899999999999991, 0.6299999999999997, 1.0800000000000005, 0.7199999999999995, 0.7300000000000019, 0.5499999999999978]
2.425 [3,4,6] [52,53,54,55,56,57,58,59,60,61,62] [0.2000000000000007, 0.420000000000001, 0.6300000000000011, 1.819999999999999, 1.3399999999999992, 0.6299999999999997, 1.0399999999999991, 0.6199999999999996, 0.7300000000000011, 0.529999999999999]
2.423 [4,6,7,8] [68,69,70,71,72,73,74,75,76,77,78,79] [0.35454545454545444, 0.2727272727272727, 0.3181818181818175, 0.1454545454545456, 1.2090909090909108, 0.3454545454545439, 0.7090909090909108, 0.7363636363636352, 2.1909090909090905, 0.3363636363636353]
2.418 [4,5,7] [93,94,95,96,97,98,99,100,101] [0.2375000000000007, 0.17499999999999982, 0.3124999999999991, 0.1999999999999993, 1.5750000000000002, 1.7750000000000004, 0.4624999999999986, 0.8374999999999986, 0.47499999999999876, 0.5250000000000004]
2.404 [4,6,7,8] [69,70,71,72,73] [0.3000000000000007, 0.1750000000000025, 0.2749999999999986, 0.125, 1.3000000000000007, 0.4499999999999993, 0.4750000000000014, 0.625, 2.0999999999999996, 0.4250000000000007]
2.4 [7] [186,187,188,189] [0.6999999999999981, 0.36666666666666475, 0.46666666666666856, 0.23333333333333428, 0.36666666666666475, 0.5666666666666629, 0.4666666666666662, 2.400000000000001, 0.5, 0.7999999999999972]
2.399 [3,4,6] [52,53,54,55,56,57,58,59,60,61,62,63] [0.20000000000000026, 0.4000000000000012, 0.5909090909090922, 1.7727272727272714, 1.272727272727272, 0.5818181818181817, 1.1090909090909087, 0.6090909090909087, 0.7636363636363648, 0.49090909090908946]
2.397 [4,6,7,8] [67,68,69,70,71,72,73,74,75,76,77] [0.38999999999999985, 0.23000000000000043, 0.41000000000000014, 0.15, 1.2200000000000017, 0.38999999999999846, 0.7000000000000014, 0.6199999999999989, 2.1699999999999995, 0.3599999999999987]
2.389 [4,6,7,8] [67,68,69,70,71,72,73,74,75,76] [0.3888888888888889, 0.23333333333333428, 0.36666666666666636, 0.1555555555555554, 1.2555555555555569, 0.4222222222222211, 0.7444444444444456, 0.6666666666666659, 2.111111111111111, 0.2999999999999987]
2.388 [4,6,7,8] [75,76,77,78,79] [0.27500000000000036, 0.3749999999999982, 0.4499999999999993, 0.07500000000000107, 0.9500000000000028, 0.1499999999999968, 0.7500000000000018, 1.0249999999999968, 2.049999999999999, 0.3999999999999986]
2.386 [4,6,7,8] [69,70,71,72,73,74,75,76,77,78,79,80,81] [0.3249999999999999, 0.31666666666666643, 0.2916666666666667, 0.1583333333333338, 1.1666666666666679, 0.39166666666666455, 0.6916666666666688, 0.6916666666666652, 2.208333333333332, 0.366666666666666]
2.38 [4,5,6,7] [99,100,101,102,103,104] [0.259999999999998, 0.2200000000000017, 0.4, 0.18000000000000255, 1.0999999999999985, 1.8799999999999997, 1.0799999999999996, 0.6999999999999986, 0.3, 0.35999999999999943]
2.379 [4,6,7,8] [67,68,69,70,71,72,73,74,75,76,77,78,79] [0.3333333333333333, 0.2916666666666667, 0.38333333333333286, 0.13333333333333344, 1.158333333333335, 0.3583333333333319, 0.716666666666668, 0.7416666666666654, 2.141666666666666, 0.3416666666666656]
2.373 [4,6,7,8] [66,67,68,69,70,71,72,73,74,75,76,77,78,79] [0.33846153846153837, 0.2923076923076921, 0.4230769230769225, 0.14615384615384605, 1.1076923076923093, 0.3307692307692295, 0.7923076923076932, 0.8076923076923066, 2.038461538461538, 0.34615384615384504]
2.372 [4,5,7,8] [70,71,72,73,74,75,76,77,78,79,80,81,82] [0.3333333333333333, 0.3249999999999999, 0.2666666666666669, 0.1416666666666669, 1.1666666666666679, 0.3916666666666651, 0.600000000000002, 0.7749999999999986, 2.1666666666666647, 0.4166666666666661]
2.369 [4,6,7,8] [68,69,70,71,72,73,74] [0.36666666666666714, 0.23333333333333428, 0.2666666666666657, 0.1999999999999993, 1.283333333333335, 0.39999999999999974, 0.7000000000000016, 0.5833333333333334, 2.0666666666666664, 0.31666666666666643]
2.367 [7] [187,188,189,190] [0.6333333333333352, 0.5333333333333314, 0.5666666666666629, 0.09999999999999905, 0.3333333333333381, 0.29999999999999716, 0.36666666666666475, 2.366666666666667, 0.4333333333333371, 0.7333333333333295]
2.36 [4,6,7,8] [72,73,74,75,76,77,78,79,80,81,82] [0.33999999999999986, 0.3499999999999993, 0.2500000000000007, 0.16000000000000014, 1.0400000000000014, 0.3399999999999984, 0.6700000000000017, 0.7499999999999979, 2.259999999999998, 0.46999999999999886]
2.357 [4,6,7,8] [68,69,70,71,72,73,74,75,76,77,78,79,80] [0.3333333333333333, 0.30833333333333357, 0.31666666666666643, 0.16666666666666666, 1.2500000000000018, 0.33333333333333154, 0.6833333333333353, 0.6916666666666652, 2.0833333333333326, 0.3583333333333325]
2.356 [4,5,6,7] [95,96,97,98,99,100,101,102,103] [0.23749999999999982, 0.20000000000000107, 0.29999999999999893, 0.20000000000000107, 1.2249999999999996, 2.0374999999999996, 0.6375000000000002, 0.8124999999999991, 0.47499999999999876, 0.5375000000000005]
2.35 [7] [186,187,188] [0.5999999999999943, 0.45000000000000284, 0.3500000000000085, 0.29999999999999716, 0.3499999999999943, 0.5999999999999943, 0.4499999999999993, 2.3500000000000014, 0.3500000000000014, 0.7999999999999972]
2.345 [4,5,6,7] [97,98,99,100,101,102,103,104,105,106,107] [0.25999999999999945, 0.24000000000000127, 0.25, 0.21000000000000157, 1.0400000000000005, 1.7099999999999986, 1.06, 0.8799999999999983, 0.5099999999999995, 0.36000000000000015]
2.341 [4,6,7,8] [71,72,73,74,75,76,77,78,79,80,81,82] [0.33636363636363664, 0.336363636363636, 0.2363636363636365, 0.1545454545454548, 1.0454545454545467, 0.36363636363636237, 0.6363636363636384, 0.7999999999999985, 2.1999999999999984, 0.43636363636363545]
2.338 [1,2,3] [17,18,19] [0.34999999999999787, 1.1999999999999993, 2.0, 0.8499999999999979, 0.40000000000000213, 0.24999999999999645, 0.30000000000000426, 1.1500000000000021, 0.5500000000000007, 0.1999999999999993]
2.333 [4,5,7] [273,274] [0.29999999999999716, 0.5, 0.29999999999999716, 0.09999999999999432, 1.2000000000000028, 0.0, 0.10000000000000853, 2.0999999999999943, 0.20000000000000284, 0.0]
2.323 [2,3,4,6] [57,58,59,60,61,62,63,64,65,66,67,68] [0.2818181818181826, 0.36363636363636426, 0.7363636363636371, 1.827272727272726, 0.9272727272727262, 0.38181818181818145, 1.1545454545454548, 0.6727272727272726, 0.6272727272727284, 0.4636363636363612]
2.322 [4,5,6,7] [96,97,98,99,100,101,102,103,104,105] [0.2666666666666665, 0.21111111111111175, 0.277777777777777, 0.16666666666666824, 1.1444444444444448, 1.8555555555555552, 0.8666666666666664, 0.7777777777777762, 0.4333333333333332, 0.4111111111111114]
2.319 [4,6,7,8] [68,69,70,71,72,73,74,75,76,77,78,79,80,81] [0.33846153846153837, 0.2999999999999999, 0.2999999999999999, 0.16153846153846166, 1.1692307692307706, 0.3769230769230752, 0.7384615384615407, 0.6692307692307679, 2.061538461538461, 0.35384615384615287]
2.317 [4,5,6,7] [98,99,100,101,102,103,104,105,106,107] [0.2555555555555544, 0.21111111111111253, 0.2777777777777778, 0.2222222222222238, 1.1111111111111112, 1.5777777777777766, 1.1222222222222225, 0.8222222222222205, 0.5222222222222217, 0.3444444444444446]
2.311 [4,6,7,8] [65,66,67,68,69,70,71,72,73,74,75,76,77,78,79] [0.35714285714285715, 0.27142857142857124, 0.3999999999999996, 0.15714285714285683, 1.0500000000000012, 0.3357142857142844, 0.8857142857142867, 0.7785714285714275, 1.9071428571428568, 0.37857142857142734]
2.31 [2,3,4,6] [58,59,60,61,62,63,64,65,66,67,68] [0.2800000000000004, 0.4000000000000007, 0.620000000000001, 1.989999999999999, 0.7699999999999989, 0.36000000000000015, 1.2400000000000007, 0.7299999999999998, 0.6800000000000018, 0.4699999999999974]
2.309 [4,5,7,9] [272,273] [0.10000000000000142, 0.19999999999998863, 0.3999999999999915, 0.20000000000000284, 0.9000000000000057, 0.0, 0.5, 2.1000000000000085, 0.4000000000000057, 1.0]
2.307 [4,6,7,8] [64,65,66,67,68,69,70,71,72,73,74,75,76,77,78] [0.39285714285714285, 0.25, 0.457142857142857, 0.16428571428571356, 1.085714285714287, 0.3357142857142844, 0.8928571428571433, 0.7642857142857135, 1.8714285714285717, 0.3999999999999986]
2.3 [4,6,7,8] [65,66,67,68,69,70,71,72,73,74,75,76] [0.4090909090909091, 0.2181818181818187, 0.39090909090909065, 0.18181818181818118, 1.1000000000000008, 0.3818181818181808, 0.9545454545454551, 0.7272727272727266, 1.8181818181818181, 0.3545454545454531]
2.298 [4,6] [82,83,84] [0.10000000000000142, 0.20000000000000284, 0.3999999999999986, 0.14999999999999858, 1.3500000000000014, 0.09999999999999787, 1.9000000000000021, 0.10000000000000142, 0.5000000000000036, 0.6499999999999986]
2.297 [4,5,7] [94,95,96,97,98,99,100,101,102,103] [0.2222222222222222, 0.18888888888889, 0.2999999999999987, 0.20000000000000048, 1.3666666666666663, 1.811111111111111, 0.5888888888888886, 0.7999999999999987, 0.4666666666666654, 0.5111111111111113]
2.296 [4,6,7,8] [70,71,72,73,74,75,76,77,78,79,80,81,82,83] [0.3153846153846155, 0.3153846153846155, 0.26153846153846144, 0.15384615384615385, 1.1538461538461549, 0.3692307692307679, 0.6461538461538482, 0.7230769230769218, 2.069230769230768, 0.3999999999999997]
2.293 [4,6,7,8] [70,71,72,73,74,75,76,77,78,79,80,81,82,83,84] [0.3000000000000002, 0.30714285714285744, 0.2857142857142857, 0.14285714285714285, 1.1928571428571442, 0.34999999999999837, 0.7857142857142877, 0.6785714285714276, 1.9285714285714275, 0.4499999999999993]
2.291 [4,6,7,8] [72,73,74,75,76,77,78,79,80,81,82,83] [0.3181818181818182, 0.336363636363636, 0.2454545454545457, 0.1727272727272726, 1.0363636363636375, 0.3181818181818169, 0.71818181818182, 0.6909090909090891, 2.136363636363635, 0.44545454545454466]
2.29 [4,6,7,8] [66,67,68,69,70,71,72,73,74,75,76,77,78,79,80,81] [0.32666666666666655, 0.3133333333333331, 0.39333333333333326, 0.1599999999999999, 1.086666666666668, 0.3599999999999985, 0.8066666666666682, 0.7399999999999987, 1.9466666666666659, 0.35999999999999893]
2.289 [4,6,7,8] [67,68,69,70,71,72,73,74,75,76,77,78,79,80,81] [0.32142857142857145, 0.31428571428571417, 0.35714285714285715, 0.1500000000000001, 1.12857142857143, 0.38571428571428407, 0.7428571428571448, 0.678571428571427, 2.028571428571428, 0.35714285714285615]
2.288 [4,6,7,8] [72,73,74,75,76,77,78,79,80,81,82,83,84] [0.3000000000000001, 0.3249999999999999, 0.27500000000000036, 0.15833333333333321, 1.091666666666668, 0.2999999999999983, 0.8750000000000018, 0.6416666666666652, 1.9666666666666657, 0.49999999999999883]
2.281 [3,4,6] [54,55,56,57,58,59,60,61,62,63,64] [0.2000000000000007, 0.4100000000000016, 0.7400000000000005, 1.9799999999999998, 0.9599999999999987, 0.6699999999999996, 1.0100000000000002, 0.7099999999999994, 0.7800000000000011, 0.509999999999998]
2.28 [4,6,7,8] [65,66,67,68,69,70,71,72,73,74,75] [0.38999999999999985, 0.23000000000000043, 0.3799999999999997, 0.18999999999999914, 1.0900000000000005, 0.4099999999999994, 0.9400000000000006, 0.6799999999999997, 1.85, 0.3699999999999989]
2.279 [4,6,7,8] [71,72,73,74,75,76,77,78,79,80,81,82,83] [0.31666666666666704, 0.3249999999999999, 0.2333333333333331, 0.16666666666666666, 1.0416666666666679, 0.3416666666666656, 0.6833333333333353, 0.7416666666666654, 2.0916666666666655, 0.4166666666666661]
2.277 [4,6,7,8] [71,72,73,74,75,76,77,78,79,80,81,82,83,84] [0.30000000000000043, 0.3153846153846155, 0.26153846153846144, 0.15384615384615385, 1.0923076923076935, 0.32307692307692165, 0.8307692307692327, 0.6923076923076912, 1.9384615384615376, 0.46923076923076823]
2.275 [4,6,7,8] [75,76,77] [0.5, 0.14999999999999858, 0.6500000000000021, 0.10000000000000142, 1.0500000000000043, 0.09999999999999432, 0.7000000000000028, 0.6999999999999957, 2.099999999999998, 0.5499999999999972]
2.273 [4,5,7] [92,93,94,95,96,97,98,99,100] [0.20000000000000107, 0.16249999999999964, 0.29999999999999893, 0.1874999999999991, 1.6125000000000007, 1.6000000000000005, 0.5124999999999993, 0.7249999999999996, 0.5249999999999986, 0.5125000000000002]
2.263 [4,6,7,8] [65,66,67,68,69,70,71,72,73,74,75,76,77,78,79,80] [0.3400000000000001, 0.3, 0.39333333333333326, 0.17333333333333295, 1.0933333333333346, 0.32666666666666516, 0.8533333333333346, 0.7399999999999987, 1.8399999999999996, 0.3933333333333323]
2.26 [4,6,7,8] [64,65,66,67,68,69,70,71,72,73,74,75,76,77,78,79] [0.3733333333333334, 0.25333333333333313, 0.4466666666666664, 0.15999999999999942, 1.0466666666666677, 0.33333333333333237, 0.8866666666666674, 0.7866666666666655, 1.8, 0.3933333333333318]
2.258 [2,3,4,6] [57,58,59,60,61,62,63,64,65,66,67,68,69] [0.3000000000000007, 0.3416666666666674, 0.7083333333333339, 1.6916666666666653, 0.9499999999999993, 0.36666666666666653, 1.1666666666666672, 0.6499999999999998, 0.6000000000000014, 0.44166666666666404]
2.257 [4,6,7,8] [67,68,69,70,71,72,73,74] [0.3285714285714292, 0.27142857142857224, 0.3857142857142851, 0.17142857142857082, 1.1857142857142873, 0.4142857142857141, 0.7142857142857153, 0.6142857142857139, 2.0, 0.3285714285714282]
2.25 [7] [186,187,188,189,190] [0.5749999999999993, 0.5, 0.4499999999999993, 0.22499999999999787, 0.3500000000000014, 0.47499999999999787, 0.42499999999999893, 2.25, 0.45000000000000284, 0.7499999999999964]
2.245 [4,5,6,7] [96,97,98,99,100,101,102,103,104,105,106] [0.2700000000000003, 0.21000000000000085, 0.25999999999999945, 0.18000000000000113, 1.0500000000000007, 1.689999999999999, 0.9399999999999998, 0.8099999999999987, 0.4799999999999997, 0.41000000000000014]
2.241 [4,5,6,7] [97,98,99,100,101,102,103,104,105,106,107,108] [0.24545454545454443, 0.245454545454547, 0.24545454545454506, 0.2000000000000009, 1.0272727272727276, 1.5545454545454533, 1.063636363636364, 0.8363636363636346, 0.5454545454545449, 0.33636363636363664]
2.24 [4,6,7,8] [69,70,71,72,73,74,75,76,77,78,79,80,81,82,83,84] [0.2800000000000002, 0.28666666666666696, 0.28666666666666646, 0.14666666666666686, 1.140000000000001, 0.3399999999999982, 0.8133333333333349, 0.6533333333333322, 1.8733333333333324, 0.43999999999999917]
2.239 [4,5,6,7] [95,96,97,98,99,100,101,102,103,104] [0.2666666666666665, 0.21111111111111175, 0.28888888888888825, 0.20000000000000126, 1.0999999999999999, 1.8444444444444446, 0.7222222222222222, 0.81111111111111, 0.44444444444444364, 0.47777777777777825]
2.238 [4,5,7,9] [95,96,97,98,99] [0.27500000000000213, 0.1999999999999993, 0.14999999999999858, 0.22499999999999964, 1.1000000000000014, 1.8000000000000007, 0.27500000000000036, 0.9499999999999993, 0.6249999999999982, 0.6250000000000018]
2.236 [4,6,7,8] [73,74,75,76,77,78,79,80,81,82,83,84] [0.2727272727272727, 0.32727272727272677, 0.2909090909090912, 0.1545454545454548, 1.081818181818183, 0.2999999999999978, 0.9363636363636381, 0.6636363636363621, 1.79090909090909, 0.44545454545454405]
2.235 [4,6,7,8] [73,74,75,76,77,78,79,80,81,82,83] [0.28999999999999987, 0.33999999999999914, 0.2600000000000001, 0.1700000000000003, 1.020000000000001, 0.3199999999999982, 0.7700000000000017, 0.7199999999999982, 1.9599999999999986, 0.379999999999999]
2.23 [4,6,7,8] [75,76,77,78,79,80] [0.24000000000000057, 0.43999999999999917, 0.42000000000000026, 0.14000000000000057, 1.1000000000000028, 0.1599999999999966, 0.6800000000000026, 0.8599999999999965, 1.819999999999999, 0.43999999999999917]
2.227 [4,5,7] [272,273,274] [0.1999999999999993, 0.3499999999999943, 0.3499999999999943, 0.14999999999999858, 1.0500000000000043, 0.0, 0.30000000000000426, 2.1000000000000014, 0.30000000000000426, 0.5]
2.223 [4,6,7,8] [64,65,66,67,68,69,70,71,72,73,74,75,76,77] [0.4230769230769231, 0.20000000000000012, 0.4769230769230771, 0.17692307692307616, 1.076923076923078, 0.35384615384615287, 0.9000000000000008, 0.6999999999999991, 1.7692307692307692, 0.41538461538461363]
2.222 [4,6,7,8] [66,67,68,69,70,71,72,73,74,75,76,77,78,79,80,81,82] [0.3125, 0.2999999999999998, 0.3687499999999999, 0.1499999999999999, 1.043750000000001, 0.34999999999999876, 0.7625000000000011, 0.7749999999999986, 1.862499999999999, 0.39374999999999893]
2.219 [4,6,7,8] [64,65,66,67,68,69,70,71,72,73,74,75,76,77,78,79,80] [0.3562500000000002, 0.28125, 0.4375, 0.17499999999999938, 1.0875000000000012, 0.32499999999999885, 0.8562500000000011, 0.7499999999999987, 1.74375, 0.40624999999999867]
