[Score] [Station index] [Time slots] 
2.343 [3,5,7,8] [36,37,38,39,40,41,42,43,44,45,46,47,48,49,50,51,52,53,54,55,56,57,58,59,60,61,62,63,64,65,66,67,68,69,70,71,72,73,74,75,76,77,78,79,80,81,82,83,84,85,86,87,88,89,90,91,92,93,94,95,96,97,98,99,100,101,102] [0.993, 1.127, 1.02, 1.118, 1.094, 1.155, 1.09, 1.174, 1.239, 1.025] 
[25.458333333333332, 26.149999999999995, 30.508333333333336, 32.37500000000001, 35.225, 31.13333333333333, 32.37499999999999, 29.125, 35.9, 39.34166666666667]
2.341 [3,5,7,8] [35,36,37,38,39,40,41,42,43,44,45,46,47,48,49,50,51,52,53,54,55,56,57,58,59,60,61,62,63,64,65,66,67,68,69,70,71,72,73,74,75,76,77,78,79,80,81,82,83,84,85,86,87,88,89,90,91,92,93,94,95,96,97,98,99,100,101,102] [0.994, 1.128, 1.019, 1.118, 1.099, 1.155, 1.091, 1.174, 1.235, 1.028] 
[25.441666666666663, 26.074999999999992, 30.525000000000006, 32.325, 35.03333333333333, 31.066666666666663, 32.30833333333333, 29.083333333333332, 35.90833333333333, 39.21666666666667]
2.34 [3,5,7,8] [39,40,41,42,43,44,45,46,47,48,49,50,51,52,53,54,55,56,57,58,59,60,61,62,63,64,65,66,67,68,69,70,71,72,73,74,75,76,77,78,79,80,81,82,83,84,85,86,87,88,89,90,91,92,93,94,95,96,97,98,99,100] [1.004, 1.125, 1.015, 1.121, 1.084, 1.145, 1.08, 1.174, 1.24, 1.013] 
[25.433333333333337, 26.28333333333333, 30.575, 32.541666666666664, 35.791666666666664, 31.316666666666666, 32.675, 29.275000000000002, 36.05, 39.699999999999996]
2.332 [3,5,7,8] [36,37,38,39,40,41,42,43,44,45,46,47,48,49,50,51,52,53,54,55,56,57,58,59,60,61,62,63,64,65,66,67,68,69,70,71,72,73,74,75,76,77,78,79,80,81,82,83,84,85,86,87,88,89,90,91,92,93,94,95,96,97,98,99] [1.007, 1.124, 1.015, 1.123, 1.101, 1.139, 1.086, 1.172, 1.23, 1.021] 
[25.458333333333332, 26.149999999999995, 30.508333333333336, 32.37500000000001, 35.225, 31.13333333333333, 32.37499999999999, 29.125, 35.9, 39.34166666666667]
2.33 [3,5,7,8] [35,36,37,38,39,40,41,42,43,44,45,46,47,48,49,50,51,52,53,54,55,56,57,58,59,60,61,62,63,64,65,66,67,68,69,70,71,72,73,74,75,76,77,78,79,80,81,82,83,84,85,86,87,88,89,90,91,92,93,94,95,96,97,98,99] [1.007, 1.126, 1.014, 1.123, 1.106, 1.139, 1.087, 1.171, 1.226, 1.024] 
[25.441666666666663, 26.074999999999992, 30.525000000000006, 32.325, 35.03333333333333, 31.066666666666663, 32.30833333333333, 29.083333333333332, 35.90833333333333, 39.21666666666667]
2.329 [3,5,7,8] [34,35,36,37,38,39,40,41,42,43,44,45,46,47,48,49,50,51,52,53,54,55,56,57,58,59,60,61,62,63,64,65,66,67,68,69,70,71,72,73,74,75,76,77,78,79,80,81,82,83,84,85,86,87,88,89,90,91,92,93,94,95,96,97,98,99] [1.009, 1.127, 1.013, 1.123, 1.111, 1.14, 1.088, 1.169, 1.225, 1.027] 
[25.399999999999995, 26.016666666666662, 30.54166666666667, 32.266666666666666, 34.84166666666666, 30.991666666666664, 32.24166666666667, 29.066666666666666, 35.84166666666666, 39.1]
2.327 [0,1,2,3] [177,178,179,180,181,182,183,184,185,186,187,188,189,190,191,192,193,194,195,196,197,198,199,200,201,202,203,204,205,206,207,208,209,210,211,212,213,214,215,216,217,218,219,220,221,222,223,224,225,226,227,228,229,230,231,232,233,234,235,236,237,238,239,240,241,242,243,244,245,246,247,248] [1.18, 1.185, 1.204, 1.084, 1.061, 1.002, 0.969, 0.927, 0.896, 0.904] 
[17.350000000000005, 18.474999999999998, 19.941666666666666, 20.3, 18.741666666666664, 19.9, 16.908333333333335, 24.308333333333337, 25.474999999999998, 28.075]
2.326 [0,1,2,3] [174,175,176,177,178,179,180,181,182,183,184,185,186,187,188,189,190,191,192,193,194,195,196,197,198,199,200,201,202,203,204,205,206,207,208,209,210,211,212,213,214,215,216,217,218,219,220,221,222,223,224,225,226,227,228,229,230,231,232,233,234,235,236,237,238,239,240,241,242,243] [1.18, 1.192, 1.195, 1.084, 1.058, 0.996, 0.962, 0.92, 0.884, 0.895] 
[17.158333333333335, 18.23333333333333, 19.94166666666667, 20.158333333333335, 18.716666666666665, 19.974999999999998, 17.041666666666668, 24.583333333333332, 25.974999999999998, 28.566666666666663]
2.325 [0,1,2,3] [174,175,176,177,178,179,180,181,182,183,184,185,186,187,188,189,190,191,192,193,194,195,196,197,198,199,200,201,202,203,204,205,206,207,208,209,210,211,212,213,214,215,216,217,218,219,220,221,222,223,224,225,226,227,228,229,230,231,232,233,234,235,236,237,238,239,240,241,242] [1.179, 1.192, 1.195, 1.083, 1.057, 0.996, 0.962, 0.921, 0.885, 0.896] 
[17.158333333333335, 18.23333333333333, 19.94166666666667, 20.158333333333335, 18.716666666666665, 19.974999999999998, 17.041666666666668, 24.583333333333332, 25.974999999999998, 28.566666666666663]
2.324 [0,1,2,3] [173,174,175,176,177,178,179,180,181,182,183,184,185,186,187,188,189,190,191,192,193,194,195,196,197,198,199,200,201,202,203,204,205,206,207,208,209,210,211,212,213,214,215,216,217,218,219,220,221,222,223,224,225,226,227,228,229,230,231,232,233,234,235,236,237,238,239,240,241,242] [1.179, 1.194, 1.19, 1.085, 1.056, 0.993, 0.958, 0.919, 0.877, 0.891] 
[17.116666666666667, 18.166666666666668, 19.975000000000005, 20.1, 18.724999999999998, 20.024999999999995, 17.11666666666667, 24.658333333333335, 26.233333333333334, 28.75]
2.323 [0,1,2,3] [178,179,180,181,182,183,184,185,186,187,188,189,190,191,192,193,194,195,196,197,198,199,200,201,202,203,204,205,206,207,208,209,210,211,212,213,214,215,216,217,218,219,220,221,222,223,224,225,226,227,228,229,230,231,232,233,234,235,236,237,238,239,240,241,242,243,244,245,246,247,248] [1.177, 1.181, 1.204, 1.084, 1.062, 1.005, 0.973, 0.927, 0.902, 0.909] 
[17.425, 18.566666666666666, 19.991666666666667, 20.325000000000003, 18.741666666666664, 19.849999999999998, 16.84166666666667, 24.274999999999995, 25.274999999999995, 27.875]
2.322 [0,1,2,3] [174,175,176,177,178,179,180,181,182,183,184,185,186,187,188,189,190,191,192,193,194,195,196,197,198,199,200,201,202,203,204,205,206,207,208,209,210,211,212,213,214,215,216,217,218,219,220,221,222,223,224,225,226,227,228,229,230,231,232,233,234,235,236,237,238,239,240,241] [1.177, 1.191, 1.194, 1.082, 1.057, 0.996, 0.961, 0.921, 0.885, 0.897] 
[17.158333333333335, 18.23333333333333, 19.94166666666667, 20.158333333333335, 18.716666666666665, 19.974999999999998, 17.041666666666668, 24.583333333333332, 25.974999999999998, 28.566666666666663]
2.321 [0,1,2,3] [173,174,175,176,177,178,179,180,181,182,183,184,185,186,187,188,189,190,191,192,193,194,195,196,197,198,199,200,201,202,203,204,205,206,207,208,209,210,211,212,213,214,215,216,217,218,219,220,221,222,223,224,225,226,227,228,229,230,231,232,233,234,235,236,237,238,239,240,241] [1.177, 1.192, 1.189, 1.084, 1.056, 0.993, 0.957, 0.919, 0.877, 0.892] 
[17.116666666666667, 18.166666666666668, 19.975000000000005, 20.1, 18.724999999999998, 20.024999999999995, 17.11666666666667, 24.658333333333335, 26.233333333333334, 28.75]
2.32 [0,1,2,3] [179,180,181,182,183,184,185,186,187,188,189,190,191,192,193,194,195,196,197,198,199,200,201,202,203,204,205,206,207,208,209,210,211,212,213,214,215,216,217,218,219,220,221,222,223,224,225,226,227,228,229,230,231,232,233,234,235,236,237,238,239,240,241,242,243,244,245,246,247,248,249,250] [1.175, 1.176, 1.205, 1.084, 1.064, 1.008, 0.975, 0.928, 0.908, 0.912] 
[17.516666666666666, 18.675, 20.025000000000002, 20.36666666666667, 18.741666666666667, 19.791666666666664, 16.8, 24.225000000000005, 25.066666666666663, 27.7]
2.319 [0,1,2,3] [178,179,180,181,182,183,184,185,186,187,188,189,190,191,192,193,194,195,196,197,198,199,200,201,202,203,204,205,206,207,208,209,210,211,212,213,214,215,216,217,218,219,220,221,222,223,224,225,226,227,228,229,230,231,232,233,234,235,236,237,238,239,240,241,242,243,244,245] [1.173, 1.18, 1.203, 1.081, 1.06, 1.004, 0.974, 0.928, 0.904, 0.912] 
[17.425, 18.566666666666666, 19.991666666666667, 20.325000000000003, 18.741666666666664, 19.849999999999998, 16.84166666666667, 24.274999999999995, 25.274999999999995, 27.875]
2.318 [0,1,2,3] [174,175,176,177,178,179,180,181,182,183,184,185,186,187,188,189,190,191,192,193,194,195,196,197,198,199,200,201,202,203,204,205,206,207,208,209,210,211,212,213,214,215,216,217,218,219,220,221,222,223,224,225,226,227,228,229,230,231,232,233,234,235,236,237,238,239] [1.174, 1.188, 1.193, 1.08, 1.056, 0.995, 0.96, 0.922, 0.886, 0.899] 
[17.158333333333335, 18.23333333333333, 19.94166666666667, 20.158333333333335, 18.716666666666665, 19.974999999999998, 17.041666666666668, 24.583333333333332, 25.974999999999998, 28.566666666666663]
2.317 [0,1,2,3] [179,180,181,182,183,184,185,186,187,188,189,190,191,192,193,194,195,196,197,198,199,200,201,202,203,204,205,206,207,208,209,210,211,212,213,214,215,216,217,218,219,220,221,222,223,224,225,226,227,228,229,230,231,232,233,234,235,236,237,238,239,240,241,242,243,244,245,246,247] [1.172, 1.176, 1.204, 1.082, 1.062, 1.008, 0.976, 0.929, 0.91, 0.915] 
[17.516666666666666, 18.675, 20.025000000000002, 20.36666666666667, 18.741666666666667, 19.791666666666664, 16.8, 24.225000000000005, 25.066666666666663, 27.7]
2.316 [0,1,2,3] [175,176,177,178,179,180,181,182,183,184,185,186,187,188,189,190,191,192,193,194,195,196,197,198,199,200,201,202,203,204,205,206,207,208,209,210,211,212,213,214,215,216,217,218,219,220,221,222,223,224,225,226,227,228,229,230,231,232,233,234,235,236,237,238,239] [1.172, 1.185, 1.196, 1.078, 1.057, 0.997, 0.962, 0.926, 0.893, 0.903] 
[17.216666666666672, 18.316666666666666, 19.933333333333337, 20.225, 18.724999999999998, 19.933333333333334, 16.991666666666667, 24.458333333333332, 25.766666666666666, 28.408333333333328]
2.315 [0,1,2,3] [180,181,182,183,184,185,186,187,188,189,190,191,192,193,194,195,196,197,198,199,200,201,202,203,204,205,206,207,208,209,210,211,212,213,214,215,216,217,218,219,220,221,222,223,224,225,226,227,228,229,230,231,232,233,234,235,236,237,238,239,240,241,242,243,244,245,246,247,248,249,250,251] [1.172, 1.17, 1.206, 1.083, 1.067, 1.013, 0.977, 0.93, 0.916, 0.916] 
[17.60833333333333, 18.808333333333334, 20.058333333333334, 20.416666666666668, 18.708333333333332, 19.716666666666665, 16.775000000000002, 24.15833333333333, 24.84166666666667, 27.525000000000002]
2.314 [0,1,2,3] [178,179,180,181,182,183,184,185,186,187,188,189,190,191,192,193,194,195,196,197,198,199,200,201,202,203,204,205,206,207,208,209,210,211,212,213,214,215,216,217,218,219,220,221,222,223,224,225,226,227,228,229,230,231,232,233,234,235,236,237,238,239,240,241] [1.168, 1.178, 1.203, 1.078, 1.059, 1.003, 0.971, 0.93, 0.907, 0.916] 
[17.425, 18.566666666666666, 19.991666666666667, 20.325000000000003, 18.741666666666664, 19.849999999999998, 16.84166666666667, 24.274999999999995, 25.274999999999995, 27.875]
2.313 [0,1,2,3] [175,176,177,178,179,180,181,182,183,184,185,186,187,188,189,190,191,192,193,194,195,196,197,198,199,200,201,202,203,204,205,206,207,208,209,210,211,212,213,214,215,216,217,218,219,220,221,222,223,224,225,226,227,228,229,230,231,232,233,234,235,236,237,238] [1.171, 1.184, 1.194, 1.076, 1.056, 0.997, 0.962, 0.927, 0.893, 0.904] 
[17.216666666666672, 18.316666666666666, 19.933333333333337, 20.225, 18.724999999999998, 19.933333333333334, 16.991666666666667, 24.458333333333332, 25.766666666666666, 28.408333333333328]
2.312 [0,1,2,3] [172,173,174,175,176,177,178,179,180,181,182,183,184,185,186,187,188,189,190,191,192,193,194,195,196,197,198,199,200,201,202,203,204,205,206,207,208,209,210,211,212,213,214,215,216,217,218,219,220,221,222,223,224,225,226,227,228,229,230,231,232,233,234,235,236,237] [1.173, 1.189, 1.179, 1.082, 1.052, 0.989, 0.949, 0.922, 0.872, 0.89] 
[17.066666666666666, 18.108333333333338, 20.008333333333336, 20.058333333333334, 18.75, 20.074999999999996, 17.24166666666667, 24.65833333333333, 26.474999999999998, 28.950000000000003]
2.311 [0,1,2,3] [179,180,181,182,183,184,185,186,187,188,189,190,191,192,193,194,195,196,197,198,199,200,201,202,203,204,205,206,207,208,209,210,211,212,213,214,215,216,217,218,219,220,221,222,223,224,225,226,227,228,229,230,231,232,233,234,235,236,237,238,239,240,241,242] [1.165, 1.175, 1.204, 1.077, 1.06, 1.006, 0.974, 0.931, 0.913, 0.92] 
[17.516666666666666, 18.675, 20.025000000000002, 20.36666666666667, 18.741666666666667, 19.791666666666664, 16.8, 24.225000000000005, 25.066666666666663, 27.7]
2.31 [0,1,2,3] [176,177,178,179,180,181,182,183,184,185,186,187,188,189,190,191,192,193,194,195,196,197,198,199,200,201,202,203,204,205,206,207,208,209,210,211,212,213,214,215,216,217,218,219,220,221,222,223,224,225,226,227,228,229,230,231,232,233,234,235,236,237] [1.168, 1.182, 1.196, 1.074, 1.056, 0.997, 0.962, 0.93, 0.898, 0.909] 
[17.283333333333335, 18.375, 19.933333333333334, 20.26666666666667, 18.741666666666664, 19.924999999999994, 16.96666666666667, 24.36666666666667, 25.616666666666664, 28.249999999999996]
2.309 [0,1,2,3] [180,181,182,183,184,185,186,187,188,189,190,191,192,193,194,195,196,197,198,199,200,201,202,203,204,205,206,207,208,209,210,211,212,213,214,215,216,217,218,219,220,221,222,223,224,225,226,227,228,229,230,231,232,233,234,235,236,237,238,239,240,241,242,243,244,245] [1.165, 1.169, 1.205, 1.078, 1.064, 1.011, 0.977, 0.931, 0.92, 0.922] 
[17.60833333333333, 18.808333333333334, 20.058333333333334, 20.416666666666668, 18.708333333333332, 19.716666666666665, 16.775000000000002, 24.15833333333333, 24.84166666666667, 27.525000000000002]
2.308 [0,1,2,3] [176,177,178,179,180,181,182,183,184,185,186,187,188,189,190,191,192,193,194,195,196,197,198,199,200,201,202,203,204,205,206,207,208,209,210,211,212,213,214,215,216,217,218,219,220,221,222,223,224,225,226,227,228,229,230,231,232,233,234,235,236] [1.167, 1.181, 1.194, 1.073, 1.056, 0.996, 0.962, 0.93, 0.898, 0.91] 
[17.283333333333335, 18.375, 19.933333333333334, 20.26666666666667, 18.741666666666664, 19.924999999999994, 16.96666666666667, 24.36666666666667, 25.616666666666664, 28.249999999999996]
2.307 [0,1,2,3] [181,182,183,184,185,186,187,188,189,190,191,192,193,194,195,196,197,198,199,200,201,202,203,204,205,206,207,208,209,210,211,212,213,214,215,216,217,218,219,220,221,222,223,224,225,226,227,228,229,230,231,232,233,234,235,236,237,238,239,240,241,242,243,244,245,246,247,248,249,250] [1.166, 1.162, 1.205, 1.081, 1.068, 1.014, 0.978, 0.931, 0.926, 0.922] 
[17.7, 18.958333333333332, 20.116666666666667, 20.458333333333332, 18.700000000000003, 19.683333333333334, 16.758333333333333, 24.108333333333334, 24.575, 27.366666666666664]
2.306 [0,1,2,3] [175,176,177,178,179,180,181,182,183,184,185,186,187,188,189,190,191,192,193,194,195,196,197,198,199,200,201,202,203,204,205,206,207,208,209,210,211,212,213,214,215,216,217,218,219,220,221,222,223,224,225,226,227,228,229,230,231,232,233,234,235] [1.168, 1.18, 1.191, 1.073, 1.056, 0.995, 0.961, 0.927, 0.894, 0.906] 
[17.216666666666672, 18.316666666666666, 19.933333333333337, 20.225, 18.724999999999998, 19.933333333333334, 16.991666666666667, 24.458333333333332, 25.766666666666666, 28.408333333333328]
2.305 [0,1,2,3] [180,181,182,183,184,185,186,187,188,189,190,191,192,193,194,195,196,197,198,199,200,201,202,203,204,205,206,207,208,209,210,211,212,213,214,215,216,217,218,219,220,221,222,223,224,225,226,227,228,229,230,231,232,233,234,235,236,237,238,239,240,241,242] [1.161, 1.168, 1.205, 1.076, 1.063, 1.01, 0.976, 0.933, 0.922, 0.925] 
[17.60833333333333, 18.808333333333334, 20.058333333333334, 20.416666666666668, 18.708333333333332, 19.716666666666665, 16.775000000000002, 24.15833333333333, 24.84166666666667, 27.525000000000002]
2.304 [0,1,2,3] [182,183,184,185,186,187,188,189,190,191,192,193,194,195,196,197,198,199,200,201,202,203,204,205,206,207,208,209,210,211,212,213,214,215,216,217,218,219,220,221,222,223,224,225,226,227,228,229,230,231,232,233,234,235,236,237,238,239,240,241,242,243,244,245,246,247,248,249,250,251,252,253] [1.165, 1.156, 1.203, 1.084, 1.07, 1.016, 0.98, 0.932, 0.937, 0.922] 
[17.791666666666668, 19.075, 20.2, 20.474999999999998, 18.708333333333336, 19.675, 16.716666666666665, 24.041666666666668, 24.25, 27.233333333333334]
2.303 [0,1,2,3] [176,177,178,179,180,181,182,183,184,185,186,187,188,189,190,191,192,193,194,195,196,197,198,199,200,201,202,203,204,205,206,207,208,209,210,211,212,213,214,215,216,217,218,219,220,221,222,223,224,225,226,227,228,229,230,231,232,233,234] [1.164, 1.177, 1.193, 1.071, 1.055, 0.995, 0.961, 0.93, 0.898, 0.911] 
[17.283333333333335, 18.375, 19.933333333333334, 20.26666666666667, 18.741666666666664, 19.924999999999994, 16.96666666666667, 24.36666666666667, 25.616666666666664, 28.249999999999996]
2.302 [0,1,2,3] [178,179,180,181,182,183,184,185,186,187,188,189,190,191,192,193,194,195,196,197,198,199,200,201,202,203,204,205,206,207,208,209,210,211,212,213,214,215,216,217,218,219,220,221,222,223,224,225,226,227,228,229,230,231,232,233,234,235,236] [1.161, 1.173, 1.197, 1.072, 1.058, 1.0, 0.969, 0.932, 0.909, 0.92] 
[17.425, 18.566666666666666, 19.991666666666667, 20.325000000000003, 18.741666666666664, 19.849999999999998, 16.84166666666667, 24.274999999999995, 25.274999999999995, 27.875]
2.301 [0,1,2,3] [182,183,184,185,186,187,188,189,190,191,192,193,194,195,196,197,198,199,200,201,202,203,204,205,206,207,208,209,210,211,212,213,214,215,216,217,218,219,220,221,222,223,224,225,226,227,228,229,230,231,232,233,234,235,236,237,238,239,240,241,242,243,244,245,246,247,248,249] [1.161, 1.157, 1.202, 1.081, 1.068, 1.014, 0.98, 0.933, 0.94, 0.927] 
[17.791666666666668, 19.075, 20.2, 20.474999999999998, 18.708333333333336, 19.675, 16.716666666666665, 24.041666666666668, 24.25, 27.233333333333334]
2.3 [0,1,2,3] [174,175,176,177,178,179,180,181,182,183,184,185,186,187,188,189,190,191,192,193,194,195,196,197,198,199,200,201,202,203,204,205,206,207,208,209,210,211,212,213,214,215,216,217,218,219,220,221,222,223,224,225,226,227,228,229,230,231,232] [1.165, 1.178, 1.184, 1.072, 1.054, 0.991, 0.957, 0.924, 0.888, 0.905] 
[17.158333333333335, 18.23333333333333, 19.94166666666667, 20.158333333333335, 18.716666666666665, 19.974999999999998, 17.041666666666668, 24.583333333333332, 25.974999999999998, 28.566666666666663]
2.299 [5,7,8,9] [40,41,42,43,44,45,46,47,48,49,50,51,52,53,54,55,56,57,58,59,60,61,62,63,64,65,66,67,68,69,70,71,72,73,74,75,76,77,78,79,80,81,82,83,84,85,86,87,88,89,90,91,92,93,94,95,96,97,98,99,100,101,102,103,104,105] [0.981, 1.127, 1.022, 1.111, 1.068, 1.153, 1.088, 1.177, 1.253, 1.015] 
[25.41666666666667, 26.308333333333326, 30.599999999999998, 32.60833333333333, 35.96666666666666, 31.366666666666664, 32.791666666666664, 29.358333333333334, 36.15833333333333, 39.85833333333333]
2.298 [0,1,2,3] [183,184,185,186,187,188,189,190,191,192,193,194,195,196,197,198,199,200,201,202,203,204,205,206,207,208,209,210,211,212,213,214,215,216,217,218,219,220,221,222,223,224,225,226,227,228,229,230,231,232,233,234,235,236,237,238,239,240,241,242,243,244,245,246,247,248,249,250,251,252,253,254] [1.16, 1.149, 1.201, 1.086, 1.07, 1.014, 0.983, 0.937, 0.951, 0.923] 
[17.891666666666666, 19.208333333333332, 20.283333333333335, 20.475, 18.74166666666667, 19.708333333333336, 16.666666666666664, 23.89166666666667, 23.866666666666664, 27.133333333333336]
2.297 [0,1,2,3] [182,183,184,185,186,187,188,189,190,191,192,193,194,195,196,197,198,199,200,201,202,203,204,205,206,207,208,209,210,211,212,213,214,215,216,217,218,219,220,221,222,223,224,225,226,227,228,229,230,231,232,233,234,235,236,237,238,239,240,241,242,243,244,245,246] [1.158, 1.156, 1.202, 1.078, 1.066, 1.014, 0.98, 0.934, 0.942, 0.93] 
[17.791666666666668, 19.075, 20.2, 20.474999999999998, 18.708333333333336, 19.675, 16.716666666666665, 24.041666666666668, 24.25, 27.233333333333334]
2.296 [0,1,2,3] [171,172,173,174,175,176,177,178,179,180,181,182,183,184,185,186,187,188,189,190,191,192,193,194,195,196,197,198,199,200,201,202,203,204,205,206,207,208,209,210,211,212,213,214,215,216,217,218,219,220,221,222,223,224,225,226,227,228,229,230,231] [1.166, 1.181, 1.169, 1.075, 1.046, 0.984, 0.939, 0.926, 0.871, 0.89] 
[17.008333333333333, 18.041666666666668, 20.025000000000002, 20.033333333333335, 18.799999999999997, 20.116666666666664, 17.383333333333336, 24.641666666666662, 26.625, 29.191666666666666]
2.295 [0,1,2,3] [181,182,183,184,185,186,187,188,189,190,191,192,193,194,195,196,197,198,199,200,201,202,203,204,205,206,207,208,209,210,211,212,213,214,215,216,217,218,219,220,221,222,223,224,225,226,227,228,229,230,231,232,233,234,235,236,237,238,239,240] [1.154, 1.158, 1.204, 1.073, 1.064, 1.011, 0.975, 0.935, 0.933, 0.931] 
[17.7, 18.958333333333332, 20.116666666666667, 20.458333333333332, 18.700000000000003, 19.683333333333334, 16.758333333333333, 24.108333333333334, 24.575, 27.366666666666664]
2.294 [0,1,2,3] [183,184,185,186,187,188,189,190,191,192,193,194,195,196,197,198,199,200,201,202,203,204,205,206,207,208,209,210,211,212,213,214,215,216,217,218,219,220,221,222,223,224,225,226,227,228,229,230,231,232,233,234,235,236,237,238,239,240,241,242,243,244,245,246,247,248,249] [1.156, 1.15, 1.2, 1.082, 1.067, 1.013, 0.983, 0.938, 0.955, 0.929] 
[17.891666666666666, 19.208333333333332, 20.283333333333335, 20.475, 18.74166666666667, 19.708333333333336, 16.666666666666664, 23.89166666666667, 23.866666666666664, 27.133333333333336]
2.293 [0,1,2,3] [182,183,184,185,186,187,188,189,190,191,192,193,194,195,196,197,198,199,200,201,202,203,204,205,206,207,208,209,210,211,212,213,214,215,216,217,218,219,220,221,222,223,224,225,226,227,228,229,230,231,232,233,234,235,236,237,238,239,240,241,242] [1.153, 1.155, 1.202, 1.075, 1.065, 1.013, 0.979, 0.936, 0.945, 0.933] 
[17.791666666666668, 19.075, 20.2, 20.474999999999998, 18.708333333333336, 19.675, 16.716666666666665, 24.041666666666668, 24.25, 27.233333333333334]
2.292 [0,1,2,3] [183,184,185,186,187,188,189,190,191,192,193,194,195,196,197,198,199,200,201,202,203,204,205,206,207,208,209,210,211,212,213,214,215,216,217,218,219,220,221,222,223,224,225,226,227,228,229,230,231,232,233,234,235,236,237,238,239,240,241,242,243,244,245,246,247] [1.155, 1.15, 1.199, 1.08, 1.065, 1.012, 0.983, 0.939, 0.957, 0.931] 
[17.891666666666666, 19.208333333333332, 20.283333333333335, 20.475, 18.74166666666667, 19.708333333333336, 16.666666666666664, 23.89166666666667, 23.866666666666664, 27.133333333333336]
2.291 [0,1,2,3] [183,184,185,186,187,188,189,190,191,192,193,194,195,196,197,198,199,200,201,202,203,204,205,206,207,208,209,210,211,212,213,214,215,216,217,218,219,220,221,222,223,224,225,226,227,228,229,230,231,232,233,234,235,236,237,238,239,240,241,242,243,244,245,246] [1.153, 1.15, 1.199, 1.08, 1.065, 1.012, 0.983, 0.939, 0.958, 0.932] 
[17.891666666666666, 19.208333333333332, 20.283333333333335, 20.475, 18.74166666666667, 19.708333333333336, 16.666666666666664, 23.89166666666667, 23.866666666666664, 27.133333333333336]
2.29 [0,1,2,3] [180,181,182,183,184,185,186,187,188,189,190,191,192,193,194,195,196,197,198,199,200,201,202,203,204,205,206,207,208,209,210,211,212,213,214,215,216,217,218,219,220,221,222,223,224,225,226,227,228,229,230,231,232,233,234,235] [1.152, 1.161, 1.199, 1.069, 1.061, 1.007, 0.972, 0.935, 0.925, 0.931] 
[17.60833333333333, 18.808333333333334, 20.058333333333334, 20.416666666666668, 18.708333333333332, 19.716666666666665, 16.775000000000002, 24.15833333333333, 24.84166666666667, 27.525000000000002]
2.289 [0,1,2,3] [179,180,181,182,183,184,185,186,187,188,189,190,191,192,193,194,195,196,197,198,199,200,201,202,203,204,205,206,207,208,209,210,211,212,213,214,215,216,217,218,219,220,221,222,223,224,225,226,227,228,229,230,231,232] [1.153, 1.162, 1.195, 1.067, 1.057, 1.002, 0.969, 0.934, 0.917, 0.929] 
[17.516666666666666, 18.675, 20.025000000000002, 20.36666666666667, 18.741666666666667, 19.791666666666664, 16.8, 24.225000000000005, 25.066666666666663, 27.7]
2.288 [0,1,2,3] [184,185,186,187,188,189,190,191,192,193,194,195,196,197,198,199,200,201,202,203,204,205,206,207,208,209,210,211,212,213,214,215,216,217,218,219,220,221,222,223,224,225,226,227,228,229,230,231,232,233,234,235,236,237,238,239,240,241,242,243,244,245,246,247,248,249] [1.151, 1.145, 1.197, 1.083, 1.064, 1.011, 0.986, 0.945, 0.971, 0.931] 
[18.0, 19.333333333333336, 20.366666666666667, 20.475, 18.791666666666668, 19.741666666666667, 16.616666666666667, 23.71666666666667, 23.491666666666664, 27.05]
2.287 [0,1,2,3] [183,184,185,186,187,188,189,190,191,192,193,194,195,196,197,198,199,200,201,202,203,204,205,206,207,208,209,210,211,212,213,214,215,216,217,218,219,220,221,222,223,224,225,226,227,228,229,230,231,232,233,234,235,236,237,238,239,240,241,242] [1.148, 1.149, 1.2, 1.076, 1.064, 1.011, 0.982, 0.941, 0.96, 0.936] 
[17.891666666666666, 19.208333333333332, 20.283333333333335, 20.475, 18.74166666666667, 19.708333333333336, 16.666666666666664, 23.89166666666667, 23.866666666666664, 27.133333333333336]
2.286 [0,1,2,3] [177,178,179,180,181,182,183,184,185,186,187,188,189,190,191,192,193,194,195,196,197,198,199,200,201,202,203,204,205,206,207,208,209,210,211,212,213,214,215,216,217,218,219,220,221,222,223,224,225,226,227,228] [1.153, 1.166, 1.19, 1.063, 1.055, 0.995, 0.959, 0.933, 0.903, 0.922] 
[17.350000000000005, 18.474999999999998, 19.941666666666666, 20.3, 18.741666666666664, 19.9, 16.908333333333335, 24.308333333333337, 25.474999999999998, 28.075]
2.285 [0,1,2,3] [182,183,184,185,186,187,188,189,190,191,192,193,194,195,196,197,198,199,200,201,202,203,204,205,206,207,208,209,210,211,212,213,214,215,216,217,218,219,220,221,222,223,224,225,226,227,228,229,230,231,232,233,234,235,236,237,238] [1.147, 1.152, 1.199, 1.071, 1.064, 1.011, 0.976, 0.937, 0.947, 0.937] 
[17.791666666666668, 19.075, 20.2, 20.474999999999998, 18.708333333333336, 19.675, 16.716666666666665, 24.041666666666668, 24.25, 27.233333333333334]
2.284 [0,1,2,3] [181,182,183,184,185,186,187,188,189,190,191,192,193,194,195,196,197,198,199,200,201,202,203,204,205,206,207,208,209,210,211,212,213,214,215,216,217,218,219,220,221,222,223,224,225,226,227,228,229,230,231,232,233,234,235] [1.149, 1.153, 1.198, 1.067, 1.062, 1.009, 0.973, 0.936, 0.935, 0.936] 
[17.7, 18.958333333333332, 20.116666666666667, 20.458333333333332, 18.700000000000003, 19.683333333333334, 16.758333333333333, 24.108333333333334, 24.575, 27.366666666666664]
2.283 [0,1,2,3] [183,184,185,186,187,188,189,190,191,192,193,194,195,196,197,198,199,200,201,202,203,204,205,206,207,208,209,210,211,212,213,214,215,216,217,218,219,220,221,222,223,224,225,226,227,228,229,230,231,232,233,234,235,236,237,238,239,240] [1.145, 1.147, 1.199, 1.075, 1.063, 1.01, 0.98, 0.942, 0.962, 0.938] 
[17.891666666666666, 19.208333333333332, 20.283333333333335, 20.475, 18.74166666666667, 19.708333333333336, 16.666666666666664, 23.89166666666667, 23.866666666666664, 27.133333333333336]
2.282 [0,1,2,3] [181,182,183,184,185,186,187,188,189,190,191,192,193,194,195,196,197,198,199,200,201,202,203,204,205,206,207,208,209,210,211,212,213,214,215,216,217,218,219,220,221,222,223,224,225,226,227,228,229,230,231,232,233,234] [1.147, 1.152, 1.198, 1.066, 1.062, 1.008, 0.972, 0.936, 0.935, 0.937] 
[17.7, 18.958333333333332, 20.116666666666667, 20.458333333333332, 18.700000000000003, 19.683333333333334, 16.758333333333333, 24.108333333333334, 24.575, 27.366666666666664]
2.281 [0,1,2,3] [183,184,185,186,187,188,189,190,191,192,193,194,195,196,197,198,199,200,201,202,203,204,205,206,207,208,209,210,211,212,213,214,215,216,217,218,219,220,221,222,223,224,225,226,227,228,229,230,231,232,233,234,235,236,237,238,239] [1.144, 1.146, 1.199, 1.073, 1.063, 1.009, 0.979, 0.942, 0.962, 0.939] 
[17.891666666666666, 19.208333333333332, 20.283333333333335, 20.475, 18.74166666666667, 19.708333333333336, 16.666666666666664, 23.89166666666667, 23.866666666666664, 27.133333333333336]
2.28 [0,1,2,3] [185,186,187,188,189,190,191,192,193,194,195,196,197,198,199,200,201,202,203,204,205,206,207,208,209,210,211,212,213,214,215,216,217,218,219,220,221,222,223,224,225,226,227,228,229,230,231,232,233,234,235,236,237,238,239,240,241,242,243,244,245,246,247,248] [1.143, 1.139, 1.194, 1.084, 1.061, 1.009, 0.99, 0.952, 0.982, 0.933] 
[18.141666666666666, 19.45, 20.466666666666665, 20.466666666666665, 18.858333333333338, 19.775000000000002, 16.558333333333334, 23.53333333333333, 23.249999999999996, 26.98333333333333]
2.279 [0,1,2,3] [185,186,187,188,189,190,191,192,193,194,195,196,197,198,199,200,201,202,203,204,205,206,207,208,209,210,211,212,213,214,215,216,217,218,219,220,221,222,223,224,225,226,227,228,229,230,231,232,233,234,235,236,237,238,239,240,241,242,243,244,245,246,247] [1.142, 1.139, 1.194, 1.083, 1.06, 1.008, 0.99, 0.953, 0.983, 0.934] 
[18.141666666666666, 19.45, 20.466666666666665, 20.466666666666665, 18.858333333333338, 19.775000000000002, 16.558333333333334, 23.53333333333333, 23.249999999999996, 26.98333333333333]
2.277 [0,1,2,3] [166,167,168,169,170,171,172,173,174,175,176,177,178,179,180,181,182,183,184,185,186,187,188,189,190,191,192,193,194,195,196,197,198,199,200,201,202,203,204,205,206,207,208,209,210,211,212,213,214,215,216,217,218,219,220,221,222,223,224,225,226] [1.163, 1.183, 1.139, 1.068, 1.022, 0.966, 0.889, 0.914, 0.84, 0.859] 
[16.758333333333336, 17.733333333333334, 20.191666666666666, 19.966666666666665, 19.133333333333336, 20.508333333333333, 18.350000000000005, 25.11666666666667, 27.916666666666668, 30.625]
2.276 [0,1,2,3] [185,186,187,188,189,190,191,192,193,194,195,196,197,198,199,200,201,202,203,204,205,206,207,208,209,210,211,212,213,214,215,216,217,218,219,220,221,222,223,224,225,226,227,228,229,230,231,232,233,234,235,236,237,238,239,240,241,242,243,244] [1.138, 1.139, 1.194, 1.081, 1.059, 1.008, 0.99, 0.954, 0.986, 0.937] 
[18.141666666666666, 19.45, 20.466666666666665, 20.466666666666665, 18.858333333333338, 19.775000000000002, 16.558333333333334, 23.53333333333333, 23.249999999999996, 26.98333333333333]
2.275 [0,1,2,3] [167,168,169,170,171,172,173,174,175,176,177,178,179,180,181,182,183,184,185,186,187,188,189,190,191,192,193,194,195,196,197,198,199,200,201,202,203,204,205,206,207,208,209,210,211,212,213,214,215,216,217,218,219,220,221,222,223,224,225] [1.161, 1.181, 1.14, 1.068, 1.026, 0.972, 0.9, 0.919, 0.849, 0.867] 
[16.8, 17.791666666666664, 20.166666666666664, 19.958333333333332, 19.066666666666666, 20.383333333333333, 18.108333333333338, 24.974999999999998, 27.566666666666663, 30.341666666666665]
2.274 [0,1,2,3] [186,187,188,189,190,191,192,193,194,195,196,197,198,199,200,201,202,203,204,205,206,207,208,209,210,211,212,213,214,215,216,217,218,219,220,221,222,223,224,225,226,227,228,229,230,231,232,233,234,235,236,237,238,239,240,241,242,243,244,245,246,247,248,249,250,251,252,253,254,255] [1.138, 1.129, 1.19, 1.091, 1.063, 1.008, 0.994, 0.956, 0.985, 0.924] 
[18.308333333333334, 19.608333333333338, 20.59166666666667, 20.458333333333332, 18.925, 19.825, 16.5, 23.416666666666668, 23.066666666666666, 26.974999999999998]
2.273 [0,1,2,3] [162,163,164,165,166,167,168,169,170,171,172,173,174,175,176,177,178,179,180,181,182,183,184,185,186,187,188,189,190,191,192,193,194,195,196,197,198,199,200,201,202,203,204,205,206,207,208,209,210,211,212,213,214,215,216,217,218,219,220,221,222,223,224,225,226,227,228] [1.169, 1.19, 1.126, 1.061, 0.988, 0.932, 0.845, 0.895, 0.808, 0.833] 
[16.583333333333332, 17.508333333333333, 20.333333333333332, 20.05, 19.758333333333333, 21.26666666666667, 19.391666666666666, 25.76666666666667, 29.225000000000005, 31.741666666666674]
2.272 [0,1,2,3] [182,183,184,185,186,187,188,189,190,191,192,193,194,195,196,197,198,199,200,201,202,203,204,205,206,207,208,209,210,211,212,213,214,215,216,217,218,219,220,221,222,223,224,225,226,227,228,229,230,231,232] [1.141, 1.143, 1.195, 1.064, 1.062, 1.008, 0.973, 0.938, 0.948, 0.943] 
[17.791666666666668, 19.075, 20.2, 20.474999999999998, 18.708333333333336, 19.675, 16.716666666666665, 24.041666666666668, 24.25, 27.233333333333334]
2.271 [0,1,2,3] [186,187,188,189,190,191,192,193,194,195,196,197,198,199,200,201,202,203,204,205,206,207,208,209,210,211,212,213,214,215,216,217,218,219,220,221,222,223,224,225,226,227,228,229,230,231,232,233,234,235,236,237,238,239,240,241,242,243,244,245,246,247,248] [1.134, 1.132, 1.189, 1.086, 1.057, 1.006, 0.993, 0.957, 0.991, 0.932] 
[18.308333333333334, 19.608333333333338, 20.59166666666667, 20.458333333333332, 18.925, 19.825, 16.5, 23.416666666666668, 23.066666666666666, 26.974999999999998]
2.27 [0,1,2,3] [186,187,188,189,190,191,192,193,194,195,196,197,198,199,200,201,202,203,204,205,206,207,208,209,210,211,212,213,214,215,216,217,218,219,220,221,222,223,224,225,226,227,228,229,230,231,232,233,234,235,236,237,238,239,240,241,242,243,244,245,246,247,248,249] [1.134, 1.131, 1.189, 1.087, 1.058, 1.006, 0.993, 0.957, 0.99, 0.931] 
[18.308333333333334, 19.608333333333338, 20.59166666666667, 20.458333333333332, 18.925, 19.825, 16.5, 23.416666666666668, 23.066666666666666, 26.974999999999998]
2.269 [0,1,2,3] [186,187,188,189,190,191,192,193,194,195,196,197,198,199,200,201,202,203,204,205,206,207,208,209,210,211,212,213,214,215,216,217,218,219,220,221,222,223,224,225,226,227,228,229,230,231,232,233,234,235,236,237,238,239,240,241,242,243,244,245,246,247] [1.133, 1.131, 1.189, 1.085, 1.057, 1.006, 0.993, 0.957, 0.991, 0.933] 
[18.308333333333334, 19.608333333333338, 20.59166666666667, 20.458333333333332, 18.925, 19.825, 16.5, 23.416666666666668, 23.066666666666666, 26.974999999999998]
2.268 [0,1,2,3] [182,183,184,185,186,187,188,189,190,191,192,193,194,195,196,197,198,199,200,201,202,203,204,205,206,207,208,209,210,211,212,213,214,215,216,217,218,219,220,221,222,223,224,225,226,227,228,229,230] [1.137, 1.142, 1.194, 1.062, 1.062, 1.007, 0.971, 0.939, 0.948, 0.945] 
[17.791666666666668, 19.075, 20.2, 20.474999999999998, 18.708333333333336, 19.675, 16.716666666666665, 24.041666666666668, 24.25, 27.233333333333334]
2.267 [0,1,2,3] [186,187,188,189,190,191,192,193,194,195,196,197,198,199,200,201,202,203,204,205,206,207,208,209,210,211,212,213,214,215,216,217,218,219,220,221,222,223,224,225,226,227,228,229,230,231,232,233,234,235,236,237,238,239,240,241,242,243,244,245] [1.13, 1.131, 1.189, 1.084, 1.056, 1.005, 0.994, 0.958, 0.993, 0.935] 
[18.308333333333334, 19.608333333333338, 20.59166666666667, 20.458333333333332, 18.925, 19.825, 16.5, 23.416666666666668, 23.066666666666666, 26.974999999999998]
2.266 [0,1,2,3] [187,188,189,190,191,192,193,194,195,196,197,198,199,200,201,202,203,204,205,206,207,208,209,210,211,212,213,214,215,216,217,218,219,220,221,222,223,224,225,226,227,228,229,230,231,232,233,234,235,236,237,238,239,240,241,242,243,244,245,246,247,248,249,250,251,252,253,254,255,256,257,258] [1.132, 1.119, 1.185, 1.095, 1.063, 1.006, 0.995, 0.96, 0.99, 0.918] 
[18.441666666666666, 19.775000000000002, 20.71666666666667, 20.441666666666666, 19.000000000000004, 19.891666666666666, 16.475, 23.291666666666668, 22.86666666666667, 27.0]
2.265 [0,1,2,3] [187,188,189,190,191,192,193,194,195,196,197,198,199,200,201,202,203,204,205,206,207,208,209,210,211,212,213,214,215,216,217,218,219,220,221,222,223,224,225,226,227,228,229,230,231,232,233,234,235,236,237,238,239,240,241,242,243,244,245,246,247,248,249,250,251,252,253,254] [1.131, 1.121, 1.185, 1.093, 1.058, 1.004, 0.995, 0.961, 0.994, 0.923] 
[18.441666666666666, 19.775000000000002, 20.71666666666667, 20.441666666666666, 19.000000000000004, 19.891666666666666, 16.475, 23.291666666666668, 22.86666666666667, 27.0]
2.264 [0,1,2,3] [167,168,169,170,171,172,173,174,175,176,177,178,179,180,181,182,183,184,185,186,187,188,189,190,191,192,193,194,195,196,197,198,199,200,201,202,203,204,205,206,207,208,209,210,211,212,213,214,215,216,217,218,219,220,221] [1.158, 1.175, 1.129, 1.065, 1.024, 0.972, 0.899, 0.921, 0.85, 0.871] 
[16.8, 17.791666666666664, 20.166666666666664, 19.958333333333332, 19.066666666666666, 20.383333333333333, 18.108333333333338, 24.974999999999998, 27.566666666666663, 30.341666666666665]
2.263 [0,1,2,3] [185,186,187,188,189,190,191,192,193,194,195,196,197,198,199,200,201,202,203,204,205,206,207,208,209,210,211,212,213,214,215,216,217,218,219,220,221,222,223,224,225,226,227,228,229,230,231,232,233,234,235,236] [1.129, 1.133, 1.19, 1.074, 1.057, 1.004, 0.985, 0.957, 0.991, 0.945] 
[18.141666666666666, 19.45, 20.466666666666665, 20.466666666666665, 18.858333333333338, 19.775000000000002, 16.558333333333334, 23.53333333333333, 23.249999999999996, 26.98333333333333]
2.262 [0,1,2,3] [187,188,189,190,191,192,193,194,195,196,197,198,199,200,201,202,203,204,205,206,207,208,209,210,211,212,213,214,215,216,217,218,219,220,221,222,223,224,225,226,227,228,229,230,231,232,233,234,235,236,237,238,239,240,241,242,243,244,245,246,247,248,249] [1.128, 1.123, 1.184, 1.089, 1.054, 1.003, 0.994, 0.962, 0.999, 0.929] 
[18.441666666666666, 19.775000000000002, 20.71666666666667, 20.441666666666666, 19.000000000000004, 19.891666666666666, 16.475, 23.291666666666668, 22.86666666666667, 27.0]
2.261 [0,1,2,3] [187,188,189,190,191,192,193,194,195,196,197,198,199,200,201,202,203,204,205,206,207,208,209,210,211,212,213,214,215,216,217,218,219,220,221,222,223,224,225,226,227,228,229,230,231,232,233,234,235,236,237,238,239,240,241,242,243,244,245,246,247,248] [1.127, 1.123, 1.184, 1.088, 1.054, 1.002, 0.995, 0.962, 1.0, 0.93] 
[18.441666666666666, 19.775000000000002, 20.71666666666667, 20.441666666666666, 19.000000000000004, 19.891666666666666, 16.475, 23.291666666666668, 22.86666666666667, 27.0]
2.26 [0,1,2,3] [180,181,182,183,184,185,186,187,188,189,190,191,192,193,194,195,196,197,198,199,200,201,202,203,204,205,206,207,208,209,210,211,212,213,214,215,216,217,218,219,220,221,222] [1.139, 1.148, 1.178, 1.055, 1.057, 1.005, 0.962, 0.936, 0.924, 0.946] 
[17.60833333333333, 18.808333333333334, 20.058333333333334, 20.416666666666668, 18.708333333333332, 19.716666666666665, 16.775000000000002, 24.15833333333333, 24.84166666666667, 27.525000000000002]
2.259 [0,1,2,3] [157,158,159,160,161,162,163,164,165,166,167,168,169,170,171,172,173,174,175,176,177,178,179,180,181,182,183,184,185,186,187,188,189,190,191,192,193,194,195,196,197,198,199,200,201,202,203,204,205,206,207,208,209,210,211,212,213,214,215,216,217,218,219,220,221,222,223,224,225,226,227] [1.175, 1.185, 1.114, 1.044, 0.955, 0.882, 0.8, 0.869, 0.785, 0.803] 
[16.316666666666666, 17.383333333333333, 20.341666666666672, 20.28333333333333, 20.416666666666668, 22.508333333333336, 20.683333333333334, 26.7, 30.466666666666665, 33.333333333333336]
2.258 [0,1,2,3] [183,184,185,186,187,188,189,190,191,192,193,194,195,196,197,198,199,200,201,202,203,204,205,206,207,208,209,210,211,212,213,214,215,216,217,218,219,220,221,222,223,224,225,226,227,228] [1.13, 1.135, 1.19, 1.061, 1.061, 1.005, 0.971, 0.944, 0.965, 0.95] 
[17.891666666666666, 19.208333333333332, 20.283333333333335, 20.475, 18.74166666666667, 19.708333333333336, 16.666666666666664, 23.89166666666667, 23.866666666666664, 27.133333333333336]
2.257 [0,1,2,3] [188,189,190,191,192,193,194,195,196,197,198,199,200,201,202,203,204,205,206,207,208,209,210,211,212,213,214,215,216,217,218,219,220,221,222,223,224,225,226,227,228,229,230,231,232,233,234,235,236,237,238,239,240,241,242,243,244,245,246,247,248,249,250,251,252,253,254,255,256] [1.126, 1.113, 1.179, 1.095, 1.059, 1.003, 0.994, 0.968, 1.0, 0.918] 
[18.558333333333334, 19.925, 20.849999999999998, 20.450000000000003, 19.041666666666668, 19.933333333333334, 16.48333333333333, 23.133333333333336, 22.700000000000003, 27.033333333333335]
2.256 [0,1,2,3] [187,188,189,190,191,192,193,194,195,196,197,198,199,200,201,202,203,204,205,206,207,208,209,210,211,212,213,214,215,216,217,218,219,220,221,222,223,224,225,226,227,228,229,230,231,232,233,234,235,236,237,238,239,240,241,242] [1.12, 1.123, 1.185, 1.084, 1.052, 1.001, 0.993, 0.965, 1.005, 0.936] 
[18.441666666666666, 19.775000000000002, 20.71666666666667, 20.441666666666666, 19.000000000000004, 19.891666666666666, 16.475, 23.291666666666668, 22.86666666666667, 27.0]
2.255 [0,1,2,3] [188,189,190,191,192,193,194,195,196,197,198,199,200,201,202,203,204,205,206,207,208,209,210,211,212,213,214,215,216,217,218,219,220,221,222,223,224,225,226,227,228,229,230,231,232,233,234,235,236,237,238,239,240,241,242,243,244,245,246,247,248,249,250,251] [1.124, 1.115, 1.179, 1.092, 1.054, 1.001, 0.993, 0.969, 1.004, 0.924] 
[18.558333333333334, 19.925, 20.849999999999998, 20.450000000000003, 19.041666666666668, 19.933333333333334, 16.48333333333333, 23.133333333333336, 22.700000000000003, 27.033333333333335]
2.254 [0,1,2,3] [170,171,172,173,174,175,176,177,178,179,180,181,182,183,184,185,186,187,188,189,190,191,192,193,194,195,196,197,198,199,200,201,202,203,204,205,206,207,208,209,210,211,212,213,214,215,216,217] [1.15, 1.162, 1.134, 1.062, 1.033, 0.979, 0.926, 0.933, 0.871, 0.897] 
[16.958333333333332, 17.974999999999998, 20.05, 20.0, 18.883333333333333, 20.174999999999997, 17.533333333333335, 24.63333333333333, 26.75, 29.458333333333332]
2.253 [0,1,2,3] [164,165,166,167,168,169,170,171,172,173,174,175,176,177,178,179,180,181,182,183,184,185,186,187,188,189,190,191,192,193,194,195,196,197,198,199,200,201,202,203,204,205,206,207,208,209,210,211,212,213,214,215,216,217,218,219,220] [1.158, 1.174, 1.114, 1.06, 1.004, 0.951, 0.866, 0.907, 0.823, 0.854] 
[16.666666666666668, 17.64166666666667, 20.275000000000002, 19.983333333333334, 19.408333333333335, 20.833333333333336, 18.85, 25.441666666666666, 28.625, 31.158333333333342]
2.252 [0,1,2,3] [188,189,190,191,192,193,194,195,196,197,198,199,200,201,202,203,204,205,206,207,208,209,210,211,212,213,214,215,216,217,218,219,220,221,222,223,224,225,226,227,228,229,230,231,232,233,234,235,236,237,238,239,240,241,242,243,244,245,246,247] [1.12, 1.116, 1.179, 1.089, 1.052, 1.0, 0.994, 0.97, 1.008, 0.928] 
[18.558333333333334, 19.925, 20.849999999999998, 20.450000000000003, 19.041666666666668, 19.933333333333334, 16.48333333333333, 23.133333333333336, 22.700000000000003, 27.033333333333335]
2.251 [0,1,2,3] [184,185,186,187,188,189,190,191,192,193,194,195,196,197,198,199,200,201,202,203,204,205,206,207,208,209,210,211,212,213,214,215,216,217,218,219,220,221,222,223,224,225,226,227] [1.124, 1.129, 1.187, 1.062, 1.058, 1.003, 0.973, 0.95, 0.981, 0.953] 
[18.0, 19.333333333333336, 20.366666666666667, 20.475, 18.791666666666668, 19.741666666666667, 16.616666666666667, 23.71666666666667, 23.491666666666664, 27.05]
2.25 [0,1,2,3] [186,187,188,189,190,191,192,193,194,195,196,197,198,199,200,201,202,203,204,205,206,207,208,209,210,211,212,213,214,215,216,217,218,219,220,221,222,223,224,225,226,227,228,229,230,231,232,233,234] [1.118, 1.123, 1.185, 1.073, 1.054, 1.0, 0.987, 0.962, 1.0, 0.946] 
[18.308333333333334, 19.608333333333338, 20.59166666666667, 20.458333333333332, 18.925, 19.825, 16.5, 23.416666666666668, 23.066666666666666, 26.974999999999998]
2.249 [0,1,2,3] [189,190,191,192,193,194,195,196,197,198,199,200,201,202,203,204,205,206,207,208,209,210,211,212,213,214,215,216,217,218,219,220,221,222,223,224,225,226,227,228,229,230,231,232,233,234,235,236,237,238,239,240,241,242,243,244,245,246,247,248,249,250,251,252,253,254,255,256,257,258] [1.12, 1.107, 1.175, 1.096, 1.06, 1.003, 0.993, 0.973, 1.006, 0.913] 
[18.675, 20.033333333333335, 20.958333333333332, 20.46666666666667, 19.075, 19.941666666666663, 16.491666666666664, 22.98333333333333, 22.525000000000002, 27.058333333333337]
2.248 [0,1,2,3] [186,187,188,189,190,191,192,193,194,195,196,197,198,199,200,201,202,203,204,205,206,207,208,209,210,211,212,213,214,215,216,217,218,219,220,221,222,223,224,225,226,227,228,229,230,231,232,233] [1.117, 1.121, 1.185, 1.072, 1.054, 0.999, 0.986, 0.962, 1.0, 0.947] 
[18.308333333333334, 19.608333333333338, 20.59166666666667, 20.458333333333332, 18.925, 19.825, 16.5, 23.416666666666668, 23.066666666666666, 26.974999999999998]
2.247 [0,1,2,3] [184,185,186,187,188,189,190,191,192,193,194,195,196,197,198,199,200,201,202,203,204,205,206,207,208,209,210,211,212,213,214,215,216,217,218,219,220,221,222,223,224,225] [1.122, 1.128, 1.183, 1.06, 1.058, 1.003, 0.971, 0.949, 0.981, 0.956] 
[18.0, 19.333333333333336, 20.366666666666667, 20.475, 18.791666666666668, 19.741666666666667, 16.616666666666667, 23.71666666666667, 23.491666666666664, 27.05]
2.246 [0,1,2,3] [185,186,187,188,189,190,191,192,193,194,195,196,197,198,199,200,201,202,203,204,205,206,207,208,209,210,211,212,213,214,215,216,217,218,219,220,221,222,223,224,225,226,227] [1.117, 1.125, 1.185, 1.064, 1.055, 1.001, 0.977, 0.957, 0.992, 0.954] 
[18.141666666666666, 19.45, 20.466666666666665, 20.466666666666665, 18.858333333333338, 19.775000000000002, 16.558333333333334, 23.53333333333333, 23.249999999999996, 26.98333333333333]
2.245 [0,1,2,3] [187,188,189,190,191,192,193,194,195,196,197,198,199,200,201,202,203,204,205,206,207,208,209,210,211,212,213,214,215,216,217,218,219,220,221,222,223,224,225,226,227,228,229,230,231,232,233,234,235,236] [1.113, 1.117, 1.181, 1.078, 1.051, 0.997, 0.989, 0.967, 1.008, 0.941] 
[18.441666666666666, 19.775000000000002, 20.71666666666667, 20.441666666666666, 19.000000000000004, 19.891666666666666, 16.475, 23.291666666666668, 22.86666666666667, 27.0]
2.244 [0,1,2,3] [165,166,167,168,169,170,171,172,173,174,175,176,177,178,179,180,181,182,183,184,185,186,187,188,189,190,191,192,193,194,195,196,197,198,199,200,201,202,203,204,205,206,207,208,209,210,211,212,213,214,215,216,217] [1.155, 1.166, 1.109, 1.058, 1.01, 0.959, 0.877, 0.914, 0.833, 0.863] 
[16.708333333333336, 17.691666666666666, 20.250000000000004, 19.975, 19.258333333333336, 20.650000000000002, 18.600000000000005, 25.275000000000006, 28.274999999999995, 30.883333333333336]
2.243 [0,1,2,3] [158,159,160,161,162,163,164,165,166,167,168,169,170,171,172,173,174,175,176,177,178,179,180,181,182,183,184,185,186,187,188,189,190,191,192,193,194,195,196,197,198,199,200,201,202,203,204,205,206,207,208,209,210,211,212,213,214,215,216,217,218,219,220,221] [1.166, 1.177, 1.1, 1.042, 0.957, 0.892, 0.808, 0.876, 0.792, 0.814] 
[16.374999999999996, 17.400000000000002, 20.36666666666667, 20.224999999999998, 20.308333333333334, 22.266666666666666, 20.400000000000002, 26.53333333333333, 30.2, 33.050000000000004]
2.242 [0,1,2,3] [155,156,157,158,159,160,161,162,163,164,165,166,167,168,169,170,171,172,173,174,175,176,177,178,179,180,181,182,183,184,185,186,187,188,189,190,191,192,193,194,195,196,197,198,199,200,201,202,203,204,205,206,207,208,209,210,211,212,213,214,215,216,217,218,219,220,221,222,223,224] [1.176, 1.176, 1.106, 1.026, 0.94, 0.867, 0.782, 0.862, 0.775, 0.796] 
[16.183333333333334, 17.383333333333336, 20.3, 20.541666666666668, 20.716666666666665, 22.958333333333332, 21.24166666666667, 27.033333333333328, 31.125, 33.949999999999996]
2.241 [0,1,2,3] [190,191,192,193,194,195,196,197,198,199,200,201,202,203,204,205,206,207,208,209,210,211,212,213,214,215,216,217,218,219,220,221,222,223,224,225,226,227,228,229,230,231,232,233,234,235,236,237,238,239,240,241,242,243,244,245,246,247,248,249,250,251,252,253,254,255,256,257] [1.116, 1.101, 1.17, 1.095, 1.059, 1.003, 0.993, 0.979, 1.014, 0.913] 
[18.775, 20.175, 21.083333333333332, 20.500000000000004, 19.091666666666665, 19.949999999999996, 16.499999999999996, 22.866666666666664, 22.383333333333336, 27.058333333333334]
2.24 [0,1,2,3] [190,191,192,193,194,195,196,197,198,199,200,201,202,203,204,205,206,207,208,209,210,211,212,213,214,215,216,217,218,219,220,221,222,223,224,225,226,227,228,229,230,231,232,233,234,235,236,237,238,239,240,241,242,243,244,245,246,247,248,249,250,251] [1.114, 1.104, 1.17, 1.092, 1.053, 1.001, 0.992, 0.981, 1.02, 0.921] 
[18.775, 20.175, 21.083333333333332, 20.500000000000004, 19.091666666666665, 19.949999999999996, 16.499999999999996, 22.866666666666664, 22.383333333333336, 27.058333333333334]
2.239 [0,1,2,3] [190,191,192,193,194,195,196,197,198,199,200,201,202,203,204,205,206,207,208,209,210,211,212,213,214,215,216,217,218,219,220,221,222,223,224,225,226,227,228,229,230,231,232,233,234,235,236,237,238,239,240,241,242,243,244,245,246,247,248,249,250] [1.113, 1.104, 1.17, 1.091, 1.052, 1.0, 0.992, 0.981, 1.021, 0.922] 
[18.775, 20.175, 21.083333333333332, 20.500000000000004, 19.091666666666665, 19.949999999999996, 16.499999999999996, 22.866666666666664, 22.383333333333336, 27.058333333333334]
2.238 [0,1,2,3] [186,187,188,189,190,191,192,193,194,195,196,197,198,199,200,201,202,203,204,205,206,207,208,209,210,211,212,213,214,215,216,217,218,219,220,221,222,223,224,225,226,227,228] [1.109, 1.117, 1.183, 1.067, 1.053, 0.998, 0.981, 0.962, 1.001, 0.952] 
[18.308333333333334, 19.608333333333338, 20.59166666666667, 20.458333333333332, 18.925, 19.825, 16.5, 23.416666666666668, 23.066666666666666, 26.974999999999998]
2.237 [0,1,2,3] [184,185,186,187,188,189,190,191,192,193,194,195,196,197,198,199,200,201,202,203,204,205,206,207,208,209,210,211,212,213,214,215,216,217,218,219,220] [1.121, 1.123, 1.173, 1.056, 1.057, 1.003, 0.968, 0.951, 0.981, 0.962] 
[18.0, 19.333333333333336, 20.366666666666667, 20.475, 18.791666666666668, 19.741666666666667, 16.616666666666667, 23.71666666666667, 23.491666666666664, 27.05]
2.236 [0,1,2,3] [187,188,189,190,191,192,193,194,195,196,197,198,199,200,201,202,203,204,205,206,207,208,209,210,211,212,213,214,215,216,217,218,219,220,221,222,223,224,225,226,227,228,229,230,231] [1.108, 1.111, 1.18, 1.072, 1.05, 0.994, 0.985, 0.968, 1.01, 0.947] 
[18.441666666666666, 19.775000000000002, 20.71666666666667, 20.441666666666666, 19.000000000000004, 19.891666666666666, 16.475, 23.291666666666668, 22.86666666666667, 27.0]
2.235 [0,1,2,3] [185,186,187,188,189,190,191,192,193,194,195,196,197,198,199,200,201,202,203,204,205,206,207,208,209,210,211,212,213,214,215,216,217,218,219,220,221,222] [1.116, 1.121, 1.173, 1.059, 1.054, 1.001, 0.973, 0.957, 0.992, 0.961] 
[18.141666666666666, 19.45, 20.466666666666665, 20.466666666666665, 18.858333333333338, 19.775000000000002, 16.558333333333334, 23.53333333333333, 23.249999999999996, 26.98333333333333]
2.234 [0,1,2,3] [162,163,164,165,166,167,168,169,170,171,172,173,174,175,176,177,178,179,180,181,182,183,184,185,186,187,188,189,190,191,192,193,194,195,196,197,198,199,200,201,202,203,204,205,206,207,208,209,210,211,212,213,214,215,216] [1.154, 1.167, 1.096, 1.05, 0.981, 0.931, 0.844, 0.9, 0.811, 0.845] 
[16.583333333333332, 17.508333333333333, 20.333333333333332, 20.05, 19.758333333333333, 21.26666666666667, 19.391666666666666, 25.76666666666667, 29.225000000000005, 31.741666666666674]
2.233 [0,1,2,3] [191,192,193,194,195,196,197,198,199,200,201,202,203,204,205,206,207,208,209,210,211,212,213,214,215,216,217,218,219,220,221,222,223,224,225,226,227,228,229,230,231,232,233,234,235,236,237,238,239,240,241,242,243,244,245,246,247,248,249,250,251,252] [1.111, 1.098, 1.165, 1.092, 1.053, 1.002, 0.993, 0.984, 1.026, 0.918] 
[18.866666666666664, 20.3, 21.21666666666667, 20.525000000000002, 19.10833333333333, 19.941666666666663, 16.48333333333333, 22.78333333333333, 22.25, 27.058333333333334]
2.232 [0,1,2,3] [176,177,178,179,180,181,182,183,184,185,186,187,188,189,190,191,192,193,194,195,196,197,198,199,200,201,202,203,204,205,206,207,208,209,210] [1.136, 1.133, 1.147, 1.047, 1.041, 0.991, 0.956, 0.938, 0.894, 0.937] 
[17.283333333333335, 18.375, 19.933333333333334, 20.26666666666667, 18.741666666666664, 19.924999999999994, 16.96666666666667, 24.36666666666667, 25.616666666666664, 28.249999999999996]
2.231 [0,1,2,3] [185,186,187,188,189,190,191,192,193,194,195,196,197,198,199,200,201,202,203,204,205,206,207,208,209,210,211,212,213,214,215,216,217,218,219,220] [1.114, 1.119, 1.171, 1.058, 1.054, 1.0, 0.971, 0.958, 0.992, 0.963] 
[18.141666666666666, 19.45, 20.466666666666665, 20.466666666666665, 18.858333333333338, 19.775000000000002, 16.558333333333334, 23.53333333333333, 23.249999999999996, 26.98333333333333]
2.23 [0,1,2,3] [160,161,162,163,164,165,166,167,168,169,170,171,172,173,174,175,176,177,178,179,180,181,182,183,184,185,186,187,188,189,190,191,192,193,194,195,196,197,198,199,200,201,202,203,204,205,206,207,208,209,210,211,212,213,214,215,216] [1.156, 1.168, 1.093, 1.043, 0.965, 0.912, 0.826, 0.889, 0.803, 0.83] 
[16.48333333333333, 17.425, 20.34166666666667, 20.141666666666666, 20.066666666666666, 21.725000000000005, 19.891666666666666, 26.150000000000002, 29.716666666666665, 32.416666666666664]
2.229 [0,1,2,3] [178,179,180,181,182,183,184,185,186,187,188,189,190,191,192,193,194,195,196,197,198,199,200,201,202,203,204,205,206,207,208,209,210] [1.133, 1.127, 1.151, 1.046, 1.043, 0.995, 0.962, 0.939, 0.903, 0.948] 
[17.425, 18.566666666666666, 19.991666666666667, 20.325000000000003, 18.741666666666664, 19.849999999999998, 16.84166666666667, 24.274999999999995, 25.274999999999995, 27.875]
2.228 [0,1,2,3] [188,189,190,191,192,193,194,195,196,197,198,199,200,201,202,203,204,205,206,207,208,209,210,211,212,213,214,215,216,217,218,219,220,221,222,223,224,225,226,227,228,229,230,231] [1.102, 1.104, 1.176, 1.073, 1.049, 0.992, 0.984, 0.975, 1.018, 0.943] 
[18.558333333333334, 19.925, 20.849999999999998, 20.450000000000003, 19.041666666666668, 19.933333333333334, 16.48333333333333, 23.133333333333336, 22.700000000000003, 27.033333333333335]
2.227 [6,7,8,9] [51,52,53,54,55,56,57,58,59,60,61,62,63,64,65,66,67,68,69,70,71,72,73,74,75,76,77,78,79,80,81,82,83,84,85,86,87,88,89,90,91,92,93,94,95,96,97,98,99,100,101,102,103,104,105,106,107,108,109,110,111,112,113,114] [0.945, 1.146, 1.013, 1.062, 0.999, 1.132, 1.083, 1.139, 1.22, 1.011] 
[25.116666666666664, 26.133333333333336, 30.916666666666668, 33.85, 37.61666666666667, 32.11666666666667, 33.43333333333334, 31.066666666666663, 38.65833333333333, 40.74166666666667]
2.226 [0,1,2,3] [192,193,194,195,196,197,198,199,200,201,202,203,204,205,206,207,208,209,210,211,212,213,214,215,216,217,218,219,220,221,222,223,224,225,226,227,228,229,230,231,232,233,234,235,236,237,238,239,240,241,242,243,244,245,246,247,248,249,250,251,252,253,254,255,256,257,258,259,260,261] [1.107, 1.089, 1.16, 1.097, 1.061, 1.007, 0.996, 0.982, 1.022, 0.905] 
[18.966666666666665, 20.39166666666667, 21.350000000000005, 20.541666666666668, 19.15833333333333, 19.90833333333333, 16.441666666666666, 22.724999999999998, 22.125, 27.066666666666666]
2.225 [0,1,2,3] [192,193,194,195,196,197,198,199,200,201,202,203,204,205,206,207,208,209,210,211,212,213,214,215,216,217,218,219,220,221,222,223,224,225,226,227,228,229,230,231,232,233,234,235,236,237,238,239,240,241,242,243,244,245,246,247,248,249] [1.103, 1.095, 1.16, 1.091, 1.049, 1.003, 0.996, 0.987, 1.036, 0.92] 
[18.966666666666665, 20.39166666666667, 21.350000000000005, 20.541666666666668, 19.15833333333333, 19.90833333333333, 16.441666666666666, 22.724999999999998, 22.125, 27.066666666666666]
2.224 [0,1,2,3] [187,188,189,190,191,192,193,194,195,196,197,198,199,200,201,202,203,204,205,206,207,208,209,210,211,212,213,214,215,216,217,218,219,220,221,222,223,224,225] [1.1, 1.108, 1.173, 1.066, 1.048, 0.994, 0.979, 0.967, 1.01, 0.953] 
[18.441666666666666, 19.775000000000002, 20.71666666666667, 20.441666666666666, 19.000000000000004, 19.891666666666666, 16.475, 23.291666666666668, 22.86666666666667, 27.0]
2.223 [0,1,2,3] [191,192,193,194,195,196,197,198,199,200,201,202,203,204,205,206,207,208,209,210,211,212,213,214,215,216,217,218,219,220,221,222,223,224,225,226,227,228,229,230,231,232,233,234,235,236,237,238,239] [1.097, 1.097, 1.168, 1.083, 1.048, 0.997, 0.989, 0.989, 1.039, 0.931] 
[18.866666666666664, 20.3, 21.21666666666667, 20.525000000000002, 19.10833333333333, 19.941666666666663, 16.48333333333333, 22.78333333333333, 22.25, 27.058333333333334]
2.222 [0,1,2,3] [192,193,194,195,196,197,198,199,200,201,202,203,204,205,206,207,208,209,210,211,212,213,214,215,216,217,218,219,220,221,222,223,224,225,226,227,228,229,230,231,232,233,234,235,236,237,238,239,240,241,242,243,244] [1.099, 1.096, 1.161, 1.087, 1.047, 1.001, 0.996, 0.989, 1.041, 0.925] 
[18.966666666666665, 20.39166666666667, 21.350000000000005, 20.541666666666668, 19.15833333333333, 19.90833333333333, 16.441666666666666, 22.724999999999998, 22.125, 27.066666666666666]
2.221 [0,1,2,3] [188,189,190,191,192,193,194,195,196,197,198,199,200,201,202,203,204,205,206,207,208,209,210,211,212,213,214,215,216,217,218,219,220,221,222,223,224,225,226,227] [1.097, 1.102, 1.173, 1.07, 1.048, 0.991, 0.979, 0.975, 1.018, 0.947] 
[18.558333333333334, 19.925, 20.849999999999998, 20.450000000000003, 19.041666666666668, 19.933333333333334, 16.48333333333333, 23.133333333333336, 22.700000000000003, 27.033333333333335]
2.22 [0,1,2,3] [193,194,195,196,197,198,199,200,201,202,203,204,205,206,207,208,209,210,211,212,213,214,215,216,217,218,219,220,221,222,223,224,225,226,227,228,229,230,231,232,233,234,235,236,237,238,239,240,241,242,243,244,245,246,247,248,249,250,251,252,253,254,255,256,257,258,259,260,261,262] [1.102, 1.085, 1.154, 1.098, 1.06, 1.009, 1.002, 0.984, 1.025, 0.902] 
[19.075, 20.475, 21.491666666666664, 20.558333333333334, 19.2, 19.875, 16.35833333333333, 22.641666666666666, 22.049999999999997, 27.08333333333334]
2.219 [0,1,2,3] [193,194,195,196,197,198,199,200,201,202,203,204,205,206,207,208,209,210,211,212,213,214,215,216,217,218,219,220,221,222,223,224,225,226,227,228,229,230,231,232,233,234,235,236,237,238,239,240,241,242,243,244,245,246,247,248,249,250,251,252,253,254,255,256,257,258] [1.102, 1.087, 1.153, 1.096, 1.056, 1.008, 1.002, 0.987, 1.03, 0.907] 
[19.075, 20.475, 21.491666666666664, 20.558333333333334, 19.2, 19.875, 16.35833333333333, 22.641666666666666, 22.049999999999997, 27.08333333333334]
2.218 [0,1,2,3] [191,192,193,194,195,196,197,198,199,200,201,202,203,204,205,206,207,208,209,210,211,212,213,214,215,216,217,218,219,220,221,222,223,224,225,226,227,228,229,230,231,232,233,234,235,236,237] [1.095, 1.095, 1.165, 1.081, 1.048, 0.996, 0.988, 0.99, 1.04, 0.933] 
[18.866666666666664, 20.3, 21.21666666666667, 20.525000000000002, 19.10833333333333, 19.941666666666663, 16.48333333333333, 22.78333333333333, 22.25, 27.058333333333334]
2.217 [0,1,2,3] [183,184,185,186,187,188,189,190,191,192,193,194,195,196,197,198,199,200,201,202,203,204,205,206,207,208,209,210,211,212] [1.12, 1.105, 1.161, 1.047, 1.051, 1.002, 0.967, 0.947, 0.962, 0.969] 
[17.891666666666666, 19.208333333333332, 20.283333333333335, 20.475, 18.74166666666667, 19.708333333333336, 16.666666666666664, 23.89166666666667, 23.866666666666664, 27.133333333333336]
2.216 [0,1,2,3] [193,194,195,196,197,198,199,200,201,202,203,204,205,206,207,208,209,210,211,212,213,214,215,216,217,218,219,220,221,222,223,224,225,226,227,228,229,230,231,232,233,234,235,236,237,238,239,240,241,242,243,244] [1.094, 1.093, 1.156, 1.088, 1.046, 1.003, 1.002, 0.992, 1.046, 0.923] 
[19.075, 20.475, 21.491666666666664, 20.558333333333334, 19.2, 19.875, 16.35833333333333, 22.641666666666666, 22.049999999999997, 27.08333333333334]
2.215 [0,1,2,3] [193,194,195,196,197,198,199,200,201,202,203,204,205,206,207,208,209,210,211,212,213,214,215,216,217,218,219,220,221,222,223,224,225,226,227,228,229,230,231,232,233,234,235,236,237,238,239,240,241,242,243,244,245] [1.094, 1.092, 1.156, 1.088, 1.046, 1.004, 1.002, 0.991, 1.045, 0.922] 
[19.075, 20.475, 21.491666666666664, 20.558333333333334, 19.2, 19.875, 16.35833333333333, 22.641666666666666, 22.049999999999997, 27.08333333333334]
2.214 [0,1,2,3] [194,195,196,197,198,199,200,201,202,203,204,205,206,207,208,209,210,211,212,213,214,215,216,217,218,219,220,221,222,223,224,225,226,227,228,229,230,231,232,233,234,235,236,237,238,239,240,241,242,243,244,245,246,247,248,249,250,251,252,253,254] [1.098, 1.084, 1.151, 1.095, 1.049, 1.009, 1.008, 0.992, 1.037, 0.908] 
[19.166666666666668, 20.6, 21.59166666666667, 20.575000000000003, 19.258333333333336, 19.833333333333332, 16.283333333333328, 22.566666666666666, 22.016666666666662, 27.166666666666668]
2.213 [0,1,2,3] [194,195,196,197,198,199,200,201,202,203,204,205,206,207,208,209,210,211,212,213,214,215,216,217,218,219,220,221,222,223,224,225,226,227,228,229,230,231,232,233,234,235,236,237,238,239,240,241,242,243,244,245,246,247,248,249,250,251,252,253,254,255,256,257,258,259,260,261,262,263] [1.098, 1.078, 1.151, 1.099, 1.058, 1.012, 1.007, 0.986, 1.026, 0.896] 
[19.166666666666668, 20.6, 21.59166666666667, 20.575000000000003, 19.258333333333336, 19.833333333333332, 16.283333333333328, 22.566666666666666, 22.016666666666662, 27.166666666666668]
2.212 [0,1,2,3] [193,194,195,196,197,198,199,200,201,202,203,204,205,206,207,208,209,210,211,212,213,214,215,216,217,218,219,220,221,222,223,224,225,226,227,228,229,230,231,232,233,234,235,236,237,238,239,240] [1.089, 1.091, 1.158, 1.085, 1.045, 1.002, 0.998, 0.994, 1.05, 0.926] 
[19.075, 20.475, 21.491666666666664, 20.558333333333334, 19.2, 19.875, 16.35833333333333, 22.641666666666666, 22.049999999999997, 27.08333333333334]
2.211 [0,1,2,3] [155,156,157,158,159,160,161,162,163,164,165,166,167,168,169,170,171,172,173,174,175,176,177,178,179,180,181,182,183,184,185,186,187,188,189,190,191,192,193,194,195,196,197,198,199,200,201,202,203,204,205,206,207,208,209,210,211,212,213,214,215] [1.164, 1.155, 1.085, 1.018, 0.934, 0.866, 0.784, 0.868, 0.78, 0.805] 
[16.183333333333334, 17.383333333333336, 20.3, 20.541666666666668, 20.716666666666665, 22.958333333333332, 21.24166666666667, 27.033333333333328, 31.125, 33.949999999999996]
2.21 [0,1,2,3] [194,195,196,197,198,199,200,201,202,203,204,205,206,207,208,209,210,211,212,213,214,215,216,217,218,219,220,221,222,223,224,225,226,227,228,229,230,231,232,233,234,235,236,237,238,239,240,241,242,243,244,245] [1.091, 1.086, 1.153, 1.089, 1.043, 1.006, 1.008, 0.994, 1.047, 0.917] 
[19.166666666666668, 20.6, 21.59166666666667, 20.575000000000003, 19.258333333333336, 19.833333333333332, 16.283333333333328, 22.566666666666666, 22.016666666666662, 27.166666666666668]
2.209 [0,1,2,3] [194,195,196,197,198,199,200,201,202,203,204,205,206,207,208,209,210,211,212,213,214,215,216,217,218,219,220,221,222,223,224,225,226,227,228,229,230,231,232,233,234,235,236,237,238,239,240,241,242,243] [1.089, 1.087, 1.154, 1.088, 1.043, 1.006, 1.007, 0.996, 1.049, 0.919] 
[19.166666666666668, 20.6, 21.59166666666667, 20.575000000000003, 19.258333333333336, 19.833333333333332, 16.283333333333328, 22.566666666666666, 22.016666666666662, 27.166666666666668]
2.208 [0,1,2,3] [192,193,194,195,196,197,198,199,200,201,202,203,204,205,206,207,208,209,210,211,212,213,214,215,216,217,218,219,220,221,222,223,224,225,226,227,228,229,230,231,232,233,234] [1.088, 1.088, 1.161, 1.078, 1.046, 0.995, 0.988, 0.993, 1.049, 0.934] 
[18.966666666666665, 20.39166666666667, 21.350000000000005, 20.541666666666668, 19.15833333333333, 19.90833333333333, 16.441666666666666, 22.724999999999998, 22.125, 27.066666666666666]
2.207 [0,1,2,3] [195,196,197,198,199,200,201,202,203,204,205,206,207,208,209,210,211,212,213,214,215,216,217,218,219,220,221,222,223,224,225,226,227,228,229,230,231,232,233,234,235,236,237,238,239,240,241,242,243,244,245,246,247,248,249,250,251,252,253,254,255,256,257,258,259,260,261,262] [1.094, 1.077, 1.145, 1.097, 1.055, 1.014, 1.012, 0.99, 1.026, 0.894] 
[19.258333333333333, 20.658333333333335, 21.733333333333334, 20.633333333333336, 19.316666666666666, 19.791666666666668, 16.224999999999998, 22.508333333333336, 22.041666666666668, 27.216666666666665]
2.206 [0,1,2,3] [195,196,197,198,199,200,201,202,203,204,205,206,207,208,209,210,211,212,213,214,215,216,217,218,219,220,221,222,223,224,225,226,227,228,229,230,231,232,233,234,235,236,237,238,239,240,241,242,243,244,245,246,247,248,249,250,251,252,253,254,255,256,257,258,259,260,261,262,263,264,265,266] [1.092, 1.074, 1.146, 1.099, 1.057, 1.015, 1.011, 0.986, 1.02, 0.889] 
[19.258333333333333, 20.658333333333335, 21.733333333333334, 20.633333333333336, 19.316666666666666, 19.791666666666668, 16.224999999999998, 22.508333333333336, 22.041666666666668, 27.216666666666665]
2.205 [0,1,2,3] [195,196,197,198,199,200,201,202,203,204,205,206,207,208,209,210,211,212,213,214,215,216,217,218,219,220,221,222,223,224,225,226,227,228,229,230,231,232,233,234,235,236,237,238,239,240,241,242,243,244,245,246,247,248] [1.09, 1.085, 1.146, 1.089, 1.042, 1.01, 1.012, 0.995, 1.043, 0.911] 
[19.258333333333333, 20.658333333333335, 21.733333333333334, 20.633333333333336, 19.316666666666666, 19.791666666666668, 16.224999999999998, 22.508333333333336, 22.041666666666668, 27.216666666666665]
2.204 [0,1,2,3] [192,193,194,195,196,197,198,199,200,201,202,203,204,205,206,207,208,209,210,211,212,213,214,215,216,217,218,219,220,221,222,223,224,225,226,227,228,229,230,231,232] [1.086, 1.086, 1.16, 1.076, 1.046, 0.994, 0.986, 0.993, 1.05, 0.936] 
[18.966666666666665, 20.39166666666667, 21.350000000000005, 20.541666666666668, 19.15833333333333, 19.90833333333333, 16.441666666666666, 22.724999999999998, 22.125, 27.066666666666666]
2.203 [0,1,2,3] [195,196,197,198,199,200,201,202,203,204,205,206,207,208,209,210,211,212,213,214,215,216,217,218,219,220,221,222,223,224,225,226,227,228,229,230,231,232,233,234,235,236,237,238,239,240,241,242,243] [1.085, 1.086, 1.149, 1.086, 1.04, 1.008, 1.012, 0.998, 1.049, 0.915] 
[19.258333333333333, 20.658333333333335, 21.733333333333334, 20.633333333333336, 19.316666666666666, 19.791666666666668, 16.224999999999998, 22.508333333333336, 22.041666666666668, 27.216666666666665]
2.202 [0,1,2,3] [195,196,197,198,199,200,201,202,203,204,205,206,207,208,209,210,211,212,213,214,215,216,217,218,219,220,221,222,223,224,225,226,227,228,229,230,231,232,233,234,235,236,237,238,239,240,241,242] [1.083, 1.086, 1.15, 1.085, 1.04, 1.008, 1.01, 0.998, 1.05, 0.916] 
[19.258333333333333, 20.658333333333335, 21.733333333333334, 20.633333333333336, 19.316666666666666, 19.791666666666668, 16.224999999999998, 22.508333333333336, 22.041666666666668, 27.216666666666665]
2.201 [1,2,3,4] [191,192,193,194,195,196,197,198,199,200,201,202,203,204,205,206,207,208,209,210,211,212,213,214,215,216,217,218,219,220,221,222,223,224,225,226,227,228,229,230,231,232,233,234,235,236,237,238,239,240,241,242,243] [1.102, 1.1, 1.167, 1.086, 1.049, 0.999, 0.993, 0.987, 1.035, 0.927] 
[18.866666666666664, 20.3, 21.21666666666667, 20.525000000000002, 19.10833333333333, 19.941666666666663, 16.48333333333333, 22.78333333333333, 22.25, 27.058333333333334]
2.2 [0,1,2,3] [196,197,198,199,200,201,202,203,204,205,206,207,208,209,210,211,212,213,214,215,216,217,218,219,220,221,222,223,224,225,226,227,228,229,230,231,232,233,234,235,236,237,238,239,240,241,242,243,244,245,246,247,248,249,250,251,252] [1.09, 1.082, 1.139, 1.088, 1.042, 1.012, 1.015, 0.994, 1.036, 0.906] 
[19.341666666666665, 20.716666666666665, 21.883333333333336, 20.725, 19.366666666666667, 19.775000000000002, 16.183333333333334, 22.508333333333336, 22.108333333333334, 27.191666666666666]
2.199 [0,1,2,3] [196,197,198,199,200,201,202,203,204,205,206,207,208,209,210,211,212,213,214,215,216,217,218,219,220,221,222,223,224,225,226,227,228,229,230,231,232,233,234,235,236,237,238,239,240,241,242,243,244,245,246,247,248,249,250,251,252,253,254,255,256] [1.09, 1.079, 1.138, 1.09, 1.046, 1.014, 1.015, 0.993, 1.031, 0.902] 
[19.341666666666665, 20.716666666666665, 21.883333333333336, 20.725, 19.366666666666667, 19.775000000000002, 16.183333333333334, 22.508333333333336, 22.108333333333334, 27.191666666666666]
2.198 [0,1,2,3] [196,197,198,199,200,201,202,203,204,205,206,207,208,209,210,211,212,213,214,215,216,217,218,219,220,221,222,223,224,225,226,227,228,229,230,231,232,233,234,235,236,237,238,239,240,241,242,243,244,245,246,247,248,249,250,251,252,253,254,255,256,257,258,259,260] [1.09, 1.076, 1.138, 1.091, 1.051, 1.015, 1.015, 0.991, 1.025, 0.896] 
[19.341666666666665, 20.716666666666665, 21.883333333333336, 20.725, 19.366666666666667, 19.775000000000002, 16.183333333333334, 22.508333333333336, 22.108333333333334, 27.191666666666666]
2.197 [0,1,2,3] [195,196,197,198,199,200,201,202,203,204,205,206,207,208,209,210,211,212,213,214,215,216,217,218,219,220,221,222,223,224,225,226,227,228,229,230,231,232,233,234,235,236,237,238] [1.079, 1.083, 1.149, 1.082, 1.039, 1.006, 1.007, 1.001, 1.054, 0.92] 
[19.258333333333333, 20.658333333333335, 21.733333333333334, 20.633333333333336, 19.316666666666666, 19.791666666666668, 16.224999999999998, 22.508333333333336, 22.041666666666668, 27.216666666666665]
2.196 [1,2,3,4] [190,191,192,193,194,195,196,197,198,199,200,201,202,203,204,205,206,207,208,209,210,211,212,213,214,215,216,217,218,219,220,221,222,223,224,225,226,227,228,229,230,231,232,233,234] [1.096, 1.097, 1.169, 1.077, 1.048, 0.993, 0.985, 0.987, 1.033, 0.937] 
[18.775, 20.175, 21.083333333333332, 20.500000000000004, 19.091666666666665, 19.949999999999996, 16.499999999999996, 22.866666666666664, 22.383333333333336, 27.058333333333334]
2.195 [0,1,2,3] [196,197,198,199,200,201,202,203,204,205,206,207,208,209,210,211,212,213,214,215,216,217,218,219,220,221,222,223,224,225,226,227,228,229,230,231,232,233,234,235,236,237,238,239,240,241] [1.079, 1.084, 1.145, 1.081, 1.038, 1.008, 1.013, 0.998, 1.048, 0.917] 
[19.341666666666665, 20.716666666666665, 21.883333333333336, 20.725, 19.366666666666667, 19.775000000000002, 16.183333333333334, 22.508333333333336, 22.108333333333334, 27.191666666666666]
2.194 [1,2,3,4] [192,193,194,195,196,197,198,199,200,201,202,203,204,205,206,207,208,209,210,211,212,213,214,215,216,217,218,219,220,221,222,223,224,225,226,227,228,229,230,231,232,233,234,235,236,237,238,239,240] [1.094, 1.094, 1.163, 1.084, 1.046, 1.0, 0.992, 0.991, 1.045, 0.928] 
[18.966666666666665, 20.39166666666667, 21.350000000000005, 20.541666666666668, 19.15833333333333, 19.90833333333333, 16.441666666666666, 22.724999999999998, 22.125, 27.066666666666666]
2.193 [0,1,2,3] [196,197,198,199,200,201,202,203,204,205,206,207,208,209,210,211,212,213,214,215,216,217,218,219,220,221,222,223,224,225,226,227,228,229,230,231,232,233,234,235,236,237,238,239,240] [1.078, 1.083, 1.145, 1.08, 1.038, 1.008, 1.012, 0.999, 1.049, 0.917] 
[19.341666666666665, 20.716666666666665, 21.883333333333336, 20.725, 19.366666666666667, 19.775000000000002, 16.183333333333334, 22.508333333333336, 22.108333333333334, 27.191666666666666]
2.192 [1,2,3,4] [190,191,192,193,194,195,196,197,198,199,200,201,202,203,204,205,206,207,208,209,210,211,212,213,214,215,216,217,218,219,220,221,222,223,224,225,226,227,228,229,230] [1.09, 1.093, 1.169, 1.073, 1.048, 0.991, 0.981, 0.988, 1.035, 0.941] 
[18.775, 20.175, 21.083333333333332, 20.500000000000004, 19.091666666666665, 19.949999999999996, 16.499999999999996, 22.866666666666664, 22.383333333333336, 27.058333333333334]
2.191 [1,2,3,4] [191,192,193,194,195,196,197,198,199,200,201,202,203,204,205,206,207,208,209,210,211,212,213,214,215,216,217,218,219,220,221,222,223,224,225,226,227,228,229,230,231,232,233,234] [1.092, 1.092, 1.165, 1.077, 1.048, 0.993, 0.986, 0.99, 1.041, 0.935] 
[18.866666666666664, 20.3, 21.21666666666667, 20.525000000000002, 19.10833333333333, 19.941666666666663, 16.48333333333333, 22.78333333333333, 22.25, 27.058333333333334]
2.19 [0,1,2,3] [197,198,199,200,201,202,203,204,205,206,207,208,209,210,211,212,213,214,215,216,217,218,219,220,221,222,223,224,225,226,227,228,229,230,231,232,233,234,235,236,237,238,239,240,241,242,243,244,245,246,247,248,249,250,251,252,253] [1.087, 1.08, 1.129, 1.083, 1.041, 1.013, 1.016, 0.992, 1.034, 0.906] 
[19.425, 20.775, 22.099999999999998, 20.833333333333336, 19.408333333333335, 19.758333333333336, 16.175, 22.541666666666668, 22.133333333333336, 27.150000000000002]
2.189 [0,1,2,3] [197,198,199,200,201,202,203,204,205,206,207,208,209,210,211,212,213,214,215,216,217,218,219,220,221,222,223,224,225,226,227,228,229,230,231,232,233,234,235,236,237,238,239,240,241,242,243,244,245,246,247,248,249,250,251,252] [1.086, 1.08, 1.129, 1.083, 1.04, 1.013, 1.016, 0.992, 1.035, 0.907] 
[19.425, 20.775, 22.099999999999998, 20.833333333333336, 19.408333333333335, 19.758333333333336, 16.175, 22.541666666666668, 22.133333333333336, 27.150000000000002]
2.188 [0,1,2,3] [197,198,199,200,201,202,203,204,205,206,207,208,209,210,211,212,213,214,215,216,217,218,219,220,221,222,223,224,225,226,227,228,229,230,231,232,233,234,235,236,237,238,239,240,241,242,243,244,245,246,247,248,249,250,251,252,253,254,255,256,257,258,259,260,261,262,263,264] [1.086, 1.072, 1.129, 1.089, 1.052, 1.017, 1.015, 0.985, 1.019, 0.892] 
[19.425, 20.775, 22.099999999999998, 20.833333333333336, 19.408333333333335, 19.758333333333336, 16.175, 22.541666666666668, 22.133333333333336, 27.150000000000002]
2.187 [1,2,3,4] [193,194,195,196,197,198,199,200,201,202,203,204,205,206,207,208,209,210,211,212,213,214,215,216,217,218,219,220,221,222,223,224,225,226,227,228,229,230,231,232,233,234,235,236,237,238] [1.086, 1.09, 1.157, 1.083, 1.044, 1.001, 0.997, 0.995, 1.052, 0.928] 
[19.075, 20.475, 21.491666666666664, 20.558333333333334, 19.2, 19.875, 16.35833333333333, 22.641666666666666, 22.049999999999997, 27.08333333333334]
2.186 [0,1,2,3] [197,198,199,200,201,202,203,204,205,206,207,208,209,210,211,212,213,214,215,216,217,218,219,220,221,222,223,224,225,226,227,228,229,230,231,232,233,234,235,236,237,238,239,240,241,242,243,244] [1.079, 1.083, 1.132, 1.078, 1.036, 1.01, 1.017, 0.995, 1.044, 0.914] 
[19.425, 20.775, 22.099999999999998, 20.833333333333336, 19.408333333333335, 19.758333333333336, 16.175, 22.541666666666668, 22.133333333333336, 27.150000000000002]
2.185 [0,1,2,3] [197,198,199,200,201,202,203,204,205,206,207,208,209,210,211,212,213,214,215,216,217,218,219,220,221,222,223,224,225,226,227,228,229,230,231,232,233,234,235,236,237,238,239,240,241,242] [1.076, 1.083, 1.134, 1.076, 1.036, 1.01, 1.015, 0.996, 1.047, 0.916] 
[19.425, 20.775, 22.099999999999998, 20.833333333333336, 19.408333333333335, 19.758333333333336, 16.175, 22.541666666666668, 22.133333333333336, 27.150000000000002]
2.184 [0,1,2,3] [197,198,199,200,201,202,203,204,205,206,207,208,209,210,211,212,213,214,215,216,217,218,219,220,221,222,223,224,225,226,227,228,229,230,231,232,233,234,235,236,237,238,239,240,241] [1.075, 1.082, 1.135, 1.076, 1.036, 1.009, 1.014, 0.996, 1.048, 0.917] 
[19.425, 20.775, 22.099999999999998, 20.833333333333336, 19.408333333333335, 19.758333333333336, 16.175, 22.541666666666668, 22.133333333333336, 27.150000000000002]
2.183 [0,1,2,3] [197,198,199,200,201,202,203,204,205,206,207,208,209,210,211,212,213,214,215,216,217,218,219,220,221,222,223,224,225,226,227,228,229,230,231,232,233,234,235,236,237,238,239,240] [1.074, 1.082, 1.135, 1.075, 1.036, 1.009, 1.013, 0.997, 1.049, 0.918] 
[19.425, 20.775, 22.099999999999998, 20.833333333333336, 19.408333333333335, 19.758333333333336, 16.175, 22.541666666666668, 22.133333333333336, 27.150000000000002]
2.182 [0,1,2,3] [195,196,197,198,199,200,201,202,203,204,205,206,207,208,209,210,211,212,213,214,215,216,217,218,219,220,221,222,223,224,225,226,227,228] [1.068, 1.074, 1.15, 1.072, 1.039, 1.001, 0.997, 1.002, 1.06, 0.928] 
[19.258333333333333, 20.658333333333335, 21.733333333333334, 20.633333333333336, 19.316666666666666, 19.791666666666668, 16.224999999999998, 22.508333333333336, 22.041666666666668, 27.216666666666665]
2.181 [0,1,2,3] [196,197,198,199,200,201,202,203,204,205,206,207,208,209,210,211,212,213,214,215,216,217,218,219,220,221,222,223,224,225,226,227,228,229,230,231,232] [1.071, 1.075, 1.144, 1.072, 1.037, 1.002, 1.006, 1.001, 1.056, 0.924] 
[19.341666666666665, 20.716666666666665, 21.883333333333336, 20.725, 19.366666666666667, 19.775000000000002, 16.183333333333334, 22.508333333333336, 22.108333333333334, 27.191666666666666]
2.18 [0,1,2,3] [198,199,200,201,202,203,204,205,206,207,208,209,210,211,212,213,214,215,216,217,218,219,220,221,222,223,224,225,226,227,228,229,230,231,232,233,234,235,236,237,238,239,240,241,242,243,244,245,246,247,248,249,250,251,252] [1.081, 1.081, 1.121, 1.077, 1.039, 1.014, 1.017, 0.99, 1.033, 0.908] 
[19.516666666666666, 20.8, 22.28333333333333, 20.958333333333332, 19.441666666666666, 19.750000000000004, 16.166666666666668, 22.583333333333332, 22.166666666666668, 27.083333333333332]
2.179 [1,2,3,4] [195,196,197,198,199,200,201,202,203,204,205,206,207,208,209,210,211,212,213,214,215,216,217,218,219,220,221,222,223,224,225,226,227,228,229,230,231,232,233,234,235,236,237,238,239] [1.08, 1.084, 1.15, 1.083, 1.04, 1.007, 1.007, 1.0, 1.053, 0.919] 
[19.258333333333333, 20.658333333333335, 21.733333333333334, 20.633333333333336, 19.316666666666666, 19.791666666666668, 16.224999999999998, 22.508333333333336, 22.041666666666668, 27.216666666666665]
2.178 [0,1,2,3] [197,198,199,200,201,202,203,204,205,206,207,208,209,210,211,212,213,214,215,216,217,218,219,220,221,222,223,224,225,226,227,228,229,230,231,232,233,234,235,236,237] [1.071, 1.08, 1.133, 1.072, 1.035, 1.007, 1.011, 0.998, 1.052, 0.92] 
[19.425, 20.775, 22.099999999999998, 20.833333333333336, 19.408333333333335, 19.758333333333336, 16.175, 22.541666666666668, 22.133333333333336, 27.150000000000002]
2.177 [0,1,2,3] [198,199,200,201,202,203,204,205,206,207,208,209,210,211,212,213,214,215,216,217,218,219,220,221,222,223,224,225,226,227,228,229,230,231,232,233,234,235,236,237,238,239,240,241,242,243,244,245,246,247,248,249,250,251,252,253,254,255,256,257,258,259,260,261,262,263,264,265,266,267] [1.08, 1.069, 1.12, 1.084, 1.052, 1.018, 1.015, 0.98, 1.013, 0.889] 
[19.516666666666666, 20.8, 22.28333333333333, 20.958333333333332, 19.441666666666666, 19.750000000000004, 16.166666666666668, 22.583333333333332, 22.166666666666668, 27.083333333333332]
2.176 [0,1,2,3] [198,199,200,201,202,203,204,205,206,207,208,209,210,211,212,213,214,215,216,217,218,219,220,221,222,223,224,225,226,227,228,229,230,231,232,233,234,235,236,237,238,239,240,241,242,243,244,245,246,247,248,249,250,251,252,253,254,255,256,257,258,259,260,261,262,263,264,265,266,267,268,269] [1.08, 1.067, 1.12, 1.085, 1.053, 1.018, 1.014, 0.979, 1.009, 0.886] 
[19.516666666666666, 20.8, 22.28333333333333, 20.958333333333332, 19.441666666666666, 19.750000000000004, 16.166666666666668, 22.583333333333332, 22.166666666666668, 27.083333333333332]
2.175 [1,2,3,4] [193,194,195,196,197,198,199,200,201,202,203,204,205,206,207,208,209,210,211,212,213,214,215,216,217,218,219,220,221,222,223,224,225,226] [1.073, 1.081, 1.154, 1.071, 1.044, 0.995, 0.984, 0.996, 1.057, 0.94] 
[19.075, 20.475, 21.491666666666664, 20.558333333333334, 19.2, 19.875, 16.35833333333333, 22.641666666666666, 22.049999999999997, 27.08333333333334]
2.174 [0,1,2,3] [196,197,198,199,200,201,202,203,204,205,206,207,208,209,210,211,212,213,214,215,216,217,218,219,220,221,222,223,224,225,226] [1.063, 1.074, 1.144, 1.067, 1.037, 1.001, 0.998, 1.001, 1.059, 0.93] 
[19.341666666666665, 20.716666666666665, 21.883333333333336, 20.725, 19.366666666666667, 19.775000000000002, 16.183333333333334, 22.508333333333336, 22.108333333333334, 27.191666666666666]
2.173 [0,1,2,3] [198,199,200,201,202,203,204,205,206,207,208,209,210,211,212,213,214,215,216,217,218,219,220,221,222,223,224,225,226,227,228,229,230,231,232,233,234,235,236,237,238,239] [1.068, 1.082, 1.127, 1.068, 1.034, 1.009, 1.013, 0.995, 1.049, 0.919] 
[19.516666666666666, 20.8, 22.28333333333333, 20.958333333333332, 19.441666666666666, 19.750000000000004, 16.166666666666668, 22.583333333333332, 22.166666666666668, 27.083333333333332]
2.172 [0,1,2,3] [195,196,197,198,199,200,201,202,203,204,205,206,207,208,209,210,211,212,213,214,215,216,217,218,219] [1.068, 1.07, 1.137, 1.068, 1.039, 1.0, 0.987, 1.004, 1.065, 0.938] 
[19.258333333333333, 20.658333333333335, 21.733333333333334, 20.633333333333336, 19.316666666666666, 19.791666666666668, 16.224999999999998, 22.508333333333336, 22.041666666666668, 27.216666666666665]
2.171 [1,2,3,4] [195,196,197,198,199,200,201,202,203,204,205,206,207,208,209,210,211,212,213,214,215,216,217,218,219,220,221,222,223,224,225,226,227,228,229,230,231,232,233] [1.075, 1.077, 1.149, 1.077, 1.039, 1.002, 1.004, 1.002, 1.058, 0.924] 
[19.258333333333333, 20.658333333333335, 21.733333333333334, 20.633333333333336, 19.316666666666666, 19.791666666666668, 16.224999999999998, 22.508333333333336, 22.041666666666668, 27.216666666666665]
2.17 [0,1,2,3] [198,199,200,201,202,203,204,205,206,207,208,209,210,211,212,213,214,215,216,217,218,219,220,221,222,223,224,225,226,227,228,229,230,231,232,233,234,235,236,237,238] [1.067, 1.081, 1.126, 1.067, 1.034, 1.008, 1.012, 0.996, 1.05, 0.92] 
[19.516666666666666, 20.8, 22.28333333333333, 20.958333333333332, 19.441666666666666, 19.750000000000004, 16.166666666666668, 22.583333333333332, 22.166666666666668, 27.083333333333332]
2.169 [0,1,2,3] [199,200,201,202,203,204,205,206,207,208,209,210,211,212,213,214,215,216,217,218,219,220,221,222,223,224,225,226,227,228,229,230,231,232,233,234,235,236,237,238,239,240,241,242,243,244,245,246,247] [1.071, 1.084, 1.116, 1.066, 1.035, 1.012, 1.02, 0.986, 1.038, 0.916] 
[19.649999999999995, 20.808333333333334, 22.433333333333334, 21.116666666666664, 19.45833333333333, 19.741666666666667, 16.13333333333333, 22.683333333333337, 22.191666666666666, 26.966666666666665]
2.168 [0,1,2,3] [199,200,201,202,203,204,205,206,207,208,209,210,211,212,213,214,215,216,217,218,219,220,221,222,223,224,225,226,227,228,229,230,231,232,233,234,235,236,237,238,239,240,241,242,243,244,245,246,247,248,249,250,251,252,253,254,255,256,257,258,259,260,261] [1.075, 1.074, 1.113, 1.073, 1.048, 1.017, 1.019, 0.981, 1.02, 0.899] 
[19.649999999999995, 20.808333333333334, 22.433333333333334, 21.116666666666664, 19.45833333333333, 19.741666666666667, 16.13333333333333, 22.683333333333337, 22.191666666666666, 26.966666666666665]
2.167 [0,1,2,3] [199,200,201,202,203,204,205,206,207,208,209,210,211,212,213,214,215,216,217,218,219,220,221,222,223,224,225,226,227,228,229,230,231,232,233,234,235,236,237,238,239,240,241,242,243,244,245,246,247,248,249,250,251,252,253,254,255,256,257,258,259,260,261,262,263,264,265,266,267] [1.073, 1.07, 1.114, 1.076, 1.052, 1.018, 1.017, 0.975, 1.011, 0.891] 
[19.649999999999995, 20.808333333333334, 22.433333333333334, 21.116666666666664, 19.45833333333333, 19.741666666666667, 16.13333333333333, 22.683333333333337, 22.191666666666666, 26.966666666666665]
2.166 [0,1,2,3] [198,199,200,201,202,203,204,205,206,207,208,209,210,211,212,213,214,215,216,217,218,219,220,221,222,223,224,225,226,227,228,229,230,231,232,233,234] [1.064, 1.078, 1.126, 1.063, 1.034, 1.005, 1.01, 0.997, 1.053, 0.923] 
[19.516666666666666, 20.8, 22.28333333333333, 20.958333333333332, 19.441666666666666, 19.750000000000004, 16.166666666666668, 22.583333333333332, 22.166666666666668, 27.083333333333332]
2.165 [0,1,2,3] [197,198,199,200,201,202,203,204,205,206,207,208,209,210,211,212,213,214,215,216,217,218,219,220,221,222,223,224,225,226,227] [1.06, 1.073, 1.135, 1.063, 1.035, 1.002, 1.0, 0.999, 1.059, 0.929] 
[19.425, 20.775, 22.099999999999998, 20.833333333333336, 19.408333333333335, 19.758333333333336, 16.175, 22.541666666666668, 22.133333333333336, 27.150000000000002]
2.164 [0,1,2,3] [198,199,200,201,202,203,204,205,206,207,208,209,210,211,212,213,214,215,216,217,218,219,220,221,222,223,224,225,226,227,228,229,230,231,232,233] [1.063, 1.076, 1.127, 1.062, 1.034, 1.004, 1.009, 0.997, 1.054, 0.924] 
[19.516666666666666, 20.8, 22.28333333333333, 20.958333333333332, 19.441666666666666, 19.750000000000004, 16.166666666666668, 22.583333333333332, 22.166666666666668, 27.083333333333332]
2.163 [0,1,2,3] [199,200,201,202,203,204,205,206,207,208,209,210,211,212,213,214,215,216,217,218,219,220,221,222,223,224,225,226,227,228,229,230,231,232,233,234,235,236,237,238,239] [1.061, 1.083, 1.122, 1.06, 1.034, 1.009, 1.015, 0.99, 1.049, 0.922] 
[19.649999999999995, 20.808333333333334, 22.433333333333334, 21.116666666666664, 19.45833333333333, 19.741666666666667, 16.13333333333333, 22.683333333333337, 22.191666666666666, 26.966666666666665]
2.162 [1,2,3,4] [196,197,198,199,200,201,202,203,204,205,206,207,208,209,210,211,212,213,214,215,216,217,218,219,220,221,222,223,224,225,226,227,228] [1.064, 1.074, 1.145, 1.068, 1.037, 1.001, 1.0, 1.002, 1.058, 0.928] 
[19.341666666666665, 20.716666666666665, 21.883333333333336, 20.725, 19.366666666666667, 19.775000000000002, 16.183333333333334, 22.508333333333336, 22.108333333333334, 27.191666666666666]
2.161 [0,1,2,3] [198,199,200,201,202,203,204,205,206,207,208,209,210,211,212,213,214,215,216,217,218,219,220,221,222,223,224,225,226,227,228,229,230,231] [1.061, 1.074, 1.127, 1.06, 1.034, 1.003, 1.006, 0.997, 1.056, 0.926] 
[19.516666666666666, 20.8, 22.28333333333333, 20.958333333333332, 19.441666666666666, 19.750000000000004, 16.166666666666668, 22.583333333333332, 22.166666666666668, 27.083333333333332]
2.16 [0,1,2,3] [198,199,200,201,202,203,204,205,206,207,208,209,210,211,212,213,214,215,216,217,218,219,220,221,222,223,224,225,226,227,228,229,230] [1.058, 1.074, 1.128, 1.059, 1.034, 1.002, 1.005, 0.997, 1.056, 0.927] 
[19.516666666666666, 20.8, 22.28333333333333, 20.958333333333332, 19.441666666666666, 19.750000000000004, 16.166666666666668, 22.583333333333332, 22.166666666666668, 27.083333333333332]
2.159 [1,2,3,4] [197,198,199,200,201,202,203,204,205,206,207,208,209,210,211,212,213,214,215,216,217,218,219,220,221,222,223,224,225,226,227,228,229,230,231,232,233,234,235,236] [1.07, 1.079, 1.133, 1.071, 1.035, 1.006, 1.011, 0.999, 1.053, 0.921] 
[19.425, 20.775, 22.099999999999998, 20.833333333333336, 19.408333333333335, 19.758333333333336, 16.175, 22.541666666666668, 22.133333333333336, 27.150000000000002]
2.158 [0,1,2,3] [199,200,201,202,203,204,205,206,207,208,209,210,211,212,213,214,215,216,217,218,219,220,221,222,223,224,225,226,227,228,229,230,231,232,233,234,235] [1.058, 1.081, 1.12, 1.056, 1.034, 1.005, 1.013, 0.991, 1.052, 0.925] 
[19.649999999999995, 20.808333333333334, 22.433333333333334, 21.116666666666664, 19.45833333333333, 19.741666666666667, 16.13333333333333, 22.683333333333337, 22.191666666666666, 26.966666666666665]
2.157 [0,1,2,3] [200,201,202,203,204,205,206,207,208,209,210,211,212,213,214,215,216,217,218,219,220,221,222,223,224,225,226,227,228,229,230,231,232,233,234,235,236,237,238,239,240,241,242,243,244,245,246,247,248,249,250,251,252] [1.069, 1.078, 1.105, 1.062, 1.037, 1.016, 1.024, 0.978, 1.03, 0.911] 
[19.75833333333333, 20.891666666666666, 22.649999999999995, 21.266666666666666, 19.499999999999996, 19.708333333333336, 16.05833333333333, 22.816666666666666, 22.241666666666664, 26.891666666666666]
2.156 [0,1,2,3] [199,200,201,202,203,204,205,206,207,208,209,210,211,212,213,214,215,216,217,218,219,220,221,222,223,224,225,226,227,228,229,230,231,232,233,234] [1.057, 1.079, 1.121, 1.055, 1.034, 1.005, 1.012, 0.991, 1.053, 0.926] 
[19.649999999999995, 20.808333333333334, 22.433333333333334, 21.116666666666664, 19.45833333333333, 19.741666666666667, 16.13333333333333, 22.683333333333337, 22.191666666666666, 26.966666666666665]
2.155 [0,1,2,3] [200,201,202,203,204,205,206,207,208,209,210,211,212,213,214,215,216,217,218,219,220,221,222,223,224,225,226,227,228,229,230,231,232,233,234,235,236,237,238,239,240,241,242,243,244,245,246] [1.064, 1.08, 1.107, 1.058, 1.033, 1.014, 1.025, 0.98, 1.037, 0.917] 
[19.75833333333333, 20.891666666666666, 22.649999999999995, 21.266666666666666, 19.499999999999996, 19.708333333333336, 16.05833333333333, 22.816666666666666, 22.241666666666664, 26.891666666666666]
2.154 [0,1,2,3] [199,200,201,202,203,204,205,206,207,208,209,210,211,212,213,214,215,216,217,218,219,220,221,222,223,224,225,226,227,228,229,230,231,232] [1.056, 1.076, 1.122, 1.053, 1.034, 1.003, 1.01, 0.992, 1.055, 0.928] 
[19.649999999999995, 20.808333333333334, 22.433333333333334, 21.116666666666664, 19.45833333333333, 19.741666666666667, 16.13333333333333, 22.683333333333337, 22.191666666666666, 26.966666666666665]
2.153 [1,2,3,4] [197,198,199,200,201,202,203,204,205,206,207,208,209,210,211,212,213,214,215,216,217,218,219,220,221,222,223,224,225,226] [1.059, 1.073, 1.135, 1.062, 1.035, 1.002, 0.998, 0.998, 1.059, 0.93] 
[19.425, 20.775, 22.099999999999998, 20.833333333333336, 19.408333333333335, 19.758333333333336, 16.175, 22.541666666666668, 22.133333333333336, 27.150000000000002]
2.152 [1,2,3,4] [198,199,200,201,202,203,204,205,206,207,208,209,210,211,212,213,214,215,216,217,218,219,220,221,222,223,224,225,226,227,228,229,230,231,232,233,234,235,236] [1.066, 1.08, 1.125, 1.065, 1.034, 1.006, 1.011, 0.996, 1.052, 0.922] 
[19.516666666666666, 20.8, 22.28333333333333, 20.958333333333332, 19.441666666666666, 19.750000000000004, 16.166666666666668, 22.583333333333332, 22.166666666666668, 27.083333333333332]
2.151 [0,1,2,3] [200,201,202,203,204,205,206,207,208,209,210,211,212,213,214,215,216,217,218,219,220,221,222,223,224,225,226,227,228,229,230,231,232,233,234,235,236,237,238,239,240,241,242,243,244,245,246,247,248,249,250,251,252,253,254,255,256,257,258,259,260,261,262,263,264,265,266,267,268,269,270] [1.067, 1.062, 1.103, 1.07, 1.052, 1.021, 1.021, 0.967, 1.004, 0.888] 
[19.75833333333333, 20.891666666666666, 22.649999999999995, 21.266666666666666, 19.499999999999996, 19.708333333333336, 16.05833333333333, 22.816666666666666, 22.241666666666664, 26.891666666666666]
2.15 [0,1,2,3] [199,200,201,202,203,204,205,206,207,208,209,210,211,212,213,214,215,216,217,218,219,220,221,222,223,224,225,226,227,228,229,230] [1.051, 1.075, 1.123, 1.051, 1.034, 1.002, 1.007, 0.992, 1.056, 0.93] 
[19.649999999999995, 20.808333333333334, 22.433333333333334, 21.116666666666664, 19.45833333333333, 19.741666666666667, 16.13333333333333, 22.683333333333337, 22.191666666666666, 26.966666666666665]
2.149 [0,1,2,3] [200,201,202,203,204,205,206,207,208,209,210,211,212,213,214,215,216,217,218,219,220,221,222,223,224,225,226,227,228,229,230,231,232,233,234,235,236,237,238] [1.055, 1.08, 1.111, 1.052, 1.032, 1.01, 1.019, 0.984, 1.048, 0.923] 
[19.75833333333333, 20.891666666666666, 22.649999999999995, 21.266666666666666, 19.499999999999996, 19.708333333333336, 16.05833333333333, 22.816666666666666, 22.241666666666664, 26.891666666666666]
2.148 [0,1,2,3] [197,198,199,200,201,202,203,204,205,206,207,208,209,210,211,212] [1.064, 1.046, 1.129, 1.057, 1.029, 0.997, 0.993, 1.005, 1.07, 0.941] 
[19.425, 20.775, 22.099999999999998, 20.833333333333336, 19.408333333333335, 19.758333333333336, 16.175, 22.541666666666668, 22.133333333333336, 27.150000000000002]
2.147 [1,2,3,4] [199,200,201,202,203,204,205,206,207,208,209,210,211,212,213,214,215,216,217,218,219,220,221,222,223,224,225,226,227,228,229,230,231,232,233,234,235,236,237] [1.059, 1.082, 1.12, 1.058, 1.034, 1.007, 1.014, 0.991, 1.051, 0.924] 
[19.649999999999995, 20.808333333333334, 22.433333333333334, 21.116666666666664, 19.45833333333333, 19.741666666666667, 16.13333333333333, 22.683333333333337, 22.191666666666666, 26.966666666666665]
2.146 [1,2,3,4] [199,200,201,202,203,204,205,206,207,208,209,210,211,212,213,214,215,216,217,218,219,220,221,222,223,224,225,226,227,228,229,230,231,232,233,234,235,236] [1.059, 1.081, 1.12, 1.057, 1.034, 1.006, 1.014, 0.991, 1.051, 0.924] 
[19.649999999999995, 20.808333333333334, 22.433333333333334, 21.116666666666664, 19.45833333333333, 19.741666666666667, 16.13333333333333, 22.683333333333337, 22.191666666666666, 26.966666666666665]
2.145 [0,1,2,3] [199,200,201,202,203,204,205,206,207,208,209,210,211,212,213,214,215,216,217,218,219,220,221,222,223,224] [1.048, 1.077, 1.118, 1.046, 1.034, 1.002, 0.998, 0.989, 1.06, 0.935] 
[19.649999999999995, 20.808333333333334, 22.433333333333334, 21.116666666666664, 19.45833333333333, 19.741666666666667, 16.13333333333333, 22.683333333333337, 22.191666666666666, 26.966666666666665]
2.144 [0,1,2,3] [199,200,201,202,203,204,205,206,207,208,209,210,211,212,213,214,215,216,217,218,219,220,221,222,223] [1.049, 1.077, 1.115, 1.046, 1.034, 1.002, 0.997, 0.99, 1.061, 0.937] 
[19.649999999999995, 20.808333333333334, 22.433333333333334, 21.116666666666664, 19.45833333333333, 19.741666666666667, 16.13333333333333, 22.683333333333337, 22.191666666666666, 26.966666666666665]
2.143 [0,1,2,3] [201,202,203,204,205,206,207,208,209,210,211,212,213,214,215,216,217,218,219,220,221,222,223,224,225,226,227,228,229,230,231,232,233,234,235,236,237,238,239,240,241,242,243,244,245,246,247,248,249,250] [1.062, 1.078, 1.091, 1.054, 1.033, 1.016, 1.026, 0.975, 1.027, 0.913] 
[19.866666666666664, 20.933333333333334, 22.95, 21.400000000000002, 19.55, 19.7, 16.024999999999995, 22.891666666666666, 22.341666666666665, 26.849999999999994]
2.142 [0,1,2,3] [201,202,203,204,205,206,207,208,209,210,211,212,213,214,215,216,217,218,219,220,221,222,223,224,225,226,227,228,229,230,231,232,233,234,235,236,237,238,239,240,241,242,243,244,245,246] [1.059, 1.08, 1.093, 1.052, 1.031, 1.014, 1.027, 0.976, 1.032, 0.917] 
[19.866666666666664, 20.933333333333334, 22.95, 21.400000000000002, 19.55, 19.7, 16.024999999999995, 22.891666666666666, 22.341666666666665, 26.849999999999994]
2.141 [0,1,2,3] [201,202,203,204,205,206,207,208,209,210,211,212,213,214,215,216,217,218,219,220,221,222,223,224,225,226,227,228,229,230,231,232,233,234,235,236,237,238,239,240,241,242,243,244,245,246,247,248,249,250,251,252,253,254,255,256,257,258,259,260,261,262,263] [1.064, 1.068, 1.089, 1.061, 1.046, 1.02, 1.026, 0.969, 1.01, 0.897] 
[19.866666666666664, 20.933333333333334, 22.95, 21.400000000000002, 19.55, 19.7, 16.024999999999995, 22.891666666666666, 22.341666666666665, 26.849999999999994]
2.14 [0,1,2,3] [201,202,203,204,205,206,207,208,209,210,211,212,213,214,215,216,217,218,219,220,221,222,223,224,225,226,227,228,229,230,231,232,233,234,235,236,237,238,239,240,241] [1.053, 1.081, 1.097, 1.048, 1.03, 1.013, 1.024, 0.978, 1.039, 0.921] 
[19.866666666666664, 20.933333333333334, 22.95, 21.400000000000002, 19.55, 19.7, 16.024999999999995, 22.891666666666666, 22.341666666666665, 26.849999999999994]
2.139 [0,1,2,3] [201,202,203,204,205,206,207,208,209,210,211,212,213,214,215,216,217,218,219,220,221,222,223,224,225,226,227,228,229,230,231,232,233,234,235,236,237,238,239,240] [1.052, 1.08, 1.098, 1.048, 1.03, 1.012, 1.023, 0.979, 1.04, 0.921] 
[19.866666666666664, 20.933333333333334, 22.95, 21.400000000000002, 19.55, 19.7, 16.024999999999995, 22.891666666666666, 22.341666666666665, 26.849999999999994]
2.138 [0,1,2,3] [199,200,201,202,203,204,205,206,207,208,209,210,211,212,213,214,215,216,217] [1.052, 1.069, 1.111, 1.044, 1.033, 0.997, 0.991, 0.994, 1.068, 0.941] 
[19.649999999999995, 20.808333333333334, 22.433333333333334, 21.116666666666664, 19.45833333333333, 19.741666666666667, 16.13333333333333, 22.683333333333337, 22.191666666666666, 26.966666666666665]
2.137 [0,1,2,3] [198,199,200,201,202,203,204,205,206,207,208,209,210] [1.058, 1.041, 1.124, 1.051, 1.026, 0.994, 0.997, 1.004, 1.068, 0.945] 
[19.516666666666666, 20.8, 22.28333333333333, 20.958333333333332, 19.441666666666666, 19.750000000000004, 16.166666666666668, 22.583333333333332, 22.166666666666668, 27.083333333333332]
2.136 [0,1,2,3] [201,202,203,204,205,206,207,208,209,210,211,212,213,214,215,216,217,218,219,220,221,222,223,224,225,226,227,228,229,230,231,232,233,234,235,236,237,238] [1.05, 1.079, 1.097, 1.045, 1.03, 1.011, 1.022, 0.98, 1.043, 0.923] 
[19.866666666666664, 20.933333333333334, 22.95, 21.400000000000002, 19.55, 19.7, 16.024999999999995, 22.891666666666666, 22.341666666666665, 26.849999999999994]
2.135 [0,1,2,3] [200,201,202,203,204,205,206,207,208,209,210,211,212,213,214,215,216,217,218,219,220,221,222,223,224,225,226,227] [1.043, 1.073, 1.114, 1.041, 1.033, 1.004, 1.007, 0.984, 1.056, 0.932] 
[19.75833333333333, 20.891666666666666, 22.649999999999995, 21.266666666666666, 19.499999999999996, 19.708333333333336, 16.05833333333333, 22.816666666666666, 22.241666666666664, 26.891666666666666]
2.134 [0,1,2,3] [148,149,150,151,152,153,154,155,156,157,158,159,160,161,162,163,164,165,166,167,168,169,170,171,172,173,174,175,176,177,178,179,180,181,182,183,184,185,186,187,188,189,190,191,192,193,194,195,196,197,198,199,200,201,202,203,204,205,206,207,208,209,210,211,212,213,214,215,216] [1.18, 1.117, 1.017, 0.954, 0.895, 0.834, 0.742, 0.815, 0.738, 0.682] 
[15.775, 17.758333333333336, 21.53333333333333, 21.85833333333333, 21.766666666666666, 24.150000000000002, 22.96666666666667, 29.149999999999995, 33.68333333333334, 40.891666666666666]
2.133 [0,1,2,3] [202,203,204,205,206,207,208,209,210,211,212,213,214,215,216,217,218,219,220,221,222,223,224,225,226,227,228,229,230,231,232,233,234,235,236,237,238,239,240,241,242,243,244,245,246,247,248,249,250,251] [1.059, 1.078, 1.079, 1.049, 1.032, 1.018, 1.029, 0.973, 1.022, 0.91] 
[19.958333333333332, 20.958333333333332, 23.2, 21.53333333333333, 19.591666666666665, 19.675, 15.991666666666667, 22.916666666666668, 22.433333333333334, 26.849999999999994]
