[Score] [Station index] [Time slots] 
6.4 [3] [276,277] [0.19999999999999574, 0.3999999999999986, 0.10000000000000853, 6.399999999999999, 0.10000000000000142, 0.09999999999999432, 0.29999999999999716, 0.20000000000000284, 0.10000000000000142, 0.4000000000000057]
4.65 [3] [275,276,277] [0.1999999999999993, 0.3000000000000007, 0.4000000000000057, 4.649999999999999, 0.3500000000000014, 0.14999999999999858, 0.3999999999999986, 0.15000000000000213, 0.05000000000000071, 0.40000000000000213]
4.6 [2] [248,249] [0.09999999999999432, 0.0, 4.599999999999994, 0.5, 0.10000000000000142, 0.3999999999999986, 0.30000000000000426, 0.4000000000000057, 0.0, 0.10000000000000142]
4.3 [3] [276,277,278] [0.14999999999999858, 0.3000000000000007, 0.05000000000000426, 4.300000000000001, 0.10000000000000142, 0.25, 0.34999999999999787, 0.3000000000000007, 0.4499999999999993, 0.40000000000000213]
4.05 [2] [248,249,250] [0.09999999999999787, 0.3999999999999986, 4.049999999999997, 0.40000000000000213, 0.5500000000000007, 0.4499999999999993, 0.25000000000000355, 0.4000000000000057, 0.14999999999999858, 0.10000000000000142]
3.833 [3] [275,276,277,278] [0.16666666666666666, 0.2666666666666681, 0.26666666666667044, 3.8333333333333335, 0.2666666666666681, 0.23333333333333428, 0.3999999999999986, 0.23333333333333428, 0.29999999999999954, 0.40000000000000097]
3.5 [2] [249,250] [0.10000000000000142, 0.7999999999999972, 3.5, 0.30000000000000426, 1.0, 0.5, 0.20000000000000284, 0.4000000000000057, 0.29999999999999716, 0.10000000000000142]
3.167 [3] [274,275,276,277] [0.13333333333333286, 0.3000000000000019, 0.3333333333333333, 3.1666666666666643, 0.3000000000000019, 0.16666666666666666, 0.3333333333333333, 0.20000000000000048, 0.3333333333333357, 0.40000000000000097]
3.0 [1] [283,284] [0.10000000000000142, 3.0, 0.10000000000000853, 0.0, 0.6999999999999957, 0.30000000000000426, 0.3999999999999986, 0.19999999999999574, 0.20000000000000284, 0.3999999999999986]
2.925 [3] [274,275,276,277,278] [0.125, 0.27500000000000213, 0.25, 2.924999999999999, 0.2500000000000018, 0.22500000000000142, 0.34999999999999964, 0.25, 0.45000000000000107, 0.40000000000000036]
2.9 [3] [276,277,278,279] [0.2666666666666657, 0.2666666666666681, 0.20000000000000284, 2.8999999999999986, 0.13333333333333286, 0.20000000000000048, 0.23333333333333192, 0.23333333333333428, 0.4333333333333324, 0.36666666666666714]
2.8 [2] [247,248,249,250] [0.09999999999999905, 0.29999999999999716, 2.799999999999997, 0.40000000000000097, 0.43333333333333474, 0.3333333333333333, 0.3333333333333357, 0.3333333333333381, 0.23333333333333192, 0.20000000000000048]
2.7 [2] [248,249,250,251] [0.1999999999999981, 0.5333333333333314, 2.699999999999998, 0.3666666666666695, 0.4666666666666662, 0.40000000000000097, 0.2666666666666681, 0.30000000000000426, 0.29999999999999954, 0.23333333333333428]
2.5 [5] [263,264] [0.30000000000000426, 0.3999999999999986, 0.20000000000000284, 0.20000000000000284, 0.09999999999999432, 2.5, 0.10000000000000142, 0.20000000000000284, 0.0, 0.5]
2.45 [2] [247,248,249] [0.09999999999999787, 0.04999999999999716, 2.4499999999999957, 0.4499999999999993, 0.15000000000000213, 0.25, 0.40000000000000213, 0.30000000000000426, 0.1999999999999993, 0.25]
2.425 [3] [273,274,275,276,277] [0.125, 0.3000000000000007, 0.27500000000000213, 2.424999999999999, 0.25, 0.125, 0.29999999999999893, 0.1750000000000007, 0.3500000000000032, 0.5]
2.38 [3] [273,274,275,276,277,278] [0.12000000000000029, 0.28000000000000114, 0.2200000000000017, 2.38, 0.22000000000000028, 0.18000000000000113, 0.31999999999999884, 0.22000000000000028, 0.440000000000002, 0.4799999999999997]
2.36 [3] [274,275,276,277,278,279] [0.2, 0.2600000000000023, 0.3, 2.359999999999998, 0.24000000000000057, 0.20000000000000143, 0.2799999999999997, 0.22000000000000028, 0.44000000000000056, 0.3799999999999997]
2.35 [1] [282,283,284] [0.09999999999999787, 2.349999999999998, 0.10000000000000142, 0.09999999999999432, 0.4499999999999993, 0.3500000000000014, 0.29999999999999716, 0.09999999999999787, 0.3000000000000007, 0.3999999999999986]
2.34 [3] [275,276,277,278,279,280] [0.22000000000000028, 0.34000000000000197, 0.2600000000000023, 2.3400000000000007, 0.26000000000000084, 0.18000000000000113, 0.31999999999999884, 0.20000000000000143, 0.3799999999999997, 0.3600000000000009]
2.2 [3] [276,277,278,279,280] [0.22499999999999964, 0.3750000000000018, 0.15000000000000213, 2.200000000000001, 0.1750000000000007, 0.1750000000000007, 0.2749999999999986, 0.22500000000000142, 0.47499999999999964, 0.3500000000000014]
2.175 [2] [246,247,248,249,250] [0.12499999999999822, 0.22499999999999787, 2.174999999999997, 0.4250000000000007, 0.32500000000000107, 0.32500000000000107, 0.2500000000000018, 0.2750000000000039, 0.1999999999999993, 0.15000000000000036]
2.1 [2] [248,249,250,251,252] [0.17499999999999893, 0.42499999999999716, 2.099999999999998, 0.32500000000000107, 0.5750000000000011, 0.32500000000000107, 0.2500000000000018, 0.25000000000000355, 0.29999999999999893, 0.20000000000000107]
2.05 [1] [252,253,254] [0.3000000000000007, 2.0500000000000043, 0.14999999999999858, 0.14999999999999858, 0.25, 0.10000000000000142, 0.10000000000000142, 0.3999999999999986, 0.4499999999999993, 0.15000000000000213]
2.017 [3] [272,273,274,275,276,277,278] [0.13333333333333286, 0.283333333333335, 0.21666666666666856, 2.0166666666666657, 0.18333333333333357, 0.23333333333333428, 0.2833333333333326, 0.23333333333333428, 0.43333333333333596, 0.4666666666666674]
2.0 [3] [273,274,275,276,277,278,279] [0.18333333333333357, 0.2666666666666681, 0.2666666666666681, 1.999999999999999, 0.2166666666666662, 0.16666666666666785, 0.2666666666666657, 0.20000000000000048, 0.43333333333333474, 0.4499999999999993]
1.983 [3] [274,275,276,277,278,279,280] [0.18333333333333357, 0.3333333333333357, 0.25, 1.9833333333333332, 0.25000000000000117, 0.18333333333333476, 0.29999999999999954, 0.21666666666666737, 0.4666666666666674, 0.36666666666666714]
1.98 [3] [272,273,274,275,276,277] [0.13999999999999915, 0.30000000000000143, 0.2600000000000023, 1.9799999999999982, 0.2, 0.2, 0.25999999999999945, 0.20000000000000143, 0.3600000000000037, 0.48000000000000115]
1.967 [3] [275,276,277,278,279,280,281] [0.20000000000000048, 0.283333333333335, 0.23333333333333428, 1.9666666666666686, 0.21666666666666737, 0.21666666666666737, 0.29999999999999954, 0.21666666666666737, 0.34999999999999903, 0.36666666666666714]
1.95 [5] [262,263,264] [0.20000000000000284, 0.3000000000000007, 0.15000000000000568, 0.20000000000000284, 0.09999999999999432, 1.9500000000000028, 0.10000000000000142, 0.1999999999999993, 0.25, 0.5999999999999979]
1.933 [5] [262,263,264,265] [0.20000000000000284, 0.36666666666666714, 0.13333333333333522, 0.3000000000000019, 0.09999999999999432, 1.9333333333333347, 0.09999999999999905, 0.29999999999999954, 0.2666666666666681, 0.5666666666666652]
1.9 [5] [264,265] [0.20000000000000284, 0.5, 0.09999999999999432, 0.5, 0.09999999999999432, 1.8999999999999986, 0.09999999999999432, 0.5, 0.30000000000000426, 0.5]
1.88 [2] [245,246,247,248,249,250] [0.09999999999999858, 0.19999999999999715, 1.8799999999999968, 0.4, 0.3600000000000009, 0.28000000000000114, 0.30000000000000143, 0.3000000000000028, 0.19999999999999857, 0.22000000000000028]
1.85 [1] [283,284,285] [0.15000000000000213, 1.8500000000000014, 0.30000000000000426, 0.09999999999999432, 0.3999999999999986, 0.3000000000000007, 0.3000000000000007, 0.14999999999999858, 0.20000000000000284, 0.3000000000000007]
1.848 [1,2,3,4] [249,250,251] [0.25, 0.7999999999999972, 1.75, 0.30000000000000426, 0.6499999999999986, 0.40000000000000213, 0.25, 0.25000000000000355, 0.4499999999999993, 0.3000000000000007]
1.838 [1,2] [213,214] [0.10000000000000142, 1.6999999999999957, 0.8999999999999986, 0.10000000000000142, 0.0, 0.5, 0.19999999999999574, 1.3999999999999986, 0.30000000000000426, 0.6999999999999957]
1.809 [4,5,7] [227,228,229,230] [0.5333333333333338, 0.4333333333333324, 0.9666666666666662, 0.2666666666666657, 0.8333333333333334, 0.5666666666666677, 0.4666666666666662, 1.7333333333333343, 0.46666666666666856, 0.26666666666666333]
1.8 [1] [282,283,284,285] [0.13333333333333286, 1.7999999999999996, 0.23333333333333428, 0.13333333333332575, 0.3333333333333333, 0.3333333333333333, 0.2666666666666657, 0.09999999999999905, 0.2666666666666681, 0.3333333333333333]
1.782 [1,2] [248,249,250,251,252,253] [0.21999999999999886, 0.8399999999999977, 1.6799999999999984, 0.3, 0.5200000000000002, 0.26000000000000084, 0.20000000000000143, 0.3000000000000028, 0.3799999999999997, 0.20000000000000143]
1.78 [3] [276,277,278,279,280,281] [0.2, 0.30000000000000143, 0.14000000000000057, 1.7800000000000025, 0.14000000000000057, 0.22000000000000028, 0.25999999999999945, 0.24000000000000057, 0.4199999999999989, 0.3600000000000009]
1.768 [1,2] [212,213,214] [0.25, 1.5999999999999979, 0.8999999999999986, 0.10000000000000142, 0.15000000000000213, 0.3500000000000014, 0.1999999999999993, 0.6999999999999993, 0.3000000000000007, 0.4499999999999993]
1.75 [3,4,5,6] [231,232] [0.8000000000000043, 1.5, 0.4000000000000057, 0.6000000000000014, 1.3999999999999986, 0.8999999999999986, 0.6000000000000014, 0.19999999999999574, 0.0, 0.19999999999999574]
1.744 [7,8] [226,227,228,229] [0.5, 0.29999999999999716, 0.6333333333333329, 0.3333333333333333, 0.9333333333333323, 0.5333333333333338, 0.5333333333333338, 1.7333333333333343, 0.7333333333333343, 0.1666666666666643]
1.743 [3] [275,276,277,278,279,280,281,282] [0.18571428571428633, 0.24285714285714427, 0.20000000000000082, 1.7428571428571433, 0.20000000000000082, 0.18571428571428633, 0.25714285714285673, 0.28571428571428675, 0.34285714285714264, 0.3285714285714292]
1.74 [2] [247,248,249,250,251,252] [0.15999999999999942, 0.3599999999999966, 1.7399999999999978, 0.3400000000000006, 0.5000000000000014, 0.28000000000000114, 0.30000000000000143, 0.2400000000000034, 0.31999999999999884, 0.24000000000000057]
1.733 [2] [246,247,248,249] [0.1333333333333305, 0.03333333333333144, 1.7333333333333296, 0.4666666666666662, 0.10000000000000142, 0.2666666666666681, 0.2666666666666681, 0.23333333333333664, 0.16666666666666666, 0.16666666666666666]
1.729 [3] [273,274,275,276,277,278,279,280] [0.17142857142857185, 0.3285714285714302, 0.22857142857142979, 1.7285714285714289, 0.2285714285714288, 0.15714285714285836, 0.2857142857142847, 0.20000000000000082, 0.45714285714285857, 0.42857142857142855]
1.725 [4,5,7,8] [226,227,228,229,230] [0.5500000000000007, 0.34999999999999787, 0.7249999999999996, 0.375, 0.8499999999999996, 0.5500000000000007, 0.5749999999999993, 1.4750000000000014, 0.5750000000000011, 0.1999999999999975]
1.714 [3] [274,275,276,277,278,279,280,281] [0.17142857142857185, 0.28571428571428775, 0.22857142857142776, 1.7142857142857153, 0.2142857142857153, 0.2142857142857153, 0.2857142857142857, 0.2285714285714288, 0.42857142857142855, 0.3714285714285716]
1.709 [1,2] [248,249,250,251,252,253,254] [0.2166666666666662, 0.9666666666666662, 1.4499999999999982, 0.2666666666666669, 0.4666666666666674, 0.25000000000000117, 0.20000000000000165, 0.3000000000000019, 0.34999999999999903, 0.18333333333333476]
1.7 [1] [282,283] [0.09999999999999432, 1.6999999999999957, 0.09999999999999432, 0.19999999999998863, 0.20000000000000284, 0.3999999999999986, 0.19999999999999574, 0.0, 0.3999999999999986, 0.3999999999999986]
1.697 [1,2] [212,213] [0.3999999999999986, 1.5, 0.8999999999999986, 0.10000000000000142, 0.30000000000000426, 0.20000000000000284, 0.20000000000000284, 0.0, 0.29999999999999716, 0.20000000000000284]
1.679 [7,8] [225,226,227,228,229] [0.4499999999999993, 0.29999999999999716, 0.6500000000000004, 0.375, 0.8249999999999993, 0.5250000000000004, 0.47499999999999964, 1.6750000000000007, 0.6999999999999993, 0.14999999999999858]
1.66 [4,5,6,7] [225,226,227,228,229,230] [0.5, 0.33999999999999775, 0.7200000000000003, 0.4, 0.7799999999999997, 0.5400000000000006, 0.5199999999999989, 1.480000000000001, 0.5799999999999997, 0.1799999999999983]
1.65 [3] [271,272,273,274,275,276,277] [0.16666666666666666, 0.33333333333333454, 0.2500000000000024, 1.6499999999999986, 0.18333333333333238, 0.18333333333333238, 0.2833333333333338, 0.18333333333333476, 0.4666666666666697, 0.5]
1.617 [4,5,6] [223,224] [0.19999999999999574, 0.29999999999999716, 0.7000000000000028, 0.29999999999999716, 0.6000000000000014, 0.7000000000000028, 1.5, 0.29999999999999716, 0.4000000000000057, 0.10000000000000142]
1.6 [1] [253,254] [0.20000000000000284, 1.6000000000000085, 0.29999999999999716, 0.10000000000000142, 0.20000000000000284, 0.20000000000000284, 0.20000000000000284, 0.29999999999999716, 0.19999999999999574, 0.10000000000000142]
1.567 [1] [281,282,283,284] [0.09999999999999905, 1.5666666666666653, 0.06666666666666761, 0.19999999999999338, 0.3333333333333333, 0.23333333333333428, 0.1999999999999981, 0.29999999999999954, 0.3000000000000019, 0.29999999999999954]
1.559 [1,2,3] [232,233] [0.3999999999999986, 0.7999999999999972, 1.0, 0.8999999999999986, 0.10000000000000142, 0.3999999999999986, 0.0, 0.30000000000000426, 0.10000000000000142, 0.20000000000000284]
1.55 [3] [275,276,277,278,279,280,281,282,283] [0.17499999999999982, 0.4250000000000007, 0.1875, 1.549999999999999, 0.20000000000000107, 0.21250000000000036, 0.2499999999999991, 0.2500000000000009, 0.34999999999999964, 0.33750000000000036]
1.546 [1,2] [248,249,250,251,252,253,254,255] [0.2857142857142847, 0.8428571428571416, 1.3428571428571416, 0.25714285714285673, 0.4142857142857151, 0.25714285714285773, 0.18571428571428733, 0.3000000000000012, 0.3714285714285706, 0.20000000000000082]
1.544 [4,5,6,7] [222,223,224,225,226,227,228,229,230] [0.48749999999999893, 0.5249999999999968, 0.7999999999999998, 0.39999999999999947, 0.6500000000000004, 0.6749999999999998, 0.7499999999999991, 1.012500000000001, 0.5375000000000005, 0.1874999999999991]
1.54 [4,5,6,7] [226,227,228,229,230,231] [0.46000000000000085, 0.4399999999999977, 0.7199999999999989, 0.3200000000000003, 0.7799999999999997, 0.5400000000000006, 0.5200000000000002, 1.240000000000002, 0.5400000000000006, 0.29999999999999716]
1.537 [3] [272,273,274,275,276,277,278,279,280] [0.17499999999999982, 0.32500000000000195, 0.22500000000000142, 1.5374999999999996, 0.20000000000000018, 0.20000000000000107, 0.2624999999999993, 0.21250000000000124, 0.45000000000000195, 0.4250000000000007]
1.533 [5] [263,264,265,266] [0.2666666666666681, 0.5666666666666652, 0.1333333333333305, 0.2666666666666681, 0.09999999999999669, 1.5333333333333314, 0.13333333333333286, 0.29999999999999954, 0.23333333333333428, 0.5]
1.532 [1,2] [247,248,249,250,251,252,253] [0.1999999999999993, 0.7166666666666638, 1.4499999999999982, 0.31666666666666643, 0.4666666666666674, 0.23333333333333428, 0.25000000000000117, 0.28333333333333616, 0.38333333333333286, 0.23333333333333428]
1.525 [3] [273,274,275,276,277,278,279,280,281] [0.16250000000000053, 0.2875000000000014, 0.21250000000000036, 1.5250000000000012, 0.20000000000000018, 0.1875000000000009, 0.27499999999999947, 0.21250000000000036, 0.4250000000000007, 0.4249999999999998]
1.521 [4,5,6,7] [225,226,227,228,229,230,231,232] [0.48571428571428654, 0.5714285714285694, 0.6714285714285718, 0.3857142857142861, 0.8285714285714282, 0.585714285714286, 0.5, 1.1285714285714294, 0.47142857142857103, 0.25714285714285473]
1.512 [3] [270,271,272,273,274,275,276,277,278] [0.14999999999999947, 0.3625000000000007, 0.21250000000000213, 1.5124999999999993, 0.16249999999999876, 0.20000000000000018, 0.27500000000000036, 0.20000000000000018, 0.5250000000000012, 0.4375]
1.506 [4,5,6,7] [221,222,223,224,225,226,227,228,229] [0.41249999999999876, 0.47499999999999787, 0.7125000000000004, 0.46249999999999947, 0.5999999999999996, 0.6749999999999998, 0.7374999999999998, 1.0, 0.5999999999999996, 0.16249999999999964]
1.505 [1,2] [247,248,249,250,251,252,253,254] [0.1999999999999998, 0.8428571428571416, 1.2857142857142836, 0.2857142857142857, 0.4285714285714296, 0.22857142857142979, 0.24285714285714427, 0.28571428571428775, 0.35714285714285615, 0.2142857142857153]
1.501 [2,3,5,7] [240,241] [0.10000000000000142, 0.09999999999999432, 1.5, 0.6000000000000014, 0.3999999999999986, 0.20000000000000284, 0.10000000000000142, 0.5, 0.29999999999999716, 0.29999999999999716]
1.5 [5] [262,263,264,265,266] [0.22500000000000142, 0.47499999999999964, 0.125, 0.2500000000000018, 0.09999999999999609, 1.5, 0.125, 0.2749999999999986, 0.3000000000000007, 0.5499999999999989]
1.487 [0,1,2] [212,213,214,215,216] [0.4250000000000007, 1.4499999999999993, 0.6999999999999993, 0.125, 0.10000000000000142, 0.47499999999999964, 0.3000000000000007, 0.34999999999999964, 0.4499999999999993, 0.5]
1.486 [4,5,7,8] [224,225,226,227,228,229,230,231] [0.44285714285714306, 0.5571428571428539, 0.7999999999999992, 0.42857142857142855, 0.6857142857142853, 0.5714285714285714, 0.5, 1.1142857142857159, 0.6000000000000004, 0.2857142857142837]
1.485 [5,7,9] [262,263] [0.10000000000000142, 0.20000000000000284, 0.10000000000000853, 0.20000000000000284, 0.09999999999999432, 1.4000000000000057, 0.10000000000000142, 0.19999999999999574, 0.5, 0.6999999999999957]
1.482 [1,2,3,4] [249,250,251,252] [0.20000000000000048, 0.5666666666666629, 1.2666666666666657, 0.2666666666666681, 0.7333333333333343, 0.3000000000000019, 0.23333333333333428, 0.20000000000000284, 0.3999999999999986, 0.23333333333333428]
1.477 [1,2,3] [275,276,277,278,279,280,281,282,283,284] [0.16666666666666666, 0.7111111111111117, 0.17777777777777873, 1.3777777777777769, 0.25555555555555604, 0.22222222222222301, 0.2666666666666657, 0.24444444444444477, 0.3333333333333333, 0.3444444444444446]
1.475 [2] [245,246,247,248,249] [0.09999999999999787, 0.04999999999999716, 1.474999999999996, 0.42499999999999893, 0.20000000000000107, 0.22500000000000142, 0.32500000000000107, 0.27500000000000213, 0.17499999999999893, 0.25]
1.457 [2] [243,244,245,246,247,248,249,250] [0.09999999999999735, 0.1714285714285698, 1.4571428571428555, 0.35714285714285715, 0.4142857142857151, 0.31428571428571467, 0.28571428571428675, 0.2285714285714308, 0.2714285714285702, 0.18571428571428633]
1.455 [1,2,3,4] [249,250,251,252,253,254] [0.24000000000000057, 1.1599999999999995, 0.8199999999999988, 0.22000000000000028, 0.5400000000000006, 0.2200000000000017, 0.18000000000000113, 0.28000000000000114, 0.4199999999999989, 0.20000000000000143]
1.45 [4,5,6,7] [223,224,225,226,227,228,229,230,231] [0.41249999999999964, 0.5249999999999968, 0.7874999999999996, 0.41249999999999964, 0.6749999999999998, 0.5875000000000004, 0.625, 1.012500000000001, 0.5750000000000011, 0.2624999999999984]
1.443 [3,4,6] [226,227] [0.6000000000000014, 0.09999999999999432, 0.0, 0.7000000000000028, 0.8999999999999986, 0.5, 0.8999999999999986, 0.7000000000000028, 0.8999999999999986, 0.0]
1.414 [3] [270,271,272,273,274,275,276,277] [0.15714285714285633, 0.3857142857142861, 0.2428571428571453, 1.414285714285713, 0.1714285714285698, 0.17142857142857082, 0.25714285714285773, 0.17142857142857185, 0.48571428571428754, 0.44285714285714306]
1.41 [5,6,7] [221,222,223,224,225,226,227,228] [0.3857142857142851, 0.5142857142857115, 0.6714285714285718, 0.5142857142857135, 0.585714285714286, 0.6857142857142853, 0.8285714285714282, 0.9285714285714286, 0.5857142857142849, 0.14285714285714285]
1.4 [3] [274,275,276,277,278,279,280,281,282,283] [0.1555555555555554, 0.4111111111111122, 0.18888888888888763, 1.3999999999999986, 0.20000000000000126, 0.21111111111111175, 0.24444444444444396, 0.25555555555555604, 0.4111111111111114, 0.3444444444444446]
1.393 [1,2,3] [275,276,277,278,279,280,281,282,283,284,285] [0.1700000000000003, 0.7100000000000009, 0.21000000000000085, 1.259999999999998, 0.24000000000000057, 0.23000000000000043, 0.25999999999999945, 0.23000000000000043, 0.3200000000000003, 0.3300000000000004]
1.391 [5,6] [221,222,223,224] [0.333333333333331, 0.40000000000000097, 0.6000000000000014, 0.4333333333333324, 0.36666666666666714, 0.8333333333333334, 1.1333333333333329, 0.3999999999999986, 0.36666666666666475, 0.10000000000000142]
1.388 [1,2,3] [276,277,278,279,280,281,282,283,284] [0.16249999999999964, 0.7750000000000004, 0.11250000000000071, 1.1874999999999991, 0.21250000000000036, 0.22500000000000053, 0.23749999999999893, 0.2625000000000002, 0.375, 0.33750000000000036]
1.386 [2] [245,246,247,248,249,250,251,252] [0.14285714285714185, 0.2714285714285682, 1.385714285714283, 0.35714285714285715, 0.4285714285714296, 0.2571428571428588, 0.28571428571428675, 0.2428571428571453, 0.2714285714285702, 0.24285714285714327]
1.382 [2] [239,240,241,242,243,244,245,246,247,248,249,250] [0.19090909090908975, 0.2181818181818187, 1.38181818181818, 0.35454545454545505, 0.4181818181818183, 0.3090909090909096, 0.30000000000000104, 0.30000000000000104, 0.29999999999999977, 0.2363636363636365]
1.38 [2] [240,241,242,243,244,245,246,247,248,249,250] [0.13999999999999843, 0.2299999999999997, 1.3799999999999983, 0.3700000000000003, 0.3700000000000003, 0.3400000000000006, 0.3200000000000017, 0.30000000000000143, 0.2799999999999997, 0.23000000000000043]
1.379 [1,2] [248,249,250,251,252,253,254,255,256] [0.36249999999999893, 0.7624999999999993, 1.1874999999999982, 0.27499999999999947, 0.4375000000000009, 0.22500000000000053, 0.1875000000000009, 0.2875000000000014, 0.3624999999999998, 0.2375000000000007]
1.378 [3] [272,273,274,275,276,277,278,279,280,281] [0.16666666666666666, 0.28888888888889064, 0.21111111111111175, 1.3777777777777784, 0.17777777777777792, 0.22222222222222301, 0.25555555555555526, 0.22222222222222301, 0.4222222222222235, 0.4222222222222227]
1.371 [2] [244,245,246,247,248,249,250,251] [0.14285714285714082, 0.2857142857142837, 1.3714285714285697, 0.3285714285714292, 0.3999999999999996, 0.28571428571428675, 0.3000000000000002, 0.2285714285714308, 0.34285714285714164, 0.25714285714285773]
1.367 [3] [271,272,273,274,275,276,277,278,279,280] [0.18888888888888922, 0.34444444444444616, 0.2222222222222238, 1.3666666666666663, 0.1888888888888884, 0.18888888888888922, 0.2777777777777778, 0.20000000000000126, 0.5111111111111128, 0.4444444444444444]
1.366 [5,6,7] [221,222,223,224,225,226,227,228,229,230] [0.44444444444444364, 0.47777777777777586, 0.7444444444444448, 0.4666666666666662, 0.5999999999999999, 0.6666666666666666, 0.7333333333333327, 0.966666666666667, 0.5444444444444443, 0.17777777777777715]
1.365 [1,2,3] [274,275,276,277,278,279,280,281,282,283,284] [0.15, 0.670000000000001, 0.17999999999999972, 1.2599999999999987, 0.2500000000000007, 0.220000000000001, 0.25999999999999945, 0.25, 0.39000000000000057, 0.35]
1.359 [5,6,7,8] [220,221,222,223,224,225,226,227,228,229,230,231] [0.42727272727272686, 0.5363636363636343, 0.745454545454545, 0.472727272727273, 0.5636363636363639, 0.6090909090909093, 0.6999999999999996, 0.9000000000000011, 0.5090909090909086, 0.24545454545454443]
1.357 [3] [276,277,278,279,280,281,282,283] [0.17142857142857082, 0.4571428571428576, 0.11428571428571388, 1.357142857142856, 0.14285714285714388, 0.21428571428571427, 0.21428571428571327, 0.27142857142857224, 0.3999999999999996, 0.3285714285714292]
1.356 [3] [270,271,272,273,274,275,276,277,278,279] [0.1888888888888884, 0.3444444444444454, 0.24444444444444635, 1.3555555555555543, 0.16666666666666508, 0.18888888888888922, 0.24444444444444477, 0.18888888888888922, 0.5111111111111121, 0.4222222222222219]
1.35 [1] [282,283,284,285,286] [0.125, 1.3499999999999996, 0.3000000000000007, 0.12499999999999645, 0.27500000000000036, 0.3000000000000007, 0.24999999999999822, 0.125, 0.27500000000000036, 0.3249999999999993]
1.347 [4,5,7] [227,228,229,230,231,232,233] [0.4833333333333343, 0.733333333333332, 0.8333333333333334, 0.39999999999999974, 0.75, 0.5833333333333334, 0.383333333333334, 1.000000000000001, 0.3166666666666676, 0.31666666666666404]
1.344 [1,2] [246,247,248,249,250,251,252,253,254] [0.1999999999999993, 0.7374999999999989, 1.1624999999999979, 0.3125, 0.3750000000000009, 0.2375000000000016, 0.21250000000000124, 0.26250000000000195, 0.3249999999999993, 0.1875000000000009]
1.342 [4,5,7] [225,226,227,228,229,230,231,232,233] [0.47500000000000053, 0.5999999999999979, 0.7125000000000004, 0.4500000000000002, 0.7374999999999998, 0.5625, 0.4375, 1.0250000000000012, 0.4249999999999998, 0.24999999999999822]
1.339 [5,6,7] [220,221,222,223,224,225,226,227,228,229,230] [0.4599999999999994, 0.509999999999998, 0.75, 0.5100000000000001, 0.5700000000000003, 0.6200000000000003, 0.7399999999999991, 0.9600000000000009, 0.5199999999999996, 0.1999999999999993]
1.328 [4,6,7] [223,224,225,226,227,228,229,230,231,232] [0.4555555555555557, 0.6333333333333305, 0.7444444444444448, 0.4333333333333332, 0.7555555555555552, 0.6222222222222223, 0.6222222222222223, 0.9222222222222227, 0.5111111111111121, 0.25555555555555365]
1.317 [5,7,8,9] [184,185,186,187] [0.06666666666666761, 0.3333333333333333, 0.09999999999999905, 0.29999999999999954, 0.23333333333333428, 0.7666666666666657, 0.16666666666666666, 0.46666666666666856, 1.0333333333333339, 0.36666666666666714]
1.308 [1,2] [224,225,226] [0.3999999999999986, 0.8499999999999943, 1.0, 0.6999999999999993, 0.4499999999999993, 0.6499999999999986, 0.4499999999999993, 0.8000000000000007, 0.75, 0.25]
1.305 [4,6,7] [222,223,224,225,226,227,228,229,230,231,232] [0.4799999999999997, 0.6499999999999971, 0.75, 0.38999999999999985, 0.7100000000000002, 0.6799999999999997, 0.6899999999999998, 0.8600000000000009, 0.4700000000000003, 0.23999999999999844]
1.304 [1,2,3] [276,277,278,279,280,281,282,283,284,285] [0.16666666666666666, 0.7666666666666673, 0.1555555555555562, 1.0777777777777757, 0.20000000000000048, 0.2333333333333335, 0.2333333333333327, 0.24444444444444477, 0.35555555555555585, 0.32222222222222285]
1.3 [5] [260,261,262,263,264,265] [0.2200000000000017, 0.3799999999999997, 0.18000000000000113, 0.3600000000000009, 0.11999999999999603, 1.3, 0.1, 0.2, 0.2200000000000017, 0.3799999999999997]
1.299 [1,2,3] [274,275,276,277,278,279,280,281,282,283,284,285] [0.1545454545454548, 0.6727272727272738, 0.20909090909090883, 1.1636363636363614, 0.23636363636363714, 0.22727272727272793, 0.2545454545454543, 0.2363636363636365, 0.3727272727272735, 0.33636363636363664]
1.296 [1,2] [201,202,203,204] [0.2666666666666657, 1.1333333333333329, 0.7000000000000005, 0.20000000000000048, 0.10000000000000142, 0.3333333333333333, 0.23333333333333428, 0.4666666666666662, 0.3333333333333333, 0.16666666666666666]
1.293 [5,6,7] [221,222,223,224,225,226,227,228,229,230,231] [0.4099999999999994, 0.509999999999998, 0.7399999999999999, 0.4299999999999997, 0.5899999999999999, 0.65, 0.6899999999999998, 0.9000000000000007, 0.5299999999999997, 0.229999999999999]
1.29 [5,6] [221,222,223,224,225] [0.3749999999999982, 0.6499999999999986, 0.7750000000000004, 0.5499999999999989, 0.375, 0.8249999999999993, 1.0, 0.3249999999999993, 0.5, 0.1750000000000007]
1.289 [2,3,4] [238,239,240,241] [0.3333333333333333, 0.23333333333333428, 1.099999999999999, 0.5333333333333338, 0.5999999999999991, 0.29999999999999954, 0.23333333333333192, 0.5333333333333314, 0.2666666666666657, 0.1999999999999981]
1.281 [4,5,6,7] [226,227,228,229,230,231,232,233,234] [0.5875000000000012, 0.6499999999999986, 0.6499999999999995, 0.4249999999999998, 0.8125, 0.5125000000000002, 0.40000000000000036, 0.8375000000000012, 0.375, 0.2624999999999984]
1.28 [3] [273,274,275,276,277,278,279,280,281,282,283] [0.15, 0.4000000000000007, 0.17999999999999972, 1.279999999999999, 0.19000000000000056, 0.19000000000000056, 0.23999999999999916, 0.24000000000000057, 0.41000000000000086, 0.38999999999999985]
1.275 [2] [243,244,245,246,247,248,249,250,251] [0.1374999999999975, 0.24999999999999822, 1.2749999999999986, 0.35000000000000053, 0.40000000000000036, 0.3125000000000009, 0.28750000000000053, 0.21250000000000213, 0.3124999999999991, 0.22500000000000053]
1.273 [1,2,3] [275,276,277,278,279,280,281,282,283,284,285,286] [0.16363636363636402, 0.6454545454545463, 0.23636363636363714, 1.1545454545454534, 0.22727272727272793, 0.22727272727272793, 0.25454545454545363, 0.22727272727272793, 0.3181818181818182, 0.3272727272727274]
1.27 [0,1,2] [229,230] [0.7000000000000028, 0.5, 1.0, 0.5, 0.6000000000000014, 0.6000000000000014, 0.6999999999999957, 0.7000000000000028, 0.10000000000000142, 0.29999999999999716]
1.268 [4,5,6,7] [217,218,219,220,221,222,223,224,225,226,227,228,229,230,231] [0.47142857142857103, 0.5571428571428554, 0.664285714285714, 0.47142857142857153, 0.4857142857142855, 0.5928571428571426, 0.6142857142857144, 0.8428571428571436, 0.5071428571428568, 0.30714285714285594]
1.267 [2] [239,240,241,242,243,244,245,246,247,248,249,250,251] [0.20833333333333215, 0.2666666666666669, 1.266666666666665, 0.3500000000000008, 0.4083333333333332, 0.3083333333333342, 0.3000000000000007, 0.2833333333333344, 0.3249999999999999, 0.25833333333333347]
1.265 [1,2] [248,249,250,251,252,253,254,255,256,257] [0.34444444444444383, 0.7222222222222222, 1.0666666666666644, 0.24444444444444396, 0.4111111111111122, 0.21111111111111175, 0.21111111111111253, 0.2666666666666681, 0.3333333333333333, 0.27777777777777857]
1.261 [1,2] [249,250,251,252,253,254,255] [0.31666666666666643, 0.983333333333332, 0.7999999999999995, 0.2166666666666662, 0.4666666666666674, 0.23333333333333428, 0.16666666666666785, 0.2833333333333338, 0.4333333333333324, 0.21666666666666737]
1.26 [5,6,7] [218,219,220,221,222,223,224,225,226,227,228,229] [0.44545454545454466, 0.5636363636363619, 0.6272727272727271, 0.5090909090909093, 0.5, 0.6090909090909087, 0.6636363636363634, 0.9090909090909091, 0.554545454545454, 0.19999999999999896]
1.257 [1,2] [247,248,249,250,251,252,253,254,255,256] [0.33333333333333254, 0.6888888888888877, 1.088888888888887, 0.28888888888888825, 0.4111111111111122, 0.21111111111111175, 0.22222222222222301, 0.27777777777777934, 0.36666666666666636, 0.25555555555555604]
1.256 [1,2,3,4] [245,246,247,248,249,250,251,252,253] [0.17499999999999893, 0.5499999999999972, 1.2124999999999977, 0.33749999999999947, 0.41250000000000053, 0.22500000000000142, 0.2500000000000009, 0.27500000000000213, 0.3249999999999993, 0.2375000000000007]
1.255 [2] [240,241,242,243,244,245,246,247,248,249,250,251] [0.16363636363636208, 0.2818181818181813, 1.254545454545453, 0.36363636363636426, 0.36363636363636365, 0.33636363636363725, 0.31818181818181945, 0.28181818181818324, 0.30909090909090897, 0.2545454545454549]
1.251 [0,1,2] [229,230,231,232] [0.5333333333333362, 0.9333333333333323, 0.7000000000000005, 0.40000000000000097, 0.8333333333333334, 0.6666666666666666, 0.5333333333333338, 0.40000000000000097, 0.16666666666666666, 0.3999999999999962]
1.25 [3] [269,270,271,272,273,274,275,276,277] [0.16249999999999964, 0.41250000000000053, 0.2500000000000018, 1.2499999999999991, 0.16249999999999876, 0.1875, 0.2375000000000007, 0.20000000000000107, 0.45000000000000195, 0.4250000000000007]
1.243 [2] [242,243,244,245,246,247,248,249] [0.12857142857142634, 0.14285714285714285, 1.2428571428571413, 0.3857142857142851, 0.2857142857142857, 0.2857142857142857, 0.3000000000000012, 0.22857142857142979, 0.25714285714285673, 0.22857142857142979]
1.241 [0,1,2] [212,213,214,215,216,217,218] [0.4666666666666662, 1.0499999999999996, 0.6333333333333329, 0.2166666666666662, 0.10000000000000024, 0.45000000000000046, 0.2833333333333338, 0.43333333333333357, 0.4166666666666667, 0.6000000000000002]
1.24 [3] [271,272,273,274,275,276,277,278,279,280,281] [0.18000000000000044, 0.31000000000000155, 0.21000000000000085, 1.2400000000000007, 0.16999999999999957, 0.21000000000000013, 0.2700000000000003, 0.21000000000000085, 0.48000000000000115, 0.43999999999999984]
1.237 [3,5,7,8] [277,278,279] [0.3000000000000007, 0.20000000000000284, 0.25, 1.1499999999999986, 0.14999999999999858, 0.25000000000000355, 0.1999999999999993, 0.25, 0.5999999999999979, 0.34999999999999787]
1.236 [1,2,3] [203,204,205,206,207,208] [0.3600000000000009, 1.1799999999999997, 0.5400000000000006, 0.4199999999999989, 0.05999999999999943, 0.18000000000000113, 0.16000000000000086, 0.39999999999999714, 0.46000000000000085, 0.42000000000000026]
1.233 [1] [283,284,285,286] [0.13333333333333522, 1.2333333333333343, 0.3666666666666695, 0.09999999999999905, 0.29999999999999954, 0.2666666666666681, 0.2666666666666657, 0.16666666666666666, 0.23333333333333428, 0.29999999999999954]
1.232 [0,1,2] [205,206,207,208] [0.5333333333333338, 1.1999999999999982, 0.40000000000000097, 0.5666666666666652, 0.06666666666666525, 0.20000000000000048, 0.16666666666666666, 0.5666666666666652, 0.40000000000000097, 0.6333333333333329]
1.231 [2] [237,238,239,240,241,242,243,244,245,246,247,248,249,250] [0.1846153846153834, 0.23076923076923186, 1.230769230769229, 0.3923076923076924, 0.407692307692308, 0.3307692307692311, 0.30000000000000043, 0.3230769230769233, 0.2538461538461536, 0.23846153846153856]
1.23 [3] [269,270,271,272,273,274,275,276,277,278,279] [0.18999999999999986, 0.370000000000001, 0.25000000000000144, 1.229999999999999, 0.15999999999999873, 0.2000000000000007, 0.23000000000000043, 0.21000000000000085, 0.48000000000000115, 0.41000000000000014]
1.227 [4,5,7] [228,229,230,231,232] [0.5500000000000007, 0.75, 0.7750000000000004, 0.32500000000000107, 0.7999999999999989, 0.6500000000000004, 0.4250000000000007, 0.6750000000000007, 0.3000000000000007, 0.37499999999999645]
1.224 [0,1,2] [206,207,208,209,210,211,212,213,214,215,216] [0.5, 1.0699999999999996, 0.5499999999999993, 0.25, 0.15, 0.28999999999999987, 0.2299999999999997, 0.4799999999999997, 0.33999999999999986, 0.4799999999999997]
1.22 [1,2,3] [273,274,275,276,277,278,279,280,281,282,283,284,285] [0.15000000000000036, 0.6416666666666675, 0.20000000000000048, 1.0833333333333315, 0.22500000000000023, 0.20833333333333393, 0.24999999999999942, 0.22500000000000023, 0.37500000000000117, 0.375]
1.216 [5,6,7,8] [213,214,215,216,217,218,219,220,221,222,223,224,225,226,227,228,229] [0.4562499999999994, 0.6874999999999987, 0.6124999999999998, 0.4249999999999998, 0.3624999999999998, 0.5749999999999997, 0.5499999999999998, 0.7875000000000001, 0.5187499999999998, 0.3499999999999992]
1.213 [4,5,6,7] [218,219,220,221,222,223,224,225,226,227,228,229,230,231,232,233,234] [0.5062500000000001, 0.6562499999999987, 0.6374999999999997, 0.5, 0.5750000000000002, 0.5749999999999997, 0.5562499999999999, 0.7187500000000004, 0.43124999999999947, 0.23749999999999893]
1.212 [0,1,2] [228,229,230,231,232,233,234] [0.6333333333333341, 0.75, 0.7166666666666662, 0.4166666666666667, 0.7333333333333331, 0.5166666666666669, 0.2833333333333338, 0.5000000000000012, 0.25, 0.31666666666666526]
1.208 [1,2,3] [275,276,277,278,279,280,281,282,283,284,285,286,287] [0.16666666666666666, 0.6250000000000006, 0.258333333333334, 1.0833333333333321, 0.21666666666666737, 0.24166666666666714, 0.2666666666666657, 0.22500000000000084, 0.29999999999999954, 0.3000000000000001]
1.204 [5,6,7] [218,219,220,221,222,223,224,225,226,227,228,229,230,231] [0.4384615384615381, 0.5769230769230753, 0.6615384615384611, 0.4769230769230771, 0.5076923076923078, 0.5999999999999998, 0.6384615384615382, 0.8461538461538467, 0.5076923076923072, 0.24615384615384472]
1.203 [5,6,7,8] [215,216,217,218,219,220,221,222,223,224,225,226,227,228,229,230,231] [0.46874999999999956, 0.5687499999999988, 0.6499999999999995, 0.4500000000000002, 0.4249999999999998, 0.5625, 0.5687500000000001, 0.7625000000000006, 0.5124999999999997, 0.32499999999999885]
1.202 [1,2] [248,249,250,251,252,253,254,255,256,257,258] [0.31999999999999956, 0.7399999999999991, 0.959999999999998, 0.21999999999999958, 0.38000000000000045, 0.2000000000000007, 0.220000000000001, 0.25000000000000144, 0.31000000000000016, 0.2900000000000006]
1.201 [0,1,2] [210,211,212,213,214,215] [0.4, 1.1199999999999988, 0.5599999999999994, 0.2, 0.18000000000000113, 0.44000000000000056, 0.22000000000000028, 0.5, 0.23999999999999916, 0.44000000000000056]
1.2 [1] [267,268] [0.19999999999999574, 1.2000000000000028, 0.09999999999999432, 0.0, 0.10000000000000142, 0.20000000000000284, 0.0, 0.20000000000000284, 0.19999999999999574, 0.3999999999999986]
1.197 [0,1,2] [205,206,207,208,209,210,211,212,213,214,215,216] [0.4818181818181822, 1.0636363636363633, 0.527272727272727, 0.2636363636363635, 0.1454545454545456, 0.3181818181818182, 0.21818181818181806, 0.4636363636363631, 0.3272727272727274, 0.4454545454545453]
1.196 [1,2,3] [274,275,276,277,278,279,280,281,282,283,284,285,286] [0.15000000000000036, 0.6166666666666677, 0.2333333333333331, 1.0749999999999986, 0.22500000000000084, 0.22500000000000084, 0.24999999999999942, 0.2333333333333337, 0.36666666666666714, 0.3333333333333333]
1.193 [5,6,7] [221,222,223,224,225,226,227,228,229,230,231,232,233] [0.44166666666666643, 0.6166666666666648, 0.7333333333333337, 0.4833333333333331, 0.6166666666666666, 0.6499999999999998, 0.625, 0.7916666666666673, 0.4499999999999999, 0.22499999999999906]
1.192 [2] [239,240,241,242,243,244,245,246,247,248,249,250,251,252] [0.199999999999999, 0.2538461538461536, 1.1923076923076907, 0.3384615384615389, 0.44615384615384646, 0.29230769230769316, 0.29230769230769316, 0.26923076923077033, 0.32307692307692276, 0.24615384615384636]
1.191 [4,5,7] [223,224,225,226,227,228,229,230,231,232,233,234] [0.5181818181818184, 0.6545454545454522, 0.718181818181818, 0.4636363636363631, 0.7272727272727273, 0.5545454545454547, 0.5090909090909093, 0.7818181818181826, 0.445454545454546, 0.24545454545454443]
1.189 [1,2,3,4] [244,245,246,247,248,249,250,251,252,253,254] [0.16999999999999887, 0.6199999999999989, 1.0199999999999982, 0.2799999999999997, 0.42000000000000026, 0.23000000000000115, 0.2500000000000007, 0.25000000000000144, 0.3599999999999987, 0.220000000000001]
1.188 [1,2] [245,246,247,248,249,250,251,252,253,254,255] [0.229999999999999, 0.609999999999998, 1.069999999999998, 0.29999999999999927, 0.3600000000000009, 0.23000000000000115, 0.23000000000000115, 0.28000000000000114, 0.329999999999999, 0.23000000000000043]
1.187 [1,2,3,4] [244,245,246,247,248,249,250,251,252,253] [0.16666666666666508, 0.5111111111111089, 1.0999999999999983, 0.29999999999999954, 0.4444444444444444, 0.23333333333333428, 0.25555555555555604, 0.24444444444444635, 0.3777777777777768, 0.23333333333333428]
1.184 [2,3,4] [224,225,226,227,228] [0.4250000000000007, 0.5999999999999943, 0.7249999999999996, 0.5749999999999993, 0.75, 0.5749999999999993, 0.5999999999999996, 1.325000000000001, 0.75, 0.17499999999999893]
1.181 [1,2,3] [276,277,278,279,280,281,282,283,284,285,286] [0.16000000000000014, 0.6900000000000006, 0.19000000000000056, 0.979999999999999, 0.19000000000000056, 0.23000000000000043, 0.229999999999999, 0.24000000000000057, 0.35, 0.3200000000000003]
1.179 [5,6,7,8] [214,215,216,217,218,219,220,221,222,223,224,225,226,227,228,229,230,231] [0.47058823529411725, 0.6235294117647047, 0.6235294117647056, 0.42941176470588216, 0.40588235294117636, 0.576470588235294, 0.5647058823529413, 0.71764705882353, 0.49999999999999956, 0.34705882352941086]
1.178 [0,1,2] [204,205,206,207,208,209] [0.42000000000000026, 1.0599999999999994, 0.5599999999999994, 0.35999999999999943, 0.1, 0.18000000000000113, 0.2, 0.459999999999998, 0.48000000000000115, 0.44000000000000056]
1.177 [1,2,3,4] [242,243,244,245,246,247,248,249,250,251,252,253] [0.1727272727272713, 0.4727272727272717, 1.1363636363636351, 0.336363636363636, 0.4090909090909091, 0.26363636363636417, 0.2545454545454556, 0.245454545454547, 0.336363636363636, 0.22727272727272857]
1.175 [1] [280,281,282,283,284] [0.09999999999999964, 1.174999999999999, 0.07499999999999929, 0.17499999999999716, 0.25, 0.27500000000000036, 0.1999999999999993, 0.29999999999999893, 0.27500000000000036, 0.3249999999999993]
1.172 [4,6,7] [220,221,222,223,224,225,226,227,228,229,230,231,232,233] [0.45384615384615373, 0.6307692307692288, 0.7384615384615386, 0.5153846153846156, 0.5923076923076925, 0.6153846153846154, 0.6384615384615382, 0.8000000000000009, 0.4384615384615381, 0.23846153846153748]
1.171 [0,1,2] [212,213,214,215,216,217,218,219] [0.47142857142857103, 1.0, 0.5571428571428559, 0.2285714285714288, 0.10000000000000041, 0.5, 0.25714285714285773, 0.4571428571428565, 0.5, 0.5428571428571425]
1.17 [2] [239,240,241,242,243,244,245,246,247,248,249] [0.19999999999999857, 0.16000000000000086, 1.1699999999999982, 0.36000000000000015, 0.36000000000000015, 0.2900000000000006, 0.31000000000000083, 0.2900000000000006, 0.3, 0.25]
1.167 [5,7,9] [263,264,265,266,267] [0.22499999999999964, 0.5999999999999996, 0.17499999999999716, 0.20000000000000107, 0.12499999999999822, 1.1999999999999975, 0.17499999999999893, 0.25, 0.3000000000000007, 0.45000000000000107]
1.166 [0,1,2] [227,228,229,230,231,232] [0.5000000000000014, 0.7199999999999989, 0.8, 0.3, 0.8799999999999997, 0.6200000000000003, 0.46000000000000085, 1.1400000000000006, 0.3600000000000009, 0.3399999999999963]
1.164 [1,2] [248,249,250,251,252,253,254,255,256,257,258,259] [0.29999999999999977, 0.7545454545454543, 0.8909090909090893, 0.19999999999999962, 0.36363636363636365, 0.2000000000000009, 0.21818181818181934, 0.23636363636363777, 0.3000000000000004, 0.3090909090909096]
1.163 [3,5,7,8] [184,185,186,187,188] [0.07499999999999929, 0.375, 0.14999999999999858, 0.375, 0.27500000000000036, 0.625, 0.25, 0.3500000000000014, 0.9750000000000014, 0.32500000000000107]
1.162 [0,1,2] [200,201,202,203,204,205,206,207,208,209,210,211,212,213,214,215,216] [0.40625000000000044, 1.06875, 0.5374999999999996, 0.23125000000000018, 0.13125000000000053, 0.2937500000000002, 0.23125000000000018, 0.4187499999999993, 0.375, 0.3937499999999998]
1.161 [0,1,2] [212,213,214,215,216,217,218,219,220,221] [0.4888888888888887, 0.9666666666666662, 0.5555555555555548, 0.35555555555555585, 0.14444444444444493, 0.4444444444444444, 0.3444444444444446, 0.5111111111111113, 0.4222222222222219, 0.4999999999999992]
1.16 [1] [282,283,284,285,286,287] [0.13999999999999915, 1.1599999999999995, 0.3400000000000006, 0.1599999999999966, 0.24000000000000057, 0.3200000000000003, 0.2799999999999983, 0.14000000000000057, 0.23999999999999916, 0.25999999999999945]
1.159 [0,1,2] [201,202,203,204,205,206,207,208,209,210,211,212,213,214] [0.38461538461538464, 1.0461538461538458, 0.5769230769230764, 0.25384615384615417, 0.14615384615384658, 0.261538461538462, 0.19230769230769232, 0.5076923076923067, 0.3461538461538467, 0.33846153846153837]
1.158 [4,5,6,7] [223,224,225,226,227,228,229,230,231,232,233,234,235,236] [0.48461538461538495, 0.607692307692306, 0.6461538461538461, 0.4846153846153844, 0.6384615384615382, 0.4769230769230771, 0.4846153846153844, 0.7153846153846163, 0.40000000000000074, 0.24615384615384528]
1.157 [2] [236,237,238,239,240,241,242,243,244,245,246,247,248,249,250] [0.20714285714285602, 0.22142857142857306, 1.157142857142856, 0.39285714285714285, 0.4142857142857146, 0.3357142857142859, 0.30714285714285744, 0.30714285714285744, 0.26428571428571396, 0.23571428571428601]
1.155 [1,2] [242,243,244,245,246,247,248,249,250,251,252,253,254] [0.17499999999999893, 0.5666666666666664, 1.0666666666666653, 0.31666666666666643, 0.3916666666666669, 0.258333333333334, 0.25000000000000117, 0.25000000000000117, 0.3249999999999993, 0.21666666666666798]
1.153 [1,2,3] [272,273,274,275,276,277,278,279,280,281,282,283,284,285] [0.15384615384615385, 0.6153846153846165, 0.20000000000000065, 1.0153846153846133, 0.2076923076923079, 0.2307692307692313, 0.23846153846153803, 0.2307692307692313, 0.37692307692307847, 0.37692307692307736]
1.15 [5] [260,261,262,263,264] [0.22500000000000142, 0.34999999999999964, 0.20000000000000284, 0.32500000000000107, 0.12499999999999645, 1.1500000000000004, 0.10000000000000142, 0.125, 0.20000000000000107, 0.34999999999999964]
1.149 [0,1,2] [206,207,208,209,210,211,212,213,214,215,216,217] [0.47272727272727233, 0.9909090909090907, 0.5272727272727263, 0.2636363636363635, 0.13636363636363635, 0.2909090909090912, 0.22727272727272663, 0.47272727272727233, 0.3272727272727274, 0.48181818181818153]
1.147 [0,1,2] [212,213,214,215,216,217,218,219,220] [0.47499999999999964, 0.9874999999999998, 0.5249999999999995, 0.28749999999999964, 0.125, 0.47499999999999964, 0.28750000000000053, 0.46249999999999947, 0.4375, 0.5124999999999993]
1.146 [0,1,2] [207,208,209,210,211,212,213,214] [0.47142857142857103, 0.9285714285714286, 0.5857142857142849, 0.25714285714285773, 0.18571428571428633, 0.24285714285714327, 0.1857142857142853, 0.5857142857142849, 0.2285714285714288, 0.4142857142857141]
1.145 [2] [241,242,243,244,245,246,247,248,249,250,251,252] [0.16363636363636208, 0.2818181818181813, 1.1454545454545437, 0.3272727272727274, 0.4090909090909097, 0.32727272727272805, 0.3272727272727287, 0.245454545454547, 0.30909090909090897, 0.23636363636363714]
1.144 [2] [240,241,242,243,244,245,246,247,248,249] [0.14444444444444254, 0.16666666666666666, 1.1444444444444426, 0.3777777777777776, 0.3000000000000003, 0.32222222222222285, 0.3333333333333349, 0.28888888888888986, 0.2777777777777778, 0.24444444444444477]
1.143 [1,2,3,4] [239,240,241,242,243,244,245,246,247,248,249,250,251,252,253] [0.21428571428571327, 0.4142857142857141, 1.1071428571428557, 0.3285714285714287, 0.43571428571428583, 0.27142857142857224, 0.27142857142857224, 0.28571428571428675, 0.3499999999999999, 0.24285714285714327]
1.142 [1,2,3] [274,275,276,277,278,279,280,281,282,283,284,285,286,287] [0.15384615384615385, 0.6000000000000009, 0.2538461538461536, 1.015384615384614, 0.21538461538461626, 0.2384615384615391, 0.2615384615384609, 0.2307692307692313, 0.34615384615384615, 0.3076923076923077]
1.14 [1,2,3,4] [238,239,240,241,242,243,244,245,246,247,248,249,250,251,252,253] [0.2133333333333321, 0.4199999999999998, 1.0599999999999985, 0.35999999999999993, 0.4400000000000001, 0.3000000000000005, 0.2866666666666674, 0.3200000000000008, 0.32666666666666655, 0.22666666666666704]
1.139 [0,1,2] [200,201,202,203,204,205,206,207,208,209,210,211,212,213,214,215] [0.38666666666666694, 1.0666666666666667, 0.5199999999999998, 0.23333333333333334, 0.14000000000000057, 0.28666666666666696, 0.22666666666666657, 0.44666666666666593, 0.3400000000000001, 0.39333333333333326]
1.138 [0,1,2] [201,202,203,204,205,206,207,208,209,210,211,212,213,214,215,216,217,218] [0.42941176470588216, 0.9823529411764703, 0.5588235294117643, 0.2588235294117646, 0.12941176470588253, 0.3176470588235297, 0.22352941176470614, 0.45882352941176413, 0.37647058823529445, 0.4176470588235295]
1.136 [2] [238,239,240,241,242,243,244,245,246,247,248,249,250,251,252] [0.1999999999999988, 0.27142857142857124, 1.1357142857142841, 0.3714285714285716, 0.4500000000000003, 0.32142857142857195, 0.30714285714285794, 0.30714285714285794, 0.2999999999999997, 0.2285714285714288]
1.135 [1,2,3,4] [243,244,245,246,247,248,249,250,251,252,253] [0.159999999999998, 0.459999999999998, 1.0499999999999985, 0.31999999999999956, 0.44000000000000056, 0.26000000000000084, 0.2500000000000007, 0.23000000000000184, 0.3499999999999993, 0.21000000000000085]
1.134 [0,1,2] [203,204,205,206,207,208,209,210,211,212,213,214,215,216,217] [0.40714285714285736, 1.0142857142857145, 0.5428571428571425, 0.26428571428571396, 0.12142857142857164, 0.2928571428571435, 0.20714285714285705, 0.4142857142857131, 0.3500000000000004, 0.4000000000000001]
1.133 [1] [250,251,252,253] [0.29999999999999954, 1.1333333333333304, 0.09999999999999905, 0.23333333333333192, 0.5, 0.13333333333333522, 0.16666666666666666, 0.23333333333333428, 0.5333333333333338, 0.2666666666666681]
1.132 [0,1,2] [199,200,201,202,203,204,205,206,207,208,209] [0.36000000000000015, 1.0299999999999998, 0.5700000000000003, 0.2799999999999997, 0.11000000000000085, 0.21000000000000085, 0.23999999999999985, 0.38999999999999846, 0.41000000000000014, 0.35]
1.131 [8,9] [271,272] [0.30000000000000426, 0.5, 0.20000000000000284, 0.0, 0.09999999999999432, 0.09999999999999432, 0.4000000000000057, 0.10000000000000142, 1.0, 0.5999999999999943]
1.13 [0,1,2] [211,212,213,214,215,216,217,218] [0.4142857142857141, 0.9285714285714286, 0.6142857142857139, 0.25714285714285673, 0.12857142857142836, 0.42857142857142855, 0.25714285714285773, 0.528571428571429, 0.3857142857142861, 0.5571428571428569]
