10 0.0 0.0 0.001
15 0.0 0.0 0.001
20 0.10526315789473684 0.01904761904761905 0.03225806451612903
25 0.10526315789473684 0.01904761904761905 0.03225806451612903
30 0.08695652173913043 0.01904761904761905 0.03125000000000001
35 0.1111111111111111 0.02857142857142857 0.04545454545454545
40 0.09375 0.02857142857142857 0.043795620437956206
45 0.08108108108108109 0.02857142857142857 0.04225352112676056
50 0.07142857142857142 0.02857142857142857 0.04081632653061224
55 0.10638297872340426 0.047619047619047616 0.06578947368421054
60 0.11764705882352941 0.05714285714285714 0.07692307692307693
65 0.12727272727272726 0.06666666666666667 0.08750000000000001
70 0.16393442622950818 0.09523809523809523 0.12048192771084339
75 0.16923076923076924 0.10476190476190476 0.12941176470588234
80 0.1791044776119403 0.11428571428571428 0.13953488372093023
85 0.17391304347826086 0.11428571428571428 0.13793103448275862
90 0.1780821917808219 0.12380952380952381 0.14606741573033707
95 0.16883116883116883 0.12380952380952381 0.14285714285714285
100 0.15853658536585366 0.12380952380952381 0.1390374331550802
105 0.1724137931034483 0.14285714285714285 0.15625
110 0.17777777777777778 0.1523809523809524 0.1641025641025641
115 0.19791666666666666 0.18095238095238095 0.1890547263681592
120 0.2079207920792079 0.2 0.20388349514563106
125 0.2 0.2 0.20000000000000004
130 0.22522522522522523 0.23809523809523808 0.2314814814814815
135 0.23684210526315788 0.2571428571428571 0.2465753424657534
140 0.24166666666666667 0.2761904761904762 0.2577777777777778
145 0.2459016393442623 0.2857142857142857 0.2643171806167401
150 0.23622047244094488 0.2857142857142857 0.2586206896551724
155 0.23484848484848486 0.29523809523809524 0.26160337552742613
160 0.24087591240875914 0.3142857142857143 0.2727272727272727
165 0.2517482517482518 0.34285714285714286 0.2903225806451613
170 0.25 0.3523809523809524 0.2924901185770751
175 0.24342105263157895 0.3523809523809524 0.2879377431906615
180 0.24358974358974358 0.3619047619047619 0.29118773946360155
185 0.24375 0.37142857142857144 0.2943396226415094
190 0.24390243902439024 0.38095238095238093 0.2973977695167286
195 0.24260355029585798 0.3904761904761905 0.29927007299270075
200 0.23563218390804597 0.3904761904761905 0.29390681003584235
205 0.22905027932960895 0.3904761904761905 0.2887323943661972
210 0.22950819672131148 0.4 0.2916666666666667
215 0.22994652406417113 0.4095238095238095 0.29452054794520544
220 0.24083769633507854 0.4380952380952381 0.3108108108108108
225 0.23979591836734693 0.44761904761904764 0.31229235880398665
230 0.23880597014925373 0.45714285714285713 0.3137254901960784
235 0.23414634146341465 0.45714285714285713 0.3096774193548387
240 0.23333333333333334 0.4666666666666667 0.31111111111111117
245 0.23255813953488372 0.47619047619047616 0.3125
250 0.22727272727272727 0.47619047619047616 0.30769230769230765
255 0.2222222222222222 0.47619047619047616 0.30303030303030304
260 0.22510822510822512 0.49523809523809526 0.30952380952380953
265 0.225531914893617 0.5047619047619047 0.31176470588235294
270 0.22268907563025211 0.5047619047619047 0.3090379008746356
275 0.21810699588477367 0.5047619047619047 0.30459770114942525
280 0.21370967741935484 0.5047619047619047 0.30028328611898014
285 0.20948616600790515 0.5047619047619047 0.29608938547486036
290 0.20930232558139536 0.5142857142857142 0.2975206611570248
295 0.20912547528517111 0.5238095238095238 0.29891304347826086
300 0.20522388059701493 0.5238095238095238 0.29490616621983917
305 0.20512820512820512 0.5333333333333333 0.2962962962962963
310 0.20938628158844766 0.5523809523809524 0.30366492146596863
315 0.20567375886524822 0.5523809523809524 0.2997416020671835
320 0.20209059233449478 0.5523809523809524 0.29591836734693877
325 0.19863013698630136 0.5523809523809524 0.29219143576826195
330 0.19528619528619529 0.5523809523809524 0.2885572139303483
335 0.19205298013245034 0.5523809523809524 0.28501228501228504
340 0.19281045751633988 0.5619047619047619 0.2871046228710462
345 0.18971061093247588 0.5619047619047619 0.28365384615384615
350 0.1949685534591195 0.5904761904761905 0.29314420803782504
355 0.19195046439628483 0.5904761904761905 0.28971962616822433
