10 0.0 0.0 0.001
15 0.14285714285714285 0.01904761904761905 0.033613445378151266
20 0.11764705882352941 0.01904761904761905 0.03278688524590164
25 0.09523809523809523 0.01904761904761905 0.03174603174603175
30 0.11538461538461539 0.02857142857142857 0.045801526717557245
35 0.13333333333333333 0.0380952380952381 0.05925925925925926
40 0.14285714285714285 0.047619047619047616 0.07142857142857142
45 0.15384615384615385 0.05714285714285714 0.08333333333333333
50 0.1590909090909091 0.06666666666666667 0.09395973154362415
55 0.16666666666666666 0.0761904761904762 0.10457516339869281
60 0.19230769230769232 0.09523809523809523 0.12738853503184716
65 0.21052631578947367 0.11428571428571428 0.14814814814814814
70 0.2222222222222222 0.13333333333333333 0.16666666666666669
75 0.23529411764705882 0.1523809523809524 0.18497109826589597
80 0.26666666666666666 0.19047619047619047 0.2222222222222222
85 0.3 0.22857142857142856 0.2594594594594594
90 0.2823529411764706 0.22857142857142856 0.25263157894736843
95 0.31521739130434784 0.2761904761904762 0.2944162436548224
100 0.31958762886597936 0.29523809523809524 0.3069306930693069
105 0.33663366336633666 0.3238095238095238 0.3300970873786408
110 0.32075471698113206 0.3238095238095238 0.3222748815165877
115 0.3181818181818182 0.3333333333333333 0.3255813953488372
120 0.3157894736842105 0.34285714285714286 0.3287671232876712
125 0.325 0.37142857142857144 0.3466666666666667
130 0.32 0.38095238095238093 0.34782608695652173
135 0.3308270676691729 0.41904761904761906 0.36974789915966383
140 0.34057971014492755 0.44761904761904764 0.3868312757201647
145 0.3356643356643357 0.45714285714285713 0.3870967741935484
150 0.32432432432432434 0.45714285714285713 0.37944664031620556
155 0.3202614379084967 0.4666666666666667 0.37984496124031003
160 0.31645569620253167 0.47619047619047616 0.38022813688212925
165 0.32515337423312884 0.5047619047619047 0.39552238805970147
170 0.31736526946107785 0.5047619047619047 0.38970588235294124
175 0.31976744186046513 0.5238095238095238 0.39711191335740076
180 0.3163841807909605 0.5333333333333333 0.39716312056737585
185 0.31868131868131866 0.5523809523809524 0.4041811846689895
190 0.3191489361702128 0.5714285714285714 0.40955631399317405
195 0.31088082901554404 0.5714285714285714 0.40268456375838924
200 0.30456852791878175 0.5714285714285714 0.3973509933774835
205 0.297029702970297 0.5714285714285714 0.3908794788273615
210 0.2995169082125604 0.5904761904761905 0.3974358974358974
215 0.2971698113207547 0.6 0.3974763406940063
220 0.2903225806451613 0.6 0.3913043478260869
225 0.2882882882882883 0.6095238095238096 0.3914373088685016
230 0.28761061946902655 0.6190476190476191 0.392749244712991
235 0.2813852813852814 0.6190476190476191 0.3869047619047619
240 0.2754237288135593 0.6190476190476191 0.38123167155425225
245 0.2697095435684647 0.6190476190476191 0.37572254335260113
250 0.26422764227642276 0.6190476190476191 0.3703703703703704
255 0.2589641434262948 0.6190476190476191 0.3651685393258427
260 0.2578125 0.6285714285714286 0.3656509695290859
