23.845512820512823 [1, 2, 3, 4] [16, 17, 18, 19, 20, 21, 22, 23, 24, 25, 26, 27, 28, 29, 30, 31, 32] 20160301
19.656845238095244 [6, 7, 8, 9] [39, 40, 41, 42, 43, 44, 45, 46, 47, 48, 49, 50, 51, 52, 53, 54, 55, 56] 20160301
11.506388888888889 [4, 6, 7, 9] [64, 65, 66, 67, 68, 69, 70, 71, 72, 73, 74, 75, 76, 77, 78, 79, 80, 81] 20160301
8.839186507936512 [5, 7, 8, 9] [86, 87, 88, 89, 90, 91, 92, 93, 94, 95, 96, 97, 98, 99, 100, 101, 102, 103] 20160301
8.090281022094413 [5, 7, 8, 9] [227, 228, 229, 230, 231, 232, 233, 234, 235, 236, 237, 238, 239, 240, 241, 242, 243, 244] 20160301
7.938636363636364 [6, 7, 8, 9] [207, 208, 209, 210, 211, 212, 213, 214, 215, 216, 217, 218, 219, 220, 221, 222, 223, 224] 20160301
7.849999999999998 [4, 6, 7, 9] [194, 195, 196, 197, 198, 199, 200, 201, 202, 203, 204, 205, 206, 207, 208, 209, 210, 211] 20160301
7.362246914791285 [7, 8, 9] [95, 96, 97, 98, 99, 100, 101, 102, 103, 104, 105, 106, 107, 108, 109, 110, 111, 112] 20160301
6.430307355274358 [6, 7, 9] [239, 240, 241, 242, 243, 244, 245, 246, 247, 248, 249, 250, 251, 252, 253, 254, 255, 256] 20160301
5.552474747474749 [3, 5, 7, 8] [164, 165, 166, 167, 168, 169, 170, 171, 172, 173, 174, 175, 176, 177, 178, 179, 180, 181] 20160301
5.283333333333328 [6, 7, 8, 9] [190, 191, 192, 193, 194, 195, 196, 197, 198, 199, 200, 201] 20160301
5.096944444444445 [3, 5, 7, 8] [151, 152, 153, 154, 155, 156, 157, 158, 159, 160, 161, 162, 163, 164, 165, 166, 167, 168] 20160301
4.350558650628947 [1, 2] [264, 265, 266, 267, 268, 269, 270, 271, 272, 273, 274, 275, 276, 277, 278, 279, 280, 281] 20160301
