10 0.1 0.009523809523809525 0.01739130434782609
15 0.08333333333333333 0.009523809523809525 0.017094017094017092
20 0.058823529411764705 0.009523809523809525 0.01639344262295082
25 0.045454545454545456 0.009523809523809525 0.015748031496062992
30 0.07407407407407407 0.01904761904761905 0.030303030303030307
35 0.16129032258064516 0.047619047619047616 0.07352941176470587
40 0.16666666666666666 0.05714285714285714 0.0851063829787234
45 0.14634146341463414 0.05714285714285714 0.08219178082191782
50 0.13043478260869565 0.05714285714285714 0.07947019867549669
55 0.13725490196078433 0.06666666666666667 0.08974358974358974
60 0.125 0.06666666666666667 0.08695652173913045
65 0.11475409836065574 0.06666666666666667 0.08433734939759036
70 0.10606060606060606 0.06666666666666667 0.08187134502923978
75 0.1 0.06666666666666667 0.08
80 0.10666666666666667 0.0761904761904762 0.08888888888888889
85 0.1 0.0761904761904762 0.08648648648648649
90 0.12941176470588237 0.10476190476190476 0.11578947368421054
95 0.125 0.10476190476190476 0.11398963730569947
100 0.12903225806451613 0.11428571428571428 0.12121212121212123
105 0.13541666666666666 0.12380952380952381 0.1293532338308458
110 0.13861386138613863 0.13333333333333333 0.1359223300970874
115 0.14150943396226415 0.14285714285714285 0.14218009478672983
120 0.16216216216216217 0.17142857142857143 0.16666666666666669
125 0.15789473684210525 0.17142857142857143 0.1643835616438356
130 0.1623931623931624 0.18095238095238095 0.17117117117117117
135 0.17355371900826447 0.2 0.18584070796460175
140 0.19047619047619047 0.22857142857142856 0.2077922077922078
145 0.19230769230769232 0.23809523809523808 0.21276595744680848
150 0.19402985074626866 0.24761904761904763 0.21757322175732216
155 0.19708029197080293 0.2571428571428571 0.2231404958677686
160 0.19148936170212766 0.2571428571428571 0.21951219512195122
165 0.20408163265306123 0.2857142857142857 0.23809523809523808
170 0.2052980132450331 0.29523809523809524 0.2421875
175 0.20512820512820512 0.3047619047619048 0.24521072796934867
180 0.20754716981132076 0.3142857142857143 0.25000000000000006
185 0.2147239263803681 0.3333333333333333 0.26119402985074625
190 0.20833333333333334 0.3333333333333333 0.25641025641025644
195 0.2138728323699422 0.3523809523809524 0.26618705035971224
200 0.21468926553672316 0.3619047619047619 0.2695035460992908
205 0.22099447513812154 0.38095238095238093 0.27972027972027974
210 0.21505376344086022 0.38095238095238093 0.27491408934707906
215 0.2198952879581152 0.4 0.2837837837837838
220 0.2193877551020408 0.4095238095238095 0.28571428571428575
225 0.21890547263681592 0.41904761904761906 0.28758169934640526
230 0.2146341463414634 0.41904761904761906 0.2838709677419355
235 0.21052631578947367 0.41904761904761906 0.2802547770700637
240 0.205607476635514 0.41904761904761906 0.27586206896551724
245 0.2100456621004566 0.4380952380952381 0.2839506172839506
250 0.20982142857142858 0.44761904761904764 0.28571428571428575
255 0.2052401746724891 0.44761904761904764 0.281437125748503
260 0.20085470085470086 0.44761904761904764 0.27728613569321536
265 0.19665271966527198 0.44761904761904764 0.27325581395348836
270 0.2 0.4666666666666667 0.27999999999999997
275 0.2 0.47619047619047616 0.2816901408450704
280 0.19607843137254902 0.47619047619047616 0.2777777777777778
285 0.19230769230769232 0.47619047619047616 0.273972602739726
290 0.18867924528301888 0.47619047619047616 0.27027027027027023
295 0.1918819188191882 0.49523809523809526 0.276595744680851
300 0.18840579710144928 0.49523809523809526 0.27296587926509186
305 0.18505338078291814 0.49523809523809526 0.2694300518134715
310 0.18181818181818182 0.49523809523809526 0.26598465473145777
315 0.18556701030927836 0.5142857142857142 0.2727272727272727
320 0.1864406779661017 0.5238095238095238 0.27499999999999997
325 0.18333333333333332 0.5238095238095238 0.2716049382716049
330 0.18032786885245902 0.5238095238095238 0.2682926829268293
335 0.1774193548387097 0.5238095238095238 0.26506024096385544
340 0.18095238095238095 0.5428571428571428 0.2714285714285714
345 0.18495297805642633 0.5619047619047619 0.2783018867924528
350 0.18209876543209877 0.5619047619047619 0.27505827505827507
355 0.17933130699088146 0.5619047619047619 0.271889400921659
360 0.17664670658682635 0.5619047619047619 0.26879271070615035
365 0.17404129793510326 0.5619047619047619 0.26576576576576577
370 0.17151162790697674 0.5619047619047619 0.2628062360801782
375 0.17191977077363896 0.5714285714285714 0.26431718061674003
