10 0.125 0.009523809523809525 0.01769911504424779
15 0.07692307692307693 0.009523809523809525 0.016949152542372885
20 0.23529411764705882 0.0380952380952381 0.06557377049180328
25 0.18181818181818182 0.0380952380952381 0.06299212598425197
30 0.14814814814814814 0.0380952380952381 0.060606060606060615
35 0.15625 0.047619047619047616 0.072992700729927
40 0.13513513513513514 0.047619047619047616 0.0704225352112676
45 0.14634146341463414 0.05714285714285714 0.08219178082191782
50 0.20833333333333334 0.09523809523809523 0.130718954248366
55 0.21153846153846154 0.10476190476190476 0.14012738853503187
60 0.22807017543859648 0.12380952380952381 0.16049382716049382
65 0.22950819672131148 0.13333333333333333 0.1686746987951807
70 0.23076923076923078 0.14285714285714285 0.17647058823529413
75 0.2463768115942029 0.1619047619047619 0.19540229885057472
80 0.273972602739726 0.19047619047619047 0.2247191011235955
85 0.2948717948717949 0.21904761904761905 0.2513661202185793
90 0.30120481927710846 0.23809523809523808 0.26595744680851063
95 0.3218390804597701 0.26666666666666666 0.29166666666666663
100 0.3076923076923077 0.26666666666666666 0.28571428571428575
105 0.2916666666666667 0.26666666666666666 0.27860696517412936
110 0.29 0.2761904761904762 0.2829268292682927
115 0.29523809523809524 0.29523809523809524 0.29523809523809524
120 0.2818181818181818 0.29523809523809524 0.2883720930232558
125 0.26956521739130435 0.29523809523809524 0.2818181818181818
130 0.25833333333333336 0.29523809523809524 0.27555555555555555
135 0.2661290322580645 0.3142857142857143 0.2882096069868995
140 0.2558139534883721 0.3142857142857143 0.28205128205128205
145 0.24812030075187969 0.3142857142857143 0.27731092436974786
150 0.2391304347826087 0.3142857142857143 0.271604938271605
155 0.23943661971830985 0.3238095238095238 0.27530364372469635
160 0.23972602739726026 0.3333333333333333 0.2788844621513944
165 0.25 0.3619047619047619 0.2957198443579766
170 0.24203821656050956 0.3619047619047619 0.2900763358778626
175 0.24074074074074073 0.37142857142857144 0.29213483146067415
180 0.23493975903614459 0.37142857142857144 0.2878228782287823
185 0.22807017543859648 0.37142857142857144 0.2826086956521739
190 0.2215909090909091 0.37142857142857144 0.2775800711743773
195 0.22099447513812154 0.38095238095238093 0.27972027972027974
200 0.22162162162162163 0.3904761904761905 0.2827586206896552
205 0.21578947368421053 0.3904761904761905 0.2779661016949153
210 0.21025641025641026 0.3904761904761905 0.2733333333333334
215 0.21 0.4 0.2754098360655738
220 0.20588235294117646 0.4 0.27184466019417475
225 0.20574162679425836 0.4095238095238095 0.27388535031847133
230 0.20093457943925233 0.4095238095238095 0.26959247648902823
235 0.2009132420091324 0.41904761904761906 0.2716049382716049
240 0.20535714285714285 0.4380952380952381 0.2796352583586626
245 0.2026431718061674 0.4380952380952381 0.2771084337349397
250 0.19827586206896552 0.4380952380952381 0.2729970326409496
255 0.1940928270042194 0.4380952380952381 0.2690058479532164
260 0.1908713692946058 0.4380952380952381 0.2658959537572254
265 0.18699186991869918 0.4380952380952381 0.26210826210826205
270 0.18326693227091634 0.4380952380952381 0.2584269662921348
