 1.0 0.6
 1.0 0.6
 1.0 0.6
 1.0 0.6
 1.0 0.6
 1.0 0.6
 1.0 0.6
 1.0 0.6
 1.0 0.4
 1.0 0.6
 1.0 0.6
 1.0 0.6
 1.0 0.6
 1.0 0.6
 1.0 0.6
 1.0 0.6
 1.0 0.6
 1.0 0.6
 1.0 0.6
 1.0 0.6
 1.0 0.6
 1.0 0.6
 1.0 0.6
 1.0 0.6
 1.0 0.6
 1.0 0.4
 1.0 0.6
 1.0 0.2
 1.0 0.6
 0.4 0.4
 1.0 0.6
 1.0 0.6
 1.0 0.6
 1.0 0.6
 1.0 0.6
 1.0 0.6
 1.0 0.6
 1.0 0.6
 1.0 0.6
 1.0 0.6
 1.0 0.6
 1.0 0.6
 1.0 0.6
 1.0 0.6
 1.0 0.6
 1.0 0.6
 1.0 0.6
 1.0 0.4
 1.0 0.6
 1.0 0.6
 1.0 0.4
 1.0 0.6
 1.0 0.6
 1.0 0.6
 1.0 0.6
 1.0 0.6
 1.0 0.6
 0.4 0.4
 1.0 0.6
 1.0 0.2
 1.0 0.6
 1.0 0.6
 1.0 0.6
 1.0 0.6
 1.0 0.6
 1.0 0.6
 1.0 0.6
 1.0 0.4
 1.0 0.6
 1.0 0.6
 1.0 0.6
 1.0 0.6
 1.0 0.6
 1.0 0.6
 1.0 0.6
 1.0 0.6
 1.0 0.4
 1.0 0.2
 1.0 0.6
 1.0 0.6
 1.0 0.6
 1.0 0.6
 1.0 0.6
 1.0 0.6
 1.0 0.6
 1.0 0.6
 1.0 0.6
 0.5 1.0
 0.625 1.0
 0.5 1.0
 0.625 1.0
 0.625 1.0
 0.625 1.0
 0.625 1.0
 0.625 1.0
 0.625 1.0
 0.625 1.0
 0.5 1.0
 0.625 1.0
 0.5 1.0
 0.625 1.0
 0.625 1.0
 0.625 1.0
 0.625 1.0
 0.625 1.0
 0.625 1.0
 0.625 1.0
 0.75 0.6
 1.0 0.6
 1.0 0.6
 1.0 0.6
 1.0 0.6
 1.0 0.6
 1.0 0.6
 1.0 0.6
 1.0 0.6
 1.0 0.6
