data/simu10/case3/simu10_case3_signal_10.txt 1.0 0.4
data/simu10/case3/simu10_case3_signal_2.txt 1.0 0.6
data/simu10/case3/simu10_case3_signal_3.txt 1.0 0.6
data/simu10/case3/simu10_case3_signal_4.txt 1.0 0.6
data/simu10/case3/simu10_case3_signal_5.txt 1.0 0.6
data/simu10/case3/simu10_case3_signal_6.txt 1.0 0.6
data/simu10/case3/simu10_case3_signal_7.txt 1.0 0.6
data/simu10/case3/simu10_case3_signal_8.txt 1.0 0.6
data/simu10/case3/simu10_case3_signal_9.txt 1.0 0.6
 0.8333333333333334 1.0
 0.7142857142857143 1.0
 0.8333333333333334 1.0
 0.8333333333333334 1.0
 0.8333333333333334 1.0
 0.8333333333333334 1.0
 0.8333333333333334 1.0
 0.8333333333333334 1.0
 0.8333333333333334 1.0
 0.8333333333333334 1.0
 0.0 0.0
 0.8333333333333334 1.0
 0.8333333333333334 1.0
 0.8333333333333334 1.0
 0.8333333333333334 1.0
 0.8333333333333334 1.0
 0.8333333333333334 1.0
 0.8333333333333334 1.0
