[Score] [Station index] [Time slots] 
1763.5840000000003 [0,1,2,3,4,5,6,7,8,9] [223]
1736.1111111111115 [0,1,2,3,4,5,6,7,9] [243]
1684.8040000000005 [0,1,2,3,4,5,6,7,8,9] [237]
1679.616 [0,1,2,3,4,5,6,7,8,9] [235]
1664.1 [0,1,2,3,4,5,6,7,8,9] [237,238,239]
1661.9211111111115 [0,1,2,3,4,5,6,7,9] [249]
1661.5210000000002 [0,1,2,3,4,5,6,7,8,9] [238]
1653.7959999999998 [0,1,2,3,4,5,6,7,8,9] [238,239]
1646.0889999999995 [0,1,2,3,4,5,6,7,8,9] [239]
1643.524 [0,1,2,3,4,5,6,7,8,9] [222,223]
1619.25625 [0,1,2,3,4,5,6,7,8,9] [237,238,239,240]
1618.721111111111 [0,1,2,3,4,5,6,7,9] [243,244]
1614.9326399999995 [0,1,2,3,4,5,6,7,8,9] [235,236,237,238,239]
1607.824 [0,1,2,3,4,5,6,7,8,9] [205]
1607.1900624999998 [0,1,2,3,4,5,6,7,8,9] [235,236,237,238]
1598.9602500000005 [0,1,2,3,4,5,6,7,8,9] [236,237,238,239]
1597.6959999999997 [0,1,2,3,4,5,6,7,8,9] [238,239,240]
1596.8534444444451 [0,1,2,3,4,5,6,7,8,9] [234,235,236,237,238,239]
1596.17956 [0,1,2,3,4,5,6,7,8,9] [237,238,239,240,241]
1593.4854444444445 [0,1,2,3,4,5,6,7,8,9] [235,236,237,238,239,240]
1592.6439999999993 [0,1,2,3,4,5,6,7,8,9] [234,235]
1590.1210000000003 [0,1,2,3,4,5,6,7,8,9] [237,238,239,240,241,242,243]
1589.2804444444444 [0,1,2,3,4,5,6,7,8,9] [243,244,245]
1587.5999999999997 [0,1,2,3,4,5,6,7,8,9] [245]
1587.0960400000001 [0,1,2,3,4,5,6,7,8,9] [234,235,236,237,238]
1583.8222500000006 [0,1,2,3,4,5,6,7,8,9] [204,205]
1583.402777777778 [0,1,2,3,4,5,6,7,8,9] [236,237,238]
1582.7136111111113 [0,1,2,3,4,5,6,7,9] [242,243]
1581.1266122448976 [0,1,2,3,4,5,6,7,8,9] [234,235,236,237,238,239,240]
1580.7673673469387 [0,1,2,3,4,5,6,7,8,9] [235,236,237,238,239,240,241]
1579.4903827160492 [0,1,2,3,4,5,6,7,8,9] [235,236,237,238,239,240,241,242,243]
1578.6526419753086 [0,1,2,3,4,5,6,7,8,9] [237,238,239,240,241,242,243,244,245]
1577.5359999999998 [0,1,2,3,4,5,6,7,8,9] [237,238,239,240,241,242,243,244]
1576.5313599999997 [0,1,2,3,4,5,6,7,8,9] [236,237,238,239,240]
1575.025 [0,1,2,3,4,5,6,7,8,9] [223,224,225]
1574.6066944444444 [0,1,2,3,4,5,6,7,8,9] [238,239,240,241,242,243]
1574.3975625000003 [0,1,2,3,4,5,6,7,8,9] [238,239,240,241]
1573.352111111111 [0,1,2,3,4,5,6,7,8,9] [237,238,239,240,241,242]
1572.516 [0,1,2,3,4,5,6,7,8,9] [205,206]
1572.26521 [0,1,2,3,4,5,6,7,8,9] [234,235,236,237,238,239,240,241,242,243]
1572.0600330578511 [0,1,2,3,4,5,6,7,8,9] [235,236,237,238,239,240,241,242,243,244,245]
1572.01444 [0,1,2,3,4,5,6,7,8,9] [237,238,239,240,241,242,243,244,245,246]
1571.5756406249998 [0,1,2,3,4,5,6,7,8,9] [234,235,236,237,238,239,240,241]
1571.4413265306125 [0,1,2,3,4,5,6,7,8,9] [233,234,235,236,237,238,239]
1570.5102399999998 [0,1,2,3,4,5,6,7,8,9] [235,236,237,238,239,240,241,242,243,244]
1570.0090000000002 [0,1,2,3,4,5,6,7,8,9] [243,244,245,246]
1568.7562500000004 [0,1,2,3,4,5,6,7,8,9] [234,235,236,237]
1568.3387777777778 [0,1,2,3,4,5,6,7,8,9] [204,205,206]
1567.5039999999997 [0,1,2,3,4,5,6,7,8,9] [223,224]
1567.191015625 [0,1,2,3,4,5,6,7,8,9] [236,237,238,239,240,241,242,243]
1567.0866944444447 [0,1,2,3,4,5,6,7,8,9] [235,236,237,238,239,240,241,242,243,244,245,246]
1566.8211652892564 [0,1,2,3,4,5,6,7,8,9] [237,238,239,240,241,242,243,244,245,246,247]
1566.6694444444443 [0,1,2,3,4,5,6,7,8,9] [234,235,236,237,238,239,240,241,242,243,244,245]
1566.25225 [0,1,2,3,4,5,6,7,8,9] [239,240]
1565.6265625 [0,1,2,3,4,5,6,7,8,9] [235,236,237,238,239,240,241,242]
1565.6265624999996 [0,1,2,3,4,5,6,7,8,9] [238,239,240,241,242,243,244,245]
1564.7735537190083 [0,1,2,3,4,5,6,7,8,9] [234,235,236,237,238,239,240,241,242,243,244]
1564.5840277777777 [0,1,2,3,4,5,6,7,8,9] [236,237,238,239,240,241]
1563.1250624999998 [0,1,2,3,4,5,6,7,8,9] [222,223,224,225]
1563.076976331361 [0,1,2,3,4,5,6,7,8,9] [235,236,237,238,239,240,241,242,243,244,245,246,247]
1562.5 [0,1,2,3,4,5,6,7,8,9] [234,235,236,237,238,239,240,241,242,243,244,245,246]
1562.4999999999995 [0,1,2,3,4,5,6,7,8,9] [238,239,240,241,242,243,244]
1561.5001599999998 [0,1,2,3,4,5,6,7,8,9] [236,237,238,239,240,241,242,243,244,245]
1560.9378906249997 [0,1,2,3,4,5,6,7,8,9] [233,234,235,236,237,238,239,240]
1560.0010000000002 [0,1,2,3,4,5,6,7,8,9] [204]
1559.7234567901235 [0,1,2,3,4,5,6,7,8,9] [238,239,240,241,242,243,244,245,246]
1559.723456790123 [0,1,2,3,4,5,6,7,8,9] [231,232,233,234,235,236,237,238,239]
1559.3765625000003 [0,1,2,3,4,5,6,7,8,9] [232,233,234,235,236,237,238,239]
1559.1684444444443 [0,1,2,3,4,5,6,7,8,9] [233,234,235,236,237,238]
1559.168444444444 [0,1,2,3,4,5,6,7,8,9] [234,235,236,237,238,239,240,241,242]
1559.1089846938771 [0,1,2,3,4,5,6,7,8,9] [234,235,236,237,238,239,240,241,242,243,244,245,246,247]
1559.0019600000003 [0,1,2,3,4,5,6,7,8,9] [243,244,245,246,247]
1558.6135308641976 [0,1,2,3,4,5,6,7,8,9] [236,237,238,239,240,241,242,243,244]
1558.4117685950412 [0,1,2,3,4,5,6,7,8,9] [233,234,235,236,237,238,239,240,241,242,243]
1557.504 [0,1,2,3,4,5,6,7,8,9] [239,240,241,242,243]
1557.050214876033 [0,1,2,3,4,5,6,7,8,9] [236,237,238,239,240,241,242,243,244,245,246]
1556.8800625000001 [0,1,2,3,4,5,6,7,8,9] [242,243,244,245]
1556.7408641975303 [0,1,2,3,4,5,6,7,9] [242,243,244]
1555.3927159763311 [0,1,2,3,4,5,6,7,8,9] [233,234,235,236,237,238,239,240,241,242,243,244,245]
1555.25841 [0,1,2,3,4,5,6,7,8,9] [238,239,240,241,242,243,244,245,246,247]
1554.7319012345677 [0,1,2,3,4,5,6,7,8,9] [233,234,235,236,237,238,239,240,241]
1554.177777777778 [0,1,2,3,4,5,6,7,8,9] [222,223,224]
1553.5545069444445 [0,1,2,3,4,5,6,7,8,9] [236,237,238,239,240,241,242,243,244,245,246,247]
1553.26369 [0,1,2,3,4,5,6,7,8,9] [230,231,232,233,234,235,236,237,238,239]
1552.7236736111108 [0,1,2,3,4,5,6,7,8,9] [233,234,235,236,237,238,239,240,241,242,243,244]
1552.5159999999994 [0,1,2,3,4,5,6,7,8,9] [231,232,233,234,235,236,237,238,239,240]
1552.3380051020404 [0,1,2,3,4,5,6,7,8,9] [233,234,235,236,237,238,239,240,241,242,243,244,245,246]
1552.3243136094675 [0,1,2,3,4,5,6,7,8,9] [231,232,233,234,235,236,237,238,239,240,241,242,243]
1552.1600204081637 [0,1,2,3,4,5,6,7,8,9] [239,240,241,242,243,244,245]
1551.6854444444443 [0,1,2,3,4,5,6,7,8,9] [241,242,243]
1551.5193600000005 [0,1,2,3,4,5,6,7,8,9] [238,239,240,241,242]
1551.477840277778 [0,1,2,3,4,5,6,7,8,9] [232,233,234,235,236,237,238,239,240,241,242,243]
1551.4086419753087 [0,1,2,3,4,5,6,7,8,9] [232,233,234,235,236,237,238,239,240]
1550.5230399999998 [0,1,2,3,4,5,6,7,8,9] [231,232,233,234,235,236,237,238,239,240,241,242,243,244,245]
1550.025 [0,1,2,3,4,5,6,7,8,9] [245,246]
1549.8590044444443 [0,1,2,3,4,5,6,7,8,9] [233,234,235,236,237,238,239,240,241,242,243,244,245,246,247]
1549.669306122449 [0,1,2,3,4,5,6,7,8,9] [232,233,234,235,236,237,238,239,240,241,242,243,244,245]
1549.0913906250003 [0,1,2,3,4,5,6,7,8,9] [231,232,233,234,235,236,237,238]
1548.2469387755102 [0,1,2,3,4,5,6,7,8,9] [230,231,232,233,234,235,236,237,238,239,240,241,242,243]
1548.214619834711 [0,1,2,3,4,5,6,7,8,9] [231,232,233,234,235,236,237,238,239,240,241]
