[Score] [Station index] [Time slots] 
522.8844444444444 [0,1,2,3,4,5,6,7,8,9] [258]
503.25444444444446 [0,1,2,3,4,5,6,7,8,9] [257,258]
484.0 [0,1,2,3,4,5,6,7,8,9] [257]
470.40790123456804 [0,1,2,3,4,5,6,7,8,9] [257,258,259]
469.225 [0,1,2,3,4,5,6,7,8,9] [222]
466.4889999999999 [0,1,2,3,4,5,6,7,8,9] [207]
464.64197530864203 [0,1,2,3,4,5,6,7,8,9] [256,257,258]
463.68444444444435 [0,1,2,3,4,5,6,7,8,9] [258,259]
450.1469444444445 [0,1,2,3,4,5,6,7,8,9] [256,257,258,259]
448.9 [0,1,2,3,4,5,6,7,8,9] [231]
447.56099999999986 [0,1,2,3,4,5,6,7,8,9] [274,275]
441.56025 [0,1,2,3,4,5,6,7,8,9] [221,222]
438.2044444444445 [0,1,2,3,4,5,6,7,8,9] [257,258,259,260]
436.80999999999995 [0,1,2,3,4,5,6,7,8,9] [256,257]
435.07006944444436 [0,1,2,3,4,5,6,7,8,9] [255,256,257,258]
431.6489999999999 [0,1,2,3,4,5,6,7,8,9] [272,273]
429.59471111111117 [0,1,2,3,4,5,6,7,8,9] [254,255,256,257,258]
429.5947111111111 [0,1,2,3,4,5,6,7,8,9] [255,256,257,258,259]
429.0250000000002 [0,1,2,3,4,5,6,7,8,9] [270]
428.7660444444444 [0,1,2,3,4,5,6,7,8,9] [256,257,258,259,260]
426.40899999999993 [0,1,2,3,4,5,6,7,8,9] [272]
425.9637345679012 [0,1,2,3,4,5,6,7,8,9] [254,255,256,257,258,259]
423.444938271605 [0,1,2,3,4,5,6,7,8,9] [258,259,260]
422.71669444444444 [0,1,2,3,4,5,6,7,8,9] [269,270,271,272,273,274]
421.61777777777775 [0,1,2,3,5,6,7,8,9] [273]
421.20100000000014 [0,1,2,3,4,5,6,7,8,9] [269,270]
417.8698979591838 [0,1,2,3,4,5,6,7,8,9] [269,270,271,272,273,274,275]
417.52111111111117 [0,1,2,3,4,5,6,7,8,9] [253,254,255,256,257,258]
416.1600000000001 [0,1,2,3,4,5,6,7,8,9] [253,254,255,256,257,258,259]
415.48027777777776 [0,1,2,3,4,5,6,7,8,9] [255,256,257,258,259,260]
415.4723265306122 [0,1,2,3,4,5,6,7,8,9] [268,269,270,271,272,273,274]
414.73600000000005 [0,1,2,3,4,5,6,7,8,9] [274,275,276]
414.4132653061224 [0,1,2,3,4,5,6,7,8,9] [254,255,256,257,258,259,260]
413.44899999999996 [0,1,2,3,4,5,6,7,8,9] [269]
413.28125 [0,1,2,3,4,5,6,7,9] [254]
412.1639999999999 [0,1,2,3,4,5,6,7,8,9] [268,269,270,271,272,273,274,275]
410.881 [0,1,2,3,4,5,6,7,8,9] [267,268,269,270,271,272,273,274]
410.73777777777775 [0,1,2,3,4,5,6,7,8,9] [213]
409.440015625 [0,1,2,3,4,5,6,7,8,9] [269,270,271,272,273,274,275,276]
408.8688979591837 [0,1,2,3,4,5,6,7,8,9] [270,271,272,273,274,275,276]
408.4630123456789 [0,1,2,3,4,5,6,7,8,9] [267,268,269,270,271,272,273,274,275]
408.04 [0,1,2,3,4,5,6,7,8,9] [259]
408.0015625000001 [0,1,2,3,4,5,6,7,8,9] [274,275,276,277]
407.70340277777774 [0,1,2,3,4,5,6,7,8,9] [254,255,256,257]
407.59123456790127 [0,1,2,3,4,5,6,7,8,9] [255,256,257]
407.3669444444444 [0,1,2,3,4,5,6,7,8,9] [253,254,255,256,257,258,259,260]
407.3630625 [0,1,2,3,4,5,6,7,8,9] [219,220,221,222]
407.04400000000015 [0,1,2,3,4,5,6,7,8,9] [269,270,271,272,273,274,275,276,277]
407.04400000000004 [0,1,2,3,4,5,6,7,8,9] [220,221,222]
406.96337777777774 [0,1,2,3,4,5,6,7,8,9] [257,258,259,260,261]
406.90223456790125 [0,1,2,3,4,5,6,7,8,9] [266,267,268,269,270,271,272,273,274]
406.2787599999999 [0,1,2,3,4,5,6,7,8,9] [269,270,271,272,273]
405.5566944444445 [0,1,2,3,4,5,6,7,8,9] [271,272,273,274,275,276]
405.34444444444455 [0,1,2,3,4,5,6,7,8,9] [268,269,270,271,272,273,274,275,276]
405.1322499999999 [0,1,2,3,4,5,6,7,8,9] [266,267,268,269,270,271,272,273,274,275]
404.920111111111 [0,1,2,3,4,5,6,7,8,9] [268,269,270]
404.496 [0,1,2,3,4,5,6,7,8,9] [270,271,272,273]
404.4567901234568 [0,1,2,3,4,5,6,7,8,9] [256,257,258,259,260,261]
403.60609 [0,1,2,3,4,5,6,7,8,9] [268,269,270,271,272,273,274,275,276,277]
403.225 [0,1,2,3,4,5,6,7,8,9] [231,232]
402.7171599999999 [0,1,2,3,4,5,6,7,8,9] [267,268,269,270,271,272,273,274,275,276]
402.5902499999999 [0,1,2,3,4,5,6,7,8,9] [206,207]
401.37984297520666 [0,1,2,3,4,5,6,7,8,9] [267,268,269,270,271,272,273,274,275,276,277]
401.3344444444444 [1,2,3,4,5,6,7,8,9] [227]
401.11111111111114 [0,1,2,3,4,5,6,7,8,9] [221,222,223]
400.6889999999999 [0,1,2,3,4,5,6,7,8,9] [265,266,267,268,269,270,271,272,273,274]
400.22876859504134 [0,1,2,3,4,5,6,7,8,9] [266,267,268,269,270,271,272,273,274,275,276]
399.65385123966945 [0,1,2,3,4,5,6,7,8,9] [265,266,267,268,269,270,271,272,273,274,275]
399.42400000000004 [0,1,2,3,4,5,6,7,8,9] [268,269,270,271,272,273,274,275,276,277,278]
399.2133611111111 [0,1,2,3,4,5,6,7,8,9] [266,267,268,269,270,271,272,273,274,275,276,277]
398.889660493827 [0,1,2,3,4,5,6,7,8,9] [257,258,259,260,261,262]
398.79224999999997 [0,1,2,3,4,5,6,7,8,9] [269,270,271,272]
398.4765625000001 [0,1,2,3,4,5,6,7,8,9] [267,268,269,270]
398.26285714285723 [2,3,4,5,6,7,8] [274]
398.16876736111124 [0,1,2,3,4,5,6,7,8,9] [254,255,256,257,258,259,260,261]
397.9075056689342 [0,1,2,3,4,5,6,7,8,9] [256,257,258,259,260,261,262]
397.8695111111111 [0,1,2,3,4,5,6,7,8,9] [253,254,255,256,257]
397.7404444444445 [0,1,2,3,4,5,6,7,8,9] [267,268,269,270,271,272,273,274,275,276,277,278]
397.62032653061215 [0,1,2,3,4,5,6,7,8,9] [267,268,269,270,271,272,273]
397.5039062499999 [0,1,2,3,4,5,6,7,8,9] [252,253,254,255,256,257,258,259]
396.76845804988653 [0,1,2,3,4,5,6,7,8,9] [255,256,257,258,259,260,261]
396.4801111111111 [0,1,2,3,4,5,6,7,8,9] [271,272,273]
396.0281715976331 [0,1,2,3,4,5,6,7,8,9] [266,267,268,269,270,271,272,273,274,275,276,277,278]
396.01 [0,1,2,3,4,5,6,7,8,9] [252,253,254,255,256,257,258]
395.64099999999996 [0,1,2,3,4,5,6,7,8,9] [265,266,267,268,269,270,271,272,273,274,275,276]
395.060597633136 [0,1,2,3,4,5,6,7,8,9] [265,266,267,268,269,270,271,272,273,274,275,276,277]
394.855140625 [0,1,2,3,4,5,6,7,8,9] [266,267,268,269,270,271,272,273]
394.38400000000007 [0,1,2,3,4,5,6,7,8,9] [222,223]
394.3839999999999 [0,1,2,3,4,5,6,7,8,9] [188]
393.96544444444453 [0,1,2,3,4,5,6,7,8,9] [270,271,272]
393.8817600000001 [0,1,2,3,4,5,6,7,8,9] [266,267,268,269,270]
393.80197530864206 [0,1,2,3,4,5,6,7,8,9] [254,255,256,257,258,259,260,261,262]
393.63075999999984 [0,1,2,3,4,5,6,7,8,9] [268,269,270,271,272]
393.129 [0,1,2,3,4,5,6,7,8,9] [268,269]
392.92049382716044 [0,1,2,3,4,5,6,7,8,9] [269,270,271]
392.41275510204076 [0,1,2,3,4,5,6,7,8,9] [265,266,267,268,269,270,271,272,273,274,275,276,277,278]
392.1890624999999 [0,1,2,3,4,5,6,7,8,9] [268,269,270,271,272,273,274,275,276,277,278,279]
392.0400000000001 [0,1,2,3,4,5,6,7,8,9] [256,257,258,259,260,261,262,263]
392.03999999999996 [0,1,2,3,4,5,6,7,8,9] [257,258,259,260,261,262,263]
391.8933470507544 [0,1,2,3,4,5,6,7,8,9] [252,253,254,255,256,257,258,259,260]
