[Score] [Station index] [Time slots] 
887.3640000000001 [0,1,2,3,4,5,6,7,8,9] [213]
870.4889999999999 [0,1,2,3,4,5,6,7,8,9] [213,214]
863.0410000000002 [0,1,2,3,4,5,6,7,8,9] [233]
844.5609999999999 [0,1,2,3,4,5,6,7,8,9] [232,233]
832.65625 [0,1,2,3,4,5,6,7,8,9] [212,213]
826.2810000000002 [0,1,2,3,4,5,6,7,8,9] [232]
810.351111111111 [0,1,2,3,4,5,6,7,8] [205]
804.6089999999998 [0,1,2,3,4,5,6,7,8,9] [213,214,215]
798.0444444444444 [0,1,2,3,4,5,6,7,8,9] [232,233,234]
793.8810000000001 [0,1,2,3,4,5,6,7,8,9] [236]
784.9960000000002 [0,1,2,3,4,5,6,7,8,9] [217]
784.9959999999999 [0,1,2,3,4,5,6,7,8,9] [205,206]
784.6416400000002 [0,1,2,3,4,5,6,7,8,9] [232,233,234,235,236]
784.1102499999997 [0,1,2,3,4,5,6,7,8,9] [233,234]
783.225 [0,1,2,3,4,5,6,7,8,9] [239]
782.34025 [0,1,2,3,4,5,6,7,8,9] [232,233,234,235]
777.9240000000003 [0,1,2,3,4,5,6,7,8,9] [211,212,213]
774.3999999999997 [0,1,2,3,4,5,6,7,8,9] [233,234,235,236]
772.6409999999996 [0,1,2,3,4,5,6,7,8,9] [206]
772.2015625 [0,1,2,3,4,5,6,7,8,9] [231,232,233,234]
771.8877551020407 [0,1,2,3,4,5,6,7,8,9] [208,209,210,211,212,213,214]
769.7137777777778 [0,1,2,3,4,5,6,7,8,9] [231,232,233,234,235,236]
767.9601111111112 [0,1,2,3,4,5,6,7,8,9] [233,234,235]
765.6249999999998 [0,1,2,3,4,5,6,7,8,9] [208,209]
764.9251600000001 [0,1,2,3,4,5,6,7,8,9] [231,232,233,234,235]
762.1289999999999 [0,1,2,3,4,5,6,7,8,9] [209,210,211,212,213,214]
760.384 [0,1,2,3,4,5,6,7,8,9] [231,232]
760.166015625 [0,1,2,3,4,5,6,7,8,9] [208,209,210,211,212,213,214,215]
758.6410000000002 [0,1,2,3,4,5,6,7,8,9] [204,205,206]
758.6409999999998 [0,1,2,3,4,5,6,7,8,9] [208,209,210,211,212,213]
758.3506944444443 [0,1,2,3,4,5,6,7,8,9] [210,211,212,213,214,215]
755.1610000000001 [0,1,2,3,4,5,6,7,8,9] [206,207,208,209,210,211,212,213,214]
753.8580625000001 [0,1,2,3,4,5,6,7,8,9] [239,240,241,242]
752.9900625000001 [0,1,2,3,4,5,6,7,8,9] [207,208,209,210,211,212,213,214]
751.4000277777776 [0,1,2,3,4,5,6,7,8,9] [232,233,234,235,236,237]
750.2034489795918 [0,1,2,3,4,5,6,7,8,9] [209,210,211,212,213,214,215]
749.1864197530865 [0,1,2,3,4,5,6,7,8,9] [205,206,207,208,209,210,211,212,213]
747.5331600000002 [0,1,2,3,4,5,6,7,8,9] [206,207,208,209,210,211,212,213,214,215]
747.3602500000001 [0,1,2,3,4,5,6,7,8,9] [230,231,232,233]
746.7428775510206 [0,1,2,3,4,5,6,7,8,9] [230,231,232,233,234,235,236]
745.9201111111108 [0,1,2,3,4,5,6,7,8,9] [234,235,236]
745.2900000000001 [0,1,2,3,4,5,6,7,8,9] [189]
745.2005625 [0,1,2,3,4,5,6,7,8,9] [232,233,234,235,236,237,238,239]
744.9416100000001 [0,1,2,3,4,5,6,7,8,9] [204,205,206,207,208,209,210,211,212,213]
744.9259173553717 [0,1,2,3,4,5,6,7,8,9] [232,233,234,235,236,237,238,239,240,241,242]
744.7689999999997 [0,1,2,3,4,5,6,7,8,9] [207,208,209,210,211,212,213,214,215]
744.42384 [0,1,2,3,4,5,6,7,8,9] [209,210,211,212,213]
744.193777777778 [0,1,2,3,4,5,6,7,8,9] [240,241,242]
743.5366530612245 [0,1,2,3,4,5,6,7,8,9] [231,232,233,234,235,236,237]
743.2595156249998 [0,1,2,3,4,5,6,7,8,9] [206,207,208,209,210,211,212,213]
742.6130624999997 [0,1,2,3,4,5,6,7,8,9] [203,204,205,206]
740.8905625 [0,1,2,3,4,5,6,7,8,9] [231,232,233,234,235,236,237,238,239,240,241,242]
740.3820247933884 [0,1,2,3,4,5,6,7,8,9] [203,204,205,206,207,208,209,210,211,212,213]
739.8457346938774 [0,1,2,3,4,5,6,7,8,9] [232,233,234,235,236,237,238]
739.7911234567903 [0,1,2,3,4,5,6,7,8,9] [231,232,233,234,235,236,237,238,239]
739.6 [0,1,2,3,4,5,6,7,8,9] [232,233,234,235,236,237,238,239,240]
739.1086530612246 [0,1,2,3,4,5,6,7,8,9] [207,208,209,210,211,212,213]
739.0840900000002 [0,1,2,3,4,5,6,7,8,9] [232,233,234,235,236,237,238,239,240,241]
739.0267777777779 [0,1,2,3,4,5,6,7,8,9] [230,231,232,233,234,235]
738.7402499999998 [0,1,2,3,4,5,6,7,8,9] [239,240]
737.3084444444443 [0,1,2,3,4,5,6,7,8,9] [239,240,241]
737.19396 [0,1,2,3,4,5,6,7,8,9] [238,239,240,241,242]
737.0222500000002 [0,1,2,3,4,5,6,7,8,9] [233,234,235,236,237,238,239,240,241,242]
736.8505599999999 [0,1,2,3,4,5,6,7,8,9] [233,234,235,236,237]
736.2177777777779 [0,1,2,3,4,5,6,7,8] [212]
735.7350624999998 [0,1,2,3,4,5,6,7,8,9] [229,230,231,232,233,234,235,236]
735.3062499999997 [0,1,2,3,4,5,6,7,8,9] [231,232,233,234,235,236,237,238,239,240]
735.2282975206613 [0,1,2,3,4,5,6,7,8,9] [231,232,233,234,235,236,237,238,239,240,241]
735.0204444444445 [0,1,2,3,4,5,6,7,8,9] [205,206,207,208,209,210]
734.4490000000001 [0,1,2,3,4,5,6,7,8,9] [231,232,233,234,235,236,237,238]
734.1062400000002 [0,1,2,3,4,5,6,7,8,9] [208,209,210,211,212]
733.9593673469388 [0,1,2,3,4,5,6,7,8,9] [233,234,235,236,237,238,239]
733.5922499999999 [0,1,2,3,4,5,6,7,8,9] [232,233,234,235,236,237,238,239,240,241,242,243]
732.7359999999999 [0,1,2,3,4,5,6,7,8,9] [205,206,207,208,209,210,211,212]
731.6828402366863 [0,1,2,3,4,5,6,7,8,9] [232,233,234,235,236,237,238,239,240,241,242,243,244]
731.4525625000001 [0,1,2,3,4,5,6,7,8,9] [206,207,208,209]
731.025 [0,1,2,3,4,5,6,7,8,9] [222]
730.8934674556212 [0,1,2,3,4,5,6,7,8,9] [230,231,232,233,234,235,236,237,238,239,240,241,242]
730.7619467455621 [0,1,2,3,4,5,6,7,8,9] [231,232,233,234,235,236,237,238,239,240,241,242,243]
729.6956049382713 [0,1,2,3,4,5,6,7,8,9] [233,234,235,236,237,238,239,240,241]
729.65764 [0,1,2,3,4,5,6,7,8,9] [229,230,231,232,233]
729.1940051020408 [0,1,2,3,4,5,6,7,8,9] [231,232,233,234,235,236,237,238,239,240,241,242,243,244]
729.102515625 [0,1,2,3,4,5,6,7,8,9] [233,234,235,236,237,238,239,240]
727.6090000000002 [0,1,2,3,4,5,6,7,8,9] [229,230,231,232,233,234,235]
727.4668402777777 [0,1,2,3,4,5,6,7,8,9] [202,203,204,205,206,207,208,209,210,211,212,213]
726.9693906250001 [0,1,2,3,4,5,6,7,8,9] [230,231,232,233,234,235,236,237]
726.9267600000001 [0,1,2,3,4,5,6,7,8,9] [230,231,232,233,234,235,236,237,238,239]
726.75625 [0,1,2,3,4,5,6,7,8,9] [238,239]
726.5431406250002 [0,1,2,3,4,5,6,7,8,9] [203,204,205,206,207,208,209,210]
726.4152900000001 [0,1,2,3,4,5,6,7,8,9] [203,204,205,206,207,208,209,210,211,212]
726.1880277777778 [0,1,2,3,4,5,6,7,8,9] [229,230,231,232,233,234]
726.147448979592 [0,1,2,3,4,5,6,7,8,9] [205,206,207,208,209,210,211]
725.9040000000001 [0,1,2,3,4,5,6,7,8,9] [233,234,235,236,237,238]
725.7822908163266 [0,1,2,3,4,5,6,7,8,9] [229,230,231,232,233,234,235,236,237,238,239,240,241,242]
725.5389030612243 [0,1,2,3,4,5,6,7,8,9] [232,233,234,235,236,237,238,239,240,241,242,243,244,245]
725.4780625 [0,1,2,3,4,5,6,7,8,9] [235,236,237,238,239,240,241,242]
725.4393471074379 [0,1,2,3,4,5,6,7,8,9] [233,234,235,236,237,238,239,240,241,242,243]
724.9103402777778 [0,1,2,3,4,5,6,7,8,9] [230,231,232,233,234,235,236,237,238,239,240,241]
724.8819599999999 [0,1,2,3,4,5,6,7,8,9] [239,240,241,242,243]
724.2009999999999 [0,1,2,3,4,5,6,7,8,9] [201,202,203,204,205,206,207,208,209,210,211,212,213]
