[Score] [Station index] [Time slots] 
2056.3559999999993 [0,1,2,3,4,5,6,7,8,9] [243]
1951.6089999999997 [0,1,2,3,4,5,6,7,8,9] [239]
1938.9344444444444 [0,1,2,3,4,5,6,7,9] [239,240]
1909.6899999999998 [0,1,2,3,4,5,6,7,9] [246]
1905.7802499999993 [0,1,2,3,4,5,6,7,8,9] [242,243]
1891.125 [0,1,2,3,4,5,6,7] [240]
1883.75625 [0,1,2,3,4,5,6,7,8,9] [243,244]
1872.5185599999993 [0,1,2,3,4,5,6,7,8,9] [239,240,241,242,243]
1853.0015625 [0,1,2,3,4,5,6,7,8,9] [240,241,242,243]
1848.0445679012346 [0,1,2,3,4,5,6,7,9] [239,240,241]
1846.4280277777775 [0,1,2,3,4,5,6,7,8,9] [239,240,241,242,243,244]
1842.3537777777776 [0,1,2,3,4,5,6,7,8,9] [242,243,244]
1835.250795918367 [0,1,2,3,4,5,6,7,8,9] [237,238,239,240,241,242,243]
1833.316 [0,1,2,3,4,5,6,7,8,9] [238,239]
1827.9040000000005 [0,1,2,3,4,5,6,7,8,9] [238,239,240,241,242,243,244]
1827.9039999999998 [0,1,2,3,4,5,6,7,8,9] [239,240,241,242]
1825.7414400000002 [0,1,2,3,4,5,6,7,8,9] [240,241,242,243,244]
1820.4755625000003 [0,1,2,3,4,5,6,7,8,9] [237,238,239,240,241,242,243,244]
1817.1039999999994 [0,1,2,3,4,5,6,7,8,9] [241,242,243]
1811.716 [0,1,2,3,4,5,6,7,8,9] [237,238,239]
1811.4169012345676 [0,1,2,3,4,5,6,7,8,9] [236,237,238,239,240,241,242,243,244]
1810.3702500000004 [0,1,2,3,4,5,6,7,8,9] [239,240,241,242,243,244,245,246]
1807.4881836734687 [0,1,2,3,4,5,6,7,8,9] [239,240,241,242,243,244,245]
1805.7984399999998 [0,1,2,3,4,5,6,7,8,9] [238,239,240,241,242]
1805.541736111111 [0,1,2,3,4,5,6,7,9] [237,238,239,240]
1804.4796006944443 [0,1,2,3,4,5,6,7,9] [236,237,238,239,240,241,242,243]
1799.62225 [0,1,2,3,4,5,6,7,8,9] [237,238,239,240,241,242]
1795.4993777777775 [0,1,2,3,4,5,6,7,9] [236,237,238,239,240]
1793.5905624999996 [0,1,2,3,4,5,6,7,8,9] [236,237,238,239]
1792.9210000000003 [0,1,2,3,4,5,6,7,8,9] [243,244,245,246]
1792.2515625 [0,1,2,3,4,5,6,7,8,9] [241,242,243,244]
1791.0086530612243 [0,1,2,3,4,5,6,7,8,9] [236,237,238,239,240,241,242]
1790.6263061224483 [0,1,2,3,4,5,6,7,8,9] [240,241,242,243,244,245,246]
1787.569 [0,1,2,3,4,5,6,7,8,9] [240,241,242]
1786.4995599999997 [0,1,2,3,4,5,6,7,8,9] [242,243,244,245,246]
1786.471111111111 [0,1,2,3,4,5,6,7,9] [238,239,240,241]
1784.0054444444443 [0,1,2,3,4,5,6,7,8,9] [240,241,242,243,244,245]
1780.8399999999997 [0,1,2,3,4,5,6,7,9] [235,236,237,238,239,240,241,242,243]
1780.4454444444443 [0,1,2,3,4,5,6,7,8,9] [243,244,245]
1778.5900444444442 [0,1,2,3,4,5,6,7,9] [237,238,239,240,241]
1775.55625 [0,1,2,3,4,5,6,7,8,9] [242,243,244,245]
1774.7496604938274 [0,1,2,3,4,5,6,7,9] [236,237,238,239,240,241]
1768.9 [0,1,2,3,4,5,6,7,8,9] [237]
1768.0134444444443 [0,1,2,3,4,5,6,7,8,9] [239,240,241,242,243,244,245,246,247]
1762.698777777778 [0,1,2,3,4,5,6,7,8,9] [241,242,243,244,245,246]
1761.6674382716042 [0,1,2,3,4,5,6,7,9] [235,236,237,238,239,240]
1760.9290000000005 [0,1,2,3,4,5,6,7,8,9] [242]
1755.6100000000001 [0,1,2,3,4,5,6,7,9] [236]
1751.4225000000004 [0,1,2,3,4,5,6,7,9] [236,237]
1751.333472222222 [0,1,2,3,4,5,6,7] [238,239,240]
1749.2707600000006 [0,1,2,3,4,5,6,7,8,9] [241,242,243,244,245]
1748.832743764172 [0,1,2,3,4,5,6,7,9] [235,236,237,238,239,240,241]
1746.405 [0,1,2,3,4,5,6,7] [240,241]
1745.7015625 [0,1,2,3,4,5,6,7,8,9] [240,241,242,243,244,245,246,247]
1743.758402777777 [0,1,2,3,4,5,6,7,9] [235,236,237,238,239,240,241,242]
1743.7202500000003 [0,1,2,3,4,5,6,7,8,9] [237,238]
1741.2736734693872 [0,1,2,3,4,5,6,7,9] [234,235,236,237,238,239,240]
1734.4889999999996 [0,1,2,3,4,5,6,7,8,9] [231]
1732.640625 [0,1,2,3,4,5,6,7,9] [234,235,236,237,238,239,240,241]
1730.1903125000001 [0,1,2,3,4,5,6,7] [235,236,237,238,239,240,241,242,243,244]
1729.9437585733883 [0,1,2,3,4,5,6,7,9] [234,235,236,237,238,239,240,241,242]
1728.7199999999998 [0,1,2,3,4,5,6,7] [234,235,236,237,238,239,240,241,242,243]
1727.4721111111114 [0,1,2,3,4,5,6,7,8,9] [242,243,244,245,246,247]
1727.38449 [0,1,2,3,4,5,6,7,8,9] [239,240,241,242,243,244,245,246,247,248]
1725.128533950617 [0,1,2,3,4,5,6,7] [238,239,240,241,242,243,244,245,246]
1724.4462809917354 [0,1,2,3,4,5,6,7] [234,235,236,237,238,239,240,241,242,243,244]
1720.8192400000003 [0,1,2,3,4,5,6,7,8,9] [243,244,245,246,247]
1720.27783203125 [0,1,2,3,4,5,6,7] [238,239,240,241,242,243,244,245]
1718.73845 [0,1,2,3,4,5,6,7] [237,238,239,240,241,242,243,244,245,246]
1718.7210000000007 [0,1,2,3,4,5,6,7,8,9] [244]
1718.721 [0,1,2,3,4,5,6,7,8,9] [238]
1715.725734693878 [0,1,2,3,4,5,6,7,8,9] [241,242,243,244,245,246,247]
1715.6854340277775 [0,1,2,3,4,5,6,7,9] [233,234,235,236,237,238,239,240]
1715.1159607438017 [0,1,2,3,4,5,6,7] [236,237,238,239,240,241,242,243,244,245,246]
1713.7259876543214 [0,1,2,3,4,5,6,7] [237,238,239,240,241,242,243,244,245]
1710.8947050754455 [0,1,2,3,4,5,6,7,9] [233,234,235,236,237,238,239,240,241]
1710.6896044444443 [0,1,2,3,4,5,6,7,8,9] [230,231,232,233,234,235,236,237,238,239,240,241,242,243,244]
1710.6496 [0,1,2,3,4,5,6,7,9] [233,234,235,236,237,238,239,240,241,242]
1710.2476125 [0,1,2,3,4,5,6,7] [236,237,238,239,240,241,242,243,244,245]
1710.06152892562 [0,1,2,3,4,5,6,7] [233,234,235,236,237,238,239,240,241,242,243]
1709.419175347222 [0,1,2,3,4,5,6,7] [235,236,237,238,239,240,241,242,243,244,245,246]
1709.120444444444 [0,1,2,3,4,5,6,7,8,9] [244,245,246]
1707.7142013888886 [0,1,2,3,4,5,6,7] [233,234,235,236,237,238,239,240,241,242,243,244]
1707.5361652892566 [0,1,2,3,4,5,6,7,8,9] [239,240,241,242,243,244,245,246,247,248,249]
1706.178579881656 [0,1,2,3,4,5,6,7] [234,235,236,237,238,239,240,241,242,243,244,245,246]
1704.4837293388432 [0,1,2,3,4,5,6,7] [235,236,237,238,239,240,241,242,243,244,245]
1704.3136111111114 [0,1,2,3,4,5,6,7,9] [246,247]
1703.3150123456792 [0,1,2,3,4,5,6,7,8,9] [240,241,242,243,244,245,246,247,248]
1703.025 [0,1,2,3,4,5,6,7,8,9] [241,242]
1702.9377777777777 [0,1,2,3,4,5,6,7,9] [236,237,238]
1701.3888888888887 [0,1,2,3,4,5,6,7] [234,235,236,237,238,239,240,241,242,243,244,245]
1700.0900156249998 [0,1,2,3,4,5,6,7,8,9] [229,230,231,232,233,234,235,236,237,238,239,240,241,242,243,244]
1699.2716049382714 [0,1,2,3,4,5,6,7,9] [235,236,237]
1697.8090000000004 [0,1,2,3,4,5,6,7,8,9] [250]
1695.3664499999998 [0,1,2,3,4,5,6,7] [238,239,240,241,242,243,244,245,246,247]
1693.2043112244899 [0,1,2,3,4,5,6,7] [233,234,235,236,237,238,239,240,241,242,243,244,245,246]
1692.297530991736 [0,1,2,3,4,5,6,7] [237,238,239,240,241,242,243,244,245,246,247]
1691.1958680555558 [0,1,2,3,4,5,6,7] [236,237,238,239,240,241,242,243,244,245,246,247]
1690.934911242604 [0,1,2,3,4,5,6,7] [231,232,233,234,235,236,237,238,239,240,241,242,243]
1690.6118200692042 [0,1,2,3,4,5,6,7,8,9] [228,229,230,231,232,233,234,235,236,237,238,239,240,241,242,243,244]
