[Score] [Station index] [Time slots] 
674.0409999999999 [0,1,2,3,4,5,6,7,8,9] [209]
648.551111111111 [0,1,2,3,4,5,6,7,9] [216,217]
640.0 [0,1,2,3,4,5,6,7,8,9] [209,210]
638.4044444444444 [0,1,2,3,4,5,6,7,9] [216]
637.8684444444445 [0,1,2,3,4,5,6,7,8,9] [209,210,211]
633.6159999999999 [0,1,2,3,4,5,6,7,8,9] [211]
628.8490000000002 [0,1,2,3,4,5,6,7,8,9] [193]
628.3377777777779 [0,1,2,3,4,5,6,7,9] [210]
628.3377777777775 [0,1,2,3,4,5,6,7,9] [222,223,224]
621.6711111111113 [0,1,2,3,4,5,6,7,8] [178]
620.5634567901235 [0,1,2,3,4,5,6,7,9] [216,217,218]
620.1562499999998 [0,1,2,3,4,5,6,7,8,9] [210,211]
617.5224999999999 [0,1,2,3,4,5,6,7,9] [222,223]
615.0400000000001 [0,1,2,3,4,5,6,7,9] [223]
614.2640625 [0,1,2,3,4,5,6,7,8,9] [208,209,210,211]
613.0889999999999 [0,1,2,3,4,5,6,7,8,9] [222]
612.5 [0,1,2,3,4,5,6,7,9] [224]
608.4 [0,1,2,3,4,5,6,7,8,9] [208,209]
607.8801111111113 [0,1,2,3,4,5,6,7,8,9] [208,209,210]
606.8410000000003 [0,1,2,3,4,5,6,7,8,9] [213]
606.8410000000001 [0,1,2,3,4,5,6,7,8,9] [217,218]
606.8011111111113 [0,1,2,3,4,5,6,7,9] [215,216,217]
606.5294399999999 [0,1,2,3,4,5,6,7,8,9] [209,210,211,212,213]
606.4515625000001 [0,1,2,3,4,5,6,7,8,9] [209,210,211,212]
606.06225 [0,1,2,3,4,5,6,7,8,9] [193,194]
605.2839999999999 [0,1,2,3,4,5,6,7,8,9] [239]
602.4864399999999 [0,1,2,3,4,5,6,7,8,9] [207,208,209,210,211]
601.4002499999999 [0,1,2,3,4,5,6,7,8,9] [238,239]
597.529 [0,1,2,3,4,5,6,7,8,9] [238]
596.580625 [0,1,2,3,4,5,6,7,9] [215,216,217,218]
596.2413611111111 [0,1,2,3,4,5,6,7,8,9] [208,209,210,211,212,213]
594.8265625 [0,1,2,3,4,5,6,7,8,9] [207,208,209,210]
594.140625 [0,1,2,3,4,5,6,7,9] [216,217,218,219]
594.13264 [0,1,2,3,4,5,6,7,8,9] [208,209,210,211,212]
593.7344444444443 [0,1,2,3,4,5,6,7,9] [254]
591.7506721536352 [0,1,2,3,4,5,6,7,9] [216,217,218,219,220,221,222,223,224]
591.6173611111112 [0,1,2,3,4,5,6,7,8,9] [209,210,211,212,213,214]
590.8484444444443 [0,1,2,3,4,5,6,7,8,9] [207,208,209]
590.6776419753086 [0,1,2,3,4,5,6,7,8,9] [209,210,211,212,213,214,215,216,217]
590.4824693877551 [0,1,2,3,4,5,6,7,8,9] [207,208,209,210,211,212,213]
590.2080625000001 [0,1,2,3,4,5,6,7,8,9] [210,211,212,213]
590.0850694444445 [0,1,2,3,4,5,6,7,9] [214,215,216,217]
589.194711111111 [0,1,2,3,4,5,6,7,9] [213,214,215,216,217]
588.8711111111111 [0,1,2,3,4,5,6,7,8] [232]
587.98224 [0,1,2,3,4,5,6,7,8,9] [209,210,211,212,213,214,215,216,217,218]
587.7777777777776 [0,1,2,3,4,5,6,7,8,9] [207,208,209,210,211,212]
586.7560000000001 [0,1,2,3,4,5,6,7,8,9] [234]
586.14336 [0,1,2,3,4,5,6,7,8,9] [208,209,210,211,212,213,214,215,216,217]
585.6400000000001 [0,1,2,3,4,5,6,7,8,9] [194]
585.3173777777779 [0,1,2,3,4,5,6,7,9] [214,215,216,217,218]
585.1561000000002 [0,1,2,3,4,5,6,7,9] [215,216,217,218,219,220,221,222,223,224]
585.006448979592 [0,1,2,3,4,5,6,7,8,9] [208,209,210,211,212,213,214]
584.7151111111111 [0,1,2,3,4,5,6,7,8,9] [210,211,212]
584.7151111111109 [0,1,2,3,4,5,6,7,8,9] [211,212,213]
584.6321006944444 [0,1,2,3,4,5,6,7,9] [216,217,218,219,220,221,222,223]
584.1128016528927 [0,1,2,3,4,5,6,7,8,9] [208,209,210,211,212,213,214,215,216,217,218]
583.6960000000001 [0,1,2,3,4,5,6,7,8,9] [192,193,194]
583.4182148760334 [0,1,2,3,4,5,6,7,8,9] [207,208,209,210,211,212,213,214,215,216,217]
583.3140624999999 [0,1,2,3,4,5,6,7,8,9] [209,210,211,212,213,214,215,216]
583.2185976562502 [0,1,2,3,4,5,6,7,8,9] [209,210,211,212,213,214,215,216,217,218,219,220,221,222,223,224]
581.7875624999999 [0,1,2,3,4,5,6,7,8,9] [207,208,209,210,211,212,213,214,215,216,217,218]
581.613611111111 [0,1,2,3,4,5,6,7,9] [215,216]
581.4062500000002 [0,1,2,3,4,5,6,7,8,9] [207,208,209,210,211,212,213,214]
581.1021579430669 [0,1,2,3,4,5,6,7,9] [214,215,216,217,218,219,220,221,222,223,224]
581.002643598616 [0,1,2,3,4,5,6,7,8,9] [208,209,210,211,212,213,214,215,216,217,218,219,220,221,222,223,224]
580.644 [0,1,2,3,4,5,6,7,8,9] [209,210,211,212,213,214,215]
580.6439999999999 [0,1,2,3,4,5,6,7,8,9] [210,211,212,213,214,215,216,217]
580.4887111111111 [0,1,2,3,4,5,6,7,9] [215,216,217,218,219]
580.0899504132233 [0,1,2,3,4,5,6,7,8,9] [209,210,211,212,213,214,215,216,217,218,219]
579.6284444444448 [0,1,2,3,4,5,6,7,8,9] [207,208,209,210,211,212,213,214,215,216,217,218,219,220,221,222,223,224]
579.1209999999999 [0,1,2,3,4,5,6,7,8,9] [237,238,239]
578.7828271604938 [0,1,2,3,4,5,6,7,8,9] [210,211,212,213,214,215,216,217,218]
578.36025 [0,1,2,3,4,5,6,7,8,9] [209,210,211,212,213,214,215,216,217,218,219,220,221,222]
578.1353086419754 [0,1,2,3,4,5,6,7,9] [215,216,217,218,219,220,221,222,223]
577.7013377777779 [0,1,2,3,4,5,6,7,8,9] [209,210,211,212,213,214,215,216,217,218,219,220,221,222,223]
577.397351111111 [0,1,2,3,4,5,6,7,8,9] [210,211,212,213,214,215,216,217,218,219,220,221,222,223,224]
577.2200624999999 [0,1,2,3,4,5,6,7,8,9] [208,209,210,211,212,213,214,215,216,217,218,219]
577.1434240362811 [0,1,2,3,4,5,6,7,9] [217,218,219,220,221,222,223]
576.9742871972315 [0,1,2,3,4,5,6,7,8,9] [209,210,211,212,213,214,215,216,217,218,219,220,221,222,223,224,225]
576.9487551020409 [0,1,2,3,4,5,6,7,8,9] [211,212,213,214,215,216,217]
576.84025 [0,1,2,3,4,5,6,7,8,9] [207,208,209,210,211,212,213,214,215,216]
576.2707656250002 [0,1,2,3,4,5,6,7,8,9] [208,209,210,211,212,213,214,215]
576.1822044444444 [0,1,2,3,4,5,6,7,8,9] [208,209,210,211,212,213,214,215,216,217,218,219,220,221,222]
576.0810000000001 [0,1,2,3,4,5,6,7,8,9] [216,217,218,219,220,221,222]
576.0809999999999 [0,1,2,3,4,5,6,7,8,9] [248]
575.8280277777777 [0,1,2,3,4,5,6,7,8,9] [213,214,215,216,217,218]
575.7774399999997 [0,1,2,3,4,5,6,7,8,9] [210,211,212,213,214]
575.7307455621301 [0,1,2,3,4,5,6,7,8,9] [209,210,211,212,213,214,215,216,217,218,219,220,221]
575.7015624999998 [0,1,2,3,4,5,6,7,8,9] [208,209,210,211,212,213,214,215,216,217,218,219,220,221,222,223]
575.6140177514792 [0,1,2,3,4,5,6,7,8,9] [207,208,209,210,211,212,213,214,215,216,217,218,219]
575.5751111111115 [0,1,2,3,4,5,6,7,8,9] [213,214,215,216,217,218,219,220,221,222,223,224]
575.542947845805 [0,1,2,3,4,5,6,7,9] [213,214,215,216,217,218,219]
575.4528124999999 [0,1,2,3,4,5,6,7] [221,222,223,224]
575.4183287419652 [0,1,2,3,4,5,6,7,9] [213,214,215,216,217,218,219,220,221,222,223]
575.3222500000002 [0,1,2,3,4,5,6,7,8,9] [211,212,213,214,215,216,217,218,219,220,221,222,223,224]
575.237975308642 [0,1,2,3,4,5,6,7,8,9] [208,209,210,211,212,213,214,215,216,217,218,219,220,221,222,223,224,225]
575.1958402777775 [0,1,2,3,4,5,6,7,8,9] [209,210,211,212,213,214,215,216,217,218,219,220]
574.9430624999998 [0,1,2,3,4,5,6,7,8,9] [207,208,209,210,211,212,213,214,215,216,217,218,219,220,221,222]
574.5640000000002 [0,1,2,3,4,5,6,7,8,9] [207,208,209,210,211,212,213,214,215,216,217,218,219,220,221,222,223]
574.4011111111112 [0,1,2,3,4,5,6,7,9] [214,215,216,217,218,219,220,221,222,223]
