[Score] [Station index] [Time slots] 
1069.53125 [0,1,2,3,4,5,6,7] [283]
1008.0 [0,1,2,3,4,5,6,7,9] [249]
1005.7612499999998 [0,1,2,3,4,5,6,7] [283,284]
1003.5199999999999 [0,1,2,3,4,5,6,7] [277,278,279]
990.1511111111109 [0,1,2,3,4,5,7,8,9] [238]
984.9401388888886 [0,1,2,3,4,5,6,7] [282,283,284]
984.9136111111113 [0,1,2,3,4,5,7,8,9] [237,238]
981.2449999999999 [0,1,2,3,4,5,6,7] [279]
979.69 [0,1,2,3,4,5,7,8,9] [237]
979.03125 [0,1,2,3,4,5,6,7] [276,277,278,279,280]
974.6112499999996 [0,1,2,3,4,5,6,7] [277,278,279,280]
968.4400499999999 [0,1,2,3,4,5,6,7] [273,274,275,276,277]
965.0688888888888 [0,1,2,3,4,5,6,7] [273,274,275,276,277,278]
964.7028125000002 [0,1,2,3,4,5,6,7] [278,279]
962.1422222222222 [0,1,2,3,4,5,6,7] [274,275,276]
961.4112500000001 [0,1,2,3,4,5,6,7] [275,276,277,278,279,280]
958.4410000000001 [0,1,2,3,4,5,6,7,8,9] [220]
958.1253125000003 [0,1,2,3,4,5,6,7] [272,273,274,275,276,277,278,279]
957.5782031250001 [0,1,2,3,4,5,6,7] [273,274,275,276,277,278,279,280]
957.03125 [0,1,2,3,4,5,6,7] [283,284,285]
955.9378125000001 [0,1,2,3,4,5,6,7] [272,273,274,275,276,277]
954.8449999999998 [0,1,2,3,4,5,6,7] [272,273,274,275,276,277,278]
954.6463739669424 [0,1,2,3,4,5,6,7] [273,274,275,276,277,278,279,280,281,282,283]
954.1168055555551 [0,1,2,3,4,5,6,7] [276,277,278,279,280,281]
953.7528125000002 [0,1,2,3,4,5,6,7] [282,283,284,285]
952.4793836805557 [0,1,2,3,4,5,6,7] [274,275,276,277,278,279,280,281,282,283,284,285]
950.48 [0,1,2,3,4,5,6,7] [272,273,274,275,276,277,278,279,280]
949.5718836805555 [0,1,2,3,4,5,6,7] [272,273,274,275,276,277,278,279,280,281,282,283]
949.3245679012343 [0,1,2,3,4,5,7,8,9] [237,238,239]
946.7182747933886 [0,1,2,3,4,5,6,7] [275,276,277,278,279,280,281,282,283,284,285]
946.125 [0,1,2,3,4,5,6,7] [281,282,283,284]
945.6900499999998 [0,1,2,3,4,5,6,7] [277,278,279,280,281]
943.9512499999998 [0,1,2,3,4,5,6,7] [282]
943.5168000000002 [0,1,2,3,4,5,6,7] [273,274,275,276,277,278,279,280,281,282]
943.4685339506174 [0,1,2,3,4,5,6,7] [273,274,275,276,277,278,279,280,281]
942.5034722222222 [0,1,2,3,4,5,6,7] [279,280,281,282,283,284]
942.2140500000002 [0,1,2,3,4,5,6,7] [279,280,281,282,283]
941.9469304733731 [0,1,2,3,4,5,6,7] [271,272,273,274,275,276,277,278,279,280,281,282,283]
941.9200000000001 [0,1,2,3,4,5,6] [256]
941.9199999999997 [0,1,2,3,4,5,7] [282,283]
941.78 [0,1,2,3,4,5,6,7] [271,272,273,274,275,276,277,278]
940.8502295918366 [0,1,2,3,4,5,6,7] [271,272,273,274,275,276,277]
940.6953124999997 [0,1,2,3,4,5,6,7] [273,274,275,276]
940.4784500000002 [0,1,2,3,4,5,6,7] [271,272,273,274,275,276,277,278,279,280]
940.0016666666669 [0,1,2,3,5,6,7] [277]
939.7630864197534 [0,1,2,3,4,5,7,8,9] [236,237,238]
939.61125 [0,1,2,3,4,5,6,7] [278,279,280]
939.0202066115702 [0,1,2,3,4,5,6,7] [272,273,274,275,276,277,278,279,280,281,282]
938.5278125000004 [0,1,2,3,4,5,6,7] [272,273,274,275,276,277,278,279,280,281]
935.2812500000003 [0,1,2,3,4,5,6,7] [279,280]
935.28125 [0,1,2,3,4,5,6,7] [275,276]
934.8488000000001 [0,1,2,3,4,5,6,7] [280,281,282,283,284]
934.4164499999998 [0,1,2,3,4,5,6,7] [282,283,284,285,286]
934.3211111111112 [0,1,2,3,4,5,7,8,9] [238,239]
933.1200000000005 [0,1,2,3,4,5,6,7] [278,279,280,281,282,283,284,285]
932.580078125 [0,1,2,3,4,5,6,7] [280,281,282,283]
932.2844444444444 [0,1,2,3,4,5,6,7,9] [250]
931.7704882812501 [0,1,2,3,4,5,6,7] [271,272,273,274,275,276,277,278,279,280,281,282,283,284,285,286]
931.6805555555554 [0,1,2,3,4,5,6,7] [271,272,273,274,275,276,277,278,279,280,281,282]
931.3928000000002 [0,1,2,3,4,5,6,7] [272,273,274,275,276]
930.96125 [0,1,2,3,4,5,6,7] [279,280,281,282,283,284,285]
930.5690185950413 [0,1,2,3,4,5,6,7] [271,272,273,274,275,276,277,278,279,280,281]
930.2499999999998 [0,1,2,3,4,5,6,7,8] [284]
929.2360500000003 [0,1,2,3,4,5,6,7] [281,282,283,284,285]
928.9396923828122 [0,1,2,3,4,5,6,7] [272,273,274,275,276,277,278,279,280,281,282,283,284,285,286,287]
928.8050000000001 [0,1,2,3,4,5,6,7] [272,273,274]
927.9431999999999 [0,1,2,3,4,5,6,7] [270,271,272,273,274,275,276,277,278,279,280,281,282,283,284]
926.8050063775511 [0,1,2,3,4,5,6,7] [270,271,272,273,274,275,276,277,278,279,280,281,282,283]
924.7389043209879 [0,1,2,3,4,5,6,7] [278,279,280,281,282,283,284,285,286]
924.6667361111114 [0,1,2,3,4,5,7,8,9] [236,237,238,239]
924.5000000000003 [0,1,2,3,4,5,6,7] [270,271,272,273,274,275,276,277,278,279]
924.3735337370243 [0,1,2,3,4,5,6,7] [271,272,273,274,275,276,277,278,279,280,281,282,283,284,285,286,287]
922.7092013888893 [0,1,2,3,4,5,6,7] [280,281,282,283,284,285]
922.3512500000002 [0,1,2,3,4,5,6,7] [273,274,275]
921.814453125 [0,1,2,3,4,5,6,7] [279,280,281,282,283,284,285,286]
921.3753719008265 [0,1,2,3,4,5,6,7] [270,271,272,273,274,275,276,277,278,279,280]
919.9526643598615 [0,1,2,3,4,5,6,7] [270,271,272,273,274,275,276,277,278,279,280,281,282,283,284,285,286]
918.9184500000002 [0,1,2,3,4,5,6,7] [278,279,280,281,282]
918.2993209876543 [0,1,2,3,4,5,6,7] [270,271,272,273,274,275,276,277,278]
918.0612500000001 [0,1,2,3,4,5,6,7] [269,270,271,272,273,274,275,276,277,278,279,280,281,282,283,284]
918.0612499999997 [0,1,2,3,4,5,6,7] [271,272,273,274,275,276]
917.3472222222221 [0,1,2,3,4,5,6,7] [281,282,283,284,285,286]
916.5756249999997 [0,1,2,3,4,5,7,8,9] [237,238,239,240]
916.3480499999998 [0,1,2,3,4,5,6,7] [269,270,271,272,273,274,275,276,277,278,279,280,281,282,283]
916.2492603550295 [0,1,2,3,4,5,6,7] [270,271,272,273,274,275,276,277,278,279,280,281,282]
915.3850781249997 [0,1,2,3,4,5,6,7] [272,273,274,275]
915.0625 [0,1,2,3,4,5,7,8,9] [236,237]
914.5829882812499 [0,1,2,3,4,5,6,7] [270,271,272,273,274,275,276,277]
913.9593836805557 [0,1,2,3,4,5,6,7] [270,271,272,273,274,275,276,277,278,279,280,281]
913.6625038580246 [0,1,2,3,4,5,6,7] [270,271,272,273,274,275,276,277,278,279,280,281,282,283,284,285,286,287]
913.4759183673468 [0,1,2,3,4,5,6,7] [280,281,282,283,284,285,286]
913.0469444444445 [0,1,2,3,4,5,6,7,9] [250,251]
912.9264500000002 [0,1,2,3,4,5,6,7] [278,279,280,281,282,283,284,285,286,287]
912.7128124999998 [0,1,2,3,4,5,6,7] [278,279,280,281]
911.6450000000001 [0,1,2,3,4,5,6,7] [269,270,271,272,273,274,275,276,277,278,279,280,281,282,283,284,285,286]
910.480826446281 [0,1,2,3,4,5,6,7] [269,270,271,272,273,274,275,276,277,278,279]
910.0277777777778 [0,1,2,3,4,5,6,7,8] [218,219,220]
909.0374228395067 [0,1,2,3,4,5,6,7] [279,280,281,282,283,284,285,286,287]
908.8005555555555 [0,1,2,3,4,5,6,7] [269,270,271,272,273,274,275,276,277,278,279,280]
906.1472610803322 [0,1,2,3,4,5,6,7] [269,270,271,272,273,274,275,276,277,278,279,280,281,282,283,284,285,286,287]
