[Score] [Station index] [Time slots] 
462.51571428571424 [0,1,2,3,4,5,6] [261]
456.0357142857143 [0,1,2,3,4,5,6] [266]
444.80571428571426 [0,1,2,3,4,5,6] [265,266]
442.4011111111112 [0,1,2,3,4,5,6,7,9] [260]
437.92396825396816 [0,1,2,3,4,5,6] [264,265,266]
433.71571428571445 [0,1,2,3,4,5,6] [265]
429.87111111111113 [0,1,2,3,4,5,6,7,9] [259,260]
429.5277777777778 [0,1,2,3,4,5,6] [265,266,267]
429.00571428571436 [0,1,2,3,4,5,6] [264,265]
428.48999999999995 [0,1,2,3,4,5,6,7,8,9] [255]
428.2232142857143 [0,1,2,3,4,5,6] [264,265,266,267]
427.4414285714286 [0,1,2,3,4,5,6] [266,267]
424.32142857142856 [0,1,2,3,4,5,6] [264]
423.93223214285706 [0,1,2,3,4,5,6] [263,264,265,266]
420.70567901234574 [0,1,2,3,4,5,6,7,9] [258,259,260]
419.0436571428571 [0,1,2,3,4,5,6] [263,264,265,266,267]
418.373373015873 [0,1,2,3,4,5,6] [261,262,263,264,265,266]
417.52111111111105 [0,1,2,3,4,5,6,7,9] [259]
415.6902623906705 [0,1,2,3,4,5,6] [261,262,263,264,265,266,267]
413.4914285714285 [0,1,2,3,4,5,6] [263,264,265]
411.03565714285713 [0,1,2,3,4,5,6] [261,262,263,264,265]
409.81051428571425 [0,1,2,3,4,5,6] [262,263,264,265,266]
408.1289285714285 [0,1,2,3,4,5,6] [262,263,264,265,266,267]
407.3657142857143 [0,1,2,3,4,5,6] [261,262]
406.2766472303207 [0,1,2,3,4,5,6] [260,261,262,263,264,265,266]
405.46080357142864 [0,1,2,3,4,5,6] [260,261,262,263,264,265,266,267]
405.46080357142847 [0,1,2,3,4,5,6] [261,262,263,264]
403.56035714285724 [0,1,2,3,4,5,6] [263,264]
403.2800000000001 [0,1,2,3,4,6,7,8,9] [249]
401.5570679012346 [0,1,2,3,4,5,6,7,8,9] [250,251,252,253,254,255]
400.4445679012345 [0,1,2,3,4,5,6,7,8,9] [251,252,253]
399.772857142857 [0,1,2,3,4,5,6] [267]
399.6667361111112 [0,1,2,3,4,5,6,7,8,9] [249,250,251,252,253,254,255,256]
399.6191383219955 [0,1,2,3,4,5,6,7,8,9] [249,250,251,252,253,254,255]
399.26920634920646 [0,1,2,3,4,5,6] [261,262,263]
399.2062723214285 [0,1,2,3,4,5,6] [261,262,263,264,265,266,267,268]
399.1685142857144 [0,1,2,3,4,5,6] [264,265,266,267,268]
398.6400892857142 [0,1,2,3,4,5,6] [262,263,264,265]
398.26285714285723 [0,1,2,3,4,5,6] [260,261,262,263,264,265]
397.5089285714287 [0,1,2,3,4,5,6] [260,261]
396.75571428571436 [0,1,2,3,4,5,6] [257]
396.5048015873016 [0,1,2,3,4,5,6] [263,264,265,266,267,268]
396.27537777777775 [0,1,2,3,4,5,6,7,8,9] [250,251,252,253,254]
394.9052160493827 [0,1,2,3,4,5,6,7,8,9] [249,250,251,252,253,254]
394.0834038800705 [0,1,2,3,4,5,6] [259,260,261,262,263,264,265,266,267]
393.3750892857143 [0,1,2,3,4,5,6] [259,260,261,262,263,264,265,266]
393.00035714285724 [0,1,2,3,4,5,6] [265,266,267,268]
392.0850970017637 [0,1,2,3,4,5,6] [260,261,262,263,264,265,266,267,268]
392.03999999999996 [0,1,2,3,4,5,6,7,8,9] [251,252]
391.87600000000003 [0,1,2,3,4,5,6,7,8,9] [247]
391.3536571428572 [0,1,2,3,4,5,6] [260,261,262,263,264]
390.5422740524782 [0,1,2,3,4,5,6] [262,263,264,265,266,267,268]
390.09186948853625 [0,1,2,3,4,5,6] [261,262,263,264,265,266,267,268,269]
389.4044444444445 [0,1,2,3,4,5,6,7,8,9] [250,251,252,253]
389.14137777777785 [0,1,2,3,4,5,6,7,8,9] [249,250,251,252,253]
388.615511111111 [0,1,2,3,4,5,6,7,8,9] [247,248,249,250,251,252,253,254,255,256]
387.76173611111096 [0,1,2,3,4,5,6,7,8,9] [248,249,250,251,252,253,254,255]
387.3607133058984 [0,1,2,3,4,5,6,7,8,9] [247,248,249,250,251,252,253,254,255]
387.2768253968255 [0,1,2,3,4,5,6] [262,263,264]
387.0965289256198 [0,1,2,3,4,5,6] [257,258,259,260,261,262,263,264,265,266,267]
386.7315571428571 [0,1,2,3,4,5,6] [261,262,263,264,265,266,267,268,269,270]
386.1371571428573 [0,1,2,3,4,5,6] [258,259,260,261,262,263,264,265,266,267]
385.84012857142864 [0,1,2,3,4,5,6] [257,258,259,260,261,262,263,264,265,266]
385.54321428571427 [0,1,2,3,4,5,6] [264,265,266,267,268,269]
385.2252186588922 [0,1,2,3,4,5,6] [263,264,265,266,267,268,269]
384.8014285714285 [0,1,2,3,4,5,6] [259,260,261,262,263,264,265]
384.65315714285714 [0,1,2,3,4,5,6] [260,261,262,263,264,265,266,267,268,269]
384.63668430335105 [0,1,2,3,4,5,6] [258,259,260,261,262,263,264,265,266]
383.32000000000005 [0,1,2,3,4,5,6] [260,261,262,263]
383.32 [0,1,2,3,4,5,6] [259,260,261,262,263,264,265,266,267,268]
382.70358134920633 [0,1,2,3,4,5,6] [256,257,258,259,260,261,262,263,264,265,266,267]
382.36543402777784 [0,1,2,3,4,5,6,7,8,9] [247,248,249,250,251,252,253,254]
382.2024999999999 [0,1,2,3,4,5,6,7,8,9] [249,250,251,252]
382.11004722550166 [0,1,2,3,4,5,6] [260,261,262,263,264,265,266,267,268,269,270]
382.1094104308389 [0,1,2,3,4,5,6,7,8,9] [248,249,250,251,252,253,254]
381.6568080357144 [0,1,2,3,4,5,6] [263,264,265,266,267,268,269,270]
381.472232142857 [0,1,2,3,4,5,6] [262,263,264,265,266,267,268,269]
381.41950437317786 [0,1,2,3,4,5,6] [264,265,266,267,268,269,270]
381.1702951593861 [0,1,2,3,4,5,6] [256,257,258,259,260,261,262,263,264,265,266]
381.159974640744 [0,1,2,3,4,5,6] [255,256,257,258,259,260,261,262,263,264,265,266,267]
380.25 [0,1,2,3,4,5,6,7,8,9] [250,251,252]
379.87444444444435 [0,1,2,3,4,5,6] [266,267,268]
379.6958795749705 [0,1,2,3,4,5,6] [261,262,263,264,265,266,267,268,269,270,271]
379.6289285714287 [0,1,2,3,4,5,6] [255,256,257,258,259,260,261,262,263,264,265,266]
379.6289285714285 [0,1,2,3,4,5,6] [254,255,256,257,258,259,260,261,262,263,264,265,266,267]
378.9511111111111 [0,1,2,3,4,5,6,7,8,9] [270]
378.7702480158729 [0,1,2,3,4,5,6] [257,258,259,260,261,262,263,264,265,266,267,268]
378.72938271604943 [0,1,2,3,4,5,6] [262,263,264,265,266,267,268,269,270]
378.696692063492 [0,1,2,3,4,5,6] [253,254,255,256,257,258,259,260,261,262,263,264,265,266,267]
378.52508928571433 [0,1,2,3,4,5,6] [261,262,263,264,265,266,267,268,269,270,271,272]
378.40253968253967 [0,1,2,3,4,5,6] [257,258,259,260,261,262,263,264,265]
378.1009636517329 [0,1,2,3,4,5,6] [254,255,256,257,258,259,260,261,262,263,264,265,266]
378.01051428571424 [0,1,2,3,4,5,6] [265,266,267,268,269]
377.42285714285714 [0,1,2,3,4,5,6] [259,260,261,262,263,264,265,266,267,268,269]
377.21309037900875 [0,1,2,3,4,5,6] [253,254,255,256,257,258,259,260,261,262,263,264,265,266]
377.15589138134595 [0,1,2,3,4,5,6] [258,259,260,261,262,263,264,265,266,267,268]
376.93349206349194 [0,1,2,3,4,5,6] [259,260,261,262,263,264]
376.5447845804989 [0,1,2,3,4,5,6,7,8,9] [247,248,249,250,251,252,253]
376.1389508928573 [0,1,2,3,4,5,6] [258,259,260,261,262,263,264,265]
376.07786706349225 [0,1,2,3,4,5,6] [260,261,262,263,264,265,266,267,268,269,270,271]
