[Score] [Station index] [Time slots] 
793.8 [0,1,2,3,4] [120]
778.7520000000002 [0,1,2,3,4] [123]
778.752 [0,1,2,3,4] [125]
769.6268888888889 [0,1,2,3,4] [123,124,125]
768.1801249999999 [0,1,2,3,4] [120,121,122,123]
767.1475555555556 [0,1,2,3,4] [120,121,122,123,124,125]
765.0845000000002 [0,1,2,3,4] [124,125]
765.0845 [0,1,2,3,4] [123,124]
764.8371199999999 [0,1,2,3,4] [120,121,122,123,124]
764.6722222222222 [0,1,2,3,4] [120,121,122]
763.848 [0,1,2,3,4] [121]
763.0242222222224 [0,1,2,3,4] [119,120,121]
762.6125 [0,1,2,3,4] [119,120]
762.0833061224491 [0,1,2,3,4] [119,120,121,122,123,124,125]
761.87168 [0,1,2,3,4] [121,122,123,124,125]
761.3779999999999 [0,1,2,3,4] [122,123,124,125]
760.8844799999999 [0,1,2,3,4] [119,120,121,122,123]
759.7335555555558 [0,1,2,3,4] [121,122,123]
759.3227222222223 [0,1,2,3,4] [119,120,121,122,123,124]
757.6805000000002 [0,1,2,3,4] [122,123]
757.6804999999999 [0,1,2,3,4] [121,122,123,124]
757.1266666666669 [0,1,2,3,4,5] [119]
756.45 [0,1,2,3,4] [119,120,121,122]
755.6302222222223 [0,1,2,3,4] [122,123,124]
755.04493877551 [0,1,2,3,4] [120,121,122,123,124,125,126]
752.1511250000001 [0,1,2,3,4] [119,120,121,122,123,124,125,126]
751.5379999999999 [0,1,2,3,4] [124]
750.76 [0,1,2,3,4,6,7,8,9] [223]
750.3125 [0,1,2,3,4] [121,122]
748.6800555555557 [0,1,2,3,4] [121,122,123,124,125,126]
747.8644999999999 [0,1,2,3,4] [123,124,125,126]
746.0311250000001 [0,1,2,3,4] [118,119,120,121,122,123,124,125]
745.66472 [0,1,2,3,4] [122,123,124,125,126]
745.4205 [0,1,2,3,4] [120,121,122,123,124,125,126,127]
743.9289135802469 [0,1,2,3,4] [119,120,121,122,123,124,125,126,127]
741.4140408163267 [0,1,2,3,4] [118,119,120,121,122,123,124]
739.7333888888888 [0,1,2,3,4] [118,119,120,121,122,123]
739.0578024691358 [0,1,2,3,4] [118,119,120,121,122,123,124,125,126]
738.6333061224486 [0,1,2,3,4] [121,122,123,124,125,126,127]
737.7075555555556 [0,1,2,3,4] [124,125,126]
736.898 [0,1,2,3,4] [122]
735.0107654320989 [0,1,2,3,4] [120,121,122,123,124,125,126,127,128]
734.71442 [0,1,2,3,4] [119,120,121,122,123,124,125,126,127,128]
734.472 [0,1,2,3,4] [122,123,124,125,126,127]
733.9872799999999 [0,1,2,3,4] [123,124,125,126,127]
733.6642222222221 [0,1,2,3,4] [117,118,119,120,121,122,123,124,125]
733.0183199999998 [0,1,2,3,4] [118,119,120,121,122,123,124,125,126,127]
732.05 [0,1,2,3,4] [118,119,120,121,122]
731.53125 [0,1,2,3,4,5,7,8,9] [259]
730.8405 [0,1,2,3,4] [125,126]
728.66592 [0,1,2,3,4] [117,118,119,120,121,122,123,124,125,126]
728.1227812500001 [0,1,2,3,4] [117,118,119,120,121,122,123,124]
728.1002777777778 [0,1,2,3,4,6,7,8,9] [222,223]
727.8211249999997 [0,1,2,3,4] [121,122,123,124,125,126,127,128]
725.6839008264463 [0,1,2,3,4] [118,119,120,121,122,123,124,125,126,127,128]
724.8080000000001 [0,1,2,3,4] [117,118,119,120,121,122,123]
724.5672199999999 [0,1,2,3,4] [116,117,118,119,120,121,122,123,124,125]
724.1514214876033 [0,1,2,3,4] [117,118,119,120,121,122,123,124,125,126,127]
723.003125 [0,1,2,3,4] [124,125,126,127]
722.7454693877551 [0,1,2,3,4] [122,123,124,125,126,127,128]
721.0913223140494 [0,1,2,3,4] [119,120,121,122,123,124,125,126,127,128,129]
720.8729917355371 [0,1,2,3,4] [116,117,118,119,120,121,122,123,124,125,126]
720.4000555555556 [0,1,2,3,4] [123,124,125,126,127,128]
720.0 [0,1,2,3,4] [120,121,122,123,124,125,126,127,128,129]
719.9999999999998 [0,1,2,3,4] [118,119,120]
718.6672839506173 [0,1,2,3,4] [116,117,118,119,120,121,122,123,124]
718.2011250000003 [0,1,2,3,4] [117,118,119,120,121,122,123,124,125,126,127,128]
717.4023472222223 [0,1,2,3,4] [116,117,118,119,120,121,122,123,124,125,126,127]
716.0055555555557 [0,1,2,3,4] [117,118,119,120,121,122]
714.6101249999999 [0,1,2,3,4] [116,117,118,119,120,121,122,123]
714.0125 [0,1,2,3,4] [118,119,120,121,122,123,124,125,126,127,128,129]
713.6142222222222 [0,1,2,3,4] [125,126,127]
712.8899999999999 [0,1,2,3,4,5,7,8,9] [248]
712.4506627218935 [0,1,2,3,4] [116,117,118,119,120,121,122,123,124,125,126,127,128]
712.022222222222 [0,1,2,3,4] [121,122,123,124,125,126,127,128,129]
711.9499008264463 [0,1,2,3,4] [115,116,117,118,119,120,121,122,123,124,125]
711.8631200000001 [0,1,2,3,4] [117,118,119,120,121]
709.6375555555557 [0,1,2,3,4] [115,116,117,118,119,120,121,122,123,124,125,126]
709.0023199999998 [0,1,2,3,4] [124,125,126,127,128]
708.4467222222222 [0,1,2,3,4] [119,120,121,122,123,124,125,126,127,128,129,130]
708.0499999999998 [0,1,2,3,4] [117,118,119,120,121,122,123,124,125,126,127,128,129]
707.3178816568047 [0,1,2,3,4] [115,116,117,118,119,120,121,122,123,124,125,126,127]
706.3201487603307 [0,1,2,3,4] [120,121,122,123,124,125,126,127,128,129,130]
705.7877777777778 [0,1,2,3,4,6,7,8,9] [222]
705.6720000000001 [0,1,2,3,4] [116,117,118,119,120,121,122]
705.6719999999998 [0,1,2,3,4] [122,123,124,125,126,127,128,129]
705.43442 [0,1,2,3,4] [115,116,117,118,119,120,121,122,123,124]
705.1975308641976 [0,1,2,3,4,6,7,8,9] [222,223,224]
704.9024999999998 [0,1,2,3,4,6,7,8,9] [223,224]
703.4674387755101 [0,1,2,3,4] [116,117,118,119,120,121,122,123,124,125,126,127,128,129]
702.9331242603552 [0,1,2,3,4] [118,119,120,121,122,123,124,125,126,127,128,129,130]
701.2663265306124 [0,1,2,3,4] [123,124,125,126,127,128,129]
700.5333888888888 [0,1,2,3,4] [116,117,118,119,120,121]
700.40187654321 [0,1,2,3,4] [115,116,117,118,119,120,121,122,123]
699.9416805555554 [0,1,2,3,4] [114,115,116,117,118,119,120,121,122,123,124,125]
699.3001041666668 [0,1,2,3,4,5] [117,118,119,120]
698.7438579881656 [0,1,2,3,4] [114,115,116,117,118,119,120,121,122,123,124,125,126]
698.562 [0,1,2,3,4] [125,126,127,128]
698.2243265306122 [0,1,2,3,4] [117,118,119,120,121,122,123,124,125,126,127,128,129,130]
697.8529799999999 [0,1,2,3,4] [121,122,123,124,125,126,127,128,129,130]
