[Score] [Station index] [Time slots] 
1020.1000000000004 [0,1,2,3,4,5,6,7,8,9] [231]
972.1959999999999 [0,1,2,3,4,5,6,7,8,9] [231,232]
929.296 [0,1,2,3,4,5,6,7,8,9] [231,232,233]
925.4439999999998 [0,1,2,3,4,5,6,7,8,9] [232]
913.9359999999999 [0,1,2,3,4,5,6,7,8,9] [230,231,232]
908.2090000000001 [0,1,2,3,4,5,6,7,8,9] [230,231]
896.809 [0,1,2,3,4,5,6,7,8,9] [230,231,232,233]
892.5525625000002 [0,1,2,3,4,5,6,7,8,9] [231,232,233,234]
887.3639999999998 [0,1,2,3,4,5,6,7,8,9] [229,230,231]
886.6105599999997 [0,1,2,3,4,5,6,7,8,9] [229,230,231,232,233]
885.4809999999995 [0,1,2,3,4,5,6,7,8,9] [232,233]
883.9760400000001 [0,1,2,3,4,5,6,7,8,9] [228,229,230,231,232]
877.6566944444445 [0,1,2,3,4,5,6,7,8,9] [228,229,230,231,232,233]
874.2249999999998 [0,1,2,3,4,5,6,7,8,9] [230,231,232,233,234]
873.7575625000002 [0,1,2,3,4,5,6,7,8,9] [228,229,230,231]
873.1033599999998 [0,1,2,3,4,5,6,7,8,9] [231,232,233,234,235]
869.5562500000002 [0,1,2,3,4,5,6,7,8,9] [229,230,231,232,233,234]
866.7609999999997 [0,1,2,3,4,5,6,7,8,9] [231,232,233,234,235,236]
864.3686530612246 [0,1,2,3,4,5,6,7,8,9] [228,229,230,231,232,233,234]
861.1840000000002 [0,1,2,3,4,5,6,7,8,9] [230,231,232,233,234,235]
859.3290000000001 [0,1,2,3,4,5,6,7,8,9] [238]
859.0641632653058 [0,1,2,3,4,5,6,7,8,9] [229,230,231,232,233,234,235]
857.4759999999999 [0,1,2,3,4,5,6,7,8,9] [243]
856.318890625 [0,1,2,3,4,5,6,7,8,9] [231,232,233,234,235,236,237,238]
856.0875624999999 [0,1,2,3,4,5,6,7,8,9] [229,230,231,232,233,234,235,236]
855.8893061224493 [0,1,2,3,4,5,6,7,8,9] [231,232,233,234,235,236,237]
855.8562656250003 [0,1,2,3,4,5,6,7,8,9] [228,229,230,231,232,233,234,235]
853.5706790123456 [0,1,2,3,4,5,6,7,8,9] [228,229,230,231,232,233,234,235,236]
851.9289999999999 [0,1,2,3,4,5,6,7,8,9] [232,233,234]
850.2889012345677 [0,1,2,3,4,5,6,7,8,9] [230,231,232,233,234,235,236,237,238]
849.89961 [0,1,2,3,4,5,6,7,8,9] [229,230,231,232,233,234,235,236,237,238]
849.1622499999997 [0,1,2,3,4,5,6,7,8,9] [230,231,232,233,234,235,236,237]
848.855111111111 [0,1,2,3,4,5,6,7,8,9] [229,230,231,232,233,234,235,236,237]
848.4084628099175 [0,1,2,3,4,5,6,7,8,9] [228,229,230,231,232,233,234,235,236,237,238]
847.32025 [0,1,2,3,4,5,6,7,8,9] [228,229,230,231,232,233,234,235,236,237]
846.3999999999999 [0,1,2,3,4,5,6,7,8,9] [233]
845.6116122448979 [0,1,2,3,4,5,6,7,8,9] [227,228,229,230,231,232,233]
845.4802499999998 [0,1,2,3,4,5,6,7,8,9] [227,228,229,230,231,232]
842.7239999999999 [0,1,2,3,4,5,6,7,8,9] [214]
840.0740864197533 [0,1,2,3,4,5,6,7,8,9] [231,232,233,234,235,236,237,238,239]
839.9722499999996 [0,1,2,3,4,5,6,7,8,9] [228,229]
838.14025 [0,1,2,3,4,5,6,7,8,9] [227,228,229,230,231,232,233,234]
838.1402499999997 [0,1,2,3,4,5,6,7,8,9] [232,233,234,235]
837.5910399999999 [0,1,2,3,4,5,6,7,8,9] [232,233,234,235,236]
837.225 [0,1,2,3,4,5,6,7,8,9] [229,230,231,232,233,234,235,236,237,238,239]
836.9200277777778 [0,1,2,3,4,5,6,7,8,9] [228,229,230,231,232,233,234,235,236,237,238,239]
836.3102500000001 [0,1,2,3,4,5,6,7,8,9] [230,231,232,233,234,235,236,237,238,239]
835.3960000000001 [0,1,2,3,4,5,6,7,8,9] [236]
834.0907959183675 [0,1,2,3,4,5,6,7,8,9] [232,233,234,235,236,237,238]
833.75161 [0,1,2,3,4,5,6,7,8,9] [227,228,229,230,231,232,233,234,235,236]
833.5690000000002 [0,1,2,3,4,5,6,7,8,9] [228]
833.5689999999997 [0,1,2,3,4,5,6,7,8,9] [227,228,229,230,231,232,233,234,235]
832.3521111111113 [0,1,2,3,4,5,6,7,8,9] [227,228,229,230,231,232,233,234,235,236,237,238]
830.3765625 [0,1,2,3,4,5,6,7,8,9] [226,227,228,229,230,231,232,233]
829.921 [0,1,2,3,4,5,6,7,8,9] [227,228,229,230,231,232,233,234,235,236,237]
829.9209999999999 [0,1,2,3,4,5,6,7,8,9] [232,233,234,235,236,237]
828.7067777777778 [0,1,2,3,4,5,6,7,8,9] [236,237,238]
828.1000000000001 [0,1,2,3,4,5,6,7,8,9] [226,227,228,229,230,231,232]
827.4934444444445 [0,1,2,3,4,5,6,7,8,9] [228,229,230]
825.4731975308641 [0,1,2,3,4,5,6,7,8,9] [226,227,228,229,230,231,232,233,234]
825.37225 [0,1,2,3,4,5,6,7,8,9] [237,238]
825.2713086419751 [0,1,2,3,4,5,6,7,8,9] [225,226,227,228,229,230,231,232,233]
824.4640000000002 [0,1,2,3,4,5,6,7,8,9] [229,230]
824.0449763313611 [0,1,2,3,4,5,6,7,8,9] [226,227,228,229,230,231,232,233,234,235,236,237,238]
823.8037685950414 [0,1,2,3,4,5,6,7,8,9] [226,227,228,229,230,231,232,233,234,235,236]
823.0676686390532 [0,1,2,3,4,5,6,7,8,9] [227,228,229,230,231,232,233,234,235,236,237,238,239]
822.6490000000003 [0,1,2,3,4,5,6,7,8,9] [226,227,228,229,230,231,232,233,234,235]
822.649 [0,1,2,3,4,5,6,7,8,9] [225,226,227,228,229,230,231,232]
821.37969 [0,1,2,3,4,5,6,7,8,9] [225,226,227,228,229,230,231,232,233,234]
821.224331632653 [0,1,2,3,4,5,6,7,8,9] [225,226,227,228,229,230,231,232,233,234,235,236,237,238]
821.1380277777777 [0,1,2,3,4,5,6,7,8,9] [226,227,228,229,230,231,232,233,234,235,236,237]
820.8360000000002 [0,1,2,3,4,5,6,7,8,9] [235,236,237,238]
820.5340277777777 [0,1,2,3,4,5,6,7,8,9] [225,226,227,228,229,230,231,232,233,234,235,236]
819.3266944444443 [0,1,2,3,4,5,6,7,8,9] [233,234,235,236,237,238]
819.1895537190084 [0,1,2,3,4,5,6,7,8,9] [225,226,227,228,229,230,231,232,233,234,235]
818.798765625 [0,1,2,3,4,5,6,7,8,9] [232,233,234,235,236,237,238,239]
818.3289940828403 [0,1,2,3,4,5,6,7,8,9] [225,226,227,228,229,230,231,232,233,234,235,236,237]
816.3122499999998 [0,1,2,3,4,5,6,7,8,9] [235,236]
816.0541275510202 [0,1,2,3,4,5,6,7,8,9] [226,227,228,229,230,231,232,233,234,235,236,237,238,239]
815.5896099999998 [0,1,2,3,4,5,6,7,8,9] [224,225,226,227,228,229,230,231,232,233]
815.5479289940831 [0,1,2,3,4,5,6,7,8,9] [228,229,230,231,232,233,234,235,236,237,238,239,240]
815.04784 [0,1,2,3,4,5,6,7,8,9] [224,225,226,227,228,229,230,231,232,233,234,235,236,237,238]
814.0960743801652 [0,1,2,3,4,5,6,7,8,9] [223,224,225,226,227,228,229,230,231,232,233]
814.0550625000002 [0,1,2,3,4,5,6,7,8,9] [229,230,231,232,233,234,235,236,237,238,239,240]
814.0550624999998 [0,1,2,3,4,5,6,7,8,9] [223,224,225,226,227,228,229,230,231,232,233,234,235,236,237,238]
813.96484 [0,1,2,3,4,5,6,7,8,9] [225,226,227,228,229,230,231,232,233,234,235,236,237,238,239]
813.604 [0,1,2,3,4,5,6,7,8,9] [236,237]
813.4652366863905 [0,1,2,3,4,5,6,7,8,9] [224,225,226,227,228,229,230,231,232,233,234,235,236]
812.9481322314048 [0,1,2,3,4,5,6,7,8,9] [224,225,226,227,228,229,230,231,232,233,234]
812.4446989795919 [0,1,2,3,4,5,6,7,8,9] [223,224,225,226,227,228,229,230,231,232,233,234,235,236]
812.4017777777776 [0,1,2,3,4,5,6,7,8,9] [226,227,228,229,230,231]
812.2014938271607 [0,1,2,3,4,5,6,7,8,9] [224,225,226,227,228,229,230,231,232]
811.98121 [0,1,2,3,4,5,6,7,8,9] [231,232,233,234,235,236,237,238,239,240]
811.9297193877552 [0,1,2,3,4,5,6,7,8,9] [224,225,226,227,228,229,230,231,232,233,234,235,236,237]
811.8009999999999 [0,1,2,3,4,5,6,7,8,9] [223,224,225,226,227,228,229,230,231,232,233,234]
811.6508402777779 [0,1,2,3,4,5,6,7,8,9] [224,225,226,227,228,229,230,231,232,233,234,235]
811.4406400000003 [0,1,2,3,4,5,6,7,8,9] [233,234,235,236,237]
811.1458595041322 [0,1,2,3,4,5,6,7,8,9] [230,231,232,233,234,235,236,237,238,239,240]
811.08036 [0,1,2,3,4,5,6,7,8,9] [223,224,225,226,227,228,229,230,231,232,233,234,235,236,237]
810.9002499999999 [0,1,2,3,4,5,6,7,8,9] [223,224,225,226,227,228,229,230,231,232]
