[Score] [Station index] [Time slots] 
414.72 [0,1,2,3,4,5,7,8] [238]
406.8378125 [0,1,2,3,4,5,7,8] [238,239]
398.66777777777764 [0,1,2,3,4,5,6,7,8] [244]
397.1501388888889 [0,1,2,3,4,5,7,8] [237,238,239]
396.21124999999995 [0,1,2,3,4,5,7,8] [237,238]
390.72799999999995 [0,1,2,3,5,7] [247,248]
384.33781250000004 [0,1,2,3,4,5,6,7,8] [244,245]
381.1560500000001 [0,1,2,3,4,5,6,7,8] [244,245,246,247,248]
378.125 [0,1,2,3,4,5,7,8] [236,237,238,239]
375.8368055555556 [0,1,2,3,4,5,6,7,8] [244,245,246]
375.37999999999994 [0,1,2,3,4,5,7,8] [237,238,239,240]
374.4672222222221 [0,1,2,3,4,5,7,8] [238,239,240]
374.01125000000013 [0,1,2,3,4,5,6,7,8] [245]
372.1 [0,1,2,3,4,5,6,7,8,9] [186]
371.28124999999983 [0,1,2,3,4,5,7,8] [236,237,238]
368.64000000000004 [0,1,2,3,4,5,6,7,8,9] [195,196]
368.082 [0,1,2,3,5,7] [247]
367.6568055555555 [0,1,2,3,4,5,7,8] [234,235,236,237,238,239]
367.36111111111103 [0,1,2,3,4,5,6,7,8,9] [195]
366.08444444444444 [0,1,2,3,4,5,6,7,8,9] [194]
366.0250000000001 [0,1,2,3,4,5,6,7,8,9] [178]
365.31045 [0,1,2,3,4,5,7,8] [235,236,237,238,239]
365.2345679012347 [0,1,2,3,4,5,6,7,8,9] [194,195,196]
364.77005 [0,1,2,3,4,5,7,8] [236,237,238,239,240]
363.15125 [0,1,2,3,4,5,7,8,9] [192]
362.9024999999999 [0,1,2,3,4,5,6,7,8,9] [194,195]
362.7022222222223 [0,1,2,3,4,5,6,7,8] [244,245,246,247,248,249]
360.23753472222216 [0,1,2,3,4,5,6,7,8] [243,244,245,246,247,248]
360.0 [0,1,2,3,4,5,6,7,8,9] [170]
359.69451530612247 [0,1,2,3,4,5,7,8] [234,235,236,237,238,239,240]
359.6562000000001 [0,1,2,3,4,5,7,8] [237,238,239,240,241]
359.1005625000001 [0,1,2,3,4,5,6,7,8,9] [192,193,194,195]
358.80100000000004 [0,1,2,3,4,5,6,7,8,9] [192,193,194]
358.40177777777774 [0,1,2,3,4,5,6,7,8,9] [193,194,195]
357.60400000000016 [0,1,2,3,4,5,6,7,8,9] [192,193]
357.6039999999999 [0,1,2,3,4,5,6,7,8,9] [193,194]
357.5250694444444 [0,1,2,3,4,5,6,7,8] [238,239,240,241]
357.1128125 [0,1,2,3,4,5,7,8] [235,236,237,238]
356.88676 [0,1,2,3,4,5,6,7,8,9] [192,193,194,195,196]
356.6357397959183 [0,1,2,3,4,5,6,7,8] [242,243,244,245,246,247,248]
356.44500000000005 [0,1,2,3,4,5,7,8] [235,236,237,238,239,240]
355.81225 [0,1,2,3,4,5,6,7,8,9] [193,194,195,196]
355.6134444444443 [0,1,2,3,4,5,6,7,8,9] [191,192,193,194,195,196]
354.276049382716 [0,1,2,3,4,5,6,7,8] [237,238,239,240,241,242]
354.025 [0,1,2,3,4,5,6,7,8,9] [193]
353.6489197530865 [0,1,2,3,4,5,6,7,8] [237,238,239,240,241,242,243,244,245,246,247,248]
353.55836805555543 [0,1,2,3,4,5,7,8] [236,237,238,239,240,241]
353.44 [0,1,2,3,5,6,7,8,9] [205]
353.41736570247934 [0,1,2,3,4,5,6,7,8] [238,239,240,241,242,243,244,245,246,247,248]
352.18777777777785 [0,1,2,3,4,5,6,7,8] [182]
351.9098079561043 [0,1,2,3,4,5,6,7,8] [237,238,239,240,241,242,243,244,245]
351.88255102040836 [0,1,2,3,4,5,6,7,8] [244,245,246,247,248,249,250]
351.6875111111112 [0,1,2,3,4,5,6,7,8] [238,239,240,241,242]
351.649 [0,1,2,3,4,5,6,7,8,9] [184]
351.5625000000001 [0,1,2,3,4,5,6,7,8] [237,238,239,240,241,242,243,244,245,246]
351.52083456790126 [0,1,2,3,4,5,6,7,8] [234,235,236,237,238,239,240,241,242,243,244,245,246,247,248]
351.1299408284024 [0,1,2,3,4,5,6,7,8] [236,237,238,239,240,241,242,243,244,245,246,247,248]
350.5216049382715 [0,1,2,3,4,5,6,7,8] [234,235,236,237,238,239,240,241,242]
350.3136111111111 [0,1,2,3,4,5,6,7,8] [254,255]
350.2656213017751 [0,1,2,3,4,5,6,7,8] [233,234,235,236,237,238,239,240,241,242,243,244,245]
350.14348025711666 [0,1,2,3,4,5,6,7,8] [237,238,239,240,241,242,243,244,245,246,247]
350.0055555555556 [0,1,2,3,5,7,8] [245,246,247]
350.00173611111103 [0,1,2,3,4,5,6,7,8] [238,239,240,241,242,243,244,245]
349.86811791383224 [0,1,2,3,4,5,6,7,8] [235,236,237,238,239,240,241]
349.8285322359397 [0,1,2,3,4,5,6,7,8] [238,239,240,241,242,243,244,245,246]
349.69 [0,1,2,3,4,5,6,7,8] [235,236,237,238,239,240,241,242,243,244,245,246,247,248]
349.6690125 [0,1,2,3,4,5,6,7,8] [239,240,241,242,243,244,245,246,247,248]
349.59410913872455 [0,1,2,3,4,5,6,7,8] [234,235,236,237,238,239,240,241,242,243,244,245,246]
349.5119274376417 [0,1,2,3,4,5,6,7,8] [236,237,238,239,240,241,242]
349.0669444444444 [0,1,2,3,4,5,6,7,8] [182,183]
348.85938271604937 [0,1,2,3,4,5,6,7,8] [182,183,184]
348.81787777777777 [0,1,2,3,4,5,6,7,8] [236,237,238,239,240,241,242,243,244,245]
348.810078125 [0,1,2,3,4,5,6,7,8] [241,242,243,244,245,246,247,248]
348.7839210284665 [0,1,2,3,4,5,6,7,8] [236,237,238,239,240,241,242,243,244,245,246]
348.44444444444446 [0,1,2,3,4,5,6,7,8] [238,239,240,241,242,243,244,245,246,247]
348.1 [0,1,2,3,4,5,6,7,8,9] [202]
348.04013888888886 [0,1,2,3,4,5,6,7,8] [195,196,197]
347.87901744719926 [0,1,2,3,4,5,6,7,8] [234,235,236,237,238,239,240,241,242,243,244]
347.8203125 [0,1,2,3,5,6,7,8] [255,256]
347.72612244897954 [0,1,2,3,4,5,6,7,8] [243,244,245,246,247,248,249]
347.7188966049382 [0,1,2,3,4,5,6,7,8] [236,237,238,239,240,241,242,243,244,245,246,247]
347.5117361111112 [0,1,2,3,4,5,6,7,8] [243,244,245,246]
347.30463734567917 [0,1,2,3,4,5,6,7,8] [235,236,237,238,239,240,241,242,243,244,245,246]
347.20111111111123 [0,1,2,3,4,5,6,7,8] [235,236,237,238,239,240,241,242,243,244,245]
347.2011111111111 [0,1,2,3,4,5,6,7,8] [243,244,245]
346.7222222222221 [0,1,2,3,4,5,6,7,8] [238,239,240,241,242,243,244,245,246,247,248,249]
346.5845102040815 [0,1,2,3,4,5,6,7,8,9] [191,192,193,194,195,196,197]
346.5113305898491 [0,1,2,3,4,5,6,7,8] [236,237,238,239,240,241,242,243,244]
346.43708744247215 [0,1,2,3,4,5,6,7,8] [235,236,237,238,239,240,241,242,243,244,245,246,247]
346.173828125 [0,1,2,3,4,5,6,7,8] [242,243,244,245,246,247,248,249]
346.1361111111111 [0,1,2,3,4,5,6,7,8,9] [192,193,194,195,196,197]
345.845 [0,1,2,3,4,5,6,7,8] [242,243,244,245,246,247]
345.74385355029585 [0,1,2,3,4,5,6,7,8] [237,238,239,240,241,242,243,244,245,246,247,248,249]
345.449600153787 [0,1,2,3,4,5,6,7,8] [233,234,235,236,237,238,239,240,241,242,243,244,245,246,247,248,249]
345.4068055555556 [0,1,2,3,5,6,7,8] [254,255,256]
344.96888888888896 [0,1,2,3,4,5,6,7,8] [240,241,242,243,244,245,246,247,248]
344.9687111111111 [0,1,2,3,4,5,6,7,8] [235,236,237,238,239,240,241,242,243,244]
344.7211111111112 [0,1,2,3,4,5,6,7,8] [234,235,236,237,238,239,240,241,242,243,244,245,246,247,248,249]
344.06604081632656 [0,1,2,3,4,5,6,7,8,9] [190,191,192,193,194,195,196]
344.0064499999999 [0,1,2,3,4,5,6,7,8] [242,243,244,245,246]
