[Score] [Station index] [Time slots] 
558.5344444444443 [0,1,2,3,4,5,6,7,9] [260]
556.9599999999999 [0,1,2,3,4,5,6,7,9] [262]
524.4099999999999 [0,1,2,3,4,5,6,7,9] [260,261,262]
515.2900000000002 [0,1,2,3,4,5,6,7,9] [260,261,262,263]
508.5024999999999 [0,1,2,3,4,5,6,7,9] [260,261]
507.751111111111 [0,1,2,3,4,5,6,7,9] [261,262]
491.3611111111111 [0,1,2,3,4,5,6,7,9] [259,260,261,262]
490.7701777777777 [0,1,2,3,4,5,6,7,9] [259,260,261,262,263]
483.025 [0,1,2,3,4,5,6,7,8,9] [256]
480.9422499999999 [0,1,2,3,4,5,6,7,8,9] [256,257]
478.86400000000003 [0,1,2,3,4,5,6,7,8,9] [257]
476.69444444444446 [0,1,2,3,4,5,6,7,8,9] [255]
475.64011111111097 [0,1,2,3,4,5,6,7,8,9] [255,256,257]
475.24000000000007 [0,1,2,3,4,5,6,7,8,9] [255,256]
470.4079012345679 [0,1,2,3,4,5,6,7,9] [259,260,261]
465.80625 [0,1,2,3,4,5,6,7,8,9] [259,260]
464.94140625 [0,1,2,3,4,5,6,7,9] [256,257,258,259,260,261,262,263]
463.5249519890261 [0,1,2,3,4,5,6,7,9] [255,256,257,258,259,260,261,262,263]
462.8644897959184 [0,1,2,3,4,5,6,7,9] [257,258,259,260,261,262,263]
462.0111419753088 [0,1,2,3,4,5,6,7,9] [258,259,260,261,262,263]
461.6359183673469 [0,1,2,3,4,5,6,7,9] [256,257,258,259,260,261,262]
460.81777777777785 [0,1,2,3,4,5,6,7,9] [261]
460.46006944444446 [0,1,2,3,4,5,6,7,9] [255,256,257,258,259,260,261,262]
458.9116049382718 [0,1,2,3,4,5,6,7,8,9] [254,255,256]
458.6736111111111 [0,1,2,3,4,5,6,7,9] [257,258,259,260,261,262]
457.3140625 [0,1,2,3,4,5,6,7,8,9] [254,255,256,257]
457.1677503429355 [0,1,2,3,4,5,6,7,9] [256,257,258,259,260,261,262,263,264]
456.81937777777785 [0,1,2,3,4,5,6,7,9] [258,259,260,261,262]
456.6769 [0,1,2,3,4,5,6,7,9] [255,256,257,258,259,260,261,262,263,264]
455.8225000000001 [0,1,2,3,4,5,6,7,9] [254,255,256,257,258,259,260,261,262,263]
454.4002777777777 [0,1,2,3,4,5,6,7,9] [257,258,259,260,261,262,263,264]
452.27111111111117 [0,1,2,3,4,5,6,7,9] [256,257,258,259,260,261,262,263,264,265]
452.27111111111105 [0,1,2,3,4,5,6,7,9] [254,255,256,257,258,259,260,261,262]
451.5625 [0,1,2,3,4,5,6,7,8,9] [254,255]
449.2829766803841 [0,1,2,3,4,5,6,7,9] [257,258,259,260,261,262,263,264,265]
448.23025000000007 [0,1,2,3,4,5,6,7,8,9] [255,256,257,258,259,260]
447.7521632653061 [0,1,2,3,4,5,6,7,8,9] [255,256,257,258,259,260,261]
446.61777777777775 [0,1,2,3,4,5,6,7,9] [256,257,258,259,260,261]
444.889 [0,1,2,3,4,5,6,7,8,9] [256,257,258,259,260]
444.50694444444446 [0,1,2,3,4,5,6,7,9] [253,254,255,256,257,258,259,260,261,262]
442.225 [0,1,2,3,4,5,6,7,8,9] [254,255,256,257,258,259,260,261]
441.8450816326531 [0,1,2,3,4,5,6,7,8,9] [254,255,256,257,258,259,260]
441.2800444444443 [0,1,2,3,4,5,6,7,8,9] [253,254,255,256,257]
439.56899999999996 [0,1,2,3,4,5,6,7,8,9] [255,256,257,258]
439.2517361111111 [0,1,2,3,4,5,6,7,8,9] [253,254,255,256]
437.44996000000003 [0,1,2,3,4,5,6,7,8,9] [257,258,259,260,261]
435.6 [0,1,2,3,4,5,6,7,8,9] [257,258,259,260]
435.29142857142864 [0,1,2,3,4,5,6] [262,263]
434.91206611570254 [0,1,2,3,4,5,6,7,9] [252,253,254,255,256,257,258,259,260,261,262]
434.28100000000006 [0,1,2,3,4,5,6,7,8,9] [253,254,255,256,257,258,259,260,261]
433.33361111111117 [0,1,2,3,4,5,6,7,9] [258,259,260,261]
432.9640000000001 [0,1,2,3,4,5,6,7,8,9] [253,254,255,256,257,258,259,260]
432.4377599999999 [0,1,2,3,4,5,6,7,8,9] [254,255,256,257,258]
431.21111111111094 [0,1,2,3,4,5,6,7,8,9] [256,257,258]
431.12356000000017 [0,1,2,3,4,5,6,7,8,9] [255,256,257,258,259]
428.0301234567902 [0,1,2,3,4,5,6,7,8,9] [253,254,255]
427.11111111111103 [0,1,2,3,4,5,6,7,8,9] [254]
426.62669444444435 [0,1,2,3,4,5,6,7,8,9] [254,255,256,257,258,259]
424.19168999999994 [0,1,2,3,4,5,6,7,8,9] [252,253,254,255,256,257,258,259,260,261]
423.444938271605 [0,1,2,3,4,5,6,7,8,9] [253,254,255,256,257,258]
422.82506250000006 [0,1,2,3,4,5,6,7,8,9] [256,257,258,259]
422.53086419753095 [0,1,2,3,4,5,6,7,8,9] [252,253,254,255,256,257]
421.9224197530865 [0,1,2,3,4,5,6,7,8,9] [252,253,254,255,256,257,258,259,260]
421.6337777777777 [0,1,2,3,4,5,6,7,8,9] [258,259,260]
420.1361188271606 [0,1,2,3,4,5,6,7,9] [251,252,253,254,255,256,257,258,259,260,261,262]
419.0793877551019 [0,1,2,3,4,5,6,7,8,9] [253,254,255,256,257,258,259]
417.4976571428571 [0,1,2,3,4,5,6] [260,261,262,263,264]
417.24871111111105 [0,1,2,3,4,5,6,7,8,9] [252,253,254,255,256]
416.6832412886258 [0,1,2,3,4,5,6,7,9] [250,251,252,253,254,255,256,257,258,259,260,261,262]
415.03000000000003 [0,1,2,3,4,5,6] [263]
414.8011111111112 [0,1,2,3,4,5,6,7,9] [234]
413.4914285714286 [0,1,2,3,4,5,6] [259,260,261,262,263,264]
412.46730158730145 [0,1,2,3,4,5,6] [262,263,264]
410.8800123114805 [0,1,2,3,4,5,6,7,9] [255,256,257,258,259,260,261,262,263,264,265,266,267,268,269,270,271,272,273]
410.1589342403629 [0,1,2,3,4,5,6,7,8,9] [252,253,254,255,256,257,258]
409.367305785124 [0,1,2,3,4,5,6,7,8,9] [251,252,253,254,255,256,257,258,259,260,261]
408.6387379972565 [0,1,2,3,4,5,6,7,9] [256,257,258,259,260,261,262,263,264,265,266,267,268,269,270,271,272,273]
408.3210000000001 [0,1,2,3,4,5,6,7,8,9] [252,253,254,255,256,257,258,259]
406.83136111111116 [0,1,2,3,4,5,6,7,8,9] [250,251,252,253,254,255,256,257,258,259,260,261]
406.40624999999983 [0,1,2,3,4,5,6,7,8,9] [257,258]
406.2144274376418 [0,1,2,3,4,5,6,7,9] [260,261,262,263,264,265,266,267,268,269,270,271,272,273]
405.89640999999983 [0,1,2,3,4,5,6,7,8,9] [251,252,253,254,255,256,257,258,259,260]
405.70911604938266 [0,1,2,3,4,5,6,7,9] [259,260,261,262,263,264,265,266,267,268,269,270,271,272,273]
405.3511111111111 [0,1,2,3,4,5,6,7,8,9] [207]
405.08271111111117 [0,1,2,3,4,5,6,7,9] [255,256,257,258,259,260,261,262,263,264,265,266,267,268,269,270,271,272,273,274]
404.68027777777775 [0,1,2,3,4,5,6,7,8,9] [253,254]
404.64083429450216 [0,1,2,3,4,5,6,7,9] [257,258,259,260,261,262,263,264,265,266,267,268,269,270,271,272,273]
404.57337301587313 [0,1,2,3,4,5,6] [260,261,262,263,264,265]
404.3291106072059 [0,1,2,3,4,5,6,7,9] [254,255,256,257,258,259,260,261,262,263,264,265,266,267,268,269,270,271,272,273,274]
403.67506944444455 [0,1,2,3,4,5,6,7,8,9] [252,253,254,255]
403.6484444444444 [0,1,2,3,4,5,6,7,8,9] [257,258,259]
403.45594214876036 [0,1,2,3,4,5,6,7,8,9] [250,251,252,253,254,255,256,257,258,259,260]
403.0968801652893 [0,1,2,3,4,5,6,7,9] [253,254,255,256,257,258,259,260,261,262,263,264,265,266,267,268,269,270,271,272,273,274]
403.0181924198251 [0,1,2,3,4,5,6] [259,260,261,262,263,264,265]
402.67111111111103 [0,1,2,3,4,5,6,7,9] [256,257,258,259,260,261,262,263,264,265,266,267,268,269,270,271,272,273,274]
402.04321428571427 [0,1,2,3,4,5,6] [261,262,263,264]
400.8337673611111 [0,1,2,3,4,5,6,7,9] [258,259,260,261,262,263,264,265,266,267,268,269,270,271,272,273]
400.57163265306116 [0,1,2,3,4,5,6,7,9] [255,256,257,258,259,260,261,262,263,264,265,266,267,268,269,270,271,272,273,274,275]
400.4639025414829 [0,1,2,3,4,5,6,7,9] [252,253,254,255,256,257,258,259,260,261,262,263,264,265,266,267,268,269,270,271,272,273,274]
400.06060835629023 [0,1,2,3,4,5,6,7,9] [254,255,256,257,258,259,260,261,262,263,264,265,266,267,268,269,270,271,272,273,274,275]
