[Score] [Station index] [Time slots] 
384.3999999999999 [0,1,2,3,4,5,6,7,8,9] [268]
373.321 [0,1,2,3,4,5,6,7,8,9] [268,269]
366.63025 [0,1,2,3,4,5,6,7,8,9] [267,268]
365.2187777777778 [0,1,2,3,4,5,6,7,8,9] [267,268,269]
364.80999999999995 [0,1,2,3,4,5,6,7,8,9] [266]
362.80544444444433 [0,1,2,3,4,5,6,7,8,9] [266,267,268]
362.70506249999994 [0,1,2,3,4,5,6,7,8,9] [266,267,268,269]
352.81361111111113 [0,1,2,3,4,5,6,7,8,9] [266,267]
348.80835999999994 [0,1,2,3,4,5,6,7,8,9] [266,267,268,269,270]
348.0816666666667 [0,1,2,3,4,6] [276]
347.2155625 [0,1,2,3,4,5,6,7,8,9] [267,268,269,270]
345.845 [1,2,3,4,6,7,8,9] [204]
345.80041666666665 [0,1,2,3,4,6] [276,277]
343.5266666666667 [0,1,2,3,4,6] [277]
338.33611111111117 [0,1,2,3,4,5,6,7,8,9] [265,266,267,268,269,270]
337.74005000000005 [0,1,2,3,4,6,7,8] [265,266,267,268,269]
331.5266666666666 [0,1,2,3,4,6] [276,277,278]
330.0277777777779 [0,1,2,3,4,5,7,8,9] [198]
329.66736111111106 [0,1,2,3,4,5,6,7,8,9] [266,267,268,269,270,271]
325.6066666666666 [0,1,2,3,4,6] [275,276]
324.5026041666667 [0,1,2,3,4,6] [275,276,277,278]
323.5984489795919 [0,1,2,3,4,5,6,7,8,9] [265,266,267,268,269,270,271]
323.40041666666673 [0,1,2,3,4,6] [277,278]
322.3683680555556 [0,1,2,3,4,6,7,8] [264,265,266,267,268,269]
319.06359183673464 [0,1,2,3,4,5,6,7,8,9] [266,267,268,269,270,271,272]
318.02419999999995 [0,1,2,3,4,6,7,8] [264,265,266,267,268]
315.7035156250001 [0,1,2,3,4,5,6,7,8,9] [264,265,266,267,268,269,270,271]
315.14189062500003 [0,1,2,3,4,5,6,7,8,9] [265,266,267,268,269,270,271,272]
314.5607346938776 [0,1,2,3,4,5,6,7,8,9] [263,264,265,266,267,268,269]
313.2267777777778 [0,1,2,3,4,5,6,7,8,9] [267,268,269,270,271,272]
312.2015625 [0,1,2,3,4,5,6,7,8,9] [263,264,265,266,267,268,269,270]
311.04 [0,1,2,3,4,6] [274,275,276,277]
309.6016666666667 [0,1,2,3,4,6] [274,275,276,277,278]
309.6016666666666 [0,1,2,3,4,6] [276,277,278,279]
309.1360000000002 [0,1,2,3,4,5,6,7,8,9] [264,265,266,267,268,269,270,271,272]
308.45339999999993 [0,1,2,3,4,6] [275,276,277,278,279]
306.91600000000005 [0,1,2,3,4,5,6,7,8,9] [263,264,265,266,267,268]
306.916 [0,1,2,3,4,5,6,7,8,9] [266,267,268,269,270,271,272,273]
306.2812500000001 [0,1,2,3,4,6,7,8,9] [275]
306.25156 [0,1,2,3,4,5,6,7,8,9] [268,269,270,271,272]
305.04499999999996 [0,1,2,3,5,6,7,9] [208]
304.8266790123456 [0,1,2,3,4,5,6,7,8,9] [265,266,267,268,269,270,271,272,273]
303.96844444444434 [0,1,2,3,4,5,6,7,8,9] [263,264,265,266,267,268,269,270,271]
303.8816666666667 [0,1,2,3,4,6] [278]
301.4081790123456 [0,1,2,3,4,5,6,7,8] [266,267,268,269,270,271,272,273,274,275,276,277]
300.5696296296297 [0,1,2,3,4,6] [274,275,276]
300.52323999999993 [0,1,2,3,4,5,6,7,8,9] [264,265,266,267,268,269,270,271,272,273]
300.304 [0,1,2,3,4,5,6,7,8,9] [267,268,269,270,271,272,273]
299.3184100000001 [0,1,2,3,4,5,6,7,8,9] [263,264,265,266,267,268,269,270,271,272]
299.1557407407408 [0,1,2,3,4,6] [273,274,275,276,277,278]
298.92041666666665 [0,1,2,3,4,6] [274,275,276,277,278,279]
298.60153086419757 [0,1,2,3,4,5,6,7,8,9] [266,267,268,269,270,271,272,273,274]
298.2200056689342 [0,1,2,3,4,5,6,7,8] [265,266,267,268,269,270,271,272,273,274,275,276,277,278]
298.2150000000001 [0,1,2,3,4,6] [273,274,275,276,277]
297.91748760330563 [0,1,2,3,4,5,6,7,8,9] [266,267,268,269,270,271,272,273,274,275,276]
297.89764 [0,1,2,3,4,5,6,7,8,9] [266,267,268,269,270,271,272,273,274,275]
297.61221301775146 [0,1,2,3,4,5,6,7,8,9] [265,266,267,268,269,270,271,272,273,274,275,276,277]
297.57025 [0,1,2,3,4,5,6,7,8,9] [265,266,267,268,269,270,271,272,273,274]
297.4338906250001 [0,1,2,3,4,5,6,7,8,9] [262,263,264,265,266,267,268,269]
297.2757407407408 [0,1,2,3,4,6] [277,278,279]
297.2672716049383 [0,1,2,3,4,5,6,7,8,9] [262,263,264,265,266,267,268,269,270]
297.11584027777786 [0,1,2,3,4,5,6,7,8,9] [265,266,267,268,269,270,271,272,273,274,275,276]
297.0922314049585 [0,1,2,3,4,5,6,7,8] [267,268,269,270,271,272,273,274,275,276,277]
297.025 [0,1,2,3,4,5,6,7,8,9] [265,266,267,268,269,270,271,272,273,274,275]
296.3753530864198 [0,1,2,3,4,5,6,7,8] [264,265,266,267,268,269,270,271,272,273,274,275,276,277,278]
296.2223456790123 [0,1,2,3,4,5,6,7,8] [267,268,269,270,271,272,273,274,275,276,277,278]
295.38151111111097 [0,1,2,3,4,5,6,7,8] [267,268,269,270,271,272,273,274,275,276]
295.0817602040816 [0,1,2,3,4,5,6,7,8,9] [264,265,266,267,268,269,270,271,272,273,274,275,276,277]
294.4314556213017 [0,1,2,3,4,5,6,7,8,9] [264,265,266,267,268,269,270,271,272,273,274,275,276]
294.35557024793394 [0,1,2,3,4,5,6,7,8,9] [264,265,266,267,268,269,270,271,272,273,274]
294.1254444444444 [0,1,2,3,4,5,6,7,8,9] [264,265,266,267,268,269,270,271,272,273,274,275]
292.60166666666674 [0,1,2,3,4,6] [272,273,274,275,276,277,278]
292.5525173611111 [0,1,2,3,4,5,6,7,8] [264,265,266,267,268,269,270,271,272,273,274,275,276,277,278,279]
292.52401111111095 [0,1,2,3,4,5,6,7,8] [268,269,270,271,272,273,274,275,276,277]
292.5006944444444 [0,1,2,3,4,5,6,7,8,9] [268,269,270,271,272,273]
292.48430578512404 [0,1,2,3,4,5,6,7,8,9] [263,264,265,266,267,268,269,270,271,272,273]
292.03012345679014 [0,1,2,3,4,5,6,7,8] [263,264,265,266,267,268,269,270,271,272,273,274,275,276,277]
291.9956014692377 [0,1,2,3,4,5,6,7,8] [268,269,270,271,272,273,274,275,276,277,278]
291.840049382716 [0,1,2,3,4,5,6,7,8,9] [267,268,269,270,271,272,273,274,275]
291.6979340277778 [0,1,2,3,4,5,6,7,8] [263,264,265,266,267,268,269,270,271,272,273,274,275,276,277,278]
291.6048979591836 [0,1,2,3,4,6] [273,274,275,276,277,278,279]
291.49201000000005 [0,1,2,3,4,5,6,7,8,9] [262,263,264,265,266,267,268,269,270,271]
291.2711111111112 [0,1,2,3,4,5,6,7,8] [269,270,271,272]
290.8702958579882 [0,1,2,3,4,5,6] [266,267,268,269,270,271,272,273,274,275,276,277,278]
290.7424074074075 [0,1,2,3,4,6] [272,273,274,275,276,277]
290.7424074074073 [0,1,2,3,4,6] [275,276,277,278,279,280]
290.13444444444445 [0,1,2,3,4,5,6,7,8] [268,269,270,271,272,273,274,275,276]
288.67593877551025 [0,1,2,3,4,5,6,7,8,9] [262,263,264,265,266,267,268]
288.5991887755101 [0,1,2,3,4,5,6,7,8,9] [263,264,265,266,267,268,269,270,271,272,273,274,275,276]
288.4666446280991 [0,1,2,3,4,5,6,7,8,9] [262,263,264,265,266,267,268,269,270,271,272]
288.4336111111111 [0,1,2,3,5,6,7,8,9] [207,208]
288.4003114186851 [0,1,2,3,4,5,6,7,8] [263,264,265,266,267,268,269,270,271,272,273,274,275,276,277,278,279]
288.14939999999996 [0,1,2,3,4,6] [276,277,278,279,280]
287.8735207100591 [0,1,2,3,4,5,6,7,8,9] [263,264,265,266,267,268,269,270,271,272,273,274,275]
287.72496 [0,1,2,3,4,5,6,7,8,9] [261,262,263,264,265,266,267,268,269,270]
287.5640625 [0,1,2,3,4,5,6,7,8,9] [263,264,265,266,267,268,269,270,271,272,273,274]
287.3876041666667 [0,1,2,3,4,6] [273,274,275,276]
287.1953909465021 [0,1,2,3,4,6] [270,271,272,273,274,275,276,277,278]
286.86877604166665 [0,1,2,3,4,6] [272,273,274,275,276,277,278,279]
286.8197530864198 [0,1,2,3,4,5,6,7,8,9] [261,262,263,264,265,266,267,268,269]
