[Score] [Station index] [Time slots] 
630.0100000000002 [0,1,2,3,4,5,6,7,9] [0]
563.2711111111112 [0,1,2,3,4,5,6,7,9] [0,1]
539.7877777777778 [0,1,2,3,4,5,6,7,9] [0,1,2]
520.9806249999999 [0,1,2,3,4,5,6,7,9] [0,1,2,3]
512.2677777777778 [0,1,2,3,4,5,6,7,9] [262]
512.0 [0,1,2,3,4,5,6,7] [1]
506.25 [1,2,3,4,5,6,7,8,9] [185]
501.4613777777779 [0,1,2,3,4,5,6,7,9] [0,1,2,3,4]
497.28999999999985 [0,1,2,3,4,5,6,7,9] [1,2]
494.3211111111111 [0,1,2,3,4,5,6,7,9] [2]
487.6736111111111 [0,1,2,3,4,5,6,7,9] [262,263]
486.93777777777785 [0,1,2,3,4,5,6,7,9] [1,2,3]
485.809 [0,1,2,3,4,5,6,7,8,9] [225]
481.07111111111124 [0,1,2,3,4,6,7,8,9] [210]
480.24899999999997 [0,1,2,3,4,5,6,7,8,9] [180]
478.95124999999996 [0,1,2,3,4,5,6,7,9] [2,3]
476.20938271604945 [0,1,2,3,4,5,6,7,9] [0,1,2,3,4,5]
474.7210000000001 [0,1,2,3,4,5,6,7,8,9] [187]
474.7209999999999 [0,1,2,3,4,5,6,7,8,9] [174]
471.6136111111112 [0,1,2,3,4,5,6,7,9] [1,2,3,4]
470.67999999999995 [0,1,2,3,4,5,6] [253]
470.5959999999999 [0,1,2,3,4,5,6,7,8,9] [184,185]
466.44000771604925 [0,1,2,3,4,5,6,7,9] [262,263,264,265,266,267,268,269,270,271,272,273]
465.12111111111113 [0,1,2,3,4,6,7,8,9] [209,210]
463.68444444444435 [0,1,2,3,4,5,6,7,9] [263]
462.38031221303936 [0,1,2,3,4,5,6,7,9] [263,264,265,266,267,268,269,270,271,272,273]
462.3523866213153 [0,1,2,3,4,5,6,7,9] [261,262,263,264,265,266,267,268,269,270,271,272,273,274]
462.25 [0,1,2,3,4,5,6,7,9] [264,265,266,267,268,269,270,271,272,273]
461.5734722222222 [0,1,2,3,4,5,6,7,9] [2,3,4]
461.00861234567896 [0,1,2,3,4,5,6,7,9] [260,261,262,263,264,265,266,267,268,269,270,271,272,273,274]
460.92786982248526 [0,1,2,3,4,5,6,7,9] [262,263,264,265,266,267,268,269,270,271,272,273,274]
460.81777777777785 [0,1,2,3,4,5,6,7,9] [273]
459.6840000000002 [0,1,2,3,4,5,6,7,8,9] [227]
459.5465569272976 [0,1,2,3,4,5,6,7,9] [265,266,267,268,269,270,271,272,273]
457.2469444444445 [0,1,2,3,4,5,6,7,9] [272,273]
456.97969184027767 [0,1,2,3,4,5,6,7,9] [259,260,261,262,263,264,265,266,267,268,269,270,271,272,273,274]
456.77188271604933 [0,1,2,3,4,5,6,7,9] [263,264,265,266,267,268,269,270,271,272,273,274]
456.7020415224913 [0,1,2,3,4,5,6,7,9] [258,259,260,261,262,263,264,265,266,267,268,269,270,271,272,273,274]
456.14604224058775 [0,1,2,3,4,5,6,7,9] [264,265,266,267,268,269,270,271,272,273,274]
456.0200000000001 [0,1,2,3,5,6,7,8] [184]
455.1111111111111 [0,1,2,3,4,5,6,7,9] [261,262,263,264,265,266,267,268,269,270,271,272,273,274,275]
455.1111111111109 [0,1,2,3,4,5,7,8,9] [206]
454.9079591836735 [0,1,2,3,4,5,6,7,9] [267,268,269,270,271,272,273]
454.3114626736112 [0,1,2,3,4,5,6,7,9] [260,261,262,263,264,265,266,267,268,269,270,271,272,273,274,275]
453.2843764172336 [0,1,2,3,4,5,6,7,9] [262,263,264,265,266,267,268,269,270,271,272,273,274,275]
453.1221777777778 [0,1,2,3,4,5,6,7,9] [265,266,267,268,269,270,271,272,273,274]
452.929 [0,1,2,3,4,5,6,7,8,9] [272]
452.27111111111117 [0,1,2,3,4,5,6,7,9] [268,269,270,271,272,273]
451.91673611111105 [0,1,2,3,4,5,6,7,9] [266,267,268,269,270,271,272,273]
451.2589795918368 [0,1,2,3,4,5,6,7,9] [0,1,2,3,4,5,6]
451.0117421124828 [0,1,2,3,4,5,6,7,9] [258,259,260,261,262,263,264,265,266,267,268,269,270,271,272,273,274,275]
450.93771626297575 [0,1,2,3,4,5,6,7,9] [259,260,261,262,263,264,265,266,267,268,269,270,271,272,273,274,275]
450.75031249999995 [0,1,2,3,4,5,6,7,9] [3,4]
450.5713777777777 [0,1,2,3,4,5,6,7,9] [268,269,270,271,272]
450.0 [0,1,2,3,4,6,7,8,9] [209]
448.89657462195925 [0,1,2,3,4,5,6,7,9] [263,264,265,266,267,268,269,270,271,272,273,274,275]
448.8003571428571 [0,1,2,3,4,5,6] [252,253]
448.32490304709137 [0,1,2,3,4,5,6,7,9] [257,258,259,260,261,262,263,264,265,266,267,268,269,270,271,272,273,274,275]
448.02777777777777 [0,1,2,3,4,5,6,7,9] [1,2,3,4,5]
448.0277777777776 [0,1,2,3,4,5,6,7,9] [269,270,271,272,273]
447.6750694444444 [0,1,2,3,4,5,6,7,9] [264,265,266,267,268,269,270,271,272,273,274,275]
447.49876736111105 [0,1,2,3,4,5,6,7,9] [261,262,263,264,265,266,267,268,269,270,271,272,273,274,275,276]
447.198096885813 [0,1,2,3,4,5,6,7,9] [260,261,262,263,264,265,266,267,268,269,270,271,272,273,274,275,276]
446.89225 [0,1,2,3,4,5,6,7,8,9] [180,181]
446.61777777777775 [0,1,2,3,4,5,6,7,8,9] [252]
446.2656250000001 [0,1,2,3,4,5,6,7,9] [0,1,2,3,4,5,6,7]
445.6790123456788 [0,1,2,3,4,5,6,7,9] [266,267,268,269,270,271,272,273,274]
445.6032142857142 [0,1,2,3,4,5,6] [253,254]
445.30378271604945 [0,1,2,3,4,5,6,7,9] [262,263,264,265,266,267,268,269,270,271,272,273,274,275,276]
444.85840277777766 [0,1,2,3,4,5,6,7,9] [269,270,271,272]
444.8399015081563 [0,1,2,3,4,5,6,7,9] [258,259,260,261,262,263,264,265,266,267,268,269,270,271,272,273,274,275,276]
444.4288614540467 [0,1,2,3,4,5,6,7,9] [259,260,261,262,263,264,265,266,267,268,269,270,271,272,273,274,275,276]
444.20580498866224 [0,1,2,3,4,5,6,7,9] [268,269,270,271,272,273,274]
444.1875573921029 [0,1,2,3,4,5,6,7,9] [265,266,267,268,269,270,271,272,273,274,275]
443.80444444444436 [0,1,2,3,4,5,6,7,9] [261,262,263,264,265,266,267,268,269,270,271,272,273,274,275,276,277]
443.72642318244147 [0,1,2,3,4,5,6,7,9] [260,261,262,263,264,265,266,267,268,269,270,271,272,273,274,275,276,277]
443.5559999999999 [0,1,2,3,4,5,6,7,8,9] [174,175]
443.1025000000001 [0,1,2,3,4,5,6,7,8,9] [251,252]
442.61146944444437 [0,1,2,3,4,5,6,7,9] [257,258,259,260,261,262,263,264,265,266,267,268,269,270,271,272,273,274,275,276]
441.84040000000005 [0,1,2,3,4,5,6,7,9] [258,259,260,261,262,263,264,265,266,267,268,269,270,271,272,273,274,275,276,277]
441.56025 [0,1,2,3,4,5,6,7,8,9] [187,188]
441.5251562500001 [0,1,2,3,4,5,6,7,9] [262,263,264,265,266,267,268,269,270,271,272,273,274,275,276,277]
441.2947860880271 [0,1,2,3,4,5,6,7,9] [259,260,261,262,263,264,265,266,267,268,269,270,271,272,273,274,275,276,277]
441.0000000000001 [0,1,2,3,4,5,6,7,9] [270,271,272,273]
441.0 [0,1,2,3,4,5,6,7,8,9] [266]
440.9333358528596 [0,1,2,3,4,5,6,7,9] [256,257,258,259,260,261,262,263,264,265,266,267,268,269,270,271,272,273,274,275,276]
440.7000510204082 [0,1,2,3,4,5,6,7,9] [263,264,265,266,267,268,269,270,271,272,273,274,275,276]
440.5334567901234 [0,1,2,3,4,6,7,8,9] [208,209,210]
439.86739480977576 [0,1,2,3,4,5,6,7,9] [257,258,259,260,261,262,263,264,265,266,267,268,269,270,271,272,273,274,275,276,277]
439.6011111111112 [0,1,2,3,4,5,6,7,8,9] [251]
439.50730158730164 [0,1,2,3,4,5,6] [252,253,254]
439.3681790123457 [0,1,2,3,4,5,6,7,9] [269,270,271,272,273,274]
438.95621959237354 [0,1,2,3,4,5,6,7,9] [264,265,266,267,268,269,270,271,272,273,274,275,276]
438.3947681359045 [0,1,2,3,4,5,6,7,9] [256,257,258,259,260,261,262,263,264,265,266,267,268,269,270,271,272,273,274,275,276,277]
438.3258055030455 [0,1,2,3,4,5,6,7,9] [255,256,257,258,259,260,261,262,263,264,265,266,267,268,269,270,271,272,273,274,275,276,277]
437.80277777777764 [0,1,2,3,4,5,6,7,8,9] [180,181,182]
437.3234841489688 [0,1,2,3,4,5,6,7,9] [260,261,262,263,264,265,266,267,268,269,270,271,272,273,274,275,276,277,278]
437.2745679012346 [0,1,2,3,4,5,6,7,9] [267,268,269,270,271,272,273,274,275]
437.11968449931413 [0,1,2,3,4,5,6,7,9] [0,1,2,3,4,5,6,7,8]
437.04225308641975 [0,1,2,3,4,5,6,7,9] [261,262,263,264,265,266,267,268,269,270,271,272,273,274,275,276,277,278]
