[Score] [Station index] [Time slots] 
245.44444444444446 [0,1,2,3,4,5,6,7,8] [188]
242.32111111111115 [0,1,2,3,4,5,6,7,8,9] [209]
240.25 [0,1,2,3,4,5,6,7,8] [187,188]
237.89257812499991 [0,1,2,3,4,5,6,7,8] [184,185,186,187]
237.5708444444444 [0,1,2,3,4,5,6,7,8] [184,185,186,187,188]
236.47604938271604 [0,1,2,3,4,5,6,7,8] [186,187,188]
235.11111111111117 [0,1,2,3,4,5,6,7,8] [187]
234.94077160493822 [0,1,2,3,4,5,6,7,8] [183,184,185,186,187,188]
234.77049382716052 [0,1,2,3,4,5,6,7,8] [184,185,186,187,188,189]
234.36124999999996 [0,1,2,3,4,5,6,7,8] [186,187]
234.25600000000003 [0,1,2,3,4,5,6,7,8,9] [231]
234.09 [0,1,2,3,4,5,6,7,8] [185,186,187,188]
233.75012345679002 [0,1,2,3,4,5,6,7,8] [187,188,189]
233.0711111111111 [0,1,2,3,4,5,6,7,8] [188,189]
232.92573696145124 [0,1,2,3,4,5,6,7,8] [183,184,185,186,187,188,189]
232.92013888888894 [0,1,2,3,4,5,6,7,8] [185,186,187]
232.86759999999992 [0,1,2,3,4,5,6,7,8] [183,184,185,186,187]
232.5625 [0,1,2,3,4,5,6,7,8] [186,187,188,189]
231.4455111111111 [0,1,2,3,4,5,6,7,8] [185,186,187,188,189]
230.02777777777771 [0,1,2,3,4,5,6,7,8] [184,185,186,187,188,189,190]
229.0177777777778 [0,1,2,3,4,5,6,7,8] [183,184,185,186,187,188,189,190]
226.57417233560093 [0,1,2,3,4,5,6,7,8] [182,183,184,185,186,187,188]
226.50250000000005 [0,1,2,3,4,5,6,7,8] [185,186,187,188,189,190]
226.40217777777787 [0,1,2,3,4,5,6,7,8] [186,187,188,189,190]
225.87585069444444 [0,1,2,3,4,5,6,7,8] [182,183,184,185,186,187,188,189]
225.750625 [0,1,2,3,4,5,6,7,8] [187,188,189,190]
225.2500694444445 [0,1,2,3,4,5,6,7,8] [184,185,186,187,188,189,190,191]
224.88890260630998 [0,1,2,3,4,5,6,7,8] [183,184,185,186,187,188,189,190,191]
224.45 [4,5,6,7,8] [186]
223.55787379972563 [0,1,2,3,4,5,6,7,8] [181,182,183,184,185,186,187,188,189]
223.22573388203017 [0,1,2,3,4,5,6,7,8] [182,183,184,185,186,187,188,189,190]
222.78400000000002 [0,1,2,3,4,5,6,7,8,9] [205]
222.67271604938273 [0,1,2,3,4,5,6,7,8] [188,189,190]
221.58448979591833 [0,1,2,3,4,5,6,7,8] [185,186,187,188,189,190,191]
221.4144 [0,1,2,3,4,5,6,7,8] [181,182,183,184,185,186,187,188,189,190]
220.81960000000012 [0,1,2,3,4,5,6,7,8] [180,181,182,183,184,185,186,187,188,189]
220.68753086419758 [0,1,2,3,4,5,6,7,8] [186,187,188,189,190,191]
220.12667777777784 [0,1,2,3,4,5,6,7,8] [182,183,184,185,186,187,188,189,190,191]
220.02777777777777 [0,1,2,3,4,5,7,8,9] [203]
219.12970615243347 [0,1,2,3,4,5,6,7,8] [180,181,182,183,184,185,186,187,188,189,190]
219.04000000000008 [0,1,2,3,4,5,6,7,8] [187,188,189,190,191]
218.77099173553722 [0,1,2,3,4,5,6,7,8] [181,182,183,184,185,186,187,188,189,190,191]
218.55625 [0,1,2,3,4,5,6,7,8,9] [208,209]
218.08900000000003 [0,1,2,3,4,5,6,7,8,9] [205,206]
218.0544444444445 [0,1,2,3,4,5,6,7,8] [183,184,185,186,187,188,189,190,191,192]
217.8 [4,5,6,7,8] [180]
217.62224999999998 [0,1,2,3,4,5,6,7,8,9] [209,210]
217.61713305898493 [0,1,2,3,4,5,6,7,8] [184,185,186,187,188,189,190,191,192]
217.36124999999996 [0,1,2,3,4,5,6,7,9] [231,232]
217.20166666666668 [3,4,5,6,7,8] [184]
216.90743827160492 [0,1,2,3,4,5,6,7,8] [180,181,182,183,184,185,186,187,188,189,190,191]
216.3573553719008 [0,1,2,3,4,5,6,7,8] [179,180,181,182,183,184,185,186,187,188,189]
216.09000000000003 [0,1,2,3,4,5,6,7,8] [183,184,185,186,187,188,189,190,191,192,193]
215.50240000000005 [0,1,2,3,4,5,6,7,8] [184,185,186,187,188,189,190,191,192,193]
215.19260030864203 [0,1,2,3,4,5,6,7,8] [179,180,181,182,183,184,185,186,187,188,189,190]
215.11111111111111 [0,1,2,3,4,5,6,7,8] [188,189,190,191]
214.62250000000003 [0,1,2,3,4,5,6,7,8] [230,231]
214.4005876951331 [0,1,2,3,4,5,6,7,8] [182,183,184,185,186,187,188,189,190,191,192]
213.97188271604944 [0,1,2,3,4,5,6,7,8] [178,179,180,181,182,183,184,185,186,187,188,189]
213.75211111111108 [0,1,2,3,4,5,6,7,8,9] [208,209,210]
213.64694444444447 [0,1,2,3,4,5,6,7,8] [181,182,183,184,185,186,187,188,189,190,191,192]
213.52515625000007 [0,1,2,3,4,5,6,7,8] [185,186,187,188,189,190,191,192]
213.45959237343857 [0,1,2,3,4,5,6,7,8] [179,180,181,182,183,184,185,186,187,188,189,190,191]
213.25924 [0,1,2,3,4,5,6,7,8,9] [205,206,207,208,209]
213.08513477975012 [0,1,2,3,4,5,6,7,8] [178,179,180,181,182,183,184,185,186,187,188,189,190]
212.91673611111116 [0,1,2,3,4,5,6,7,8] [182,183,184,185,186,187,188,189,190,191,192,193]
212.82844444444436 [0,1,2,3,4,5,6,7,8,9] [204,205,206]
212.67361111111111 [0,1,2,3,4,6,7,8,9] [202,203,204,205]
212.5210000000001 [0,1,2,3,4,5,6,7,8,9] [204,205]
212.33720578566732 [0,1,2,3,4,5,6,7,8] [181,182,183,184,185,186,187,188,189,190,191,192,193]
212.3003571428571 [2,3,4,5,6,7,8] [183,184]
211.9450694444444 [0,1,2,3,4,5,6,7,8] [183,184,185,186,187,188,189,190,191,192,193,194]
211.86419753086417 [0,1,2,3,4,6,7,8,9] [202,203,204]
211.7533611111111 [0,1,2,3,4,5,6,7,8,9] [205,206,207,208,209,210]
211.70249999999993 [0,1,2,3,4,5,6,7,8] [189,190]
211.64861454046638 [0,1,2,3,4,5,6,7,8] [185,186,187,188,189,190,191,192,193]
211.63321995464855 [0,1,2,3,4,5,6,7,8] [178,179,180,181,182,183,184,185,186,187,188,189,190,191]
211.6332199546485 [0,1,2,3,4,5,6,7,8] [186,187,188,189,190,191,192]
211.4466944444444 [0,1,2,3,4,5,6,7,8,9] [204,205,206,207,208,209]
211.21777777777777 [0,1,2,3,4,5,6,7,8] [180,181,182,183,184,185,186,187,188,189,190,191,192,193]
211.04165289256196 [0,1,2,3,4,5,6,7,8] [184,185,186,187,188,189,190,191,192,193,194]
210.98711111111106 [0,1,2,3,4,5,6,7,8,9] [231,232,233]
210.91056250000005 [0,1,2,3,4,5,6,7,8,9] [206,207,208,209]
210.68100000000004 [0,1,2,3,4,5,6,7,8,9] [197]
210.65142857142862 [2,3,4,5,6,7,8] [183]
210.63781249999997 [0,1,2,3,4,5,7,8,9] [202,203]
210.41879591836732 [0,1,2,3,4,5,6,7,8,9] [204,205,206,207,208,209,210]
210.125 [0,1,2,3,4,6,7,8] [169]
210.06944444444449 [0,1,2,3,4,5,6,7,8,9] [207,208,209]
210.056711111111 [0,1,2,3,4,6,7,8,9] [202,203,204,205,206]
210.02698224852065 [0,1,2,3,4,5,6,7,8] [183,184,185,186,187,188,189,190,191,192,193,194,195]
209.835918367347 [0,1,2,3,4,5,6,7,8] [183,184,185,186,187,188,189,190,191,192,193,194,195,196]
209.76694444444445 [0,1,2,3,4,5,6,7,8] [186,187,188,189,190,191,192,193]
209.67039999999997 [0,1,2,3,4,5,6,7,8] [183,184,185,186,187,188,189,190,191,192,193,194,195,196,197]
209.6555489809336 [0,1,2,3,4,5,6,7,8] [177,178,179,180,181,182,183,184,185,186,187,188,189]
209.61281250000002 [0,1,2,3,4,5,6,7,9] [231,232,233,234]
209.58084 [0,1,2,3,4,5,6,7,8,9] [206,207,208,209,210]
209.49116213151927 [0,1,2,3,4,5,6,7,8] [179,180,181,182,183,184,185,186,187,188,189,190,191,192]
209.3586390532545 [0,1,2,3,4,5,6,7,8] [182,183,184,185,186,187,188,189,190,191,192,193,194]
209.30624999999995 [0,1,2,3,4,5,6,7,8,9] [203,204]
