[Score] [Station index] [Time slots] 
1144.8999999999996 [0,1,2,3,4,5,6,7,8,9] [229]
1113.025 [0,1,2,3,4,5,6,7,8,9] [201]
1107.75625 [0,1,2,3,4,5,6,7,8,9] [203,204,205,206]
1104.601 [0,1,2,3,4,5,6,7,8,9] [197]
1085.7639999999997 [0,1,2,3,4,5,6,7,8,9] [201,202,203,204,205,206,207]
1081.2533611111107 [0,1,2,3,4,5,6,7,8,9] [202,203,204,205,206,207]
1079.5209999999995 [0,1,2,3,4,5,6,7,8,9] [205,206]
1076.7521111111114 [0,1,2,3,4,5,6,7,8,9] [204,205,206]
1063.734390625 [0,1,2,3,4,5,6,7,8,9] [201,202,203,204,205,206,207,208]
1061.3400000000004 [0,1,2,3,4,5,6,7,8] [202]
1060.5877777777778 [0,1,2,3,4,5,6,7,8,9] [204,205]
1057.60656 [0,1,2,3,4,5,6,7,8,9] [203,204,205,206,207]
1056.7839999999997 [0,1,2,3,4,5,6,7,8,9] [202,203,204,205,206,207,208]
1051.5363086419752 [0,1,2,3,4,5,6,7,8,9] [201,202,203,204,205,206,207,208,209]
1050.625 [0,1,2,3,4,5,6,7,8,9] [231]
1049.39536 [0,1,2,3,4,5,6,7,8,9] [201,202,203,204,205,206,207,208,209,210]
1048.5759999999998 [0,1,2,3,4,5,6,7,8,9] [233]
1046.870027777778 [0,1,2,3,4,5,6,7,8,9] [195,196,197,198,199,200,201,202,203,204,205,206]
1046.7563456790122 [0,1,2,3,4,5,6,7,8,9] [200,201,202,203,204,205,206,207,208]
1046.7150082644628 [0,1,2,3,4,5,6,7,8,9] [201,202,203,204,205,206,207,208,209,210,211]
1045.6198641975311 [0,1,2,3,4,5,6,7,8,9] [199,200,201,202,203,204,205,206,207]
1045.50625 [0,1,2,3,4,5,6,7,8,9] [233,234]
1044.6698264462811 [0,1,2,3,4,5,6,7,8,9] [197,198,199,200,201,202,203,204,205,206,207]
1043.9730625 [0,1,2,3,4,5,6,7,8,9] [202,203,204,205,206,207,208,209]
1043.1217777777779 [0,1,2,3,4,5,6,7,8,9] [229,230,231]
1042.4410000000005 [0,1,2,3,4,5,6,7,8,9] [202,203,204,205,206,207,208,209,210]
1042.4409999999998 [0,1,2,3,4,5,6,7,8,9] [234]
1041.42025 [0,1,2,3,4,5,6,7,8,9] [231,232,233,234]
1041.080111111111 [0,1,2,3,4,5,6,7,8,9] [231,232,233]
1041.0277869822487 [0,1,2,3,4,5,6,7,8,9] [194,195,196,197,198,199,200,201,202,203,204,205,206]
1040.740027777778 [0,1,2,3,4,5,6,7,8,9] [229,230,231,232,233,234]
1040.4 [0,1,2,3,4,5,6,7,8,9] [229,230,231,232,233]
1040.19601 [0,1,2,3,4,5,6,7,8,9] [202,203,204,205,206,207,208,209,210,211]
1039.3802499999995 [0,1,2,3,4,5,6,7,8,9] [229,230]
1038.7686400000005 [0,1,2,3,4,5,6,7,8,9] [198,199,200,201,202,203,204,205,206,207]
1038.361 [0,1,2,3,4,5,6,7,8,9] [232,233,234]
1037.5459599999997 [0,1,2,3,4,5,6,7,8,9] [200,201,202,203,204,205,206,207,208,209]
1037.34225 [0,1,2,3,4,5,6,7,8,9] [231,232]
1036.8793471074382 [0,1,2,3,4,5,6,7,8,9] [200,201,202,203,204,205,206,207,208,209,210]
1036.324 [0,1,2,3,4,5,6,7,8,9] [232,233]
1035.9538512396693 [0,1,2,3,4,5,6,7,8,9] [195,196,197,198,199,200,201,202,203,204,205]
1035.475840277778 [0,1,2,3,4,5,6,7,8,9] [200,201,202,203,204,205,206,207,208,209,210,211]
1034.7975625 [0,1,2,3,4,5,6,7,8,9] [196,197,198,199,200,201,202,203,204,205,206,207]
1034.4342908163267 [0,1,2,3,4,5,6,7,8,9] [193,194,195,196,197,198,199,200,201,202,203,204,205,206]
1033.950027777778 [0,1,2,3,4,5,6,7,8,9] [197,198,199,200,201,202]
1033.6111111111109 [0,1,2,3,4,5,6,7,8,9] [197,198,199,200,201,202,203,204,205,206,207,208]
1033.4174693877549 [0,1,2,3,4,5,6,7,8,9] [229,230,231,232,233,234,235]
1033.2722499999998 [0,1,2,3,4,5,6,7,8,9] [203,204,205,206,207,208]
1032.5686390532544 [0,1,2,3,4,5,6,7,8,9] [195,196,197,198,199,200,201,202,203,204,205,206,207]
1032.256 [0,1,2,3,4,5,6,7,8,9] [199,200,201,202,203,204,205,206,207,208]
1031.0371599999999 [0,1,2,3,4,5,6,7,8,9] [231,232,233,234,235]
1030.9704166666668 [0,1,2,3,4,5,6,7,8] [202,203]
1030.5633611111114 [0,1,2,3,4,5,6,7,8,9] [194,195,196,197,198,199,200,201,202,203,204,205]
1030.42801 [0,1,2,3,4,5,6,7,8,9] [194,195,196,197,198,199,200,201,202,203]
1030.4099999999999 [0,1,2,3,4,5,6,7,8,9] [205]
1030.4099999999996 [0,1,2,3,4,5,6,7,8,9] [210]
1028.196 [0,1,2,3,4,5,6,7,8,9] [194,195,196,197,198,199,200,201,202,203,204,205,206,207]
1027.7614744897958 [0,1,2,3,4,5,6,7,8,9] [197,198,199,200,201,202,203,204,205,206,207,208,209,210]
1027.5720946745562 [0,1,2,3,4,5,6,7,8,9] [197,198,199,200,201,202,203,204,205,206,207,208,209]
1027.274388429752 [0,1,2,3,4,5,6,7,8,9] [198,199,200,201,202,203,204,205,206,207,208]
1027.2498177777775 [0,1,2,3,4,5,6,7,8,9] [197,198,199,200,201,202,203,204,205,206,207,208,209,210,211]
1027.0133402777778 [0,1,2,3,4,5,6,7,8,9] [193,194,195,196,197,198,199,200,201,202,203,204]
1026.8444444444444 [0,1,2,3,4,5,6,7,8,9] [233,234,235]
1026.1689999999999 [0,1,2,3,4,5,6,7,8,9] [232,233,234,235]
1025.6625625000001 [0,1,2,3,4,5,6,7,8,9] [199,200,201,202,203,204,205,206,207,208,209,210]
1025.3899171597634 [0,1,2,3,4,5,6,7,8,9] [196,197,198,199,200,201,202,203,204,205,206,207,208]
1025.248297520661 [0,1,2,3,4,5,6,7,8,9] [199,200,201,202,203,204,205,206,207,208,209]
1025.2341360946743 [0,1,2,3,4,5,6,7,8,9] [199,200,201,202,203,204,205,206,207,208,209,210,211]
1025.15625 [0,1,2,3,4,5,6,7,8,9] [210,211]
1024.2996982248521 [0,1,2,3,4,5,6,7,8,9] [193,194,195,196,197,198,199,200,201,202,203,204,205]
1024.1439999999998 [0,1,2,3,4,5,6,7,8,9] [232]
1023.9994336734693 [0,1,2,3,4,5,6,7,8,9] [195,196,197,198,199,200,201,202,203,204,205,206,207,208]
1023.1322500000003 [0,1,2,3,4,5,6,7,8,9] [203,204,205,206,207,208,209,210]
1023.040297520661 [0,1,2,3,4,5,6,7,8,9] [193,194,195,196,197,198,199,200,201,202,203]
1022.9299599999997 [0,1,2,3,4,5,6,7,8,9] [193,194,195,196,197,198,199,200,201,202,203,204,205,206,207]
1022.7951111111113 [0,1,2,3,4,5,6,7,8,9] [203,204,205,206,207,208,209,210,211]
1022.6265625 [0,1,2,3,4,5,6,7,8,9] [204,205,206,207]
1022.3737656249999 [0,1,2,3,4,5,6,7,8,9] [229,230,231,232,233,234,235,236]
1022.1209999999999 [0,1,2,3,4,5,6,7,8,9] [203,204,205,206,207,208,209]
1021.9654674556211 [0,1,2,3,4,5,6,7,8,9] [198,199,200,201,202,203,204,205,206,207,208,209,210]
1021.8321632653066 [0,1,2,3,4,5,6,7,8,9] [198,199,200,201,202,203,204,205,206,207,208,209,210,211]
1021.2786736111111 [0,1,2,3,4,5,6,7,8,9] [198,199,200,201,202,203,204,205,206,207,208,209]
1021.0428844444444 [0,1,2,3,4,5,6,7,8,9] [196,197,198,199,200,201,202,203,204,205,206,207,208,209,210]
1020.9839414062496 [0,1,2,3,4,5,6,7,8,9] [196,197,198,199,200,201,202,203,204,205,206,207,208,209,210,211]
1020.5040400000001 [0,1,2,3,4,5,6,7,8,9] [230,231,232,233,234]
1020.50404 [0,1,2,3,4,5,6,7,8,9] [194,195,196,197,198,199,200,201,202,203,204,205,206,207,208]
1020.3885918367345 [0,1,2,3,4,5,6,7,8,9] [196,197,198,199,200,201,202,203,204,205,206,207,208,209]
1020.2683402777777 [0,1,2,3,4,5,6,7,8,9] [201,202,203,204,205,206,207,208,209,210,211,212]
1020.1000000000004 [0,1,2,3,4,5,6,7,8,9] [195,196,197,198,199,200,201,202,203,204,205,206,207,208,209,210,211]
1020.1 [0,1,2,3,4,5,6,7,8,9] [211]
1020.0999999999997 [0,1,2,3,4,5,6,7,8,9] [195,196,197,198,199,200,201,202,203,204,205,206,207,208,209,210]
1019.4267777777779 [0,1,2,3,4,5,6,7,8,9] [195,196,197,198,199,200,201,202,203,204,205,206,207,208,209]
1018.9460408163264 [0,1,2,3,4,5,6,7,8,9] [228,229,230,231,232,233,234]
1018.6576530612249 [0,1,2,3,4,5,6,7,8,9] [196,197,198,199,200,201,202]
1017.8567901234568 [0,1,2,3,4,5,6,7,8,9] [229,230,231,232,233,234,235,236,237]
1017.4084444444446 [0,1,2,3,4,5,6,7,8,9] [194,195,196,197,198,199,200,201,202,203,204,205,206,207,208,209,210,211]
1017.2502283737025 [0,1,2,3,4,5,6,7,8,9] [194,195,196,197,198,199,200,201,202,203,204,205,206,207,208,209,210]
1017.0722499999998 [0,1,2,3,4,5,6,7,8,9] [195,196,197,198,199,200,201,202]
1016.7361111111107 [0,1,2,3,4,5,6,7,8,9] [231,232,233,234,235,236]
1016.44203515625 [0,1,2,3,4,5,6,7,8,9] [194,195,196,197,198,199,200,201,202,203,204,205,206,207,208,209]
