[Score] [Station index] [Time slots] 
540.2249999999998 [0,1,2,3,4,5,6,7,8,9] [236]
525.625 [0,1,2,3,4,5,6,7,8,9] [235,236]
511.225 [0,1,2,3,4,5,6,7,8,9] [235]
501.73611111111103 [0,1,2,3,4,5,6,7,8,9] [234,235,236]
483.95211111111104 [0,1,2,3,4,5,6,7,8,9] [235,236,237]
483.025 [0,1,2,3,4,5,6,7,8,9] [234,235]
476.7902499999999 [0,1,2,3,4,5,6,7,8,9] [234,235,236,237]
472.3125625000001 [0,1,2,3,4,5,6,7,8,9] [235,236,237,238]
470.5959999999999 [0,1,2,3,4,5,6,7,8,9] [236,237]
468.95104000000003 [0,1,2,3,4,5,6,7,8,9] [234,235,236,237,238]
467.28027777777766 [0,1,2,3,4,5,6,7,8,9] [226,227]
463.42056249999985 [0,1,2,3,4,5,6,7,8,9] [233,234,235,236]
461.5843599999997 [0,1,2,3,4,5,6,7,8,9] [235,236,237,238,239]
460.5884444444444 [0,1,2,3,4,5,6,7,8,9] [234,235,236,237,238,239]
459.6840000000002 [0,1,2,3,4,5,6,7,8,9] [236,237,238]
457.8777777777776 [0,1,2,3,4,5,6,7,8,9] [235,236,237,238,239,240]
457.55561224489793 [0,1,2,3,4,5,6,7,8,9] [234,235,236,237,238,239,240]
455.625 [0,1,2,3,4,5,6,7,8,9] [234]
455.1111111111111 [0,1,2,3,4,5,6,7,8,9] [227]
454.2760000000001 [0,1,2,3,4,5,6,7,8,9] [234,235,236,237,238,239,240,241]
454.0834489795917 [0,1,2,3,4,5,6,7,8,9] [235,236,237,238,239,240,241]
451.584 [0,1,2,3,4,5,6,7,8,9] [233,234,235,236,237]
450.8544444444444 [0,1,2,3,4,5,6,7,8,9] [225,226,227]
450.5094400000001 [0,1,2,3,4,5,6,7,8,9] [232,233,234,235,236]
449.57024999999993 [0,1,2,3,4,5,6,7,8,9] [236,237,238,239]
449.3467777777778 [0,1,2,3,4,5,6,7,8,9] [233,234,235,236,237,238]
448.0277777777779 [0,1,2,3,4,5,6,7,8,9] [226,227,228]
447.56100000000004 [0,1,2,3,4,5,6,7,8,9] [236,237,238,239,240]
446.8179753086421 [0,1,2,3,4,5,6,7,8,9] [234,235,236,237,238,239,240,241,242]
445.723140625 [0,1,2,3,4,5,6,7,8,9] [235,236,237,238,239,240,241,242]
445.07959183673466 [0,1,2,3,4,5,6,7,8,9] [233,234,235,236,237,238,239]
444.889 [0,1,2,3,4,5,6,7,8,9] [236,237,238,239,240,241]
444.3888906250001 [0,1,2,3,4,5,6,7,8,9] [233,234,235,236,237,238,239,240]
442.9641975308642 [0,1,2,3,4,5,6,7,8,9] [233,234,235,236,237,238,239,240,241]
442.8902500000002 [0,1,2,3,4,5,6,7,8,9] [232,233,234,235,236,237]
442.8902499999999 [0,1,2,3,4,5,6,7,8,9] [234,235,236,237,238,239,240,241,242,243]
442.225 [0,1,2,3,4,5,6,7,8,9] [246]
441.48641975308635 [0,1,2,3,4,5,6,7,8,9] [235,236,237,238,239,240,241,242,243]
440.65006944444434 [0,1,2,3,4,5,6,7,8,9] [225,226,227,228]
440.45344444444453 [0,1,2,3,4,5,6,7,8,9] [224,225,226]
439.95062499999995 [0,1,2,3,4,5,6,7,8,9] [224,225,226,227]
439.56899999999996 [0,1,2,3,4,5,6,7,8,9] [240]
439.4216790123455 [0,1,2,3,4,5,6,7,8,9] [232,233,234,235,236,237,238,239,240]
439.40326562499996 [0,1,2,3,4,5,6,7,8,9] [232,233,234,235,236,237,238,239]
439.1271111111113 [0,1,2,3,4,5,6,7,8,9] [233,234,235]
438.64129 [0,1,2,3,4,5,6,7,8,9] [232,233,234,235,236,237,238,239,240,241]
438.244 [0,1,2,3,4,5,6,7,8,9] [234,235,236,237,238,239,240,241,242,243,244]
437.44996000000003 [0,1,2,3,4,5,6,7,8,9] [233,234,235,236,237,238,239,240,241,242]
436.7321632653062 [0,1,2,3,4,5,6,7,8,9] [236,237,238,239,240,241,242]
436.5244899999999 [0,1,2,3,4,5,6,7,8,9] [235,236,237,238,239,240,241,242,243,244]
435.6 [0,1,2,3,4,5,6,7,8,9] [240,241]
434.7604049586777 [0,1,2,3,4,5,6,7,8,9] [233,234,235,236,237,238,239,240,241,242,243]
434.7204444444443 [0,1,2,3,4,5,6,7,8,9] [231,232,233,234,235,236]
434.0413966942148 [0,1,2,3,4,5,6,7,8,9] [232,233,234,235,236,237,238,239,240,241,242]
434.02777777777777 [0,1,2,3,4,5,6,7,8,9] [224,225,226,227,228]
433.128515625 [0,1,2,3,4,5,6,7,8,9] [236,237,238,239,240,241,242,243]
432.64000000000016 [0,1,2,3,4,5,6,7,8,9] [227,228]
432.5254444444445 [0,1,2,3,4,5,6,7,8,9] [238,239,240]
432.30625 [0,1,2,3,4,5,6,7,8,9] [238,239,240,241]
432.29340277777766 [0,1,2,3,4,5,6,7,8,9] [226,227,228,229]
431.95228402366854 [0,1,2,3,4,5,6,7,8,9] [234,235,236,237,238,239,240,241,242,243,244,245,246]
431.86802777777785 [0,1,2,3,4,5,6,7,8,9] [232,233,234,235,236,237,238,239,240,241,242,243]
431.64900000000006 [0,1,2,3,4,5,6,7,8,9] [241]
431.4847656249998 [0,1,2,3,4,5,6,7,8,9] [231,232,233,234,235,236,237,238]
431.21111111111094 [0,1,2,3,4,5,6,7,8,9] [233,234,235,236,237,238,239,240,241,242,243,244]
431.1713140495867 [0,1,2,3,4,5,6,7,8,9] [231,232,233,234,235,236,237,238,239,240,241]
431.12356 [0,1,2,3,4,5,6,7,8,9] [231,232,233,234,235,236,237,238,239,240]
431.1016736111111 [0,1,2,3,4,5,6,7,8,9] [234,235,236,237,238,239,240,241,242,243,244,245]
430.5234489795918 [0,1,2,3,4,5,6,7,8,9] [231,232,233,234,235,236,237]
430.33599999999996 [0,1,2,3,4,5,6,7,8,9] [239,240,241]
430.1902345679012 [0,1,2,3,4,5,6,7,8,9] [231,232,233,234,235,236,237,238,239]
430.0080624999999 [0,1,2,3,4,5,6,7,8,9] [235,236,237,238,239,240,241,242,243,244,245,246]
429.68025000000017 [0,1,2,3,4,5,6,7,8,9] [239,240]
429.59471111111117 [0,1,2,3,4,5,6,7,8,9] [225,226,227,228,229]
429.39936734693873 [0,1,2,3,4,5,6,7,8,9] [230,231,232,233,234,235,236]
429.025 [0,1,2,3,4,5,6,7,8,9] [238,239]
428.9059173553718 [0,1,2,3,4,5,6,7,8,9] [235,236,237,238,239,240,241,242,243,244,245]
428.82348520710076 [0,1,2,3,4,5,6,7,8,9] [232,233,234,235,236,237,238,239,240,241,242,243,244]
428.58844444444446 [0,1,2,3,4,5,6,7,8,9] [236,237,238,239,240,241,242,243,244]
428.3702499999998 [0,1,2,3,4,5,6,7,8,9] [230,231,232,233,234,235,236,237,238,239,240,241]
428.0728016528925 [0,1,2,3,4,5,6,7,8,9] [230,231,232,233,234,235,236,237,238,239,240]
427.71600000000007 [0,1,2,3,4,5,6,7,8,9] [230,231,232,233,234,235,236,237,238]
427.6070069444444 [0,1,2,3,4,5,6,7,8,9] [231,232,233,234,235,236,237,238,239,240,241,242]
426.96889795918366 [0,1,2,3,4,5,6,7,8,9] [234,235,236,237,238,239,240,241,242,243,244,245,246,247]
426.9533402777778 [0,1,2,3,4,5,6,7,8,9] [225,226,227,228,229,230,231,232,233,234,235,236]
426.94693425605556 [0,1,2,3,4,5,6,7,8,9] [225,226,227,228,229,230,231,232,233,234,235,236,237,238,239,240,241]
426.9315600000001 [0,1,2,3,4,5,6,7,8,9] [237,238,239,240,241]
426.9315599999999 [0,1,2,3,4,5,6,7,8,9] [230,231,232,233,234,235,236,237,238,239]
426.7355625 [0,1,2,3,4,5,6,7,8,9] [226,227,228,229,230,231,232,233,234,235,236,237,238,239,240,241]
426.6539101562501 [0,1,2,3,4,5,6,7,8,9] [225,226,227,228,229,230,231,232,233,234,235,236,237,238,239,240]
426.6464876033059 [0,1,2,3,4,5,6,7,8,9] [226,227,228,229,230,231,232,233,234,235,236]
426.56017777777777 [0,1,2,3,4,5,6,7,8,9] [226,227,228,229,230]
426.4090000000001 [0,1,2,3,4,5,6,7,8,9] [233,234,235,236,237,238,239,240,241,242,243,244,245,246]
426.2224489795917 [0,1,2,3,4,5,6,7,8,9] [225,226,227,228,229,230,231,232,233,234,235,236,237,238]
426.1913611111111 [0,1,2,3,4,5,6,7,8,9] [224,225,226,227,228,229,230,231,232,233,234,235,236,237,238,239,240,241]
426.1076686390532 [0,1,2,3,4,5,6,7,8,9] [231,232,233,234,235,236,237,238,239,240,241,242,243]
425.9637345679013 [0,1,2,3,4,5,6,7,8,9] [224,225,226,227,228,229]
425.90684023668643 [0,1,2,3,4,5,6,7,8,9] [226,227,228,229,230,231,232,233,234,235,236,237,238]
425.87140484429074 [0,1,2,3,4,5,6,7,8,9] [224,225,226,227,228,229,230,231,232,233,234,235,236,237,238,239,240]
425.79975111111105 [0,1,2,3,4,5,6,7,8,9] [225,226,227,228,229,230,231,232,233,234,235,236,237,238,239]
