[Score] [Station index] [Time slots] 
1169.6400000000003 [0,1,2,3,4,5,6,7,9] [186]
1153.7344444444445 [0,1,2,3,4,5,7,8,9] [214]
1144.8999999999996 [0,1,2,3,4,5,6,7,8,9] [217]
1134.5669444444447 [0,1,2,3,4,5,7,8,9] [213,214]
1128.9600000000003 [0,1,2,3,4,5,6,7,9] [259]
1127.8402777777778 [0,1,2,3,4,5,6,7,9] [186,187]
1113.0250000000003 [0,1,2,3,4,5,6,7,8,9] [237]
1106.6711111111115 [0,1,2,3,4,5,6,7,9] [257]
1106.671111111111 [0,1,2,3,4,5,6,7,9] [256,257]
1106.6711111111108 [0,1,2,3,4,5,6,7,9] [256]
1098.554197530864 [0,1,2,3,4,5,6,7,9] [255,256,257]
1097.8177777777776 [0,1,2,3,4,5,7,8,9] [212,213,214]
1094.8745679012343 [0,1,2,3,4,5,6,7,9] [186,187,188]
1094.5069444444441 [0,1,2,3,4,5,6,7,9] [255,256]
1091.201111111111 [0,1,2,3,4,5,6,7,9] [256,257,258,259]
1089.4400444444445 [0,1,2,3,4,5,6,7,9] [255,256,257,258,259]
1089.0000000000005 [0,1,2,3,4,5,6,7,9] [253]
1086.8011111111111 [0,1,2,3,4,5,6,7,9] [187]
1086.0686419753083 [0,1,2,3,4,5,6,7,9] [257,258,259]
1085.7024999999999 [0,1,2,3,4,5,6,7,9] [259,260]
1082.41 [0,1,2,3,4,5,6,7,9] [255]
1081.6790123456788 [0,1,2,3,4,5,6,7,9] [255,256,257,258,259,260]
1081.5328444444444 [0,1,2,3,4,5,6,7,9] [256,257,258,259,260]
1079.6700694444446 [0,1,2,3,4,5,6,7,9] [255,256,257,258]
1078.7575308641976 [0,1,2,3,4,5,6,7,9] [256,257,258]
1075.8400000000001 [0,1,2,3,4,5,6,7,9] [258,259]
1075.2934027777778 [0,1,2,3,4,5,6,7,9] [257,258,259,260]
1074.9030612244896 [0,1,2,3,4,5,6,7,9] [253,254,255,256,257,258,259]
1074.5284 [0,1,2,3,4,5,6,7,9] [253,254,255,256,257]
1072.5625 [0,1,2,3,4,5,6,7,9] [254,255,256,257,258,259]
1072.0167361111114 [0,1,2,3,4,5,6,7,9] [252,253,254,255,256,257,258,259]
1071.8449999999998 [0,1,2,3,4,5,7,9] [252]
1070.9256250000003 [0,1,2,3,4,5,6,7,9] [253,254,255,256,257,258,259,260]
1070.7438271604938 [0,1,2,3,4,5,6,7,9] [252,253,254,255,256,257]
1070.3802777777776 [0,1,2,3,4,5,6,7,9] [252,253]
1070.2244897959185 [0,1,2,3,4,5,6,7,9] [255,256,257,258,259,260,261]
1068.80561042524 [0,1,2,3,4,5,6,7,9] [252,253,254,255,256,257,258,259,260]
1068.355918367347 [0,1,2,3,4,5,6,7,9] [254,255,256,257,258,259,260]
1068.2002777777777 [0,1,2,3,4,5,6,7,9] [256,257,258,259,260,261]
1066.5667361111111 [0,1,2,3,4,5,6,7,9] [253,254,255,256]
1066.0224999999998 [0,1,2,3,4,5,6,7,9] [253,254,255,256,257,258]
1064.9344444444446 [0,1,2,3,4,5,6,7,9] [258,259,260]
1064.9344444444441 [0,1,2,3,4,5,6,7,9] [257,258]
1064.0022675736961 [0,1,2,3,4,5,6,7,9] [252,253,254,255,256,257,258]
1063.6295111111112 [0,1,2,3,4,5,6,7,9] [252,253,254,255,256]
1063.2430178326476 [0,1,2,3,4,5,6,7,9] [253,254,255,256,257,258,259,260,261]
1062.9610000000002 [0,1,2,3,4,5,6,7,8,9] [216,217]
1062.1081000000004 [0,1,2,3,4,5,6,7,9] [252,253,254,255,256,257,258,259,260,261]
1061.4564 [0,1,2,3,4,5,6,7,9] [254,255,256,257,258]
1060.5877777777775 [0,1,2,3,4,5,6,7,9] [257,258,259,260,261]
1060.0450694444444 [0,1,2,3,4,5,6,7,9] [254,255,256,257,258,259,260,261]
1059.5025 [0,1,2,3,4,5,6,7,9] [186,187,188,189]
1058.4177777777777 [0,1,2,3,4,5,6,7,9] [187,188]
1057.6949382716052 [0,1,2,3,4,5,6,7,9] [259,260,261]
1057.2980625 [0,1,2,3,4,5,6,7,8,9] [214,215,216,217]
1055.7685733882033 [0,1,2,3,4,5,6,7,9] [251,252,253,254,255,256,257,258,259]
1054.5173777777777 [0,1,2,3,4,5,6,7,9] [251,252,253,254,255,256,257,258,259,260]
1053.3630864197532 [0,1,2,3,4,5,6,7,9] [253,254,255]
1053.0024999999998 [0,1,2,3,4,5,6,7,9] [252,253,254,255]
1050.0685941043087 [0,1,2,3,4,5,6,7,9] [251,252,253,254,255,256,257]
1049.7600000000004 [0,1,2,3,4,5,6,7,9] [251,252,253,254,255,256,257,258,259,260,261]
1049.2200694444446 [0,1,2,3,4,5,6,7,9] [258,259,260,261]
1047.6011111111109 [0,1,2,3,4,5,6,7,9] [250,251,252,253,254,255,256,257,258,259]
1047.211111111111 [0,1,2,3,4,5,6,7,8,9] [254,255,256]
1047.2088246097337 [0,1,2,3,4,5,6,7,9] [250,251,252,253,254,255,256,257,258,259,260]
1046.7921006944443 [0,1,2,3,4,5,6,7,9] [251,252,253,254,255,256,257,258]
1043.469452160494 [0,1,2,3,4,5,6,7,9] [250,251,252,253,254,255,256,257,258,259,260,261]
1043.29 [0,1,2,3,4,5,6,7,9] [255,256,257,258,259,260,261,262]
1042.4288444444442 [0,1,2,3,4,5,6,7,9] [253,254,255,256,257,258,259,260,261,262]
1040.7792901234568 [0,1,2,3,4,5,6,7,9] [251,252,253,254,255,256]
1040.600069444445 [0,1,2,3,4,5,6,7,9] [250,251,252,253,254,255,256,257]
1040.4208641975308 [0,1,2,3,4,5,7,8,9] [211,212,213]
1040.4 [0,1,2,3,4,5,6,7,8,9] [266]
1038.9877777777779 [0,1,2,3,4,5,6,7,9] [247]
1038.7490260631 [0,1,2,3,4,5,6,7,9] [250,251,252,253,254,255,256,257,258]
1038.3609999999994 [0,1,2,3,4,5,6,7,8,9] [254,255]
1038.271604938272 [0,1,2,3,4,5,6,7,9] [249,250,251,252,253,254,255,256,257,258,259,260]
1037.8159871441692 [0,1,2,3,4,5,6,7,9] [249,250,251,252,253,254,255,256,257,258,259]
1037.7602040816323 [0,1,2,3,4,5,6,7,9] [256,257,258,259,260,261,262]
1037.6988444444448 [0,1,2,3,4,5,6,7,9] [186,187,188,189,190]
1037.6817777777776 [0,1,2,3,4,5,6,7,8,9] [215,216,217]
1037.3170919067218 [0,1,2,3,4,5,6,7,9] [254,255,256,257,258,259,260,261,262]
1036.84 [0,1,2,3,4,5,6,7,9] [252,253,254,255,256,257,258,259,260,261,262,263]
1035.51939513478 [0,1,2,3,4,5,6,7,9] [249,250,251,252,253,254,255,256,257,258,259,260,261]
1035.4743893480259 [0,1,2,3,4,5,6,7,9] [253,254,255,256,257,258,259,260,261,262,263]
1034.6944444444448 [0,1,2,3,4,5,6,7,9] [255,256,257,258,259,260,261,262,263]
1033.9287131519277 [0,1,2,3,4,5,6,7,9] [247,248,249,250,251,252,253,254,255,256,257,258,259,260]
1033.6225000000002 [0,1,2,3,4,5,6,7,9] [251,252,253,254,255,256,257,258,259,260,261,262]
1033.5400657462194 [0,1,2,3,4,5,6,7,9] [248,249,250,251,252,253,254,255,256,257,258,259,260]
1033.2103616042077 [0,1,2,3,4,5,6,7,9] [247,248,249,250,251,252,253,254,255,256,257,258,259]
1032.7296373456793 [0,1,2,3,4,5,6,7,9] [248,249,250,251,252,253,254,255,256,257,258,259]
1032.5511111111111 [0,1,2,3,4,5,6,7,9] [245]
1031.8371604938272 [0,1,2,3,4,5,6,7,9] [247,248,249,250,251,252,253,254,255,256,257,258,259,260,261]
1031.327346938776 [0,1,2,3,4,5,6,7,9] [248,249,250,251,252,253,254,255,256,257,258,259,260,261]
1031.3273469387755 [0,1,2,3,4,5,6,7,9] [250,251,252,253,254,255,256]
1031.24025 [0,1,2,3,4,5,6,7,8,9] [253,254]
1030.1960111111111 [0,1,2,3,4,5,6,7,9] [254,255,256,257,258,259,260,261,262,263]
1029.4591083676269 [0,1,2,3,4,5,6,7,9] [249,250,251,252,253,254,255,256,257]
1029.0934976988822 [0,1,2,3,4,5,6,7,9] [250,251,252,253,254,255,256,257,258,259,260,261,262]
1028.9125444444444 [0,1,2,3,4,5,6,7,9] [249,250,251,252,253,254,255,256,257,258]
