[Score] [Station index] [Time slots] 
876.0960000000001 [0,1,2,3,4,5,6,7,8,9] [191]
866.7609999999999 [0,1,2,3,4,5,6,7,8,9] [190,191]
864.3600000000001 [0,1,2,3,5,6,7,8,9] [190]
846.4 [0,1,2,3,4,5,6,7,8,9] [165]
834.786777777778 [0,1,2,3,4,5,6,7,8,9] [189,190,191]
833.2844444444443 [0,1,2,3,5,6,7,8,9] [168]
829.44 [0,1,2,3,5,6,7,8,9] [168,169]
828.1604938271604 [0,1,2,3,5,6,7,8,9] [190,191,192]
825.6044444444445 [0,1,2,3,5,6,7,8,9] [169]
824.4640000000002 [0,1,2,3,4,5,6,7,8,9] [188,189,190,191]
819.8677777777781 [0,1,2,3,5,6,7,8,9] [198]
818.6630400000001 [0,1,2,3,4,5,6,7,8,9] [187,188,189,190,191]
815.4089999999999 [0,1,2,3,4,5,6,7,8,9] [165,166]
814.5062500000003 [0,1,2,3,4,5,6,7,8,9] [189,190]
813.1530625000003 [0,1,2,3,4,5,6,7,8,9] [190,191,192,193]
812.2499999999997 [0,1,2,3,5,6,7,8,9] [189,190,191,192]
810.3511111111112 [0,1,2,3,5,6,7,8,9] [191,192]
809.0864197530864 [0,1,2,3,5,6,7,8,9] [167,168,169]
808.2010000000001 [0,1,2,3,4,5,6,7,8,9] [188,189,190,191,192]
807.6017777777779 [0,1,2,3,4,5,6,7,8,9] [188,189,190]
806.1046944444445 [0,1,2,3,4,5,6,7,8,9] [187,188,189,190,191,192]
804.9678400000003 [0,1,2,3,4,5,6,7,8,9] [189,190,191,192,193]
804.6677777777777 [0,1,2,3,5,6,7,8,9] [154]
804.609 [0,1,2,3,4,5,6,7,8,9] [187,188,189,190]
804.0375308641977 [0,1,2,3,5,6,7,8,9] [168,169,170]
803.1146944444446 [0,1,2,3,4,5,6,7,8,9] [188,189,190,191,192,193]
802.218777777778 [0,1,2,3,4,5,6,7,8,9] [186,187,188,189,190,191]
802.0481836734692 [0,1,2,3,4,5,6,7,8,9] [187,188,189,190,191,192,193]
801.2673777777777 [0,1,2,3,5,6,7,8,9] [165,166,167,168,169]
800.8900000000001 [0,1,2,3,5,6,7,8,9] [167,168]
800.5775624999999 [0,1,2,3,4,5,6,7,8,9] [165,166,167,168]
799.9469444444446 [0,1,2,3,5,6,7,8,9] [166,167,168,169]
798.6401111111112 [0,1,2,3,4,5,6,7,8,9] [191,192,193]
796.2587777777775 [0,1,2,3,4,5,6,7,8,9] [165,166,167]
795.9188775510208 [0,1,2,3,4,5,6,7,8,9] [185,186,187,188,189,190,191]
795.664 [0,1,2,3,4,5,6,7,8,9] [187]
795.2399999999999 [0,1,2,3,5,6,7,8,9] [167,168,169,170]
794.7722499999998 [0,1,2,3,4,5,6,7,8,9] [187,188]
794.3002777777778 [0,1,2,3,5,6,7,8,9] [168,169,170,171]
793.8810000000001 [0,1,2,3,4,5,6,7,8,9] [186,187,188,189,190,191,192]
793.3611111111111 [0,1,2,3,5,6,7,8,9] [165,166,167,168,169,170]
791.877515625 [0,1,2,3,4,5,6,7,8,9] [186,187,188,189,190,191,192,193]
791.4844444444443 [0,1,2,3,5,6,7,8,9] [166,167,168]
790.7343999999999 [0,1,2,3,5,6,7,8,9] [166,167,168,169,170]
790.03125 [0,1,2,3,5,6,7,8,9] [169,170]
789.4322500000001 [0,1,2,3,4,5,6,7,8,9] [185,186,187,188,189,190,191,192]
789.3424036281181 [0,1,2,3,5,6,7,8,9] [165,166,167,168,169,170,171]
789.2353777777781 [0,1,2,3,5,6,7,8,9] [167,168,169,170,171]
788.3220156249998 [0,1,2,3,4,5,6,7,8,9] [184,185,186,187,188,189,190,191]
788.1493827160498 [0,1,2,3,4,5,6,7,8,9] [185,186,187,188,189,190,191,192,193]
787.8337600000007 [0,1,2,3,4,5,6,7,8,9] [186,187,188,189,190]
787.3604444444443 [0,1,2,3,4,5,6,7,8,9] [187,188,189]
786.490864197531 [0,1,2,3,5,6,7,8,9] [166,167,168,169,170,171]
784.9960000000002 [0,1,2,3,4,5,6,7,8,9] [166]
783.4216790123456 [0,1,2,3,4,5,6,7,8,9] [184,185,186,187,188,189,190,191,192]
783.2250000000003 [0,1,2,3,4,5,6,7,8,9] [188,189]
783.0037656250003 [0,1,2,3,4,5,6,7,8,9] [187,188,189,190,191,192,193,194]
782.9300277777778 [0,1,2,3,4,5,6,7,8,9] [185,186,187,188,189,190]
782.8710400000001 [0,1,2,3,4,5,6,7,8,9] [184,185,186,187,188,189,190,191,192,193]
782.1344444444445 [0,1,2,3,4,5,6,7,8] [154,155]
781.513086419753 [0,1,2,3,5,6,7,8,9] [169,170,171]
781.2034489795922 [0,1,2,3,4,5,6,7,8,9] [188,189,190,191,192,193,194]
780.8919753086421 [0,1,2,3,5,6,7,8,9] [164,165,166,167,168,169]
780.39556 [0,1,2,3,4,5,6,7,8,9] [190,191,192,193,194]
779.1004444444446 [0,1,2,3,4,5,6,7,8,9] [189,190,191,192,193,194]
777.9240000000001 [0,1,2,3,4,5,6,7,8,9] [193]
777.0819954648528 [0,1,2,3,5,6,7,8,9] [164,165,166,167,168,169,170]
776.8659600000003 [0,1,2,3,4,5,6,7,8,9] [164,165,166,167,168]
776.7833506944444 [0,1,2,3,5,6,7,8,9] [165,166,167,168,169,170,171,172]
776.551111111111 [0,1,2,3,4,5,6,7,8] [162]
776.3447050754461 [0,1,2,3,5,6,7,8,9] [165,166,167,168,169,170,171,172,173]
776.1610000000002 [0,1,2,3,4,5,6,7,8,9] [186,187,188,189,190,191,192,193,194]
775.6225000000002 [0,1,2,3,5,6,7,8,9] [164,165,166,167,168,169,170,171]
774.6944444444441 [0,1,2,3,4,5,6,7,8] [155]
774.4000000000003 [0,1,2,3,4,5,6,7,8,9] [185,186,187,188,189,190,191,192,193,194]
774.3999999999997 [0,1,2,3,4,5,6,7,8,9] [159]
773.6179753086419 [0,1,2,3,4,5,6,7,8,9] [183,184,185,186,187,188,189,190,191]
773.2107111111112 [0,1,2,3,5,6,7,8,9] [168,169,170,171,172]
773.1489197530863 [0,1,2,3,5,6,7,8,9] [168,169,170,171,172,173]
772.8400000000001 [0,1,2,3,5,6,7,8,9] [173]
772.6410000000003 [0,1,2,3,4,5,6,7,8,9] [189]
772.6083506944445 [0,1,2,3,5,6,7,8,9] [166,167,168,169,170,171,172,173]
772.5752607709751 [0,1,2,3,5,6,7,8,9] [167,168,169,170,171,172,173]
772.5311419753087 [0,1,2,3,5,6,7,8,9] [167,168,169,170,171,172]
771.7622499999999 [0,1,2,3,4,5,6,7,8,9] [166,167]
771.3629834710744 [0,1,2,3,4,5,6,7,8,9] [183,184,185,186,187,188,189,190,191,192,193]
770.8840000000002 [0,1,2,3,4,5,6,7,8,9] [184,185,186,187,188,189,190,191,192,193,194]
770.8839999999999 [0,1,2,3,4,5,6,7,8,9] [186,187,188,189]
770.7084100000004 [0,1,2,3,4,5,6,7,8,9] [183,184,185,186,187,188,189,190,191,192]
770.298777777778 [0,1,2,3,4,5,6,7,8,9] [186,187,188]
769.5188271604936 [0,1,2,3,4,5,6,7,8,9] [187,188,189,190,191,192,193,194,195]
769.3795918367346 [0,1,2,3,4,5,6,7,8,9] [163,164,165,166,167,168,169]
769.1377777777781 [0,1,2,3,5,6,7,8,9] [167]
768.4275600000002 [0,1,2,3,4,5,6,7,8,9] [185,186,187,188,189]
767.8140625 [0,1,2,3,4,5,6,7,8,9] [164,165,166,167]
767.376 [0,1,2,3,4,5,6,7,8,9] [185,186,187,188]
766.7361000000002 [0,1,2,3,5,6,7,8,9] [164,165,166,167,168,169,170,171,172,173]
766.3669444444445 [0,1,2,3,5,6,7,8,9] [163,164,165,166,167,168,169,170]
766.2813906250001 [0,1,2,3,4,5,6,7,8,9] [188,189,190,191,192,193,194,195]
766.2644170096023 [0,1,2,3,5,6,7,8,9] [163,164,165,166,167,168,169,170,171]
