[Score] [Station index] [Time slots] 
1758.2760000000005 [0,1,2,3,4,5,6,7,8,9] [197]
1726.5960000000002 [0,1,2,3,4,5,6,7,8,9] [196,197]
1695.2039999999997 [0,1,2,3,4,5,6,7,8,9] [196]
1690.0000000000007 [0,1,2,3,4,5,6,7,8,9] [196,197,198]
1687.4010000000003 [0,1,2,3,4,5,6,7,8,9] [197,198]
1680.4801111111108 [0,1,2,3,4,5,6,7,8,9] [195,196,197]
1664.7450624999994 [0,1,2,3,4,5,6,7,8,9] [195,196,197,198]
1664.6400000000003 [0,1,2,3,4,5,6,7,8] [182]
1655.7255625000003 [0,1,2,3,4,5,6,7,8,9] [196,197,198,199]
1642.6694444444443 [0,1,2,3,4,5,6,7,8,9] [197,198,199]
1642.49856 [0,1,2,3,4,5,6,7,8,9] [195,196,197,198,199]
1640.44864 [0,1,2,3,4,5,6,7,8,9] [194,195,196,197,198]
1632.16 [0,1,2,3,4,5,6,7,8] [227]
1627.66564 [0,1,2,3,4,5,6,7,8,9] [196,197,198,199,200]
1626.0500277777778 [0,1,2,3,4,5,6,7,8,9] [194,195,196,197,198,199]
1621.3777777777777 [0,1,2,3,4,5,6,7,8,9] [195,196,197,198,199,200]
1620.0198400000002 [0,1,2,3,4,5,6,7,8,9] [193,194,195,196,197]
1619.6804444444444 [0,1,2,3,4,5,6,7,8,9] [193,194,195,196,197,198]
1610.9955625000002 [0,1,2,3,4,5,6,7,8,9] [197,198,199,200]
1610.6844444444441 [0,1,2,3,4,5,6,7,8] [175]
1610.3610000000003 [0,1,2,3,4,5,6,7,8,9] [193,194,195,196,197,198,199]
1610.3609999999994 [0,1,2,3,4,5,6,7,8,9] [194,195,196,197,198,199,200]
1598.6441406249996 [0,1,2,3,4,5,6,7,8,9] [193,194,195,196,197,198,199,200]
1586.34025 [0,1,2,3,4,5,6,7,8,9] [198,199]
1582.5640000000003 [0,1,2,3,4,5,6,7,8,9] [186]
1577.5360000000003 [0,1,2,3,4,5,6,7,8,9] [192,193,194,195,196,197,198]
1574.711265625 [0,1,2,3,4,5,6,7,8,9] [192,193,194,195,196,197,198,199]
1573.5910408163268 [0,1,2,3,4,5,6,7,8,9] [195,196,197,198,199,200,201]
1573.4444444444448 [0,1,2,3,4,5,6,7,8] [199]
1570.8444444444447 [0,1,2,3,4,5,6,7,8,9] [196,197,198,199,200,201]
1570.0089999999996 [0,1,2,3,4,5,6,7,8,9] [194,195,196,197,198,199,200,201]
1568.3387777777775 [0,1,2,3,4,5,6,7,8,9] [192,193,194,195,196,197,198,199,200]
1564.1671111111114 [0,1,2,3,4,5,6,7,8,9] [193,194,195,196,197,198,199,200,201]
1563.3334444444445 [0,1,2,3,4,5,6,7,8,9] [198,199,200]
1560.25 [0,1,2,3,4,5,6,7,9] [211]
1554.454827160494 [0,1,2,3,4,5,6,7,8,9] [191,192,193,194,195,196,197,198,199]
1554.3855625 [0,1,2,3,4,5,6,7,8,9] [191,192,193,194,195,196,197,198]
1550.7720900000004 [0,1,2,3,4,5,6,7,8,9] [191,192,193,194,195,196,197,198,199,200]
1550.0249999999996 [0,1,2,3,4,5,6,7,8,9] [219]
1546.5409600000003 [0,1,2,3,4,5,6,7,8,9] [197,198,199,200,201]
1540.57744 [0,1,2,3,4,5,6,7,8,9] [192,193,194,195,196,197,198,199,200,201]
1540.081 [0,1,2,3,4,5,6,7,8,9] [184]
1538.0960400000006 [0,1,2,3,4,5,6,7,8,9] [190,191,192,193,194,195,196,197,198,199]
1536.3602499999997 [0,1,2,3,4,5,6,7,8,9] [199,200]
1536.2475702479344 [0,1,2,3,4,5,6,7,8,9] [190,191,192,193,194,195,196,197,198,199,200]
1532.7225 [0,1,2,3,4,5,6,7,9] [210,211]
1532.6439999999998 [0,1,2,3,4,5,6,7,8,9] [226,227]
1531.4062499999995 [0,1,2,3,4,5,6,7,8,9] [193,194]
1529.0449999999998 [0,1,2,3,4,6,7,8] [198]
1528.9322500000003 [0,1,2,3,4,5,6,7,8,9] [186,187]
1527.2465785123966 [0,1,2,3,4,5,6,7,8,9] [191,192,193,194,195,196,197,198,199,200,201]
1526.872111111111 [0,1,2,3,4,5,6,7,8,9] [184,185,186]
1524.4686419753089 [0,1,2,3,4,5,6,7,8] [182,183,184]
1523.6011111111113 [0,1,2,3,4,5,6,7,8] [182,183]
1523.6011111111109 [0,1,2,3,4,5,6,7,8] [181,182]
1522.2076049382717 [0,1,2,3,4,5,6,7,8,9] [194,195,196,197,198,199,200,201,202]
1521.7689599999999 [0,1,2,3,4,5,6,7,8,9] [193,194,195,196,197,198,199,200,201,202]
1521.0000000000005 [0,1,2,3,4,5,6,7,9] [220]
1520.2890000000002 [0,1,2,3,4,5,6,7,8,9] [217]
1520.2889999999995 [0,1,2,3,4,5,6,7,8,9] [185,186]
1519.7606173469387 [0,1,2,3,4,5,6,7,8,9] [186,187,188,189,190,191,192,193,194,195,196,197,198,199]
1519.631471111111 [0,1,2,3,4,5,6,7,8,9] [186,187,188,189,190,191,192,193,194,195,196,197,198,199,200]
1519.3643906249997 [0,1,2,3,4,5,6,7,8,9] [195,196,197,198,199,200,201,202]
1518.203100591716 [0,1,2,3,4,5,6,7,8,9] [188,189,190,191,192,193,194,195,196,197,198,199,200]
1517.824 [0,1,2,3,4,5,6,7,8,9] [200]
1517.244290657439 [0,1,2,3,4,5,6,7,8,9] [184,185,186,187,188,189,190,191,192,193,194,195,196,197,198,199,200]
1517.2080624999999 [0,1,2,3,4,5,6,7,8,9] [184,185,186,187,188,189,190,191,192,193,194,195,196,197,198,199]
1517.0659408284023 [0,1,2,3,4,5,6,7,8,9] [186,187,188,189,190,191,192,193,194,195,196,197,198]
1516.8600000000004 [0,1,2,3,4,5] [157]
1515.9765625000005 [0,1,2,3,4,5,6,7,8,9] [190,191,192,193,194,195,196,197,198,199,200,201]
1515.82266015625 [0,1,2,3,4,5,6,7,8,9] [185,186,187,188,189,190,191,192,193,194,195,196,197,198,199,200]
1515.6892844444446 [0,1,2,3,4,5,6,7,8,9] [185,186,187,188,189,190,191,192,193,194,195,196,197,198,199]
1515.1851479591837 [0,1,2,3,4,5,6,7,8,9] [187,188,189,190,191,192,193,194,195,196,197,198,199,200]
1514.9822544378696 [0,1,2,3,4,5,6,7,8,9] [187,188,189,190,191,192,193,194,195,196,197,198,199]
1514.7045377777774 [0,1,2,3,4,5,6,7,8,9] [184,185,186,187,188,189,190,191,192,193,194,195,196,197,198]
1514.5069444444448 [0,1,2,3,4,5,6,7,8] [174,175]
1514.4540831024929 [0,1,2,3,4,5,6,7,8,9] [182,183,184,185,186,187,188,189,190,191,192,193,194,195,196,197,198,199,200]
1514.2669753086416 [0,1,2,3,4,5,6,7,8,9] [182,183,184,185,186,187,188,189,190,191,192,193,194,195,196,197,198,199]
1514.13025 [0,1,2,3,4,5,6,7,8,9] [184,185,186,187]
1512.9 [0,1,2,3,4,5,6,7,8,9] [227,228]
1512.8999999999996 [0,1,2,3,4,5,6,7,8,9] [185,186,187,188,189,190,191,192,193,194,195,196,197,198]
1512.6300000000003 [0,1,2,3,4,5,6] [173]
1512.4080399999998 [0,1,2,3,4,5,6,7,8,9] [182,183,184,185,186]
1511.8872283737019 [0,1,2,3,4,5,6,7,8,9] [182,183,184,185,186,187,188,189,190,191,192,193,194,195,196,197,198]
1511.6702499999997 [0,1,2,3,4,5,6,7,8,9] [187,188,189,190,191,192,193,194,195,196,197,198]
1511.2604444444446 [0,1,2,3,4,5,6,7,8,9] [217,218,219]
1511.008284023669 [0,1,2,3,4,5,6,7,8,9] [189,190,191,192,193,194,195,196,197,198,199,200,201]
1509.485262345679 [0,1,2,3,4,5,6,7,8,9] [183,184,185,186,187,188,189,190,191,192,193,194,195,196,197,198,199,200]
1509.387755102041 [0,1,2,3,4,5,6,7,8,9] [196,197,198,199,200,201,202]
1509.21225 [0,1,2,3,4,5,6,7,8,9] [219,220]
1508.9954636678199 [0,1,2,3,4,5,6,7,8,9] [183,184,185,186,187,188,189,190,191,192,193,194,195,196,197,198,199]
1507.4577602040815 [0,1,2,3,4,5,6,7,8,9] [184,185,186,187,188,189,190,191,192,193,194,195,196,197]
1506.75625 [0,1,2,3,4,5,6,7,8,9] [218,219]
1506.3471111111112 [0,1,2,3,4,5,6,7,8,9] [182,183,184,185,186,187]
1506.1425624999997 [0,1,2,3,4,5,6,7,8,9] [183,184,185,186,187,188,189,190,191,192,193,194,195,196,197,198]
1506.1425624999995 [0,1,2,3,4,5,6,7,8,9] [181,182,183,184,185,186,187,188,189,190,191,192,193,194,195,196,197,198,199,200]
1505.529 [0,1,2,3,4,5,6,7,8,9] [186,187,188,189,190,191,192,193,194,195,196,197,198,199,200,201]
1505.5289999999998 [0,1,2,3,4,5,6,7,8,9] [181,182,183,184,185,186,187,188,189,190,191,192,193,194,195,196,197,198,199]
1505.44 [0,1,2,3,4,5,6,7,9] [210]
1505.3756289062499 [0,1,2,3,4,5,6,7,8,9] [182,183,184,185,186,187,188,189,190,191,192,193,194,195,196,197]
