[Score] [Station index] [Time slots] 
876.0959999999995 [0,1,2,3,4,5,6,7,8,9] [214]
806.4040000000002 [0,1,2,3,4,5,6,7,8,9] [240]
800.1302499999998 [0,1,2,3,4,5,6,7,8,9] [213,214]
797.449 [0,1,2,3,4,5,6,7,8,9] [213,214,215]
792.1 [0,1,2,3,4,5,6,7,8,9] [215]
790.3210000000001 [0,1,2,3,4,5,6,7,8,9] [210]
776.1610000000002 [0,1,2,3,4,5,6,7,8,9] [238]
768.2522500000001 [0,1,2,3,4,5,6,7,8,9] [210,211]
767.3760000000001 [0,1,2,3,4,5,6,7,8,9] [219]
753.713361111111 [0,1,2,3,4,5,6,7,8,9] [210,211,212,213,214,215]
749.09025 [0,1,2,3,4,5,6,7,8,9] [218,219]
748.8017777777777 [0,1,2,3,4,5,6,7,8,9] [214,215,216,217,218,219]
748.6575625000002 [0,1,2,3,4,5,6,7,8,9] [214,215,216,217]
746.4959999999999 [0,1,2,3,4,5,6,7,8,9] [212,213,214,215]
746.1504399999999 [0,1,2,3,4,5,6,7,8,9] [210,211,212,213,214]
745.755612244898 [0,1,2,3,4,5,6,7,8,9] [213,214,215,216,217,218,219]
744.42384 [0,1,2,3,4,5,6,7,8,9] [213,214,215,216,217]
741.3209999999999 [0,1,2,3,4,5,6,7,8,9] [224]
740.3373265306125 [0,1,2,3,4,5,6,7,8,9] [210,211,212,213,214,215,216]
739.0267777777779 [0,1,2,3,4,5,6,7,8,9] [238,239,240]
735.30625 [0,1,2,3,4,5,6,7,8,9] [210,211,212,213,214,215,216,217,218,219]
732.9805918367347 [0,1,2,3,4,5,6,7,8,9] [214,215,216,217,218,219,220]
732.3080625 [0,1,2,3,4,5,6,7,8,9] [213,214,215,216,217,218,219,220]
732.1654444444446 [0,1,2,3,4,5,6,7,8,9] [211,212,213,214,215,216]
731.8802500000002 [0,1,2,3,4,5,6,7,8,9] [210,211,212,213,214,215,216,217]
731.8802499999999 [0,1,2,3,4,5,6,7,8,9] [240,241]
731.7851975308641 [0,1,2,3,4,5,6,7,8,9] [210,211,212,213,214,215,216,217,218]
731.5951111111114 [0,1,2,3,4,5,6,7,8,9] [212,213,214]
731.0249999999997 [0,1,2,3,4,5,6,7,8,9] [218]
730.7807346938774 [0,1,2,3,4,5,6,7,8,9] [209,210,211,212,213,214,215]
730.1702499999999 [0,1,2,3,4,5,6,7,8,9] [224,225]
729.3159999999999 [0,1,2,3,4,5,6,7,8,9] [211,212,213,214,215,216,217,218,219]
727.6090000000002 [0,1,2,3,4,5,6,7,8,9] [213]
727.1825625000001 [0,1,2,3,4,5,6,7,8,9] [212,213,214,215,216,217,218,219]
726.523768595041 [0,1,2,3,4,5,6,7,8,9] [210,211,212,213,214,215,216,217,218,219,220]
724.6265625 [0,1,2,3,4,5,6,7,8,9] [211,212,213,214,215,216,217,218]
724.5414400000001 [0,1,2,3,4,5,6,7,8,9] [215,216,217,218,219]
723.714795918367 [0,1,2,3,4,5,6,7,8,9] [211,212,213,214,215,216,217]
723.6337777777779 [0,1,2,3,4,5,6,7,8,9] [217,218,219]
722.5 [0,1,2,3,4,5,6,7,8,9] [209,210,211,212,213,214,215,216,217,218,219]
722.0750625000002 [0,1,2,3,4,5,6,7,8,9] [209,210,211,212,213,214,215,216]
721.9334444444445 [0,1,2,3,4,5,6,7,8,9] [240,241,242]
721.5288979591838 [0,1,2,3,4,5,6,7,8,9] [212,213,214,215,216,217,218]
720.8010000000002 [0,1,2,3,4,5,6,7,8,9] [209,210,211,212,213,214]
720.8009999999998 [0,1,2,3,4,5,6,7,8,9] [239,240]
720.2916900000001 [0,1,2,3,4,5,6,7,8,9] [211,212,213,214,215,216,217,218,219,220]
719.9522499999999 [0,1,2,3,4,5,6,7,8,9] [212,213,214,215,216,217]
719.1040000000002 [0,1,2,3,4,5,6,7,8,9] [238,239,240,241]
719.104 [0,1,2,3,4,5,6,7,8,9] [225]
718.0867600000001 [0,1,2,3,4,5,6,7,8,9] [209,210,211,212,213,214,215,216,217,218]
717.409 [0,1,2,3,4,5,6,7,8,9] [212,213,214,215,216,217,218,219,220]
716.6563086419753 [0,1,2,3,4,5,6,7,8,9] [209,210,211,212,213,214,215,216,217]
715.7160000000001 [0,1,2,3,4,5,6,7,8,9] [238,239,240,241,242]
715.5750069444446 [0,1,2,3,4,5,6,7,8,9] [209,210,211,212,213,214,215,216,217,218,219,220]
715.2930624999998 [0,1,2,3,4,5,6,7,8,9] [210,211,212,213]
714.964197530864 [0,1,2,3,4,5,6,7,8,9] [213,214,215,216,217,218,219,220,221]
714.025 [0,1,2,3,4,5,6,7,8,9] [210,211,212,213,214,215,216,217,218,219,220,221]
713.3913906250001 [0,1,2,3,4,5,6,7,8,9] [214,215,216,217,218,219,220,221]
712.3359999999999 [0,1,2,3,4,5,6,7,8,9] [218,219,220]
711.2111111111113 [0,1,2,3,4,5,6,7,8,9] [223,224,225]
711.211111111111 [0,1,2,3,4,5,6,7,8,9] [210,211,212]
710.368027777778 [0,1,2,3,4,5,6,7,8,9] [215,216,217,218,219,220]
710.0871111111111 [0,1,2,3,4,5,6,7,8,9] [209,210,211]
709.1745156249998 [0,1,2,3,4,5,6,7,8,9] [208,209,210,211,212,213,214,215]
708.823673611111 [0,1,2,3,4,5,6,7,8,9] [208,209,210,211,212,213,214,215,216,217,218,219]
708.4027777777776 [0,1,2,3,4,5,6,7,8,9] [215,216,217]
708.1222500000001 [0,1,2,3,4,5,6,7,8,9] [210,211,212,213,214,215,216,217,218,219,220,221,222,223,224,225]
707.4103905325445 [0,1,2,3,4,5,6,7,8,9] [210,211,212,213,214,215,216,217,218,219,220,221,222]
707.4103905325444 [0,1,2,3,4,5,6,7,8,9] [213,214,215,216,217,218,219,220,221,222,223,224,225]
707.3931377777776 [0,1,2,3,4,5,6,7,8,9] [210,211,212,213,214,215,216,217,218,219,220,221,222,223,224]
707.2810000000004 [0,1,2,3,4,5,6,7,8,9] [223,224]
707.281 [0,1,2,3,4,5,6,7,8,9] [211,212,213,214,215,216,217,218,219,220,221]
706.4402500000002 [0,1,2,3,4,5,6,7,8,9] [238,239]
706.4402499999999 [0,1,2,3,4,5,6,7,8,9] [213,214,215,216,217,218,219,220,221,222,223,224]
706.2721599999999 [0,1,2,3,4,5,6,7,8,9] [213,214,215,216,217,218,219,220,221,222]
705.7400069444445 [0,1,2,3,4,5,6,7,8,9] [214,215,216,217,218,219,220,221,222,223,224,225]
705.0001275510206 [0,1,2,3,4,5,6,7,8,9] [210,211,212,213,214,215,216,217,218,219,220,221,222,223]
704.9539940828406 [0,1,2,3,4,5,6,7,8,9] [209,210,211,212,213,214,215,216,217,218,219,220,221]
704.5313140495867 [0,1,2,3,4,5,6,7,8,9] [214,215,216,217,218,219,220,221,222,223,224]
703.921 [0,1,2,3,4,5,6,7,8,9] [214,215,216,217,218,219,220,221,222]
703.9209999999996 [0,1,2,3,4,5,6,7,8,9] [208,209,210,211,212,213,214,215,216]
703.6159421487605 [0,1,2,3,4,5,6,7,8,9] [208,209,210,211,212,213,214,215,216,217,218]
703.5338224852071 [0,1,2,3,4,5,6,7,8,9] [208,209,210,211,212,213,214,215,216,217,218,219,220]
703.5015625 [0,1,2,3,4,5,6,7,8,9] [237,238,239,240]
703.41769 [0,1,2,3,4,5,6,7,8,9] [212,213,214,215,216,217,218,219,220,221]
703.310950413223 [0,1,2,3,4,5,6,7,8,9] [213,214,215,216,217,218,219,220,221,222,223]
703.0822499999999 [0,1,2,3,4,5,6,7,8,9] [219,220]
702.8027777777779 [0,1,2,3,4,5,6,7,8,9] [211,212,213,214,215,216,217,218,219,220,221,222,223,224,225]
702.6630625 [0,1,2,3,4,5,6,7,8,9] [217,218,219,220]
702.4411903114187 [0,1,2,3,4,5,6,7,8,9] [210,211,212,213,214,215,216,217,218,219,220,221,222,223,224,225,226]
702.2439999999999 [0,1,2,3,4,5,6,7,8,9] [242]
701.6455561224489 [0,1,2,3,4,5,6,7,8,9] [211,212,213,214,215,216,217,218,219,220,221,222,223,224]
701.5540519031143 [0,1,2,3,4,5,6,7,8,9] [209,210,211,212,213,214,215,216,217,218,219,220,221,222,223,224,225]
701.2129940828402 [0,1,2,3,4,5,6,7,8,9] [207,208,209,210,211,212,213,214,215,216,217,218,219]
700.9875624999999 [0,1,2,3,4,5,6,7,8,9] [239,240,241,242]
700.90384 [0,1,2,3,4,5,6,7,8,9] [214,215,216,217,218,219,220,221,222,223]
700.9038399999997 [0,1,2,3,4,5,6,7,8,9] [208,209,210,211,212,213,214,215,216,217]
700.7085069444444 [0,1,2,3,4,5,6,7,8,9] [211,212,213,214,215,216,217,218,219,220,221,222]
700.5690000000001 [0,1,2,3,4,5,6,7,8,9] [239,240,241]
700.46437890625 [0,1,2,3,4,5,6,7,8,9] [209,210,211,212,213,214,215,216,217,218,219,220,221,222,223,224]
