[Score] [Station index] [Time slots] 
727.2011111111112 [0,1,2,3,4,5,6,7,8] [182]
689.0625 [0,1,2,3,4,5,6,7,8] [181,182]
652.5186419753087 [0,1,2,3,4,5,6,7,8] [181,182,183]
651.9511111111112 [0,1,2,3,4,5,6,7,8] [181]
647.4197530864199 [0,1,2,3,4,5,6,7,8] [180,181,182]
641.7777777777778 [0,1,2,3,5,6,7,8,9] [187]
632.4225624999998 [0,1,2,3,4,5,6,7,8,9] [181,182,183,184]
630.8469444444444 [0,1,2,3,4,5,6,7,8] [180,181,182,183]
630.11844 [0,1,2,3,4,5,6,7,8,9] [181,182,183,184,185]
628.0562500000002 [0,1,2,3,4,5,6,7,8,9] [182,183,184,185]
622.7464489795918 [0,1,2,3,4,5,6,7,8,9] [181,182,183,184,185,186,187]
621.7322499999999 [0,1,2,3,4,5,6,7,8,9] [181,182,183,184,185,186]
620.9440000000002 [0,1,2,3,4,5,6,7,8,9] [185]
620.15625 [0,1,2,3,4,5,6,7,8,9] [182,183,184,185,186,187]
619.0143999999998 [0,1,2,3,4,5,6,7,8] [180,181,182,183,184]
618.42496 [0,1,2,3,4,5,6,7,8,9] [182,183,184,185,186]
617.01025 [0,1,2,3,4,5,6,7,8,9] [180,181,182,183,184,185]
614.0681406249997 [0,1,2,3,4,5,6,7,8,9] [181,182,183,184,185,186,187,188]
613.8722500000001 [0,1,2,3,4,5,6,7,8,9] [180,181,182,183,184,185,186,187]
611.7474489795917 [0,1,2,3,4,5,6,7,8,9] [180,181,182,183,184,185,186]
610.630612244898 [0,1,2,3,4,5,6,7,8,9] [182,183,184,185,186,187,188]
610.0899999999999 [0,1,2,3,5,6,7,8,9] [186,187]
609.2669444444447 [0,1,2,3,4,5,6,7,8] [180,181]
607.187271604938 [0,1,2,3,4,5,6,7,8,9] [180,181,182,183,184,185,186,187,188]
605.16 [0,1,2,3,5,6,7,8,9] [184,185,186,187]
604.50625 [0,1,2,3,4,5,6,7,8,9] [184,185]
602.7969600000002 [0,1,2,3,4,5,6,7,8,9] [183,184,185,186,187]
602.7025000000001 [0,1,2,3,5,6,7,8,9] [187,188]
601.6587777777779 [0,1,2,3,4,5,6,7,8,9] [183,184,185]
600.7972345679013 [0,1,2,3,4,5,6,7,8,9] [181,182,183,184,185,186,187,188,189]
600.6250000000002 [0,1,2,3,4,5,6,7,8,9] [185,186]
598.6177777777779 [0,1,2,3,5,6,7,8,9] [185,186,187,188]
596.9877777777778 [0,1,2,3,5,6,7,8,9] [184,185,186,187,188]
596.4987777777778 [0,1,2,3,4,5,6,7,8,9] [184,185,186]
596.3700624999999 [0,1,2,3,4,5,6,7,8,9] [183,184,185,186]
596.1770156250001 [0,1,2,3,4,5,6,7,8,9] [182,183,184,185,186,187,188,189]
595.9839999999998 [0,1,2,3,4,5,6,7,8,9] [180,181,182,183,184,185,186,187,188,189]
594.817901234568 [0,1,2,3,5,6,7,8,9] [186,187,188]
594.6980277777777 [0,1,2,3,4,5,6,7,8,9] [183,184,185,186,187,188]
590.4900000000001 [0,1,2,3,5,6,7,8,9] [184]
590.4385600000003 [0,1,2,3,4,5,6,7,8,9] [181,182,183,184,185,186,187,188,189,190]
587.9481604938271 [0,1,2,3,4,5,6,7,8,9] [179,180,181,182,183,184,185,186,187]
587.0345785123966 [0,1,2,3,4,5,6,7,8,9] [180,181,182,183,184,185,186,187,188,189,190]
585.225 [0,1,2,3,4,5,6,7,8,9] [182,183,184,185,186,187,188,189,190]
585.1428571428575 [0,1,2,3,5,6,7] [182,183]
584.6131600000001 [0,1,2,3,4,5,6,7,8,9] [179,180,181,182,183,184,185,186,187,188]
583.567551020408 [0,1,2,3,4,5,6,7,8] [179,180,181,182,183,184,185]
582.93225 [0,1,2,3,4,5,6,7,8,9] [179,180,181,182,183,184,185,186]
582.4177777777779 [0,1,2,3,4,5,6,7,8] [183]
581.7743999999998 [0,1,2,3,4,5,6,7,8] [179,180,181,182,183]
581.613611111111 [0,1,2,3,4,5,6,7,8] [179,180,181,182]
580.644 [0,1,2,3,4,5,6,7,8,9] [186]
580.6439999999999 [0,1,2,3,4,5,6,7,8,9] [183,184,185,186,187,188,189]
580.2745679012346 [0,1,2,3,4,5,6,7,8] [179,180,181,182,183,184]
579.7393827160494 [0,1,2,3,5,6,7,8,9] [184,185,186,187,188,189]
578.1528595041324 [0,1,2,3,4,5,6,7,8,9] [181,182,183,184,185,186,187,188,189,190,191]
577.601111111111 [0,1,2,3,5,6,7,8,9] [185,186,187,188,189]
576.6331322314047 [0,1,2,3,4,5,6,7,8,9] [179,180,181,182,183,184,185,186,187,188,189]
576.0809999999999 [0,1,2,3,4,5,6,7,8,9] [180,181,182,183,184,185,186,187,188,189,190,191]
573.3518399999998 [0,1,2,3,4,5,6,7,8,9] [178,179,180,181,182,183,184,185,186,187]
572.5444444444444 [0,1,2,3,4,5,6,7,8,9] [181,182,183,184,185,186,187,188,189,190,191,192]
572.2922500000001 [0,1,2,3,4,5,6,7,8,9] [182,183,184,185,186,187,188,189,190,191]
571.6734628099173 [0,1,2,3,4,5,6,7,8,9] [178,179,180,181,182,183,184,185,186,187,188]
571.0708639053253 [0,1,2,3,4,5,6,7,8,9] [180,181,182,183,184,185,186,187,188,189,190,191,192]
570.4025624999998 [0,1,2,3,4,5,6,7,8,9] [183,184,185,186,187,188,189,190]
570.1508402777777 [0,1,2,3,4,5,6,7,8,9] [179,180,181,182,183,184,185,186,187,188,189,190]
569.617777777778 [0,1,2,3,5,6,7,8,9] [186,187,188,189]
568.0277777777778 [0,1,2,3,4,5,6,7,8] [180]
567.6747462277094 [0,1,2,3,4,5,6,7,8] [178,179,180,181,182,183,184,185,186]
567.03515625 [0,1,2,3,4,5,6,7,8] [178,179,180,181,182,183,184,185]
566.7938775510203 [0,1,2,3,4,5,6,7,8,9] [184,185,186,187,188,189,190]
566.7352148760328 [0,1,2,3,4,5,6,7,8,9] [182,183,184,185,186,187,188,189,190,191,192]
566.4399999999999 [0,1,2,3,5,6,7,8,9] [187,188,189]
565.7354082840236 [0,1,2,3,4,5,6,7,8,9] [181,182,183,184,185,186,187,188,189,190,191,192,193]
565.5039999999998 [0,1,2,3,4,5,6,7,8,9] [178,179,180,181,182,183,184,185,186,187,188,189]
564.859612244898 [0,1,2,3,4,5,6,7,8,9] [180,181,182,183,184,185,186,187,188,189,190,191,192,193]
564.8544444444444 [0,1,2,3,5,6,7,8,9] [188]
563.2502499999998 [0,1,2,3,4,5,6,7,8,9] [185,186,187,188,189,190]
561.9157369614512 [0,1,2,3,4,5,6,7,8] [178,179,180,181,182,183,184]
561.4620177514793 [0,1,2,3,4,5,6,7,8,9] [179,180,181,182,183,184,185,186,187,188,189,190,191]
560.4249940828402 [0,1,2,3,4,5,6,7,8,9] [178,179,180,181,182,183,184,185,186,187,188,189,190]
560.1111111111111 [0,1,2,3,4,5,6,7,8] [178,179,180,181,182,183]
559.8780624999998 [0,1,2,3,4,5,6,7,8,9] [182,183,184,185,186,187,188,189,190,191,192,193]
558.677685950413 [0,1,2,3,4,5,6,7,8] [177,178,179,180,181,182,183,184,185,186,187]
558.0093827160493 [0,1,2,3,4,5,6,7,8] [177,178,179,180,181,182,183,184,185,186,187,188]
557.9022908163264 [0,1,2,3,4,5,6,7,8,9] [179,180,181,182,183,184,185,186,187,188,189,190,191,192]
557.8430123456791 [0,1,2,3,4,5,6,7,8,9] [183,184,185,186,187,188,189,190,191]
556.3028775510203 [0,1,2,3,4,5,6,7,8,9] [181,182,183,184,185,186,187,188,189,190,191,192,193,194]
556.1182044444442 [0,1,2,3,4,5,6,7,8,9] [180,181,182,183,184,185,186,187,188,189,190,191,192,193,194]
555.7020444444445 [0,1,2,3,4,5,6,7,8] [178,179,180,181,182]
554.0608357988166 [0,1,2,3,5,6,7,8] [176,177,178,179,180,181,182,183,184,185,186,187,188]
553.4120069444444 [0,1,2,3,4,5,6,7,8,9] [176,177,178,179,180,181,182,183,184,185,186,187]
553.2384399999999 [0,1,2,3,4,5,6,7,8,9] [183,184,185,186,187,188,189,190,191,192]
553.1640625 [0,1,2,3,4,5,6,7,8,9] [184,185,186,187,188,189,190,191]
553.1109387755101 [0,1,2,3,4,5,6,7,8,9] [178,179,180,181,182,183,184,185,186,187,188,189,190,191]
553.0401111111111 [0,1,2,3,4,5,6,7,8,9] [179,180,181,182,183,184,185,186,187,188,189,190,191,192,193]
553.0336111111111 [0,1,2,3,4,5,6,7,8] [177,178,179,180,181,182,183,184,185,186]
552.7350591715978 [0,1,2,3,4,5,6,7,8,9] [177,178,179,180,181,182,183,184,185,186,187,188,189]
552.25 [0,1,2,3,5,6,7,8,9] [186,187,188,189,190]
550.8582853223596 [0,1,2,3,4,5,6,7,8] [177,178,179,180,181,182,183,184,185]
