[Score] [Station index] [Time slots] 
470.45 [0,1,2,3,4,5,6] [57]
460.8177777777776 [0,1,2,3,4,5,6,7,9] [250]
449.4400000000001 [0,1,2,3,5,7] [63]
445.56800000000004 [0,1,2,3,4,5,6] [59]
443.05422222222217 [0,1,2,3,4,5,6] [57,58,59]
442.40111111111105 [0,1,2,3,5,7] [61,62,63]
441.8 [0,1,2,3,4,5,6] [57,58]
441.0000000000001 [0,1,2,3,4,5,6,7,9] [248]
441.0 [0,1,2,3,4,6,7,8,9] [240]
438.9845 [0,1,2,3,4,5,6] [56,57]
437.50694444444446 [0,1,2,3,4,5,6,7,9] [250,251]
436.92099999999994 [0,1,2,3,4,5,6,7,8,9] [164]
434.40333333333336 [0,1,2,3,5] [61,62]
434.312 [0,1,2,3,4,5,6] [56,57,58,59]
432.915125 [0,1,2,3,4,5,6] [57,58,59,60]
432.64000000000004 [0,1,2,3,5,7] [62,63]
432.07808000000006 [0,1,2,3,4,5,6] [57,58,59,60,61]
431.64900000000006 [0,1,2,3,4,5,6,7,8,9] [242]
430.5920000000001 [0,1,2,3,4,5,6] [56,57,58]
429.87111111111113 [0,1,2,3,4,6,7,8,9] [240,241,242]
429.87111111111096 [0,1,2,3,4,6,7,8,9] [240,241]
429.66450000000003 [0,1,2,3,4,5,6] [58,59]
428.1208888888888 [0,1,2,3,4,5,6] [56,57,58,59,60,61]
427.99752 [0,1,2,3,4,5,6] [56,57,58,59,60]
424.3599999999999 [0,1,2,3,4,6,7,8,9] [241,242]
424.1205 [0,1,2,3,4,5,6] [59,60]
423.8451562500001 [0,1,2,3,5,7] [61,62,63,64]
423.40500000000003 [0,1] [22]
423.2000000000001 [0,1,2,3,5,6,7] [62]
423.2 [0,1,2,3,4,5,6] [55,56,57,58,59]
423.046875 [0,1,2,3,5] [60,61,62,63]
422.740125 [0,1,2,3,4,5,6] [58,59,60,61]
421.1616049382717 [0,1,2,3,4,5,6,7,9] [248,249,250]
421.09975510204066 [0,1,2,3,4,5,6] [55,56,57,58,59,60,61]
420.75022222222225 [0,1,2,3,4,5,6] [58,59,60]
420.5 [0,1] [22,23]
419.83338888888886 [0,1,2,3,4,5,6] [55,56,57,58,59,60]
419.5669444444443 [0,1,2,3,4,5,6,7,9] [248,249,250,251]
418.91755555555557 [0,1,2,3,4,5,6] [55,56,57]
417.69800000000004 [0,1,2,3,4,5,6] [55,56,57,58]
417.60499999999996 [0,1] [23]
417.3849 [0,1,2,3,5,7] [60,61,62,63,64]
417.3159999999999 [0,1,2,3,4,5,6,7,8,9] [240,241,242,243]
417.1758775510204 [0,1,2,3,4,5,6] [56,57,58,59,60,61,62]
416.025 [0,1,2,3,4,5,6,7,8,9] [242,243]
414.80111111111114 [0,1,2,3,4,5,6,7,9] [251]
414.30677777777794 [0,1,2,3,4,5,6,7,8,9] [241,242,243]
414.05 [0,1,2,3,4,5,6] [58]
413.595125 [0,1,2,3,4,5,6] [54,55,56,57,58,59,60,61]
413.0133333333334 [0,1,2,3,5] [31]
412.8375555555555 [0,1,2,3,4,5,6] [54,55,56,57,58,59]
412.5412345679011 [0,1,2,3,4,5,6,7,9] [249,250,251]
412.45903125000007 [0,1,2,3,4,5,6] [55,56,57,58,59,60,61,62]
411.45408163265284 [0,1,2,3,4,5,6] [54,55,56,57,58,59,60]
411.41361111111115 [0,1,2,3,4,5,6,7,9] [249,250]
411.41361111111104 [0,1,2,3,5,7] [62,63,64]
410.46760000000006 [0,1,2,3,5,7] [61,62,63,64,65]
409.72506944444444 [0,1,2,3,5,7] [61,62,63,64,65,66]
409.411950617284 [0,1,2,3,4,5,6] [53,54,55,56,57,58,59,60,61]
409.0506249999999 [0,1,2,3,5,7] [63,64]
408.60800000000006 [0,1,2,3,4,5,6] [56]
408.6079999999999 [0,1,2,3,4,5,6] [52,53,54,55,56,57,58,59,60,61]
407.5755102040815 [0,1,2,3,4,5,6] [53,54,55,56,57,58,59]
407.3669444444443 [0,1,2,3,5,7] [60,61,62,63,64,65]
407.1747448979591 [0,1,2,3,5,7] [60,61,62,63,64,65,66]
407.04400000000004 [0,1,2,3,4,5,6,7,8,9] [246]
407.0275312500001 [0,1,2,3,4,5,6] [53,54,55,56,57,58,59,60]
406.802 [0,1,2,3,4,5,6] [52,53,54,55,56,57,58,59]
406.8019999999999 [0,1,2,3,5,7,8] [66]
406.44127999999995 [0,1,2,3,4,5,6] [54,55,56,57,58]
406.4012098765432 [0,1,2,3,4,5,6] [52,53,54,55,56,57,58,59,60]
406.39120370370387 [0,1,2,3,5] [59,60,61,62,63,64]
406.31014876033055 [0,1,2,3,4,5,6] [51,52,53,54,55,56,57,58,59,60,61]
406.15684444444446 [0,1,2,3,4,5,6,7,9] [247,248,249,250,251]
405.26722656250007 [0,1,2,3,5,7] [59,60,61,62,63,64,65,66]
405.1593877551021 [0,1,2,3,5,7] [59,60,61,62,63,64,65]
404.90382716049385 [0,1,2,3,4,5,6,7,9] [250,251,252]
404.68027777777775 [0,1,2,3,4,5,6,7,9] [246,247,248,249,250,251]
404.55012500000004 [0,1,2,3,4,5,6] [54,55,56,57]
404.496 [0,1,2,3,4,5,6,7,8,9] [164,165]
404.2003950617284 [0,1,2,3,4,5,6] [51,52,53,54,55,56,57,58,59]
404.10050000000007 [0,1,2,3,4,5,6] [51,52,53,54,55,56,57,58,59,60]
404.01000000000005 [0,1,2,3,4,5,6,7,9] [247,248,249,250]
403.74204444444456 [0,1,2,3,4,5,6,7,9] [248,249,250,251,252]
403.74097999999987 [0,1,2,3,4,5,6] [53,54,55,56,57,58,59,60,61,62]
403.52861157024785 [0,1,2,3,4,5,6] [52,53,54,55,56,57,58,59,60,61,62]
403.11716049382716 [0,1,2,3,5,6,7,8,9] [165,166,167]
402.67111111111103 [0,1,2,3,4,5,6,7,9] [246,247,248,249,250]
402.5208333333333 [0,1,2,3,5] [30,31]
402.46335999999997 [0,1,2,3,4,5,6,7,8,9] [240,241,242,243,244]
402.3338888888889 [0,1] [21,22,23]
402.2048395061728 [0,1,2,3,4,5,6] [55,56,57,58,59,60,61,62,63]
402.0025 [0,1,2,3,4,5,6,7,9] [248,249]
401.8561250000001 [0,1,2,3,4,5,6] [51,52,53,54,55,56,57,58,59,60,61,62]
401.4080000000001 [0,1,2,3,4,5,6] [52,53,54,55,56,57,58]
401.40799999999996 [0,1,2,3,4,5,6] [53,54,55,56,57,58]
400.68899999999996 [0,1,2,3,4,5,6,7,8,9] [243]
400.6669444444444 [0,1,2,3,4,6,7,8,9] [239,240,241,242]
400.59259259259255 [0,1,2,3,5] [29,30,31]
399.60009999999994 [0,1,2,3,5,7] [62,63,64,65,66]
