[Score] [Station index] [Time slots] 
499.8489999999998 [0,1,2,3,4,5,6,7,8,9] [169]
471.28224999999986 [0,1,2,3,4,5,6,7,8,9] [168,169]
451.20571428571435 [0,1,2,3,4,6,7] [239]
450.8544444444444 [0,1,2,3,5,6,7,8,9] [168]
447.56100000000004 [0,1,2,3,4,5,6,7,8,9] [167,168,169]
435.6 [0,1,2,3,4,5,6,7,8,9] [168,169,170]
433.2930624999998 [0,1,2,3,4,5,6,7,8,9] [166,167,168,169]
431.64900000000006 [0,1,2,3,4,5,6,7,8,9] [169,170]
431.4453124999999 [0,1,2,3,4,6,7,8] [239,240]
430.5546944444445 [0,1,2,3,4,5,6,7,8,9] [164,165,166,167,168,169]
429.8711111111111 [0,1,2,3,4,5,6,7,8] [245]
427.71600000000007 [0,1,2,3,4,5,6,7,8,9] [214]
427.19295999999974 [0,1,2,3,4,5,6,7,8,9] [165,166,167,168,169]
427.06224999999995 [0,1,2,3,4,5,6,7,8,9] [167,168,169,170]
425.1039999999998 [0,1,2,3,4,5,6,7,8,9] [164,165]
422.5 [0,1,2,3,4,5,6,7,8,9] [240]
421.38644897959176 [0,1,2,3,4,5,6,7,8,9] [164,165,166,167,168,169,170]
421.20100000000014 [0,1,2,3,4,5,6,7,8,9] [163,164,165,166,167,168,169]
419.90400000000017 [0,1,2,3,4,5,6,7,8,9] [166,167,168,169,170]
417.3160000000001 [0,1,2,3,4,5,6,7,8,9] [164,165,166,167,168]
417.10069444444434 [0,1,2,3,4,5,6,7,8,9] [165,166,167,168,169,170]
416.1600000000001 [0,1,2,3,4,5,6,7,9] [233]
414.4140625 [0,1,2,3,4,5,6,7,8,9] [163,164,165,166,167,168,169,170]
413.87777777777774 [0,1,2,3,4,5,6,7,8,9] [164,165,166]
412.99271604938264 [0,1,2,3,4,6,7,8,9] [239,240,241]
412.7669444444444 [0,1,2,3,5,6,7,8,9] [163,164]
412.16400000000004 [0,1,2,3,4,5,6,7,8,9] [166,167,168]
410.88100000000014 [0,1,2,3,4,5,6,7,8,9] [164,165,166,167]
410.7207656249999 [0,1,2,3,4,5,6,7,8,9] [164,165,166,167,168,169,170,171]
410.56056249999983 [0,1,2,3,4,5,6,7,8,9] [168,169,170,171]
410.41124999999994 [0,1,2,3,4,6,7,8,9] [247]
410.28753086419755 [0,1,2,3,5,6,7,8,9] [163,164,165]
409.92006249999986 [0,1,2,3,4,5,6,7,8,9] [165,166,167,168]
409.6126234567902 [0,1,2,3,5,6,7,8,9] [163,164,165,166,167,168]
409.28006250000004 [0,1,2,3,4,5,6,7,8,9] [162,163,164,165,166,167,168,169]
408.83236 [0,1,2,3,4,5,6,7,8,9] [167,168,169,170,171]
408.0399999999999 [0,1,2,3,4,6,7,8,9] [240,241]
407.1857901234567 [0,1,2,3,4,5,6,7,8,9] [161,162,163,164,165,166,167,168,169]
405.9813611111109 [0,1,2,3,4,5,6,7,8,9] [166,167,168,169,170,171]
405.7689999999999 [0,1,2,3,4,5,6,7,8,9] [163,164,165,166,167,168,169,170,171]
405.5870204081633 [0,1,2,3,4,5,6,7,8,9] [165,166,167,168,169,170,171]
404.68027777777775 [0,1,2,3,5,6,7,8,9] [163,164,165,166]
404.63734567901236 [0,1,2,3,4,5,6,7,8,9] [162,163,164,165,166,167,168,169,170]
403.225 [0,1,2,3,4,5,6,7,8,9] [161,162,163,164,165,166,167,168,169,170]
402.5703125 [0,1,2,3,4,6,7,8] [245,246]
401.9560000000001 [0,1,2,3,4,5,6,7,8,9] [167]
401.956 [0,1,2,3,4,5,6,7,8,9] [163,164,165,166,167]
401.77975308641965 [0,1,2,3,4,6,7,8,9] [238,239,240]
399.84544444444447 [0,1,2,3,4,5,6,7,8,9] [169,170,171]
399.4239999999999 [0,1,2,3,4,5,6,7,8,9] [182]
399.33361111111094 [0,1,2,3,4,6,7,8,9] [238,239,240,241]
399.0027777777776 [0,1,2,3,4,5,6,7,8,9] [165,166,167]
398.33506944444434 [0,1,2,3,4,6,7,8,9] [239,240,241,242]
398.16099999999994 [0,1,2,3,4,5,6,7,8,9] [164,165,166,167,168,169,170,171,172]
397.90864 [0,1,2,3,4,5,6,7,8,9] [162,163,164,165,166,167,168,169,170,171]
397.53024999999997 [0,1,2,3,4,5,6,7,8,9] [165,166]
397.24371074380167 [0,1,2,3,4,5,6,7,8,9] [161,162,163,164,165,166,167,168,169,170,171]
397.0800204081633 [0,1,2,3,4,5,6,7,8,9] [162,163,164,165,166,167,168]
396.9 [0,1,2,3,4,5,6,7,8,9] [166,167]
396.89493827160493 [0,1,2,3,4,6,7,8,9] [245,246,247]
396.27025000000003 [0,1,2,3,4,5,6,7,8,9] [161,162,163,164,165,166,167,168]
396.2112500000002 [0,1,2,3,4,6,7,8,9] [203]
396.21125000000006 [0,1,2,3,4,6,7,8,9] [241]
395.6410000000001 [0,1,2,3,4,5,6,7,8,9] [213,214]
395.18367768595056 [0,1,2,3,4,5,6,7,8,9] [160,161,162,163,164,165,166,167,168,169,170]
395.01224999999994 [0,1,2,3,4,5,6,7,8,9] [163,164,165,166,167,168,169,170,171,172]
392.1890624999999 [0,1,2,3,4,5,6,7,8,9] [165,166,167,168,169,170,171,172]
391.8760000000001 [0,1,2,3,4,5,6,7,8,9] [164,165,166,167,168,169,170,171,172,173]
391.8759999999999 [0,1,2,3,4,5,6,7,8,9] [166]
390.7211111111111 [0,1,2,3,4,6,7,8,9] [238,239]
390.625 [0,1,2,3,4,5,6,7,8,9] [166,167,168,169,170,171,172]
390.45759999999996 [0,1,2,3,4,6,7,8,9] [238,239,240,241,242]
390.4166944444444 [0,1,2,3,4,5,6,7,8,9] [167,168,169,170,171,172]
389.8299504132232 [0,1,2,3,4,5,6,7,8,9] [159,160,161,162,163,164,165,166,167,168,169]
389.6029421487604 [0,1,2,3,4,5,6,7,8,9] [163,164,165,166,167,168,169,170,171,172,173]
389.5840277777778 [0,1,2,3,4,5,6,7,8,9] [162,163,164,165,166,167]
389.4044444444444 [0,1,2,3,4,5,6,7,8] [183]
389.205 [0,1,2,3,4,5,6,7] [257]
389.0640625 [0,1,2,3,4,5,6,7,8,9] [161,162,163,164,165,166,167,168,169,170,171,172]
388.92231404958676 [0,1,2,3,4,5,6,7,8,9] [162,163,164,165,166,167,168,169,170,171,172]
388.12899999999996 [0,1,2,3,4,5,6,7,8,9] [168,169,170,171,172]
388.0251736111111 [0,1,2,3,4,5,6,7,8,9] [159,160,161,162,163,164,165,166,167,168,169,170]
387.71377777777775 [0,1,2,3,4,5,6,7,8,9] [161,162,163,164,165,166]
387.71377777777764 [0,1,2,3,4,5,6,7,8,9] [240,241,242]
387.2987777777778 [0,1,2,3,4,5,6,7,8,9] [160,161,162,163,164,165,166,167,168]
387.1328399999999 [0,1,2,3,4,5,6,7,8,9] [162,163,164,165,166]
386.884 [0,1,2,3,4,5,6,7,8,9] [161,162,163,164,165]
386.12250000000006 [0,1,2,3,4,6,7,8,9] [246,247]
385.9515625 [0,1,2,3,4,5,6,7,8,9] [162,163,164,165]
385.917049382716 [0,1,2,3,4,5,6,7,8,9] [165,166,167,168,169,170,171,172,173]
385.22711111111096 [0,1,2,3,4,5,6,7,8,9] [158,159,160,161,162,163,164,165,166,167,168,169]
385.03125 [0,1,2,3,5,6,7,8,9] [157]
384.97252071005926 [0,1,2,3,4,5,6,7,8,9] [161,162,163,164,165,166,167,168,169,170,171,172,173]
384.50334027777774 [0,1,2,3,4,5,6,7,8,9] [162,163,164,165,166,167,168,169,170,171,172,173]
384.2092544378697 [0,1,2,3,4,5,6,7,8,9] [159,160,161,162,163,164,165,166,167,168,169,170,171]
383.92322485207103 [0,1,2,3,4,5,6,7,8,9] [158,159,160,161,162,163,164,165,166,167,168,169,170]
383.9232248520709 [0,1,2,3,4,5,6,7,8,9] [157,158,159,160,161,162,163,164,165,166,167,168,169]
383.7802499999999 [0,1,2,3,4,5,6,7,8,9] [166,167,168,169,170,171,172,173]
383.4467455621302 [0,1,2,3,4,5,6,7,8,9] [160,161,162,163,164,165,166,167,168,169,170,171,172]
382.80736734693886 [0,1,2,3,4,5,6,7,8,9] [157,158,159,160,161,162,163,164,165,166,167,168,169,170]
