[Score] [Station index] [Time slots] 
1865.9559999999997 [0,1,2,3,4,5,6,7,8,9] [209]
1823.8502500000002 [0,1,2,3,4,5,6,7,8,9] [208,209]
1817.1040000000005 [0,1,2,3,4,5,6,7,8,9] [187]
1798.2809999999997 [0,1,2,3,4,5,6,7,8,9] [209,210]
1792.9210000000003 [0,1,2,3,4,5,6,7,8,9] [208,209,210]
1782.2250000000008 [0,1,2,3,4,5,6,7,8,9] [208]
1774.2240000000006 [0,1,2,3,4,5,6,7,8,9] [186,187]
1768.0134444444443 [0,1,2,3,4,5,6,7,8,9] [185,186,187]
1755.6250000000007 [0,1,2,3,4,5,6,7,8,9] [207,208,209]
1755.625 [0,1,2,3,4,5,6,7,8,9] [185]
1749.6675625 [0,1,2,3,4,5,6,7,8,9] [207,208,209,210]
1745.041 [0,1,2,3,4,5,6,7,8,9] [172,173]
1743.7202500000003 [0,1,2,3,4,5,6,7,8,9] [185,186]
1731.8560000000004 [0,1,2,3,4,5,6,7,8,9] [186]
1731.8559999999998 [0,1,2,3,4,5,6,7,8,9] [210]
1731.1980624999997 [0,1,2,3,4,5,6,7,8,9] [184,185,186,187]
1725.017777777778 [0,1,2,3,4,5,6,7,8,9] [173]
1718.721 [0,1,2,3,4,5,6,7,8,9] [176]
1703.025 [0,1,2,3,4,5,6,7,8,9] [184,185,186]
1702.1551111111112 [0,1,2,3,4,5,6,7,8,9] [172,173,174]
1701.7202500000003 [0,1,2,3,4,5,6,7,8,9] [207,208]
1691.5603600000002 [0,1,2,3,4,5,6,7,8,9] [183,184,185,186,187]
1690.52004 [0,1,2,3,4,5,6,7,8,9] [206,207,208,209,210]
1688.7002499999999 [0,1,2,3,4,5,6,7,8,9] [184,185]
1684.8040000000005 [0,1,2,3,4,5,6,7,8,9] [237]
1683.50625 [0,1,2,3,4,5,6,7,8,9] [185,186,187,188]
1680.2640625 [0,1,2,3,4,5,6,7,8,9] [206,207,208,209]
1676.1617777777778 [0,1,2,3,4,5,6,7,8,9] [171,172,173]
1671.33184 [0,1,2,3,4,5,6,7,8,9] [184,185,186,187,188]
1667.97225 [0,1,2,3,4,5,6,7,8,9] [173,174]
1664.7450625000001 [0,1,2,3,4,5,6,7,8,9] [208,209,210,211]
1661.5210000000002 [0,1,2,3,4,5,6,7,8,9] [171,172,173,174]
1660.8765625 [0,1,2,3,4,5,6,7,8,9] [183,184,185,186]
1659.8027777777781 [0,1,2,3,4,5,6,7,8,9] [186,187,188]
1656.3690000000006 [0,1,2,3,4,5,6,7,8,9] [207,208,209,210,211]
1655.0822500000002 [0,1,2,3,4,5,6,7,8,9] [171,172]
1650.796694444444 [0,1,2,3,4,5,6,7,8,9] [182,183,184,185,186,187]
1648.6560000000002 [0,1,2,3,4,5,6,7,8,9] [183,184,185,186,187,188]
1646.5166944444445 [0,1,2,3,4,5,6,7,8,9] [205,206,207,208,209,210]
1640.9610000000005 [0,1,2,3,4,5,6,7,8,9] [193]
1637.546777777778 [0,1,2,3,4,5,6,7,8,9] [183,184,185]
1634.2426406250001 [0,1,2,3,4,5,6,7,8,9] [180,181,182,183,184,185,186,187]
1634.0143673469386 [0,1,2,3,4,5,6,7,8,9] [181,182,183,184,185,186,187]
1631.3675625 [0,1,2,3,4,5,6,7,8,9] [172,173,174,175]
1630.7289999999998 [0,1,2,3,4,5,6,7,8,9] [171,172,173,174,175,176]
1629.7075600000005 [0,1,2,3,4,5,6,7,8,9] [205,206,207,208,209]
1626.4751111111118 [0,1,2,3,4,5,6,7,8,9] [209,210,211]
1624.5 [0,1,2,3,4,5,6,7,9] [258]
1624.3502500000004 [0,1,2,3,4,5,6,7,8,9] [187,188]
1623.500694444445 [0,1,2,3,4,5,6,7,8,9] [206,207,208,209,210,211]
1623.0760000000005 [0,1,2,3,4,5,6,7,8,9] [207]
1623.0760000000002 [0,1,2,3,4,5,6,7,8,9] [184]
1620.5290000000002 [0,1,2,3,4,5,6,7,8,9] [206,207,208]
1620.1653061224492 [0,1,2,3,4,5,6,7,8,9] [182,183,184,185,186,187,188]
1618.7211111111114 [0,1,2,3,4,5,6,7,9] [278]
1618.6200625000001 [0,1,2,3,4,5,6,7,8,9] [173,174,175,176]
1618.49284 [0,1,2,3,4,5,6,7,8,9] [182,183,184,185,186]
1617.9840000000004 [0,1,2,3,4,5,6,7,8,9] [174]
1616.9665600000003 [0,1,2,3,4,5,6,7,8,9] [170,171,172,173,174]
1616.7122500000005 [0,1,2,3,4,5,6,7,8,9] [170,171,172,173]
1613.4080399999998 [0,1,2,3,4,5,6,7,8,9] [171,172,173,174,175]
1612.9 [0,1,2,3,4,5,6,7,8,9] [154,155,156]
1612.335604938272 [0,1,2,3,4,5,6,7,8,9] [180,181,182,183,184,185,186,187,188]
1610.361 [0,1,2,3,4,5,6,7,8,9] [155]
1609.409390625 [0,1,2,3,4,5,6,7,8,9] [181,182,183,184,185,186,187,188]
1608.911040816327 [0,1,2,3,4,5,6,7,8,9] [180,181,182,183,184,185,186]
1606.978777777778 [0,1,2,3,4,5,6,7,8,9] [207,208,209,210,211,212]
1604.4444444444448 [0,1,2,3,4,5,6,7,8,9] [181,182,183,184,185,186]
1603.7689599999999 [0,1,2,3,4,5,6,7,8,9] [208,209,210,211,212]
1603.4795102040819 [0,1,2,3,4,5,6,7,8,9] [170,171,172,173,174,175,176]
1602.7560000000005 [0,1,2,3,4,5,6,7,8,9] [259]
1601.9121111111112 [0,1,2,3,4,5,6,7,8,9] [172,173,174,175,176,177]
1599.3817777777779 [0,1,2,3,4,5,6,7,8,9] [155,156,157]
1596.9737959183672 [0,1,2,3,4,5,6,7,8,9] [204,205,206,207,208,209,210]
1596.8534444444447 [0,1,2,3,4,5,6,7,8,9] [184,185,186,187,188,189]
1595.8907959183675 [0,1,2,3,4,5,6,7,8,9] [205,206,207,208,209,210,211]
1595.4496790123458 [0,1,2,3,4,5,6,7,8,9] [179,180,181,182,183,184,185,186,187]
1595.1690000000003 [0,1,2,3,4,5,6,7,8,9] [166]
1593.90625 [0,1,2,3,4,5,6,7,8,9] [156,157]
1593.3652244897962 [0,1,2,3,4,5,6,7,8,9] [171,172,173,174,175,176,177]
1591.6345599999995 [0,1,2,3,4,5,6,7,8,9] [185,186,187,188,189]
1590.7515625 [0,1,2,3,4,5,6,7,8,9] [182,183,184,185]
1590.1210000000003 [0,1,2,3,4,5,6,7,8,9] [192,193]
1589.3511111111113 [0,1,2,3,4,5,6,7,9] [171]
1588.8602500000002 [0,1,2,3,4,5,6,7,8,9] [180,181,182,183,184,185]
1588.320081632653 [0,1,2,3,4,5,6,7,8,9] [183,184,185,186,187,188,189]
1587.9600204081635 [0,1,2,3,4,5,6,7,8,9] [184,185,186,187,188,189,190]
1586.1603265306128 [0,1,2,3,4,5,6,7,8,9] [206,207,208,209,210,211,212]
1585.920444444445 [0,1,2,3,4,5,6,7,8,9] [174,175,176]
1585.9204444444442 [0,1,2,3,4,5,6,7,8,9] [173,174,175]
1584.6613611111113 [0,1,2,3,4,5,6,7,8,9] [170,171,172,173,174,175]
1583.8222500000002 [0,1,2,3,4,5,6,7,8,9] [259,260]
1583.4027777777778 [0,1,2,3,4,5,6,7,8,9] [170,171,172]
1582.5639999999999 [0,1,2,3,4,5,6,7,8,9] [214]
1582.4067539062503 [0,1,2,3,4,5,6,7,8,9] [172,173,174,175,176,177,178,179,180,181,182,183,184,185,186,187]
1582.1446944444447 [0,1,2,3,4,5,6,7,8,9] [185,186,187,188,189,190]
1581.620640625 [0,1,2,3,4,5,6,7,8,9] [183,184,185,186,187,188,189,190]
1581.3062500000003 [0,1,2,3,4,5,6,7,8,9] [154,155,156,157]
1580.0490000000004 [0,1,2,3,4,5,6,7,8,9] [171,172,173,174,175,176,177,178,179,180,181,182,183,184,185,186,187]
1580.0490000000002 [0,1,2,3,4,5,6,7,8,9] [183,184]
