[Score] [Station index] [Time slots] 
840.8889999999998 [0,1,2,3,4,5,6,7,8,9] [237]
823.55625 [0,1,2,3,4,5,6,7,8,9] [236,237]
821.74225 [0,1,2,3,4,5,6,7,8,9] [237,238]
816.6134444444446 [0,1,2,3,4,5,6,7,8,9] [236,237,238]
810.0000000000002 [0,1,2,3,4,5,6,7,8,9] [221]
806.4040000000002 [0,1,2,3,4,5,6,7,8,9] [236]
806.4039999999999 [0,1,2,3,4,5,6,7,8,9] [235,236,237]
805.5062499999997 [0,1,2,3,4,5,6,7,8,9] [235,236,237,238]
802.8160000000001 [0,1,2,3,4,5,6,7,8,9] [238]
793.8809999999999 [0,1,2,3,4,5,6,7,8,9] [236,237,238,239,240]
793.3611111111111 [0,1,2,3,4,5,6,7,8] [244]
791.2102500000001 [0,1,2,3,4,5,6,7,8,9] [236,237,238,239]
790.7655625000002 [0,1,2,3,4,5,6,7,8,9] [237,238,239,240]
790.3210000000001 [0,1,2,3,4,5,6,7,8,9] [235,236,237,238,239,240]
789.4322500000001 [0,1,2,3,4,5,6,7,8,9] [235,236]
787.4787599999999 [0,1,2,3,4,5,6,7,8,9] [235,236,237,238,239]
786.1777777777781 [0,1,2,3,4,5,6,7,8,9] [237,238,239]
774.3999999999997 [0,1,2,3,4,5,6,7,8,9] [238,239,240]
772.6409999999998 [0,1,2,3,4,5,6,7,8,9] [235]
771.1348775510204 [0,1,2,3,4,5,6,7,8,9] [235,236,237,238,239,240,241]
770.8840000000002 [0,1,2,3,4,5,6,7,8,9] [236,237,238,239,240,241]
763.8760000000001 [0,1,2,3,4,5,6,7,8,9] [237,238,239,240,241]
759.5122499999999 [0,1,2,3,4,5,6,7,8,9] [238,239]
758.1433673469389 [0,1,2,3,4,5,6,7,8,9] [234,235,236,237,238,239,240]
757.2480399999997 [0,1,2,3,4,5,6,7,8,9] [234,235,236,237,238]
752.9900624999998 [0,1,2,3,4,5,6,7,8,9] [235,236,237,238,239,240,241,242]
750.5334444444443 [0,1,2,3,4,5,6,7,8,9] [234,235,236,237,238,239]
750.2034489795916 [0,1,2,3,4,5,6,7,8,9] [236,237,238,239,240,241,242]
749.9560000000001 [0,1,2,3,4,5,6,7,8,9] [217]
746.0640624999997 [0,1,2,3,4,5,6,7,8,9] [234,235,236,237]
745.6322500000001 [0,1,2,3,4,5,6,7,8,9] [234,235,236,237,238,239,240,241]
745.2005625 [0,1,2,3,4,5,6,7,8,9] [238,239,240,241]
742.1822499999998 [0,1,2,3,4,5,6,7,8,9] [235,236,237,238,239,240,241,242,243,244]
741.034027777778 [0,1,2,3,4,5,6,7,8,9] [237,238,239,240,241,242]
740.5558641975309 [0,1,2,3,4,5,6,7,8,9] [235,236,237,238,239,240,241,242,243]
739.8150156249998 [0,1,2,3,4,5,6,7,8,9] [233,234,235,236,237,238,239,240]
738.8357530864201 [0,1,2,3,4,5,6,7,8,9] [236,237,238,239,240,241,242,243,244]
736.5930625000001 [0,1,2,3,4,5,6,7,8,9] [236,237,238,239,240,241,242,243]
733.0213611111108 [0,1,2,3,4,5,6,7,8,9] [233,234,235,236,237,238]
732.545790123457 [0,1,2,3,4,5,6,7,8,9] [234,235,236,237,238,239,240,241,242]
730.8350123456792 [0,1,2,3,4,5,6,7,8,9] [233,234,235,236,237,238,239,240,241]
730.7807346938772 [0,1,2,3,4,5,6,7,8,9] [233,234,235,236,237,238,239]
730.5975624999999 [0,1,2,3,4,5,6,7,8,9] [237,238,239,240,241,242,243,244]
726.8780408163265 [0,1,2,3,4,5,6,7,8,9] [237,238,239,240,241,242,243]
726.5237685950412 [0,1,2,3,4,5,6,7,8,9] [234,235,236,237,238,239,240,241,242,243,244]
725.7490991735539 [0,1,2,3,4,5,6,7,8,9] [235,236,237,238,239,240,241,242,243,244,245]
723.5203600000002 [0,1,2,3,4,5,6,7,8,9] [234,235,236,237,238,239,240,241,242,243]
721.8201599999996 [0,1,2,3,4,5,6,7,8,9] [238,239,240,241,242]
721.14064 [0,1,2,3,4,5,6,7,8,9] [236,237,238,239,240,241,242,243,244,245]
720.63121 [0,1,2,3,4,5,6,7,8,9] [233,234,235,236,237,238,239,240,241,242]
719.4432399999998 [0,1,2,3,4,5,6,7,8,9] [233,234,235,236,237]
718.3975069444446 [0,1,2,3,4,5,6,7,8,9] [235,236,237,238,239,240,241,242,243,244,245,246]
717.409 [0,1,2,3,4,5,6,7,8,9] [216,217]
717.4089999999999 [0,1,2,3,4,5,6,7,8,9] [224]
717.1266944444443 [0,1,2,3,4,5,6,7,8,9] [233,234,235,236,237,238,239,240,241,242,243,244]
715.7160000000001 [0,1,2,3,4,5,6,7,8,9] [234,235,236]
715.4743061224488 [0,1,2,3,4,5,6,7,8,9] [238,239,240,241,242,243,244]
714.9641975308642 [0,1,2,3,4,5,6,7,8,9] [232,233,234,235,236,237,238,239,240]
714.4150532544379 [0,1,2,3,4,5,6,7,8,9] [235,236,237,238,239,240,241,242,243,244,245,246,247]
713.5641652892564 [0,1,2,3,4,5,6,7,8,9] [236,237,238,239,240,241,242,243,244,245,246]
712.8987777777776 [0,1,2,3,4,5,6,7,8,9] [234,235,236,237,238,239,240,241,242,243,244,245]
711.960938271605 [0,1,2,3,4,5,6,7,8,9] [237,238,239,240,241,242,243,244,245]
709.8062500000003 [0,1,2,3,4,5,6,7,8,9] [221,222]
709.6658402777779 [0,1,2,3,4,5,6,7,8,9] [236,237,238,239,240,241,242,243,244,245,246,247]
709.4692899999998 [0,1,2,3,4,5,6,7,8,9] [232,233,234,235,236,237,238,239,240,241]
708.6833611111113 [0,1,2,3,4,5,6,7,8,9] [238,239,240,241,242,243]
708.4588900000001 [0,1,2,3,4,5,6,7,8,9] [231,232,233,234,235,236,237,238,239,240]
707.1516213017755 [0,1,2,3,4,5,6,7,8,9] [234,235,236,237,238,239,240,241,242,243,244,245,246]
705.3415621301772 [0,1,2,3,4,5,6,7,8,9] [233,234,235,236,237,238,239,240,241,242,243,244,245]
705.0012499999999 [2,3,4,5,6,7,8,9] [240]
704.5923599999999 [0,1,2,3,4,5,6,7,8,9] [237,238,239,240,241,242,243,244,245,246]
704.520413265306 [0,1,2,3,4,5,6,7,8,9] [235,236,237,238,239,240,241,242,243,244,245,246,247,248]
704.2806173469389 [0,1,2,3,4,5,6,7,8,9] [234,235,236,237,238,239,240,241,242,243,244,245,246,247]
704.1307656249999 [0,1,2,3,4,5,6,7,8,9] [232,233,234,235,236,237,238,239]
704.0735537190083 [0,1,2,3,4,5,6,7,8,9] [231,232,233,234,235,236,237,238,239,240,241]
702.2440000000003 [0,1,2,3,4,5,6,7,8,9] [232,233,234,235,236,237,238,239,240,241,242]
702.2439999999999 [0,1,2,3,4,5,6,7,8,9] [232,233,234,235,236,237,238]
702.0916446280992 [0,1,2,3,4,5,6,7,8,9] [230,231,232,233,234,235,236,237,238,239,240]
701.8572840236687 [0,1,2,3,4,5,6,7,8,9] [232,233,234,235,236,237,238,239,240,241,242,243,244]
701.4062500000002 [0,1,2,3,4,5,6,7,8,9] [239,240,241,242,243,244]
701.1778595041321 [0,1,2,3,4,5,6,7,8,9] [237,238,239,240,241,242,243,244,245,246,247]
700.5690000000001 [0,1,2,3,4,5,6,7,8,9] [233,234,235,236,237,238,239,240,241,242,243,244,245,246]
699.4105562130176 [0,1,2,3,4,5,6,7,8,9] [236,237,238,239,240,241,242,243,244,245,246,247,248]
698.6173611111113 [0,1,2,3,4,5,6,7,8,9] [230,231,232,233,234,235,236,237,238,239,240,241]
698.338777777778 [0,1,2,3,4,5,6,7,8,9] [233,234,235,236,237,238,239,240,241,242,243,244,245,246,247]
698.2273600000001 [0,1,2,3,4,5,6,7,8,9] [240,241,242,243,244]
698.1796122448981 [0,1,2,3,4,5,6,7,8,9] [231,232,233,234,235,236,237,238,239,240,241,242,243,244]
698.1530864197529 [0,1,2,3,4,5,6,7,8,9] [231,232,233,234,235,236,237,238,239]
697.9210069444448 [0,1,2,3,4,5,6,7,8,9] [231,232,233,234,235,236,237,238,239,240,241,242]
697.6425625 [0,1,2,3,4,5,6,7,8,9] [221,222,223,224]
697.364173611111 [0,1,2,3,4,5,6,7,8,9] [232,233,234,235,236,237,238,239,240,241,242,243]
696.8910399999997 [0,1,2,3,4,5,6,7,8,9] [235,236,237,238,239,240,241,242,243,244,245,246,247,248,249]
696.5988906249999 [0,1,2,3,4,5,6,7,8,9] [238,239,240,241,242,243,244,245]
695.7784177777779 [0,1,2,3,4,5,6,7,8,9] [234,235,236,237,238,239,240,241,242,243,244,245,246,247,248]
695.7645156250002 [0,1,2,3,4,5,6,7,8,9] [231,232,233,234,235,236,237,238]
694.61806640625 [0,1,2,3,4,5,6,7,8,9] [235,236,237,238,239,240,241,242,243,244,245,246,247,248,249,250]
694.5833402777778 [0,1,2,3,4,5,6,7,8,9] [229,230,231,232,233,234,235,236,237,238,239,240]
694.2222399999998 [0,1,2,3,4,5,6,7,8,9] [230,231,232,233,234,235,236,237,238,239,240,241,242,243,244]
693.7608520710058 [0,1,2,3,4,5,6,7,8,9] [231,232,233,234,235,236,237,238,239,240,241,242,243]
693.3764792899409 [0,1,2,3,4,5,6,7,8,9] [230,231,232,233,234,235,236,237,238,239,240,241,242]
