[Score] [Station index] [Time slots] 
278.78400000000005 [0,1,2,3,4,5,6,7,8,9] [1]
270.0544444444444 [0,1,2,3,4,5,6,7,8,9] [2]
269.88025000000005 [0,1,2,3,4,5,6,7,8,9] [1,2]
264.1959999999999 [0,1,2,3,4,5,6,7,8,9] [238]
262.6562500000001 [0,1,2,3,4,5,6,7,8,9] [0,1]
262.14400000000006 [0,1,2,3,4,5,6,7,8,9] [0,1,2]
260.0416666666667 [0,1,2,3,5,6,7,8,9] [191]
258.40277777777777 [0,1,2,3,4,5,6,7,8,9] [1,2,3]
258.1377777777777 [0,1,2,3,4,6,7,8,9] [224]
257.41499999999996 [0,1,2,3,5,6,7,9] [197]
255.53024999999997 [0,1,2,3,4,5,6,7,8,9] [0,1,2,3]
254.26806249999996 [0,1,2,3,4,5,6,7,8,9] [1,2,3,4]
254.21764000000002 [0,1,2,3,4,5,6,7,8,9] [1,2,3,4,5]
254.016 [0,1,2,3,4,5,6,7,8,9] [5]
253.00899999999996 [0,1,2,3,4,5,6,7,8,9] [0,1,2,3,4,5]
252.80784000000003 [0,1,2,3,4,5,6,7,8,9] [0,1,2,3,4]
248.50225 [0,1,2,3,4,5,6,7,8,9] [2,3]
248.25306250000003 [0,1,2,3,4,5,6,7,8,9] [2,3,4,5]
248.00399999999996 [0,1,2,3,4,5,6,7,8,9] [4,5]
247.50625 [0,1,2,3,4,5,6,7,8,9] [1,2,3,4,5,6]
247.43518367346942 [0,1,2,3,4,5,6,7,8,9] [0,1,2,3,4,5,6]
247.00900000000001 [0,1,2,3,4,5,6,7,8,9] [196]
247.00899999999996 [0,1,2,3,4,5,6,7,8,9] [0]
246.3467777777778 [0,1,2,3,4,5,6,7,8,9] [2,3,4]
245.96694444444444 [0,1,2,3,5,6,7,8,9] [196,197]
245.31124999999997 [0,1,2,3,4,5,7,8,9] [227]
245.02499999999992 [0,1,2,3,4,5,6,7,8,9] [241]
244.77756250000002 [0,1,2,3,4,5,6,7,8,9] [0,1,2,3,4,5,6,7]
244.45961224489798 [0,1,2,3,4,5,6,7,8,9] [1,2,3,4,5,6,7]
244.03600000000006 [0,1,2,3,4,5,6,7,8,9] [3,4,5]
242.2827160493827 [0,1,2,3,4,5,6,7,8,9] [0,1,2,3,4,5,6,7,8]
241.93500000000003 [0,1,2,3,5,6,7,8,9] [193]
241.69514062500002 [0,1,2,3,4,5,6,7,8,9] [1,2,3,4,5,6,7,8]
241.47395999999998 [0,1,2,3,4,5,6,7,8,9] [2,3,4,5,6]
240.90125000000006 [0,1,2,3,4,5,7,8,9] [200]
240.66666666666666 [0,1,2,3,5,6,7,8,9] [191,192,193]
240.24999999999994 [0,1,2,3,4,5,6,7,9] [205]
239.73361111111114 [0,1,2,3,4,5,6,7,8,9] [5,6]
239.12099999999992 [0,1,2,3,4,5,6,7,8,9] [3,4]
238.95802777777777 [0,1,2,3,4,5,6,7,8,9] [2,3,4,5,6,7]
238.4450694444444 [0,1,2,3,4,5,6,7,8,9] [4,5,6,7]
236.95471111111115 [0,1,2,3,4,5,6,7,8,9] [4,5,6,7,8]
236.8444444444445 [0,1,2,3,4,5,6,7,8,9] [4,5,6]
236.68224999999998 [0,1,2,3,4,5,6,7,8,9] [3,4,5,6]
236.61275510204078 [0,1,2,3,4,5,6,7,8,9] [2,3,4,5,6,7,8]
236.196 [0,1,2,3,4,5,6,7,8,9] [3]
235.3667361111111 [0,1,2,3,4,5,6,7,8,9] [5,6,7,8]
234.64335999999997 [0,1,2,3,4,5,6,7,8,9] [3,4,5,6,7]
233.77225000000007 [0,1,2,3,4,5,6,7,8,9] [0,1,2,3,4,5,6,7,8,9]
233.24449999999996 [0,1,2,3,5,6,7,8,9] [191,192]
232.64544444444437 [0,1,2,3,4,5,6,7,8,9] [3,4,5,6,7,8]
232.32399999999998 [0,1,2,3,4,5,6,7,8,9] [1,2,3,4,5,6,7,8,9]
231.88166666666663 [0,1,2,3,4,6,7,8,9] [185]
231.68177777777768 [0,1,2,3,4,5,6,7,8,9] [5,6,7]
231.04000000000002 [0,1,2,3,4,5,6,7,8,9] [7,8]
230.64000000000001 [1,2,3,5,6,7,8,9] [34]
230.05124999999998 [0,1,2,3,4,6,7,8,9] [231]
228.16666666666666 [0,1,2,3,4,6,7,8,9] [188]
228.01000000000008 [0,1,2,3,4,5,6,7,8,9] [6,7,8]
227.43 [0,1,2,3,4,5,6,7,8,9] [183]
226.8140625 [0,1,2,3,4,5,6,7,8,9] [2,3,4,5,6,7,8,9]
226.57600000000008 [0,1,2,3,4,5,6,7,8,9] [7]
226.50249999999997 [0,1,2,3,4,5,6,7,8,9] [6,7]
225.36598347107434 [0,1,2,3,4,5,6,7,8,9] [0,1,2,3,4,5,6,7,8,9,10]
224.72 [0,1,2,3,4,6,7,8,9] [230,231]
224.67599999999993 [0,1,2,3,4,5,6,7,8,9] [223,224]
223.25625 [0,1,2,3,4,5,6,7,8,9] [1,2,3,4,5,6,7,8,9,10]
223.0044444444444 [0,1,2,3,4,6,7,8,9] [202]
222.31225 [0,1,2,3,4,5,6,7,8,9] [240,241]
222.11022448979583 [0,1,2,3,4,5,6,7,8,9] [3,4,5,6,7,8,9]
222.00999999999996 [0,1,2,3,4,5,6,7,8,9] [6]
221.01777777777772 [0,1,2,3,4,6,7,8,9] [260]
220.90000000000003 [0,1,2,3,4,5,6,7,8,9] [210]
219.97531250000003 [0,1,2,3,4,5,7,8,9] [226,227]
219.80469444444444 [0,1,2,3,4,5,6,7,8,9] [4,5,6,7,8,9]
219.80055555555552 [0,1,2,3,4,6,7,8,9] [229,230,231]
219.6982716049383 [0,1,2,3,4,6,7,8,9] [258,259,260]
219.61500000000004 [0,1,2,3,4,6,7,8,9] [185,186]
219.53361111111107 [0,1,2,3,4,6,7,8,9] [259,260]
219.45125 [0,1,2,3,4,6,7,8,9] [230]
219.41417361111112 [0,1,2,3,4,5,6,7,8,9] [0,1,2,3,4,5,6,7,8,9,10,11]
219.2373777777778 [0,1,2,3,4,5,6,7,8,9] [238,239,240,241,242]
219.04 [0,1,2,3,4,6,7,8,9] [258,259]
219.01041666666666 [1,2,3,5,6,7,8,9] [34,35]
218.08900000000003 [0,1,2,3,4,5,6,7,8,9] [241,242,243]
218.0544444444445 [0,1,2,3,4,5,6,7,8,9] [193,194]
217.46677777777785 [0,1,2,3,4,5,6,7,8,9] [2,3,4,5,6,7,8,9,10]
216.98657851239668 [0,1,2,3,4,5,6,7,8,9] [1,2,3,4,5,6,7,8,9,10,11]
216.90093750000003 [0,1,2,3,5,6,7,8,9] [191,192,193,194]
216.58027777777775 [0,1,2,3,4,5,6,7,8,9] [238,239,240,241]
216.48199999999997 [0,1,2,3,5,6,7,8,9] [192]
215.48164000000003 [0,1,2,3,4,5,6,7,8,9] [5,6,7,8,9]
215.296 [0,1,2,3,4,5,6,7,8,9] [237,238]
215.2959999999999 [0,1,2,3,4,5,6,7,8,9] [222,223,224]
214.79659763313612 [0,1,2,3,4,5,6,7,8,9] [0,1,2,3,4,5,6,7,8,9,10,11,12]
214.76281250000002 [0,1,2,3,4,6,7,8,9] [229,230]
214.36900000000006 [0,1,2,3,4,5,6,7,8,9] [258]
214.24500000000006 [0,1,2,3,4,5,7,8,9] [224,225,226,227]
214.1344444444445 [0,1,2,3,4,5,6,7,9] [249]
213.8056018518519 [0,1,2,3,5,6,7,8,9] [191,192,193,194,195,196]
