[Score] [Station index] [Time slots] 
1039.4414285714288 [0,1,2,3,4,5,6] [263]
1026.080357142857 [0,1,2,3,4,5,6] [263,264]
1012.8057142857143 [0,1,2,3,4,5,6] [264]
1005.6014285714283 [0,1,2,3,4,5,6] [263,264,265]
999.2192063492065 [0,1,2,3,4,5,6] [262,263,264]
992.460357142857 [0,1,2,3,4,5,6] [262,263]
990.6750892857144 [0,1,2,3,4,5,6] [262,263,264,265]
988.8914285714283 [0,1,2,3,4,5,6] [264,265]
975.8603571428569 [0,1,2,3,4,5,6] [263,264,265,266]
969.9657142857144 [0,1,2,3,4,5,6] [262,263,264,265,266]
960.571428571429 [0,1,2,3,4,5,6,7,8] [265]
958.6980571428572 [0,1,2,3,4,5,6] [261,262,263,264,265]
957.9024999999999 [0,1,2,3] [244]
957.060357142857 [0,1,2,3,4,5,6] [261,262,263,264]
955.11253968254 [0,1,2,3,4,5,6] [264,265,266]
949.4419999999998 [0,1,2,3,4] [249]
946.9633333333333 [0,1,2] [216]
946.9533730158731 [0,1,2,3,4,5,6] [261,262,263,264,265,266]
946.5657142857144 [0,1,2,3,4,5,6] [262]
941.6408333333335 [0,1,2] [216,217]
938.8292063492063 [0,1,2,3,4,5,6] [260,261,262,263,264,265]
936.3333333333334 [0,1,2] [217]
933.586514285714 [0,1,2,3,4,5,6] [260,261,262,263,264]
931.6737317784256 [0,1,2,3,4,5,6] [260,261,262,263,264,265,266]
931.1244444444441 [0,1,2,3,4,5,6] [262,263,264,265,266,267]
928.0514285714288 [0,1,2,3,4,5,6] [263,264,265,266,267]
926.9003571428572 [0,1,2,3,4,5,6] [265,266]
922.6406250000002 [0,1,2,3] [243,244]
917.2268513119532 [0,1,2,3,4,5,6] [261,262,263,264,265,266,267]
916.2459475218659 [0,1,2,3,4,5,6] [259,260,261,262,263,264,265]
915.2533333333336 [0,1,2] [230]
915.0625 [0,1,2,3] [244,245]
914.2857142857143 [0,1,2,3,4,5,6] [260,261,262,263]
912.8577008928575 [0,1,2,3,4,5,6] [259,260,261,262,263,264,265,266]
909.72 [0,1,2,3,4,5,6] [258,259,260,261,262,263,264,265]
908.2006349206349 [0,1,2,3,4,5,6] [259,260,261,262,263,264]
907.7260937499998 [0,1,2,3,4,5,6] [260,261,262,263,264,265,266,267]
907.4414285714286 [0,1,2,3,4,5,6] [258,259,260,261,262,263,264,265,266]
906.0100000000001 [0,1,2,3] [243,244,245]
901.9196501457728 [0,1,2,3,4,5,6] [258,259,260,261,262,263,264]
901.2711370262392 [0,1,2,3,4,5,6] [262,263,264,265,266,267,268]
901.1900892857142 [0,1,2,3,4,5,6] [264,265,266,267]
900.6228571428572 [0,1,2,3,4,5,6] [257,258,259,260,261,262,263,264,265]
899.6008333333334 [0,1,2] [230,231]
899.4889285714288 [0,1,2,3,4,5,6] [257,258,259,260,261,262,263,264,265,266]
897.8700000000002 [0,1,2] [229,230]
897.8 [0,1,2,3,4] [247]
893.8299999999999 [0,1,2,3,4,5,6] [263,264,265,266,267,268]
893.2625925925928 [0,1,2] [229,230,231]
892.9827008928571 [0,1,2,3,4,5,6] [261,262,263,264,265,266,267,268]
892.700357142857 [0,1,2,3,4,5,6] [257,258,259,260,261,262,263,264]
890.8944142857139 [0,1,2,3,4,5,6] [258,259,260,261,262,263,264,265,266,267]
890.4432142857144 [0,1,2,3,4,5,6] [261,262]
889.3157142857144 [0,1,2,3,4,5,6] [266]
888.0399999999998 [0,1,2,3] [243]
887.9636571428572 [0,1,2,3,4,5,6] [259,260,261,262,263]
887.52 [0,1,2] [228,229,230]
887.3130335097001 [0,1,2,3,4,5,6] [260,261,262,263,264,265,266,267,268]
886.6602083333332 [0,1,2] [228,229,230,231]
885.80640625 [0,1,2,3] [243,244,245,246]
885.2217355371902 [0,1,2,3,4,5,6] [257,258,259,260,261,262,263,264,265,266,267]
885.0625 [0,1,2,3] [244,245,246]
884.1997166469897 [0,1,2,3,4,5,6] [256,257,258,259,260,261,262,263,264,265,266]
884.0833333333334 [0,1,2] [231]
884.0634920634922 [0,1,2,3,4,5,6] [258,259,260,261,262,263]
883.6889285714287 [0,1,2,3,4,5,6] [256,257,258,259,260,261,262,263,264,265]
883.3066666666665 [0,1,2,3,4,5,6] [257,258]
880.6533333333333 [0,1,2] [229]
879.4282666666667 [0,1,2,3,4,5,6] [258,259,260,261,262]
876.9603571428573 [0,1,2,3,4,5,6] [259,260,261,262,263,264,265,266,267,268]
876.7521000000002 [0,1,2,3] [243,244,245,246,247]
876.488 [0,1,2,3,4] [247,248,249]
876.1610495626823 [0,1,2,3,4,5,6] [257,258,259,260,261,262,263]
875.8414285714285 [0,1,2,3,4,5,6] [258,259,260,261,262,263,264,265,266,267,268]
874.8474250440919 [0,1,2,3,4,5,6] [256,257,258,259,260,261,262,263,264]
874.4961333333332 [0,1,2] [227,228,229,230,231]
874.3506349206347 [0,1,2,3,4,5,6] [260,261,262]
873.9414062500002 [0,1,2,3] [244,245,246,247]
873.8133333333332 [0,1,2] [228,229]
873.2024999999999 [0,1,2,3] [245]
872.4889285714287 [0,1,2,3,4,5,6] [256,257,258,259,260,261,262,263,264,265,266,267]
872.1075 [0,1,2] [227,228,229,230]
871.9308035714286 [0,1,2,3,4,5,6] [262,263,264,265,266,267,268,269]
870.4033333333332 [0,1,2] [222]
867.9052028218695 [0,1,2,3,4,5,6] [261,262,263,264,265,266,267,268,269]
866.8818367346937 [0,1,2,3] [243,244,245,246,247,248,249]
866.0256571428571 [0,1,2,3,4,5,6] [264,265,266,267,268]
865.9885813492067 [0,1,2,3,4,5,6] [255,256,257,258,259,260,261,262,263,264,265,266]
865.9280000000002 [0,1,2,3,4] [248,249]
865.4325396825396 [0,1,2,3,4,5,6] [265,266,267]
865.3584142857143 [0,1,2,3,4,5,6] [260,261,262,263,264,265,266,267,268,269]
863.8833057851241 [0,1,2,3,4,5,6] [255,256,257,258,259,260,261,262,263,264,265]
863.3802777777778 [0,1,2,3] [244,245,246,247,248,249]
863.2980000000001 [0,1,2,3,4] [249,250]
861.6016666666665 [0,1,2,3,4,5,6] [258,259,260]
861.518833819242 [0,1,2,3,4,5,6] [263,264,265,266,267,268,269]
861.2750295857993 [0,1,2,3,4,5,6] [256,257,258,259,260,261,262,263,264,265,266,267,268]
861.125 [0,1] [156]
859.0848148148148 [0,1,2] [226,227,228,229,230,231]
858.5893749999998 [0,1,2,3,4,5,6] [258,259,260,261,262,263,264,265,266,267,268,269]
