[Score] [Station index] [Time slots] 
680.8050000000002 [0,1,2,3,4,5,6,7] [256]
666.1250000000002 [0,1,2,3,4,5,6,7,8] [220]
657.0312500000002 [0,1,2,3,4,5,6,7] [255,256]
646.8005555555557 [0,1,2,3,4,5,6,7] [254,255,256]
641.7777777777778 [0,1,2,3,4,5,6,7,8] [222]
633.6800000000001 [0,1,2,3,4,5,6,7] [255]
632.493888888889 [0,1,2,3,4,5,6,7] [255,256,257]
631.9012499999999 [0,1,2,3,4,5,6,7] [256,257]
631.75 [0,1,2,3,4,5,6] [258]
631.0128125 [0,1,2,3,4,5,6,7] [254,255,256,257]
630.1249999999998 [0,1,2,3,4,5,6,7] [254,255]
629.2192063492065 [0,1,2,3,4,5,6] [256,257,258]
628.3512499999998 [0,1,2,3,4,5,6,7] [255,256,257,258]
627.9967999999999 [0,1,2,3,4,5,6,7] [254,255,256,257,258]
626.5799999999999 [0,1,2,3,4,5,6,7] [254]
625.0 [0,1,2,3,4,5,6,7,8] [222,223]
617.7612499999999 [0,1,2,3,4,5,6,7,8] [219,220]
614.4890123456792 [0,1,2,3,4,5,6,7,8] [220,221,222]
612.9750694444448 [0,1,2,3,4,5,6,7,8] [220,221,222,223]
610.0900000000001 [0,1,2,3,4,5,6,7,8] [250]
606.3603571428573 [0,1,2,3,4,5,6] [257,258]
604.5041777777778 [0,1,2,3,4,5,6,7,8] [219,220,221,222,223]
603.5211111111112 [0,1,2,3,4,5,6,7,8] [245]
602.3342013888893 [0,1,2,3,4,5,6,7] [254,255,256,257,258,259]
601.7157142857144 [0,1,2,3,4,5,6] [238]
601.3393827160494 [0,1,2,3,4,5,6,7,8] [221,222,223]
601.0669444444444 [0,1,2,3,4,5,6,7,8] [220,221]
597.8025000000002 [0,1,2,3,4,5,6,7,8] [221,222]
597.5424500000003 [0,1,2,3,4,5,6,7] [255,256,257,258,259]
591.0301234567902 [0,1,2,3,4,5,6,7,8] [219,220,221]
590.2475347222222 [0,1,2,3,4,5,6,7] [253,254,255,256,257,258]
590.1822321428571 [0,1,2,3,4,5,6] [256,257,258,259]
588.8711111111113 [0,1,2,3,4,5,6,7,8] [236]
588.8711111111111 [0,1,2,3,4,5,6,7,8] [220,221,222,223,224]
588.331975308642 [0,1,2,3,4,5,6,7,8] [243,244,245]
585.9089197530863 [0,1,2,3,4,5,6,7,8] [219,220,221,222,223,224]
585.2475781249999 [0,1,2,3,4,5,6,7] [253,254,255,256]
585.16205 [0,1,2,3,4,5,6,7] [253,254,255,256,257]
584.8336111111108 [0,1,2,3,4,5,6,7,8] [244,245]
584.8199999999998 [0,1,2,3,4,5,6,7] [257]
584.488185941043 [0,1,2,3,4,5,6,7,8] [254,255,256,257,258,259,260]
582.379693877551 [0,1,2,3,4,5,6,7] [252,253,254,255,256,257,258]
581.2155709876545 [0,1,2,3,4,5,6,7] [250,251,252,253,254,255,256,257,258]
580.8100000000002 [0,1,2,3,4,5,6,7,8] [255,256,257,258,259,260]
580.81 [0,1,2,3,4,5,6,7,8] [243,244]
580.7658007812499 [0,1,2,3,4,5,6,7] [251,252,253,254,255,256,257,258]
580.0069444444442 [0,1,2,3,4,5,6,7,8] [242,243,244,245]
577.1503125 [0,1,2,3,4,5,6,7] [250,251]
576.93798828125 [0,1,2,3,4,5,6,7] [250,251,252,253,254,255,256,257]
576.8672222222223 [0,1,2,3,4,5,6,7] [252,253,254,255,256,257]
576.8002777777778 [0,1,2,3,4,5,6,7,8] [238,239]
575.8163520408165 [0,1,2,3,4,5,6,7] [251,252,253,254,255,256,257]
575.8163520408162 [0,1,2,3,4,5,6,7] [250,251,252,253,254,255,256]
575.2831999999999 [0,1,2,3,4,5,6,7] [252,253,254,255,256]
575.2002777777778 [0,1,2,3,4,5,6,7,8] [242,243]
574.7207111111112 [0,1,2,3,4,5,6,7,8] [241,242,243,244,245]
574.4011111111112 [0,1,2,3,4,5,6,7,8] [221,222,223,224]
574.3225347222221 [0,1,2,3,4,5,6,7] [251,252,253,254,255,256]
573.4428444444445 [0,1,2,3,4,5,6,7,8] [256,257,258,259,260]
573.4191125000001 [0,1,2,3,4,5,6,7] [249,250,251,252,253,254,255,256,257,258]
572.8044444444442 [0,1,2,3,4,5,6,7,8] [253,254,255,256,257,258,259]
572.4056249999999 [0,1,2,3,4,5,6,7,8] [243,244,245,246]
572.2727160493828 [0,1,2,3,4,5,6,7,8] [242,243,244]
572.2062673611114 [0,1,2,3,4,5,6,7,8] [238,239,240,241,242,243,244,245]
571.2099999999998 [0,1,2,3,4,5,6,7,8] [219]
570.8820499999999 [0,1,2,3,4,5,6,7] [250,251,252,253,254,255,256,257,258,259]
570.6790123456791 [0,1,2,3,4,5,6,7,8] [240,241,242,243,244,245]
569.53125 [0,1,2,3,4,5,6,7] [251]
569.3437654320988 [0,1,2,3,4,5,6,7] [251,252,253,254,255,256,257,258,259]
569.3203320312499 [0,1,2,3,4,5,6,7] [252,253,254,255,256,257,258,259]
568.9815111111111 [0,1,2,3,4,5,6,7,8] [242,243,244,245,246]
568.8225000000002 [0,1,2,3,4,5,6,7,8] [254,255,256,257,258,259,260,261]
568.7814969135801 [0,1,2,3,4,5,6,7] [249,250,251,252,253,254,255,256,257]
568.0277777777779 [0,1,2,3,4,5,6,7,8] [241,242,243]
568.0277777777778 [0,1,2,3,4,5,6,7,8] [238,239,240,241,242,243]
567.8008163265308 [0,1,2,3,4,5,6,7,8] [238,239,240,241,242,243,244]
567.6306249999999 [0,1,2,3,4,5,6,7,8] [241,242,243,244]
567.03515625 [0,1,2,3,4,5,6,7,8] [253,254,255,256,257,258,259,260]
566.9690123456791 [0,1,2,3,4,5,6,7,8] [238,239,240,241,242,243,244,245,246]
566.7923632812499 [0,1,2,3,4,5,6,7] [249,250,251,252,253,254,255,256]
566.44 [0,1,2,3,4,5,6,7,8] [241,242,243,244,245,246]
565.6469444444443 [0,1,2,3,4,5,6,7,8] [218,219,220,221,222,223]
564.8544444444444 [0,1,2,3,4,5,6,7,8] [244,245,246]
564.7854958677686 [0,1,2,3,4,5,6,7] [249,250,251,252,253,254,255,256,257,258,259]
564.4584027777778 [0,1,2,3,4,5,6,7,8] [238,239,240,241]
564.2208444444443 [0,1,2,3,4,5,6,7,8] [240,241,242,243,244]
564.1756009070297 [0,1,2,3,4,5,6,7,8] [240,241,242,243,244,245,246]
564.0625 [0,1,2,3,4,5,6,7,8] [245,246]
563.9494104308391 [0,1,2,3,4,5,6,7,8] [239,240,241,242,243,244,245]
563.8466115702481 [0,1,2,3,4,5,6,7,8] [250,251,252,253,254,255,256,257,258,259,260]
563.6667361111113 [0,1,2,3,4,5,6,7,8] [240,241,242,243]
563.49716553288 [0,1,2,3,4,5,6,7,8] [255,256,257,258,259,260,261]
563.3605555555557 [0,1,2,3,4,5,6,7] [250,251,252]
563.2711111111109 [0,1,2,3,4,5,6,7,8] [264]
562.6384000000002 [0,1,2,3,4,5,6,7,8] [238,239,240,241,242]
562.322177777778 [0,1,2,3,4,5,6,7,8] [236,237,238,239,240,241,242,243,244,245]
562.13045 [0,1,2,3,4,5,6,7] [251,252,253,254,255,256,257,258,259,260]
561.6899999999999 [0,1,2,3,4,5,6,7,8] [234,235,236]
561.5144581618657 [0,1,2,3,4,5,6,7,8] [252,253,254,255,256,257,258,259,260]
561.4295867768594 [0,1,2,3,4,5,6,7] [248,249,250,251,252,253,254,255,256,257,258]
