[Score] [Station index] [Time slots] 
463.68444444444435 [0,1,2,3,4,5,6,7,8,9] [203]
422.5 [0,1,2,3,4,5,6,7,8,9] [202,203]
420.5522499999999 [0,1,2,3,4,5,6,7,8,9] [203,204]
408.74711111111094 [0,1,2,3,4,5,6,7,8,9] [202,203,204]
405.3511111111112 [0,1,2,3,4,5,6,7,8] [199]
403.34027777777777 [0,1,2,3,4,5,6,7,8] [198,199]
401.33444444444444 [0,1,2,3,4,5,6,7,8] [198]
395.6410000000001 [0,1,2,3,4,5,6,7,8,9] [227]
392.2934444444444 [0,1,2,3,4,5,6,7,8,9] [198,199,200]
391.8759999999999 [0,1,2,3,4,5,6,7,8,9] [224]
388.12899999999985 [0,1,2,3,4,5,6,7,8,9] [199,200]
386.884 [0,1,2,3,4,5,6,7,8,9] [239]
385.64099999999996 [0,1,2,3,4,5,6,7,8,9] [202]
382.54225 [0,1,2,3,4,5,6,7,8,9] [201,202,203,204]
381.924 [0,1,2,3,4,5,6,7,8,9] [204]
376.38224999999994 [0,1,2,3,4,5,6,7,8,9] [226,227]
375.15625 [0,1,2,3,4,5,6,7,8,9] [202,203,204,205]
375.0677777777778 [0,1,2,3,4,5,6,7,8] [196]
372.1 [0,1,2,3,4,5,6,7,8,9] [200]
370.5765625000001 [0,1,2,3,4,5,6,7,8,9] [224,225,226,227]
368.64000000000004 [0,1,2,3,5,6,7,8,9] [226]
364.8160000000001 [0,1,2,3,4,5,6,7,8,9] [208,209]
364.816 [0,1,2,3,4,5,6,7,8,9] [224,225]
364.2122499999999 [0,1,2,3,4,5,6,7,8,9] [238,239]
363.9616049382716 [0,1,2,3,4,5,6,7,8,9] [203,204,205]
363.609 [0,1,2,3,4,5,6,7,8,9] [225,226,227]
362.4040000000001 [0,1,2,3,4,5,6,7,8,9] [224,225,226]
359.28036 [0,1,2,3,4,5,6,7,8,9] [223,224,225,226,227]
358.80100000000004 [0,1,2,3,4,5,6,7,8,9] [237]
358.5443316326531 [0,1,2,3,4,5,6,7,8,9] [196,197,198,199,200,201,202,203,204,205,206,207,208,209]
358.1562130177516 [0,1,2,3,4,5,6,7,8,9] [198,199,200,201,202,203,204,205,206,207,208,209,210]
357.49528099173557 [0,1,2,3,4,5,6,7,8,9] [199,200,201,202,203,204,205,206,207,208,209]
356.44500000000005 [0,1,2,3,5,6,7,8,9] [195]
356.2498177777778 [0,1,2,3,4,5,6,7,8,9] [196,197,198,199,200,201,202,203,204,205,206,207,208,209,210]
355.8785308641975 [0,1,2,3,4,5,6,7,8,9] [199,200,201,202,203,204,205,206,207]
355.81225000000006 [0,1,2,3,4,5,6,7,8,9] [222,223,224,225,226,227]
355.3863061224491 [0,1,2,3,4,5,6,7,8,9] [197,198,199,200,201,202,203,204,205,206,207,208,209,210]
354.7195069444444 [0,1,2,3,4,5,6,7,8,9] [199,200,201,202,203,204,205,206,207,208,209,210]
354.62025 [0,1,2,3,4,5,6,7,8,9] [199,200,201,202,203,204,205,206,207,208]
352.91025390625 [0,1,2,3,4,5,6,7,8,9] [196,197,198,199,200,201,202,203,204,205,206,207,208,209,210,211]
352.8359999999999 [0,1,2,3,4,5,6,7,8,9] [223,224]
352.1375224913496 [0,1,2,3,4,5,6,7,8,9] [196,197,198,199,200,201,202,203,204,205,206,207,208,209,210,211,212]
351.88624 [0,1,2,3,4,5,6,7,8,9] [197,198,199,200,201,202,203,204,205,206,207,208,209,210,211]
351.8583252595156 [0,1,2,3,4,5,6,7,8,9] [195,196,197,198,199,200,201,202,203,204,205,206,207,208,209,210,211]
351.18792901234576 [0,1,2,3,4,5,6,7,8,9] [195,196,197,198,199,200,201,202,203,204,205,206,207,208,209,210,211,212]
351.13031640625 [0,1,2,3,4,5,6,7,8,9] [197,198,199,200,201,202,203,204,205,206,207,208,209,210,211,212]
350.8587777777778 [0,1,2,3,4,5,6,7,8,9] [207,208,209]
350.46400000000006 [0,1,2,3,4,5,6,7,8,9] [223,224,225,226]
350.46399999999994 [0,1,2,3,4,5,6,7,8,9] [224,225,226,227,228]
350.3563719008265 [0,1,2,3,4,5,6,7,8,9] [200,201,202,203,204,205,206,207,208,209,210]
349.95675510204074 [0,1,2,3,4,5,6,7,8,9] [199,200,201,202,203,204,205,206,207,208,209,210,211,212]
349.28099999999995 [0,1,2,3,4,5,6,7,8,9] [215]
349.1121632653061 [0,1,2,3,4,5,6,7,8,9] [221,222,223,224,225,226,227]
349.0840277777778 [0,1,2,3,4,5,6,7,8,9] [196,197,198,199,200,201,202,203,204,205,206,207,208,209,210,211,212,213]
348.4800000000001 [0,1,2,3,5,6,7,8] [197,198,199]
348.21800999999994 [0,1,2,3,4,5,6,7,8,9] [201,202,203,204,205,206,207,208,209,210]
348.1 [0,1,2,3,4,5,6,7,8,9] [225,226]
348.0999999999999 [0,1,2,3,4,5,6,7,8,9] [223,224,225]
347.96119031141865 [0,1,2,3,4,5,6,7,8,9] [197,198,199,200,201,202,203,204,205,206,207,208,209,210,211,212,213]
347.7067777777778 [0,1,2,3,4,5,6,7,8,9] [224,225,226,227,228,229]
346.92099999999994 [0,1,2,3,4,5,6,7,8,9] [201,202,203,204,205,206,207]
346.8032100000001 [0,1,2,3,4,5,6,7,8,9] [196,197,198,199,200,201,202,203,204,205,206,207,208,209,210,211,212,213,214,215]
346.6730443213297 [0,1,2,3,4,5,6,7,8,9] [196,197,198,199,200,201,202,203,204,205,206,207,208,209,210,211,212,213,214]
346.47939062499995 [0,1,2,3,4,5,6,7,8,9] [201,202,203,204,205,206,207,208]
346.44996000000003 [0,1,2,3,4,5,6,7,8,9] [199,200,201,202,203,204,205,206,207,208,209,210,211,212,213]
346.2481836734694 [0,1,2,3,4,5,6,7,8,9] [224,225,226,227,228,229,230]
346.24818367346927 [0,1,2,3,4,5,6,7,8,9] [195,196,197,198,199,200,201,202,203,204,205,206,207,208,209,210,211,212,213,214,215]
345.845 [0,1,2,3,5,6,7,8] [198,199,200,201]
345.744 [0,1,2,3,4,5,6,7,8,9] [222,223,224,225]
345.682108033241 [0,1,2,3,4,5,6,7,8,9] [197,198,199,200,201,202,203,204,205,206,207,208,209,210,211,212,213,214,215]
345.3373015873017 [0,1,2,3,4,5,6] [201,202,203]
344.6223657024793 [0,1,2,3,4,5,6,7,8,9] [194,195,196,197,198,199,200,201,202,203,204,205,206,207,208,209,210,211,212,213,214,215]
344.5690000000001 [0,1,2,3,4,5,6,7,8,9] [223,224,225,226,227,228]
343.98224999999996 [0,1,2,3,4,5,6,7,8,9] [196,197]
343.73093877551037 [0,1,2,3,4,5,6,7,8,9] [222,223,224,225,226,227,228]
343.54251562499996 [0,1,2,3,4,5,6,7,8,9] [220,221,222,223,224,225,226,227]
343.396 [0,1,2,3,4,5,6,7,8,9] [208]
343.0612244897959 [0,1,2,3,4,5,6,7,8,9] [223,224,225,226,227,228,229]
342.5175624999999 [0,1,2,3,4,5,6,7,8,9] [222,223,224,225,226,227,228,229]
342.3712656249999 [0,1,2,3,4,5,6,7,8,9] [223,224,225,226,227,228,229,230]
342.2250000000001 [0,1,2,3,4,5,6,7,8,9] [238]
342.0578775510204 [0,1,2,3,4,5,6,7,8,9] [196,197,198,199,200,201,202,203,204,205,206,207,208,209,210,211,212,213,214,215,216]
341.965049382716 [0,1,2,3,4,5,6,7,8,9] [222,223,224,225,226,227,228,229,230]
341.74653099173554 [0,1,2,3,4,5,6,7,8,9] [195,196,197,198,199,200,201,202,203,204,205,206,207,208,209,210,211,212,213,214,215,216]
341.64025000000004 [0,1,2,3,4,5,6,7,8,9] [221,222,223,224,225,226]
341.056 [0,1,2,3,4,5,6,7,8,9] [226,227,228]
341.0559999999999 [0,1,2,3,4,5,6,7,8,9] [195,196,197]
340.71006944444446 [0,1,2,3,4,5,6,7,8,9] [202,203,204,205,206,207,208,209]
340.70061436672967 [0,1,2,3,4,5,6,7,8,9] [193,194,195,196,197,198,199,200,201,202,203,204,205,206,207,208,209,210,211,212,213,214,215]
340.47225000000003 [0,1,2,3,4,5,6,7,8,9] [225,226,227,228]
340.396145557656 [0,1,2,3,4,5,6,7,8,9] [194,195,196,197,198,199,200,201,202,203,204,205,206,207,208,209,210,211,212,213,214,215,216]
340.20571428571424 [0,1,2,3,4,5,6] [207]
339.50892857142856 [0,1,2,3,4,5,6] [200,201,202,203]
339.4518906249999 [0,1,2,3,4,5,6,7,8,9] [221,222,223,224,225,226,227,228]
339.3062500000001 [0,1,2,3,4,5,6,7,8,9] [226,227,228,229]
339.3062499999999 [0,1,2,3,4,5,6,7,8,9] [208,209,210,211]
339.3012499999999 [0,1,2,3,4,5,6,7] [223]
339.1897599999999 [0,1,2,3,4,5,6,7,8,9] [225,226,227,228,229]
338.95683999999994 [0,1,2,3,4,5,6,7,8,9] [226,227,228,229,230]
338.91802777777787 [0,1,2,3,4,5,6,7,8,9] [225,226,227,228,229,230]
