[Score] [Station index] [Time slots] 
731.025 [0,1,2,3,4,5,6,7,8,9] [9]
699.6024999999998 [0,1,2,3,4,5,6,7,8,9] [9,10]
698.0602499999998 [0,1,2,3,4,5,6,7,8,9] [8,9]
686.4399999999999 [0,1,2,3,4,5,6,7,8,9] [9,10,11]
685.5839999999997 [0,1,2,3,4,5,6,7,8,9] [8,9,10]
678.9759999999999 [0,1,2,3,4,5,6,7,8,9] [8,9,10,11]
670.8099999999998 [0,1,2,3,4,5,6,7,8,9] [10]
665.8560000000001 [0,1,2,3,4,5,6,7,8,9] [8]
665.856 [0,1,2,3,4,5,6,7,8,9] [7,8,9]
665.6400000000001 [0,1,2,3,4,5,6,7,8,9] [10,11]
664.8771600000003 [0,1,2,3,4,5,6,7,8,9] [8,9,10,11,12]
664.6325625000002 [0,1,2,3,4,5,6,7,8,9] [9,10,11,12]
663.5731599999999 [0,1,2,3,4,5,6,7,8,9] [7,8,9,10,11]
660.4900000000002 [0,1,2,3,4,5,6,7,8,9] [11]
654.4809999999999 [0,1,2,3,4,5,6,7,8,9] [7,8,9,10,11,12]
649.6359999999999 [0,1,2,3,4,5,6,7,8,9] [0,1]
647.4884444444444 [0,1,2,3,4,5,6,7,8,9] [6,7,8,9,10,11]
645.1302400000002 [0,1,2,3,4,5,6,7,8,9] [6,7,8,9,10]
643.2040000000001 [0,1,2,3,4,5,6,7,8,9] [10,11,12]
642.0587959183672 [0,1,2,3,4,5,6,7,8,9] [6,7,8,9,10,11,12]
641.2005624999998 [0,1,2,3,4,5,6,7,8,9] [6,7,8,9]
640.0 [0,1,2,3,4,5,6,7,8,9] [5,6,7,8,9,10,11]
636.8040000000002 [0,1,2,3,4,5,6,7,8,9] [5,6,7,8,9,10]
636.2056406250001 [0,1,2,3,4,5,6,7,8,9] [5,6,7,8,9,10,11,12]
634.4122500000001 [0,1,2,3,4,5,6,7,8,9] [11,12]
634.4122499999999 [0,1,2,3,4,5,6,7,8,9] [7,8]
633.6159999999999 [0,1,2,3,4,5,6,7,8,9] [0]
632.025 [0,1,2,3,4,5,6,7,8,9] [8,9,10,11,12,13]
627.9430408163266 [0,1,2,3,4,5,6,7,8,9] [7,8,9,10,11,12,13]
625.3646399999998 [0,1,2,3,4,5,6,7,8,9] [9,10,11,12,13]
621.9951111111112 [0,1,2,3,4,5,6,7,8,9] [0,1,2]
620.5500624999999 [0,1,2,3,4,5,6,7,8,9] [6,7,8,9,10,11,12,13]
620.3531406250003 [0,1,2,3,4,5,6,7,8,9] [4,5,6,7,8,9,10,11]
619.1941234567903 [0,1,2,3,4,5,6,7,8,9] [4,5,6,7,8,9,10,11,12]
617.796 [0,1,2,3,4,5,6,7,8,9] [5,6,7,8,9,10,11,12,13]
617.5714489795919 [0,1,2,3,4,5,6,7,8,9] [8,9,10,11,12,13,14]
616.2249999999998 [0,1,2,3,4,5,6,7,8,9] [1,2]
615.8325624999997 [0,1,2,3,4,5,6,7,8,9] [7,8,9,10,11,12,13,14]
614.8800204081632 [0,1,2,3,4,5,6,7,8,9] [4,5,6,7,8,9,10]
611.3936736111111 [0,1,2,3,4,5,6,7,8,9] [0,1,2,3,4,5,6,7,8,9,10,11]
611.2834082840237 [0,1,2,3,4,5,6,7,8,9] [0,1,2,3,4,5,6,7,8,9,10,11,12]
610.6554197530862 [0,1,2,3,4,5,6,7,8,9] [6,7,8,9,10,11,12,13,14]
609.9610000000001 [0,1,2,3,4,5,6,7,8,9] [12]
609.7006944444441 [0,1,2,3,4,5,6,7,8,9] [9,10,11,12,13,14]
609.4404444444447 [0,1,2,3,4,5,6,7,8,9] [1,2,3,4,5,6,7,8,9,10,11,12]
609.3931322314047 [0,1,2,3,4,5,6,7,8,9] [1,2,3,4,5,6,7,8,9,10,11]
609.18025 [0,1,2,3,4,5,6,7,8,9] [5,6,7,8,9,10,11,12,13,14]
608.0880399999999 [0,1,2,3,4,5,6,7,8,9] [3,4,5,6,7,8,9,10,11,12]
607.8801111111112 [0,1,2,3,4,5,6,7,8,9] [3,4,5,6,7,8,9,10,11]
607.3604444444443 [0,1,2,3,4,5,6,7,8,9] [4,5,6,7,8,9]
607.1243057851242 [0,1,2,3,4,5,6,7,8,9] [0,1,2,3,4,5,6,7,8,9,10]
604.50625 [0,1,2,3,4,5,6,7,8,9] [4,5,6,7,8,9,10,11,12,13]
604.4355702479337 [0,1,2,3,4,5,6,7,8,9] [2,3,4,5,6,7,8,9,10,11,12]
603.8844099999999 [0,1,2,3,4,5,6,7,8,9] [2,3,4,5,6,7,8,9,10,11]
603.211111111111 [0,1,2,3,4,5,6,7,8,9] [7,8,9,10,11,12,13,14,15]
603.1463906250001 [0,1,2,3,4,5,6,7,8,9] [8,9,10,11,12,13,14,15]
601.86564 [0,1,2,3,4,5,6,7,8,9] [0,1,2,3,4,5,6,7,8,9]
601.594140625 [0,1,2,3,4,5,6,7,8,9] [3,4,5,6,7,8,9,10]
601.4002499999999 [0,1,2,3,4,5,6,7,8,9] [0,1,2,3,4,5,6,7,8,9,10,11,12,13]
600.2375624999999 [0,1,2,3,4,5,6,7,8,9] [10,11,12,13]
599.8502499999998 [0,1,2,3,4,5,6,7,8,9] [6,7,8,9,10,11,12,13,14,15]
599.498256198347 [0,1,2,3,4,5,6,7,8,9] [5,6,7,8,9,10,11,12,13,14,15]
598.9569289940827 [0,1,2,3,4,5,6,7,8,9] [1,2,3,4,5,6,7,8,9,10,11,12,13]
598.58 [0,1,2,3,5,6,7,8] [68]
598.3881975308642 [0,1,2,3,4,5,6,7,8,9] [1,2,3,4,5,6,7,8,9]
597.9507107438017 [0,1,2,3,4,5,6,7,8,9] [4,5,6,7,8,9,10,11,12,13,14]
597.8726049382716 [0,1,2,3,4,5,6,7,8,9] [2,3,4,5,6,7,8,9,10]
596.8077511111112 [0,1,2,3,4,5,6,7,8,9] [0,1,2,3,4,5,6,7,8,9,10,11,12,13,14]
595.8436446280991 [0,1,2,3,4,5,6,7,8,9] [3,4,5,6,7,8,9,10,11,12,13]
594.4409999999999 [0,1,2,3,4,5,6,7,8,9] [9,10,11,12,13,14,15]
594.2207346938776 [0,1,2,3,4,5,6,7,8,9] [1,2,3,4,5,6,7,8,9,10,11,12,13,14]
593.6702500000002 [0,1,2,3,4,5,6,7,8,9] [0,1,2,3]
593.5418402777776 [0,1,2,3,4,5,6,7,8,9] [2,3,4,5,6,7,8,9,10,11,12,13]
593.3400816326532 [0,1,2,3,4,5,6,7,8,9] [3,4,5,6,7,8,9]
590.9765625 [0,1,2,3,4,5,6,7,8,9] [0,1,2,3,4,5,6,7,8,9,10,11,12,13,14,15]
590.5922500000001 [0,1,2,3,4,5,6,7,8,9] [3,4,5,6,7,8,9,10,11,12,13,14]
590.2080625000001 [0,1,2,3,4,5,6,7,8,9] [2,3,4,5,6,7,8,9]
590.0800277777778 [0,1,2,3,4,5,6,7,8,9] [4,5,6,7,8,9,10,11,12,13,14,15]
588.879147928994 [0,1,2,3,4,5,6,7,8,9] [2,3,4,5,6,7,8,9,10,11,12,13,14]
588.289 [0,1,2,3,4,5,6,7,8,9] [0,1,2,3,4,5,6,7,8]
588.1867377777777 [0,1,2,3,4,5,6,7,8,9] [1,2,3,4,5,6,7,8,9,10,11,12,13,14,15]
586.7560000000001 [0,1,2,3,4,5,6,7,8,9] [10,11,12,13,14]
583.9311005917159 [0,1,2,3,4,5,6,7,8,9] [3,4,5,6,7,8,9,10,11,12,13,14,15]
582.8231836734693 [0,1,2,3,4,5,6,7,8,9] [2,3,4,5,6,7,8,9,10,11,12,13,14,15]
582.7413906249999 [0,1,2,3,4,5,6,7,8,9] [1,2,3,4,5,6,7,8]
580.644 [0,1,2,3,4,5,6,7,8,9] [1,2,3]
580.6439999999999 [0,1,2,3,4,5,6,7,8,9] [11,12,13]
578.930765625 [0,1,2,3,4,5,6,7,8,9] [0,1,2,3,4,5,6,7]
577.3466944444444 [0,1,2,3,4,5,6,7,8,9] [5,6,7,8,9,10,11,12,13,14,15,16]
576.3340277777778 [0,1,2,3,4,5,6,7,8,9] [0,1,2,3,4,5]
576.2328099999997 [0,1,2,3,4,5,6,7,8,9] [7,8,9,10,11,12,13,14,15,16]
575.9024256055366 [0,1,2,3,4,5,6,7,8,9] [0,1,2,3,4,5,6,7,8,9,10,11,12,13,14,15,16]
575.6670743801653 [0,1,2,3,4,5,6,7,8,9] [6,7,8,9,10,11,12,13,14,15,16]
575.430612244898 [0,1,2,3,4,5,6,7,8,9] [0,1,2,3,4,5,6]
573.2172345679012 [0,1,2,3,4,5,6,7,8,9] [8,9,10,11,12,13,14,15,16]
573.0490000000001 [0,1,2,3,4,5,6,7,8,9] [10,11,12,13,14,15]
572.91125 [0,1,2,3,5,6,7,8] [73]
572.9112499999998 [0,1,2,3,5,6,7,8] [72,73,74,75,76]
572.4435599999999 [0,1,2,3,4,5,6,7,8,9] [0,1,2,3,4]
572.38681640625 [0,1,2,3,4,5,6,7,8,9] [1,2,3,4,5,6,7,8,9,10,11,12,13,14,15,16]
