[Score] [Station index] [Time slots] 
1313.2812500000005 [0,1,2,3,4,5,6,7] [242]
1281.424 [0,1,2,3,4,5,6,7,8,9] [207]
1246.2228571428568 [0,1,2,3,4,6,7] [221]
1240.9959999999996 [0,1,2,3,4,5,6,7,8,9] [217]
1225.449 [0,1,2,3,4,5,6,7,8,9] [229]
1221.025 [0,1,2,3,4,5,6,7,8,9] [204]
1209.8400000000001 [0,1,2,3,5,6,7,8] [224]
1209.0903125000002 [0,1,2,3,4,6,7,8] [246,247,248,249]
1206.2234722222227 [0,1,2,3,4,6,7,8] [246,247,248]
1200.5 [0,1,2,3,5,6,7,8] [247,248]
1195.7422499999998 [0,1,2,3,4,5,6,7,8,9] [207,208]
1187.0102499999998 [0,1,2,3,4,5,6,7,8,9] [228,229]
1185.8449999999998 [0,1,2,3,5,6,7,8] [248]
1178.3102499999995 [0,1,2,3,4,5,6,7,8,9] [206,207]
1172.889 [0,1,2,3,4,5,6,7,8,9] [203,204]
1159.9289999999994 [0,1,2,3,4,5,6,7,8,9] [204,205,206,207]
1159.1755111111113 [0,1,2,3,4,5,6,7,8] [246,247,248,249,250]
1156.3417777777775 [0,1,2,3,4,5,6,7,8,9] [206,207,208]
1154.8818000000003 [0,1,2,3,4,6,7,8] [245,246,247,248,249]
1153.9231558641975 [0,1,2,3,4,5,6,7,8] [239,240,241,242,243,244,245,246,247,248,249,250]
1153.0464399999998 [0,1,2,3,4,5,6,7,8,9] [203,204,205,206,207]
1150.4707600000002 [0,1,2,3,4,5,6,7,8,9] [204,205,206,207,208]
1149.1840000000004 [0,1,2,3,4,5,6,7,8,9] [229,230]
1149.184 [0,1,2,3,4,5,6,7,8,9] [228,229,230]
1149.1839999999997 [0,1,2,3,4,5,6,7,8,9] [228]
1146.8799999999999 [0,1,2,3,4,6,7] [221,222]
1146.3271111111112 [0,1,2,3,4,5,6,7,8,9] [203,204,205,206,207,208]
1144.5433611111107 [0,1,2,3,4,5,6,7,8,9] [204,205,206,207,208,209]
1141.8448979591835 [0,1,2,3,4,5,6,7,8,9] [203,204,205,206,207,208,209]
1141.6922499999998 [0,1,2,3,4,5,6,7,8,9] [204,205]
1139.9121111111112 [0,1,2,3,4,5,6,7,8,9] [205,206,207]
1139.4344531250001 [0,1,2,3,4,6,7,8] [245,246,247,248]
1136.356 [0,1,2,3,4,5,6,7,8,9] [203,204,205]
1133.1602499999995 [0,1,2,3,4,5,6,7,8,9] [205,206,207,208]
1133.0081836734694 [0,1,2,3,4,5,6,7,8,9] [204,205,206,207,208,209,210]
1132.0959999999998 [0,1,2,3,4,5,6,7,8,9] [203,204,205,206,207,208,209,210]
1129.9690000000003 [0,1,2,3,4,5,6,7,8,9] [207,208,209,210,211]
1129.5438399999998 [0,1,2,3,4,5,6,7,8,9] [205,206,207,208,209]
1129.3616530612242 [0,1,2,3,4,5,6,7,8,9] [201,202,203,204,205,206,207]
1128.4812900000002 [0,1,2,3,4,5,6,7,8,9] [204,205,206,207,208,209,210,211,212,213]
1128.2302148760332 [0,1,2,3,4,5,6,7,8,9] [203,204,205,206,207,208,209,210,211,212,213]
1128.1980277777775 [0,1,2,3,4,5,6,7,8,9] [202,203,204,205,206,207]
1127.8440000000005 [0,1,2,3,4,5,6,7,8,9] [207,208,209,210,211,212]
1127.3130624999997 [0,1,2,3,4,5,6,7,8,9] [201,202,203,204,205,206,207,208]
1126.5168906249996 [0,1,2,3,4,5,6,7,8,9] [204,205,206,207,208,209,210,211]
1126.4284444444445 [0,1,2,3,4,5,6,7,8,9] [203,204,205,206,207,208,209,210,211]
1126.0241632653058 [0,1,2,3,4,5,6,7,8,9] [202,203,204,205,206,207,208]
1125.9567901234568 [0,1,2,3,4,5,6,7,8,9] [201,202,203,204,205,206,207,208,209]
1125.50881 [0,1,2,3,4,5,6,7,8,9] [203,204,205,206,207,208,209,210,211,212]
1125.4852345679012 [0,1,2,3,4,5,6,7,8,9] [204,205,206,207,208,209,210,211,212]
1124.66025 [0,1,2,3,4,5,6,7,8,9] [202,203,204,205,206,207,208,209]
1122.0105625 [0,1,2,3,4,5,6,7,8,9] [203,204,205,206]
1121.4809999999998 [0,1,2,3,4,5,6,7,8,9] [206,207,208,209,210,211]
1120.8759387755103 [0,1,2,3,4,5,6,7,8,9] [206,207,208,209,210,211,212]
1120.7751111111113 [0,1,2,3,4,5,6,7,8,9] [204,205,206]
1119.7872400000003 [0,1,2,3,4,5,6,7,8,9] [201,202,203,204,205,206,207,208,209,210]
1119.3640000000003 [0,1,2,3,4,5,6,7,8,9] [201,202,203,204,205,206,207,208,209,210,211,212,213]
1118.6587777777775 [0,1,2,3,4,5,6,7,8,9] [205,206,207,208,209,210]
1117.9537777777778 [0,1,2,3,4,5,6,7,8,9] [202,203,204,205,206,207,208,209,210,211,212,213]
1117.2489999999998 [0,1,2,3,4,5,6,7,8,9] [212]
1116.5444444444443 [0,1,2,3,4,5,6,7,8,9] [202,203,204]
1116.368340277778 [0,1,2,3,4,5,6,7,8,9] [201,202,203,204,205,206,207,208,209,210,211,212]
1116.2882975206612 [0,1,2,3,4,5,6,7,8,9] [201,202,203,204,205,206,207,208,209,210,211]
1114.5600743801654 [0,1,2,3,4,5,6,7,8,9] [202,203,204,205,206,207,208,209,210,211,212]
1114.29136 [0,1,2,3,4,5,6,7,8,9] [202,203,204,205,206,207,208,209,210,211]
1113.8163906250002 [0,1,2,3,4,5,6,7,8,9] [205,206,207,208,209,210,211,212]
1113.326448979592 [0,1,2,3,4,5,6,7,8,9] [205,206,207,208,209,210,211]
1113.0250000000003 [0,1,2,3,4,5,6,7,8,9] [208]
1111.3200000000002 [0,1,2,3,4,6,7] [220,221]
1110.952386621315 [0,1,2,3,4,5,6,7,8] [239,240,241,242,243,244,245,246,247,248,249,250,251,252]
1110.0729600000002 [0,1,2,3,4,5,6,7,8,9] [201,202,203,204,205]
1106.2857142857142 [0,1,2,3,4,6,7] [221,222,223]
1105.0214399999998 [0,1,2,3,4,5,6,7,8,9] [200,201,202,203,204,205,206,207,208,209]
1104.9513611111106 [0,1,2,3,4,5,6,7,8,9] [201,202,203,204,205,206]
1104.9013061224491 [0,1,2,3,4,5,6,7,8,9] [200,201,202,203,204,205,206,207,208,209,210,211,212,213]
1103.9004444444447 [0,1,2,3,4,5,6,7,8,9] [200,201,202,203,204,205,206,207,208]
1103.5502500000002 [0,1,2,3,4,5,6,7,8,9] [202,203,204,205]
1102.762515625 [0,1,2,3,4,5,6,7,8,9] [200,201,202,203,204,205,206,207]
1101.3548429752068 [0,1,2,3,4,5,6,7,8,9] [200,201,202,203,204,205,206,207,208,209,210]
1101.046633136095 [0,1,2,3,4,5,6,7,8,9] [200,201,202,203,204,205,206,207,208,209,210,211,212]
1100.1212844444447 [0,1,2,3,4,5,6,7,8,9] [199,200,201,202,203,204,205,206,207,208,209,210,211,212,213]
1099.7017777777778 [0,1,2,3,4,5,6,7,8,9] [200,201,202,203,204,205,206,207,208,209,210,211]
1099.3522500000001 [0,1,2,3,4,5,6,7,8,9] [198,199,200,201,202,203,204,205,206,207,208,209,210,211,212,213]
1098.9066666666668 [0,1,2,3,5,6,7,8] [223,224]
1098.72324 [0,1,2,3,4,5,6,7,8,9] [202,203,204,205,206]
1098.5834844444448 [0,1,2,3,4,5,6,7,8,9] [200,201,202,203,204,205,206,207,208,209,210,211,212,213,214]
1098.4945537190083 [0,1,2,3,4,5,6,7,8,9] [199,200,201,202,203,204,205,206,207,208,209]
1098.3040000000005 [0,1,2,3,4,5,6,7,8,9] [208,209,210,211,212]
1097.6054444444444 [0,1,2,3,4,5,6,7,8,9] [198,199,200,201,202,203,204,205,206,207,208,209]
1096.83729 [0,1,2,3,4,5,6,7,8,9] [199,200,201,202,203,204,205,206,207,208]
1096.209 [0,1,2,3,4,5,6,7,8,9] [199,200,201,202,203,204,205,206,207,208,209,210,211,212]
1096.0186446280998 [0,1,2,3,4,5,6,7,8,9] [198,199,200,201,202,203,204,205,206,207,208]
1095.6855625 [0,1,2,3,4,5,6,7,8,9] [199,200,201,202,203,204,205,206,207,208,209,210]
1095.650671111111 [0,1,2,3,4,5,6,7,8,9] [198,199,200,201,202,203,204,205,206,207,208,209,210,211,212]
1095.08175147929 [0,1,2,3,4,5,6,7,8,9] [198,199,200,201,202,203,204,205,206,207,208,209,210]
1095.0459753086413 [0,1,2,3,4,5,6,7,8,9] [199,200,201,202,203,204,205,206,207]
1095.0003571428574 [0,1,2,3,4,6,7] [242,243]
1094.6141519274377 [0,1,2,3,4,5,6,7,8,9] [197,198,199,200,201,202,203,204,205,206,207,208,209,210,211,212,213,214,215,216,217]
1094.5988224852072 [0,1,2,3,4,5,6,7,8,9] [199,200,201,202,203,204,205,206,207,208,209,210,211]
1094.5082851562495 [0,1,2,3,4,5,6,7,8,9] [199,200,201,202,203,204,205,206,207,208,209,210,211,212,213,214]
