[Score] [Station index] [Time slots] 
935.0889999999997 [0,1,2,3,4,5,6,7,8,9] [253]
934.3211111111112 [0,1,2,3,4,5,6,7,8] [256]
922.1344444444445 [0,1,2,3,4,5,6,7,8] [256,257]
910.027777777778 [0,1,2,3,4,5,6,7,8] [257]
891.1360000000001 [0,1,2,3,4,5,6,7,8,9] [253,254]
865.83025 [0,1,2,3,4,5,6,7,8,9] [252,253]
860.4444444444445 [0,1,2,3,4,5,6,7,8] [255,256,257]
859.9471111111112 [0,1,2,3,4,5,6,7,8,9] [252,253,254]
859.3290000000001 [0,1,2,3,4,5,6,7,8,9] [234]
858.4899999999999 [0,1,2,3,4,5,6,7,8] [254,255,256,257]
850.6944444444445 [0,1,2,3,4,5,6,7,8] [256,257,258]
849.34656 [0,1,2,3,4,5,6,7,8,9] [253,254,255,256,257]
848.2410000000002 [0,1,2,3,4,5,6,7,8,9] [254]
848.241 [0,1,2,3,4,5,6,7,8,9] [250]
847.32025 [0,1,2,3,4,5,6,7,8,9] [253,254,255,256]
841.9669444444444 [0,1,2,3,4,5,6,7,8] [253,254,255,256,257,258]
841.6445679012345 [0,1,2,3,4,5,6,7,8] [254,255,256]
840.8890000000001 [0,1,2,3,4,5,6,7,8,9] [261]
837.5910399999999 [0,1,2,3,4,5,6,7,8,9] [252,253,254,255,256]
836.1736111111114 [0,1,2,3,4,5,6,7,8] [255,256]
835.3960000000001 [0,1,2,3,4,5,6,7,8,9] [240]
834.4822500000002 [0,1,2,3,4,5,6,7,8,9] [261,262]
832.9604444444445 [0,1,2,3,4,5,6,7,8,9] [253,254,255]
829.0560444444443 [0,1,2,3,4,5,6,7,8] [254,255,256,257,258]
828.8281600000004 [0,1,2,3,4,5,6,7,8,9] [250,251,252,253,254]
828.1000000000001 [0,1,2,3,4,5,6,7,8,9] [262]
826.2810000000002 [0,1,2,3,4,5,6,7,8,9] [250,251,252,253,254,255,256,257]
825.6044444444442 [0,1,2,3,4,5,6,7,8] [253,254,255,256,257,258,259]
824.4639999999997 [0,1,2,3,4,5,6,7,8,9] [252,253,254,255]
824.0100625000002 [0,1,2,3,4,5,6,7,8,9] [250,251,252,253]
824.0100624999999 [0,1,2,3,4,5,6,7,8,9] [251,252,253,254]
823.2117361111111 [0,1,2,3,4,5,6,7,8] [255,256,257,258]
823.1673673469389 [0,1,2,3,4,5,6,7,8,9] [251,252,253,254,255,256,257]
822.3466944444442 [0,1,2,3,4,5,6,7,8,9] [249,250,251,252,253,254]
822.2459382716049 [0,1,2,3,4,5,6,7,8,9] [249,250,251,252,253,254,255,256,257]
821.8717551020411 [0,1,2,3,4,5,6,7,8,9] [250,251,252,253,254,255,256]
821.53890625 [0,1,2,3,4,5,6,7,8] [252,253,254,255,256,257,258,259]
819.867777777778 [0,1,2,3,4,5,6,7,8] [256,257,258,259]
819.0250000000003 [0,1,2,3,4,5,6,7,8,9] [249,250]
817.8941406249997 [0,1,2,3,4,5,6,7,8,9] [249,250,251,252,253,254,255,256]
817.5173611111112 [0,1,2,3,4,5,6,7,8,9] [251,252,253,254,255,256]
817.2160000000001 [0,1,2,3,4,5,6,7,8,9] [249,250,251,252,253]
816.0111111111113 [0,1,2,3,4,5,6,7,8,9] [251,252,253]
815.1025000000001 [0,1,2,3,4,5,6,7,8] [250,251,252,253,254,255,256,257,258,259]
814.1195102040816 [0,1,2,3,4,5,6,7,8,9] [252,253,254,255,256,257,258]
812.6722770919068 [0,1,2,3,4,5,6,7,8] [253,254,255,256,257,258,259,260,261]
812.4017777777776 [0,1,2,3,4,5,6,7,8,9] [261,262,263]
812.25 [0,1,2,3,4,5,6,7,8] [254,255,256,257,258,259]
811.8700444444443 [0,1,2,3,4,5,6,7,8] [253,254,255,256,257,258,259,260,261,262]
811.6167901234569 [0,1,2,3,4,5,6,7,8] [251,252,253,254,255,256,257,258,259]
810.7307111111108 [0,1,2,3,4,5,6,7,8] [252,253,254,255,256,257,258,259,260,261]
810.6001111111111 [0,1,2,3,4,5,6,7,8,9] [250,251,252,253,254,255]
810.3511111111112 [0,1,2,3,4,5,6,7,8] [257,258]
808.69140625 [0,1,2,3,4,5,6,7,8] [253,254,255,256,257,258,259,260]
807.6873673469387 [0,1,2,3,4,5,6,7,8,9] [249,250,251,252,253,254,255]
807.2024197530862 [0,1,2,3,4,5,6,7,8,9] [250,251,252,253,254,255,256,257,258]
806.980795610425 [0,1,2,3,4,5,6,7,8] [252,253,254,255,256,257,258,259,260]
805.5062500000003 [0,1,2,3,4,5,6,7,8,9] [249,250,251,252,253,254,255,256,257,258]
804.609 [0,1,2,3,4,5,6,7,8,9] [248,249,250,251,252,253,254,255,256,257]
804.2896 [0,1,2,3,4,5,6,7,8] [255,256,257,258,259]
803.8084113865933 [0,1,2,3,4,5,6,7,8] [250,251,252,253,254,255,256,257,258,259,260]
803.6365932047753 [0,1,2,3,4,5,6,7,8] [251,252,253,254,255,256,257,258,259,260,261]
803.1744400000003 [0,1,2,3,4,5,6,7,8,9] [251,252,253,254,255]
802.8159999999999 [0,1,2,3,4,5,6,7,8,9] [246]
802.777777777778 [0,1,2,3,4,5,6,7,8] [256,257,258,259,260,261,262]
802.4629938271605 [0,1,2,3,4,5,6,7,8] [256,257,258,259,260,261]
802.1441406250003 [0,1,2,3,4,5,6,7,8,9] [251,252,253,254,255,256,257,258]
801.5190123456791 [0,1,2,3,4,5,6,7,8] [254,255,256,257,258,259,260,261,262]
801.1258506944446 [0,1,2,3,4,5,6,7,8] [254,255,256,257,258,259,260,261]
801.025 [0,1,2,3,4,5,6,7,8,9] [246,247,248,249,250,251,252,253,254,255,256,257]
800.8622809917357 [0,1,2,3,4,5,6,7,8,9] [247,248,249,250,251,252,253,254,255,256,257]
799.5698777777777 [0,1,2,3,4,5,6,7,8] [251,252,253,254,255,256,257,258,259,260]
799.2360000000001 [0,1,2,3,4,5,6,7,8,9] [232]
799.2359999999999 [0,1,2,3,4,5,6,7,8,9] [252]
798.8387160493825 [0,1,2,3,4,5,6,7,8,9] [248,249,250,251,252,253,254,255,256]
798.3422500000001 [0,1,2,3,4,5,6,7,8,9] [262,263]
798.0625000000003 [0,1,2,3,4,5,6,7,8] [256,257,258,259,260,261,262,263]
797.874177777778 [0,1,2,3,4,5,6,7,8] [254,255,256,257,258,259,260,261,262,263]
797.19387755102 [0,1,2,3,4,5,6,7,8,9] [248,249,250,251,252,253,254]
795.9883966942151 [0,1,2,3,4,5,6,7,8,9] [246,247,248,249,250,251,252,253,254,255,256]
795.3072399999999 [0,1,2,3,4,5,6,7,8,9] [247,248,249,250,251,252,253,254,255,256]
795.2400000000002 [0,1,2,3,4,5,6,7,8] [255,256,257,258,259,260,261,262]
794.9714512471656 [0,1,2,3,4,5,6,7,8] [254,255,256,257,258,259,260]
794.1124000000001 [0,1,2,3,4,5,6,7,8] [256,257,258,259,260]
794.0790123456791 [0,1,2,3,4,5,6,7,8,9] [246,247,248,249,250,251,252,253,254]
794.0430082644627 [0,1,2,3,4,5,6,7,8,9] [252,253,254,255,256,257,258,259,260,261,262]
793.8977097505672 [0,1,2,3,4,5,6,7,8] [255,256,257,258,259,260,261]
793.8809999999999 [0,1,2,3,4,5,6,7,8,9] [238]
793.233132231405 [0,1,2,3,4,5,6,7,8,9] [249,250,251,252,253,254,255,256,257,258,259]
792.99025 [0,1,2,3,4,5,6,7,8,9] [247,248,249,250,251,252,253,254]
792.3738698224853 [0,1,2,3,4,5,6,7,8,9] [250,251,252,253,254,255,256,257,258,259,260,261,262]
792.2271479591839 [0,1,2,3,4,5,6,7,8,9] [249,250,251,252,253,254,255,256,257,258,259,260,261,262]
791.951673611111 [0,1,2,3,4,5,6,7,8,9] [252,253,254,255,256,257,258,259,260,261,262,263]
791.901289437586 [0,1,2,3,4,5,6,7,8] [255,256,257,258,259,260,261,262,263]
791.2911157024796 [0,1,2,3,4,5,6,7,8,9] [253,254,255,256,257,258,259,260,261,262,263]
791.1293884297522 [0,1,2,3,4,5,6,7,8,9] [248,249,250,251,252,253,254,255,256,257,258]
790.7020459183675 [0,1,2,3,4,5,6,7,8,9] [250,251,252,253,254,255,256,257,258,259,260,261,262,263]
790.6766400000004 [0,1,2,3,4,5,6,7,8,9] [249,250,251,252,253,254,255,256,257,258,259,260,261,262,263]
790.3209999999997 [0,1,2,3,4,5,6,7,8,9] [249]
789.9107455621302 [0,1,2,3,4,5,6,7,8,9] [246,247,248,249,250,251,252,253,254,255,256,257,258]
