[Score] [Station index] [Time slots] 
235.445 [0,1,2,3,4,5,6,7,8,9] [233]
230.4000000000001 [0,1,2,3,4,5,6,7,8,9] [250]
227.00444444444446 [0,1,2,3,4,6,7,8,9] [216]
222.60500000000002 [0,1,2,3,4,6,7,8] [215]
219.96099999999996 [0,1,2,3,4,5,6,7,8,9] [257]
219.49225 [0,1,2,3,4,5,6,7,8,9] [215,216]
218.0544444444444 [0,1,2,3,4,6,7,8,9] [199]
214.83225000000002 [0,1,2,3,4,5,6,7,8,9] [249,250]
212.06025 [0,1,2,3,4,5,6,7,8,9] [250,251]
211.7025 [0,1,2,3,4,5,6,7,8,9] [233,234]
211.21777777777777 [0,1,2,3,4,6,7,8,9] [215,216,217]
211.21777777777774 [0,1,2,3,4,6,7,8,9] [214,215,216]
208.849 [0,1,2,3,4,5,6,7,8,9] [257,258]
208.8025 [0,1,2,3,4,6,7,8,9] [216,217]
207.936 [0,1,2,3,4,5,6,7,8,9] [249,250,251]
207.025 [0,1,2,3,4,5,6,7,8,9] [254]
206.640625 [0,1,2,3,4,6,7,8,9] [215,216,217,218]
206.16173611111114 [0,1,2,3,4,6,7,8,9] [214,215,216,217]
205.66225 [0,1,2,3,4,5,6,7,8,9] [202,203]
205.20899999999997 [0,1,2,3,4,5,6,7,8,9] [205]
203.70177777777772 [0,1,2,3,4,5,6,7,8,9] [257,258,259]
203.53777777777782 [0,1,2,3,4,6,7,8,9] [214,215]
203.53777777777773 [0,1,2,3,4,6,7,8,9] [214,215,216,217,218]
203.1004444444444 [0,1,2,3,4,5,6,7,8,9] [216,217,218]
202.95024999999998 [0,1,2,3,4,5,6,7,8,9] [199,200]
202.5877777777778 [0,1,2,3,4,5,6,7,9] [247]
202.58777777777775 [0,1,2,3,4,5,6,7,8,9] [249]
202.58777777777766 [0,1,2,3,4,5,6,7,9] [200]
202.5 [0,1,2,3,4,5,6,7,8,9] [264]
201.64000000000001 [0,1,2,3,4,5,6,7,8] [223]
201.60099999999997 [0,1,2,3,4,5,6,7,8,9] [257,258,259,260,261,262]
201.00125000000003 [0,1,2,3,4,5,6,7,8,9] [251]
200.70400000000004 [0,1,2,3,4,5,6,7,8,9] [218]
200.25625 [0,1,2,3,4,5,6,7,8,9] [247,248,249,250]
200.0325625 [0,1,2,3,4,5,6,7,8,9] [257,258,259,260,261,262,263,264]
199.80900000000003 [0,1,2,3,4,5,6,7,8,9] [248,249,250]
199.6813061224491 [0,1,2,3,4,5,6,7,8,9] [257,258,259,260,261,262,263]
199.51111111111115 [0,1,2,3,4,5,6,7,8,9] [260,261,262]
199.09444 [0,1,2,3,4,5,6,7,8,9] [256,257,258,259,260]
198.4702499999999 [0,1,2,3,4,5,6,7,8,9] [248,249,250,251]
198.38116 [0,1,2,3,4,5,6,7,8,9] [215,216,217,218,219]
198.34027777777786 [0,1,2,3,4,5,6,7,8,9] [253,254]
197.84703999999996 [0,1,2,3,4,5,6,7,8,9] [260,261,262,263,264]
197.72844444444448 [0,1,2,3,4,5,6,7,8,9] [257,258,259,260,261,262,263,264,265]
197.26287755102044 [0,1,2,3,4,5,6,7,8,9] [258,259,260,261,262,263,264]
197.2464197530864 [0,1,2,3,4,5,6,7,8,9] [233,234,235]
197.13600000000005 [0,1,2,3,4,5,6,7,8,9] [259,260,261,262,263,264]
196.78096 [0,1,2,3,4,5,6,7,8,9] [199,200,201,202,203]
196.69224999999994 [0,1,2,3,4,5,6,7,8,9] [260,261,262,263]
196.50222448979588 [0,1,2,3,4,5,6,7,8,9] [256,257,258,259,260,261,262]
196.39669444444442 [0,1,2,3,4,5,6,7,8,9] [258,259,260,261,262,263]
196.24899999999997 [0,1,2,3,4,5,6,7,8,9] [256,257,258,259,260,261,262,263,264]
195.74304081632653 [0,1,2,3,4,5,6,7,8,9] [254,255,256,257,258,259,260]
195.71776000000003 [0,1,2,3,4,5,6,7,8,9] [246,247,248,249,250]
195.54084000000006 [0,1,2,3,4,5,6,7,8,9] [257,258,259,260,261,262,263,264,265,266]
195.51136111111106 [0,1,2,3,4,5,6,7,8,9] [246,247,248,249,250,251]
195.47451562500004 [0,1,2,3,4,5,6,7,8,9] [256,257,258,259,260,261,262,263]
195.03264062500006 [0,1,2,3,4,5,6,7,8,9] [258,259,260,261,262,263,264,265]
195.03264062500003 [0,1,2,3,4,5,6,7,8,9] [254,255,256,257,258,259,260,261]
195.03125 [0,1,2,3,4,5,6,7,8,9] [253]
194.7751111111111 [0,1,2,3,4,5,6,7,8,9] [260,261,262,263,264,265]
194.64139669421485 [0,1,2,3,4,5,6,7,8,9] [254,255,256,257,258,259,260,261,262,263,264]
194.60702040816332 [0,1,2,3,4,5,6,7,8,9] [259,260,261,262,263,264,265]
194.56920999999994 [0,1,2,3,4,5,6,7,8,9] [256,257,258,259,260,261,262,263,264,265]
194.48100000000002 [0,1,2,3,4,5,6,7,8,9] [256,257,258]
194.48099999999994 [0,1,2,3,4,5,6,7,8,9] [254,255,256,257,258,259,260,261,262]
194.26056250000002 [0,1,2,3,4,5,6,7,8,9] [256,257,258,259]
194.150390625 [0,1,2,3,4,5,6,7,8,9] [253,254,255,256,257,258,259,260]
194.0449999999999 [0,1,2,3,4,6,7,8,9] [214]
194.04025000000004 [0,1,2,3,4,5,6,7,8,9] [216,217,218,219]
193.98299382716047 [0,1,2,3,4,5,6,7,8,9] [249,250,251,252,253,254]
193.89344444444444 [0,1,2,3,4,5,6,7,8,9] [255,256,257,258,259,260]
193.86408999999995 [0,1,2,3,4,5,6,7,8,9] [254,255,256,257,258,259,260,261,262,263]
193.6977901234568 [0,1,2,3,4,5,6,7,8,9] [253,254,255,256,257,258,259,260,261]
193.67334027777775 [0,1,2,3,4,5,6,7,8,9] [253,254,255,256,257,258,259,260,261,262,263,264]
193.6 [0,1,2,3,4,5,6,7,8,9] [217,218]
193.59999999999994 [0,1,2,3,4,5,6,7,8,9] [262,263,264]
193.42403999999996 [0,1,2,3,4,5,6,7,8,9] [255,256,257,258,259,260,261,262,263,264]
193.3800625 [0,1,2,3,4,5,6,7,8,9] [254,255,256,257,258,259,260,261,262,263,264,265]
193.34865306122447 [0,1,2,3,4,5,6,7,8,9] [255,256,257,258,259,260,261]
193.33609000000007 [0,1,2,3,4,5,6,7,8,9] [253,254,255,256,257,258,259,260,261,262]
193.20999999999995 [0,1,2,3,4,5,6,7,8,9] [254,255]
193.01377777777782 [0,1,2,3,4,5,6,7,8,9] [249,250,251,252,253,254,255,256,257,258,259,260]
192.94056250000003 [0,1,2,3,4,5,6,7,8,9] [255,256,257,258,259,260,261,262]
192.94056249999997 [0,1,2,3,4,5,6,7,8,9] [249,250,251,252,253,254,255,256,257,258,259,260,261,262,263,264]
192.91616049382714 [0,1,2,3,4,5,6,7,8,9] [258,259,260,261,262,263,264,265,266]
192.90123456790127 [0,1,2,3,4,5,6,7,8,9] [253,254,255]
192.88066942148765 [0,1,2,3,4,5,6,7,8,9] [256,257,258,259,260,261,262,263,264,265,266]
192.7885443786983 [0,1,2,3,4,5,6,7,8,9] [249,250,251,252,253,254,255,256,257,258,259,260,261]
192.72100000000006 [0,1,2,3,4,5,6,7,8,9] [256,257]
192.72099999999998 [0,1,2,3,4,5,6,7,8,9] [261,262,263,264]
192.5955918367347 [0,1,2,3,4,5,6,7,8,9] [249,250,251,252,253,254,255,256,257,258,259,260,261,262]
192.58594674556215 [0,1,2,3,4,5,6,7,8,9] [253,254,255,256,257,258,259,260,261,262,263,264,265]
192.48693777777774 [0,1,2,3,4,5,6,7,8,9] [250,251,252,253,254,255,256,257,258,259,260,261,262,263,264]
192.42844444444452 [0,1,2,3,4,5,6,7,8,9] [255,256,257,258,259,260,261,262,263]
192.4018595041322 [0,1,2,3,4,5,6,7,8,9] [250,251,252,253,254,255,256,257,258,259,260]
192.31148444444443 [0,1,2,3,4,5,6,7,8,9] [249,250,251,252,253,254,255,256,257,258,259,260,261,262,263]
192.28444444444452 [0,1,2,3,4,5,6,7,8,9] [250,251,252,253,254]
192.28444444444446 [0,1,2,3,4,5,6,7,8,9] [249,250,251,252,253,254,255]
192.28225000000003 [0,1,2,3,4,5,6,7,8,9] [259,260,261,262,263,264,265,266]
