[Score] [Station index] [Time slots] 
1755.625 [0,1,2,3,4,5,6,7,8,9] [202]
1750.3290000000004 [0,1,2,3,4,5,6,7,8,9] [205]
1722.65625 [0,1,2,3,4,5,6,7,8,9] [202,203]
1702.1551111111112 [0,1,2,3,4,5,6,7,8,9] [201,202,203]
1690.0 [0,1,2,3,4,5,6,7,8,9] [203]
1671.8489999999995 [0,1,2,3,4,5,6,7,8,9] [197]
1646.7305624999997 [0,1,2,3,4,5,6,7,8,9] [200,201,202,203]
1640.9610000000005 [0,1,2,3,4,5,6,7,8,9] [201,202,203,204,205]
1640.9609999999998 [0,1,2,3,4,5,6,7,8,9] [197,198]
1640.9609999999989 [0,1,2,3,4,5,6,7,8,9] [196,197]
1635.8409999999994 [0,1,2,3,4,5,6,7,8,9] [202,203,204,205]
1632.4321111111115 [0,1,2,3,4,5,6,7,8,9] [200,201,202]
1630.729 [0,1,2,3,4,5,6,7,8,9] [196,197,198]
1629.467777777778 [0,1,2,3,4,5,6,7,8] [201]
1620.1653061224483 [0,1,2,3,4,5,6,7,8,9] [197,198,199,200,201,202,203]
1618.9381406249995 [0,1,2,3,4,5,6,7,8,9] [196,197,198,199,200,201,202,203]
1614.5937777777776 [0,1,2,3,4,5,6,7,8,9] [200,201,202,203,204,205]
1614.17025 [0,1,2,3,4,5,6,7,8,9] [201,202,203,204]
1611.8841599999998 [0,1,2,3,4,5,6,7,8,9] [199,200,201,202,203]
1611.6302500000002 [0,1,2,3,4,5,6,7,8,9] [198,199,200,201,202,203]
1611.2071111111109 [0,1,2,3,4,5,6,7,8,9] [195,196,197,198,199,200,201,202,203]
1610.361 [0,1,2,3,4,5,6,7,8,9] [195,196,197,198]
1610.3609999999996 [0,1,2,3,4,5,6,7,8,9] [216]
1609.5151111111115 [0,1,2,3,4,5,6,7,8,9] [201,202,203,204,205,206]
1608.9110408163274 [0,1,2,3,4,5,6,7,8,9] [196,197,198,199,200,201,202]
1608.669444444444 [0,1,2,3,4,5,6,7,8,9] [197,198,199,200,201,202]
1605.2889999999993 [0,1,2,3,4,5,6,7,8,9] [196,197,198,199,200,201,202,203,204,205]
1604.7259382716045 [0,1,2,3,4,5,6,7,8,9] [197,198,199,200,201,202,203,204,205]
1601.49025 [0,1,2,3,4,5,6,7,8,9] [195,196,197,198,199,200,201,202]
1600.225 [0,1,2,3,4,5,6,7,8,9] [205,206]
1600.2249999999997 [0,1,2,3,4,5,6,7,8,9] [195,196,197,198,199,200,201,202,203,204,205]
1599.2131599999998 [0,1,2,3,4,5,6,7,8,9] [202,203,204,205,206]
1598.9602499999996 [0,1,2,3,4,5,6,7,8,9] [194,195,196,197,198,199,200,201,202,203]
1598.5387777777778 [0,1,2,3,4,5,6,7,8,9] [202,203,204]
1596.8534444444447 [0,1,2,3,4,5,6,7,8,9] [203,204,205]
1596.4322499999998 [0,1,2,3,4,5,6,7,8,9] [198,199,200,201,202,203,204,205]
1596.1795600000005 [0,1,2,3,4,5,6,7,8,9] [198,199,200,201,202]
1594.4473673469392 [0,1,2,3,4,5,6,7,8,9] [199,200,201,202,203,204,205]
1592.644 [0,1,2,3,4,5,6,7,8,9] [199,200,201,202]
1591.562469387755 [0,1,2,3,4,5,6,7,8,9] [200,201,202,203,204,205,206]
1591.4969338842975 [0,1,2,3,4,5,6,7,8,9] [196,197,198,199,200,201,202,203,204,205,206]
1591.3822499999999 [0,1,2,3,4,5,6,7,8,9] [196,197,198,199]
1590.961777777778 [0,1,2,3,4,5,6,7,8,9] [194,195,196,197,198,199,200,201,202,203,204,205]
1590.8088925619836 [0,1,2,3,4,5,6,7,8,9] [193,194,195,196,197,198,199,200,201,202,203]
1589.6166400000004 [0,1,2,3,4,5,6,7,8,9] [197,198,199,200,201,202,203,204,205,206]
1589.5606049382718 [0,1,2,3,4,5,6,7,8,9] [196,197,198,199,200,201,202,203,204]
1589.0003086419752 [0,1,2,3,4,5,6,7,8,9] [194,195,196,197,198,199,200,201,202]
1588.10404 [0,1,2,3,4,5,6,7,8,9] [200,201,202,203,204]
1588.0200277777774 [0,1,2,3,4,5,6,7,8,9] [195,196,197,198,199,200,201,202,203,204,205,206]
1586.9700625 [0,1,2,3,4,5,6,7,8,9] [197,198,199,200,201,202,203,204]
1586.08836 [0,1,2,3,4,5,6,7,8,9] [194,195,196,197,198]
1585.58464 [0,1,2,3,4,5,6,7,8,9] [195,196,197,198,199,200,201,202,203,204]
1585.0810000000001 [0,1,2,3,4,5,6,7,8,9] [196,197,198,199,200,201]
1584.6936390532549 [0,1,2,3,4,5,6,7,8,9] [193,194,195,196,197,198,199,200,201,202,203,204,205]
1583.0672399999999 [0,1,2,3,4,5,6,7,8,9] [195,196,197,198,199]
1581.0547599999995 [0,1,2,3,4,5,6,7,8,9] [193,194,195,196,197,198,199,200,201,202]
1580.6077160493826 [0,1,2,3,4,5,6,7,8,9] [198,199,200,201,202,203,204,205,206]
1580.4357928994082 [0,1,2,3,4,5,6,7,8,9] [194,195,196,197,198,199,200,201,202,203,204,205,206]
1580.0490000000004 [0,1,2,3,4,5,6,7,8,9] [195,196,197,198,199,200,201]
1580.0489999999998 [0,1,2,3,4,5,6,7,8,9] [194,195,196,197]
1580.0489999999995 [0,1,2,3,4,5,6,7,8,9] [197,198,199,200,201]
1576.9080625000001 [0,1,2,3,4,5,6,7,8,9] [199,200,201,202,203,204,205,206]
1576.8509834710742 [0,1,2,3,4,5,6,7,8,9] [194,195,196,197,198,199,200,201,202,203,204]
1575.3835918367347 [0,1,2,3,4,5,6,7,8,9] [193,194,195,196,197,198,199,200,201,202,203,204,205,206]
1575.025 [0,1,2,3,4,5,6,7,8,9] [198,199,200,201,202,203,204]
1573.352111111111 [0,1,2,3,4,5,6,7,8,9] [193,194,195,196,197,198]
1572.516 [0,1,2,3,4,5,6,7,8,9] [200,201]
1571.2622499999998 [0,1,2,3,4,5,6,7,8,9] [193,194,195,196,197,198,199,200,201,202,203,204]
1570.0090000000002 [0,1,2,3,4,5,6,7,8,9] [196,197,198,199,200]
1569.1737777777776 [0,1,2,3,4,5,6,7,8,9] [199,200,201,202,203,204]
1568.75625 [0,1,2,3,4,5,6,7,8,9] [194,195,196,197,198,199,200,201]
1567.5040000000004 [0,1,2,3,4,5,6,7,8,9] [194,195,196,197,198,199]
1566.6694444444443 [0,1,2,3,4,5,6,7,8,9] [195,196,197,198,199,200]
1566.0019600000003 [0,1,2,3,4,5,6,7,8,9] [193,194,195,196,197]
1562.2222345679015 [0,1,2,3,4,5,6,7,8,9] [193,194,195,196,197,198,199,200,201]
1561.25025 [0,1,2,3,4,5,6,7,8,9] [203,204,205,206]
1560.0009999999997 [0,1,2,3,4,5,6,7,8,9] [197,198,199,200]
1559.2873673469383 [0,1,2,3,4,5,6,7,8,9] [193,194,195,196,197,198,199]
1557.5040000000006 [0,1,2,3,4,5,6,7,8,9] [198,199,200,201]
1555.7216530612245 [0,1,2,3,4,5,6,7,8,9] [194,195,196,197,198,199,200]
1554.1777777777775 [0,1,2,3,4,5,6,7,8,9] [192,193,194,195,196,197,198,199,200,201,202,203]
1553.7622499999998 [0,1,2,3,4,5,6,7,8,9] [192,193,194,195,196,197,198,199,200,201,202,203,204,205]
1551.2702500000003 [0,1,2,3,4,5,6,7,8,9] [204,205]
1550.0250000000003 [0,1,2,3,4,5,6,7,8,9] [193,194,195,196,197,198,199,200]
1550.025 [0,1,2,3,4,5,6,7,8,9] [194,195,196]
1550.0249999999996 [0,1,2,3,4,5,6,7,8,9] [195]
1547.2042844444445 [0,1,2,3,4,5,6,7,8,9] [192,193,194,195,196,197,198,199,200,201,202,203,204,205,206]
1542.564 [0,1,2,3,4,5,6,7,8,9] [198,199]
1542.112396694215 [0,1,2,3,4,5,6,7,8,9] [192,193,194,195,196,197,198,199,200,201,202]
1540.8447869822485 [0,1,2,3,4,5,6,7,8,9] [195,196,197,198,199,200,201,202,203,204,205,206,207]
1540.0810000000006 [0,1,2,3,4,5,6,7,8,9] [196,197,198,199,200,201,202,203,204,205,206,207]
1540.081 [0,1,2,3,4,5,6,7,8,9] [199,200,201]
1539.1265325443783 [0,1,2,3,4,5,6,7,8,9] [192,193,194,195,196,197,198,199,200,201,202,203,204]
1537.2457346938781 [0,1,2,3,4,5,6,7,8,9] [194,195,196,197,198,199,200,201,202,203,204,205,206,207]
1535.4514177777778 [0,1,2,3,4,5,6,7,8,9] [193,194,195,196,197,198,199,200,201,202,203,204,205,206,207]
1533.7696611570243 [0,1,2,3,4,5,6,7,8,9] [197,198,199,200,201,202,203,204,205,206,207]
1523.5787777777775 [0,1,2,3,4,5,6,7,8,9] [198,199,200]
1522.7559999999999 [0,1,2,3,4,5,6,7,8,9] [203,204]
1521.5222499999998 [0,1,2,3,4,5,6,7,8,9] [192,193,194,195,196,197,198,199,200,201]
1520.2890000000002 [0,1,2,3,4,5,6,7,8,9] [198,199,200,201,202,203,204,205,206,207]
