[Score] [Station index] [Time slots] 
600.25 [0,1,2,3,4,5,6,7,9] [232]
559.504 [0,1,2,3,4,5,6,7,8,9] [223]
547.56 [0,1,2,3,4,5,6,7,8,9] [224]
541.3377777777774 [0,1,2,3,4,5,6,7,8,9] [223,224]
536.6944444444445 [0,1,2,3,4,5,6,7,8,9] [237]
519.8410000000001 [0,1,2,3,4,5,6,7,8,9] [245]
515.2900000000002 [0,1,2,3,4,5,6,7,8,9] [249]
514.8062499999999 [0,1,2,3,4,5,6,7,8,9] [244,245]
508.8444444444443 [0,1,2,3,4,5,6,7,8,9] [244,245,246]
508.36899999999997 [0,1,2,3,4,5,6,7,8,9] [245,246]
505.5209999999999 [0,1,2,3,4,5,6,7,8,9] [222,223,224]
501.76 [0,1,2,3,4,5,6,7,8,9] [237,238]
501.7599999999998 [0,1,2,3,4,5,6,7,8,9] [253]
500.26777777777767 [0,1,2,3,4,5,6,7,8,9] [226]
498.43599999999986 [0,1,2,3,4,5,6,7,8,9] [222,223]
497.49511111111104 [0,1,2,3,4,5,6,7,8,9] [243,244,245]
497.3775625000001 [0,1,2,3,4,5,6,7,8,9] [243,244,245,246]
497.025 [0,1,2,3,4,5,6,7,8,9] [246]
487.4366944444444 [0,1,2,3,4,5,6,7,8,9] [241,242,243,244,245,246]
486.6457599999999 [0,1,2,3,4,5,6,7,8,9] [242,243,244,245,246]
486.50625 [0,1,2,3,4,5,6,7,8,9] [243,244]
485.5302399999999 [0,1,2,3,4,5,6,7,8,9] [241,242,243,244,245]
485.4677777777779 [0,1,2,3,4,5,6,7,8,9] [253,254]
485.4605624999999 [0,1,2,3,4,5,6,7,8,9] [244,245,246,247]
484.3667361111112 [0,1,2,3,4,5,6,7,8,9] [223,224,225,226]
484.0680624999998 [0,1,2,3,4,5,6,7,8,9] [242,243,244,245]
483.72024999999996 [0,1,2,3,4,5,6,7,8,9] [236,237]
481.08095999999995 [0,1,2,3,4,5,6,7,8,9] [243,244,245,246,247]
481.07111111111107 [0,1,2,3,4,5,6,7,8,9] [218]
480.58382716049385 [0,1,2,3,4,5,6,7,8,9] [253,254,255]
479.1234567901235 [0,1,2,3,4,5,6,7,8,9] [223,224,225]
478.15111111111105 [0,1,2,3,4,5,6,7,8,9] [236,237,238]
477.6653086419753 [0,1,2,3,4,5,6,7,8,9] [244,245,246,247,248,249]
477.48099999999994 [0,1,2,3,4,5,6,7,8,9] [245,246,247]
477.28359183673473 [0,1,2,3,4,5,6,7,8,9] [241,242,243,244,245,246,247]
477.1355624999998 [0,1,2,3,4,5,6,7,8,9] [241,242,243,244]
474.95069444444454 [0,1,2,3,4,5,6,7,8,9] [242,243,244,245,246,247]
473.7877777777777 [0,1,2,3,4,5,6,7,8,9] [249,250]
473.1474489795919 [0,1,2,3,4,5,6,7,8,9] [240,241,242,243,244,245,246]
473.0625 [0,1,2,3,4,5,6,7,8,9] [248,249]
472.42711111111095 [0,1,2,3,4,5,6,7,8,9] [242,243,244]
472.33777777777755 [0,1,2,3,4,5,6,7,8,9] [235,236,237,238]
472.24384 [0,1,2,3,4,5,6,7,8,9] [244,245,246,247,248]
472.0480444444443 [0,1,2,3,4,5,6,7,8,9] [223,224,225,226,227]
471.75839999999994 [0,1,2,3,4,5,6,7,8,9] [222,223,224,225,226]
471.35853086419746 [0,1,2,3,4,5,6,7,8,9] [241,242,243,244,245,246,247,248,249]
471.3034240362813 [0,1,2,3,4,5,6,7,8,9] [244,245,246,247,248,249,250]
470.88999999999993 [0,1,2,3,4,5,6,7,8,9] [255]
470.82469444444433 [0,1,2,3,4,5,6,7,8,9] [243,244,245,246,247,248]
470.31151111111114 [0,1,2,3,4,5,6,7,8,9] [245,246,247,248,249]
470.1669444444446 [0,1,2,3,4,5,6,7,8,9] [254,255]
470.081640625 [0,1,2,3,4,5,6,7,8,9] [241,242,243,244,245,246,247,248]
469.8056250000001 [0,1,2,3,4,5,6,7,8,9] [253,254,255,256]
469.44444444444446 [0,1,2,3,4,5,6,7,8,9] [254]
469.2250000000002 [0,1,2,3,4,5,6,7,8,9] [261]
469.225 [0,1,2,3,4,5,6,7,8,9] [240,241,242,243,244,245]
468.8825625000001 [0,1,2,3,4,5,6,7,8,9] [242,243,244,245,246,247,248,249]
468.72249999999985 [0,1,2,3,4,5,6,7,8,9] [243,244,245,246,247,248,249,250]
468.48197530864206 [0,1,2,3,4,5,6,7,8,9] [230,231,232]
468.001111111111 [0,1,2,3,4,5,6,7,8,9] [238]
467.9928099999999 [0,1,2,3,4,5,6,7,8,9] [241,242,243,244,245,246,247,248,249,250]
467.85600000000005 [0,1,2,3,4,5,6,7,8,9] [241,242]
467.074612244898 [0,1,2,3,4,5,6,7,8,9] [242,243,244,245,246,247,248]
467.04012345679024 [0,1,2,3,4,5,6,7,8,9] [223,224,225,226,227,228]
466.56 [0,1,2,3,5,6,7,8,9] [243]
466.4889999999999 [0,1,2,3,4,5,6,7,8,9] [222,223,224,225]
466.48899999999975 [0,1,2,3,4,5,6,7,8,9] [241,242,243]
466.1475625000001 [0,1,2,3,4,5,6,7,8,9] [240,241,242,243,244,245,246,247]
465.4271604938273 [0,1,2,3,4,5,6,7,8,9] [242,243,244,245,246,247,248,249,250]
465.39684 [0,1,2,3,4,5,6,7,8,9] [237,238,239,240,241,242,243,244,245,246]
464.78306250000014 [0,1,2,3,4,5,6,7,8,9] [221,222,223,224]
464.163086419753 [0,1,2,3,4,5,6,7,8,9] [245,246,247,248,249,250]
464.09469387755115 [0,1,2,3,4,5,6,7,8,9] [232,233,234,235,236,237,238]
463.68444444444435 [0,1,2,3,4,5,6,7,9] [236]
463.6371900826447 [0,1,2,3,4,5,6,7,8,9] [236,237,238,239,240,241,242,243,244,245,246]
463.4452160493826 [0,1,2,3,4,5,6,7,8,9] [232,233,234,235,236,237]
463.08025 [0,1,2,3,4,5,6,7,8,9] [240,241,242,243,244,245,246,247,248,249]
462.6084027777779 [0,1,2,3,4,5,6,7,8,9] [246,247,248,249]
462.4 [0,1,2,3,4,5,6,7,8,9] [228]
461.9467777777776 [0,1,2,3,4,5,6,7,8,9] [237,238,239,240,241,242,243,244,245]
461.5336111111114 [0,1,2,3,4,5,6,7,8,9] [226,227]
461.49377777777784 [0,1,2,3,4,5,6,7,8,9] [235,236,237,238,239,240,241,242,243,244,245,246]
461.04100000000005 [0,1,2,3,4,5,6,7,8,9] [240,241,242,243,244,245,246,247,248]
461.0409999999999 [0,1,2,3,4,5,6,7,8,9] [237,238,239,240,241,242,243,244,245,246,247]
460.79412396694227 [0,1,2,3,4,5,6,7,8,9] [240,241,242,243,244,245,246,247,248,249,250]
460.79412396694204 [0,1,2,3,4,5,6,7,8,9] [241,242,243,244,245,246,247,248,249,250,251]
460.6746777777778 [0,1,2,3,4,5,6,7,8,9] [223,224,225,226,227,228,229,230,231,232]
460.61335600907034 [0,1,2,3,4,5,6,7,8,9] [222,223,224,225,226,227,228]
460.36225000000013 [0,1,2,3,4,5,6,7,8,9] [236,237,238,239,240,241,242,243,244,245]
459.9237673611112 [0,1,2,3,4,5,6,7,8,9] [223,224,225,226,227,228,229,230]
459.86419753086415 [0,1,2,3,4,5,6,7,8,9] [248,249,250]
459.79700694444443 [0,1,2,3,4,5,6,7,8,9] [236,237,238,239,240,241,242,243,244,245,246,247]
459.4754082840236 [0,1,2,3,4,5,6,7,8,9] [237,238,239,240,241,242,243,244,245,246,247,248,249]
459.4128400000001 [0,1,2,3,4,5,6,7,8,9] [240,241,242,243,244]
459.3877777777777 [0,1,2,3,4,5,6,7,8,9] [254,255,256]
459.2321111111111 [0,1,2,3,4,5,6,7,8,9] [243,244,245,246,247,248,249,250,251]
459.0514177777779 [0,1,2,3,4,5,6,7,8,9] [232,233,234,235,236,237,238,239,240,241,242,243,244,245,246]
458.83689062500014 [0,1,2,3,4,5,6,7,8,9] [239,240,241,242,243,244,245,246]
458.6675625000001 [0,1,2,3,4,5,6,7,8,9] [244,245,246,247,248,249,250,251]
458.52244897959173 [0,1,2,3,4,5,6,7,8,9] [236,237,238,239,240,241,242,243,244,245,246,247,248,249]
