[Score] [Station index] [Time slots] 
456.02 [0,1,2,3,5,6,7,9] [227]
449.44 [0,1,2,3,5,6,7,8,9] [235]
445.2099999999999 [0,1,2,3,5,6,7,8,9] [238]
438.90625 [0,1,2,3,4,5,6,7,8,9] [235,236]
434.0277777777779 [0,1,2,3,5,6,7,8,9] [240]
434.02777777777766 [0,1,2,3,4,5,6,7,8] [224]
430.3360000000001 [0,1,2,3,4,5,6,7,8,9] [222]
429.8711111111111 [0,1,2,3,4,5,6,7,9] [230]
429.025 [0,1,2,3,4,5,6,7,8,9] [236]
427.06224999999995 [0,1,2,3,4,5,6,7,8,9] [235,236,237,238]
425.75625 [0,1,2,3,4,5,6,7,8,9] [226,227]
421.6337777777779 [0,1,2,3,4,5,6,7,8,9] [235,236,237]
419.90400000000017 [0,1,2,3,4,5,6,7,8,9] [236,237,238]
419.904 [0,1,2,3,4,5,6,7,8,9] [222,223]
417.52111111111094 [0,1,2,3,5,6,7,8,9] [237,238]
417.3159999999999 [0,1,2,3,4,5,6,7,8,9] [227,228]
415.5951111111111 [0,1,2,3,4,5,6,7,8,9] [222,223,224]
415.2538271604939 [0,1,2,3,4,5,6,7,9] [225,226,227]
415.16544444444435 [0,1,2,3,4,5,6,7,8,9] [226,227,228]
413.8964197530863 [0,1,2,3,5,6,7,8,9] [235,236,237,238,239,240]
413.66336111111104 [0,1,2,3,4,5,6,7,8,9] [222,223,224,225,226,227]
412.16400000000004 [0,1,2,3,4,5,6,7,8,9] [234,235,236,237,238]
410.881 [0,1,2,3,4,5,6,7,8,9] [222,223,224,225,226,227,228]
410.5605625 [0,1,2,3,4,5,6,7,8,9] [224,225,226,227]
410.3683599999998 [0,1,2,3,4,5,6,7,8,9] [223,224,225,226,227]
410.02677777777774 [0,1,2,3,4,5,6,7,8,9] [234,235,236]
409.92751111111113 [0,1,2,3,5,6,7,8,9] [235,236,237,238,239]
409.7828775510205 [0,1,2,3,4,5,6,7,8,9] [221,222,223,224,225,226,227]
409.5999999999999 [0,1,2,3,4,5,6,7,8,9] [223]
409.0024716553287 [0,1,2,3,5,6,7,8,9] [235,236,237,238,239,240,241]
408.74711111111117 [0,1,2,3,4,5,6,7,8,9] [221,222,223]
408.3210000000001 [0,1,2,3,4,5,6,7,8,9] [236,237]
408.321 [0,1,2,3,4,5,6,7,8,9] [221,222,223,224]
408.3209999999999 [0,1,2,3,4,5,6,7,8,9] [223,224]
407.841890625 [0,1,2,3,4,5,6,7,8,9] [221,222,223,224,225,226,227,228]
407.68225 [0,1,2,3,4,5,6,7,8,9] [223,224,225,226,227,228]
407.59123456790115 [0,1,2,3,5,6,7,8,9] [238,239,240]
407.3630625000002 [0,1,2,3,4,5,6,7,8,9] [225,226,227,228]
407.29924 [0,1,2,3,4,5,6,7,8,9] [224,225,226,227,228]
406.96337777777774 [0,1,2,3,5,6,7,8,9] [236,237,238,239,240]
406.76049382716053 [0,1,2,3,4,5,6,7,8,9] [219,220,221,222,223,224,225,226,227]
406.69444444444457 [0,1,2,3,5,6,7,8,9] [240,241]
406.69444444444446 [0,1,2,3,4,5,6,7,9] [232]
406.35840277777777 [0,1,2,3,4,5,6,7,9] [227,228,229,230]
405.79864197530856 [0,1,2,3,4,5,6,7,9] [230,231,232]
405.51424000000003 [0,1,2,3,4,5,6,7,8,9] [219,220,221,222,223,224,225,226,227,228]
405.3511111111112 [0,1,2,3,4,5,6,7,9] [230,231]
405.3511111111111 [0,1,2,3,4,5,6,7,9] [226,227,228,229,230]
404.8140625 [0,1,2,3,4,5,6,7,8,9] [220,221,222,223,224,225,226,227]
404.70802777777783 [0,1,2,3,4,5,6,7,8,9] [221,222,223,224,225,226]
404.496 [0,1,2,3,4,5,6,7,8,9] [234,235,236,237]
404.4959999999999 [0,1,2,3,4,5,6,7,8,9] [243]
404.2840277777779 [0,1,2,3,4,5,6,7,8,9] [219,220,221,222,223,224]
403.7331600000001 [0,1,2,3,4,5,6,7,8,9] [219,220,221,222,223]
403.6484444444445 [0,1,2,3,4,5,6,7,8,9] [220,221,222,223,224,225,226,227,228]
403.47903999999994 [0,1,2,3,4,5,6,7,8,9] [221,222,223,224,225]
403.35200999999995 [0,1,2,3,4,5,6,7,8,9] [218,219,220,221,222,223,224,225,226,227]
403.34027777777777 [0,1,2,3,5,6,7,8,9] [237,238,239,240]
403.11716049382716 [0,1,2,3,4,5,6,7,9] [225,226,227,228,229,230]
402.90756250000004 [0,1,2,3,4,5,6,7,8,9] [223,224,225,226]
402.6808979591836 [0,1,2,3,4,5,6,7,8,9] [234,235,236,237,238,239,240]
402.67111111111114 [0,1,2,3,4,5,6,7,9] [224,225,226,227,228,229,230]
402.66075308641985 [0,1,2,3,4,5,6,7,8,9] [222,223,224,225,226,227,228,229,230]
402.59025 [0,1,2,3,4,5,6,7,8,9] [219,220,221,222,223,224,225,226]
402.53257024793396 [0,1,2,3,4,5,6,7,8,9] [218,219,220,221,222,223,224,225,226,227,228]
402.4481790123457 [0,1,2,3,5,6,7,8,9] [236,237,238,239,240,241]
402.431640625 [0,1,2,3,4,5,6,7,8,9] [222,223,224,225,226,227,228,229]
402.2730625 [0,1,2,3,4,5,6,7,8,9] [219,220,221,222]
402.22530864197535 [0,1,2,3,4,5,6,7,9] [227,228,229,230,231,232]
402.0979818594103 [0,1,2,3,4,5,6,7,9] [226,227,228,229,230,231,232]
401.41275510204076 [0,1,2,3,4,5,6,7,8,9] [219,220,221,222,223,224,225]
401.33444444444444 [0,1,2,3,4,5,6,7,9] [227,228,229,230,231]
401.3344444444444 [0,1,2,3,4,5,6,7,9] [226,227,228,229,230,231]
401.06888999999995 [0,1,2,3,4,5,6,7,8,9] [221,222,223,224,225,226,227,228,229,230]
400.8337673611112 [0,1,2,3,4,5,6,7,9] [225,226,227,228,229,230,231,232]
400.7410836762689 [0,1,2,3,4,5,6,7,9] [224,225,226,227,228,229,230,231,232]
400.689 [0,1,2,3,4,5,6,7,8,9] [243,244]
400.68899999999996 [0,1,2,3,4,5,6,7,8,9] [234,235]
400.6669444444444 [0,1,2,3,5,6,7,8,9] [238,239,240,241]
400.33340277777785 [0,1,2,3,5,6,7,8,9] [236,237,238,239]
400.33340277777774 [0,1,2,3,5,6,7,8,9] [235,236,237,238,239,240,241,242]
400.26711111111126 [0,1,2,3,4,5,6,7,8,9] [219,220,221,222,223,224,225,226,227,228,229,230]
400.2671111111111 [0,1,2,3,4,5,6,7,8,9] [223,224,225]
400.0000000000001 [0,1,2,3,4,5,6,7,9] [224,225,226,227,228,229,230,231]
399.9999999999999 [0,1,2,3,4,5,6,7,9] [225,226,227,228,229,230,231]
399.8837685950415 [0,1,2,3,4,5,6,7,8,9] [219,220,221,222,223,224,225,226,227,228,229]
399.785224489796 [0,1,2,3,4,5,6,7,8,9] [218,219,220,221,222,223,224]
399.78522448979595 [0,1,2,3,4,5,6,7,8,9] [220,221,222,223,224,225,226]
399.67683999999997 [0,1,2,3,4,5,6,7,8,9] [222,223,224,225,226,227,228,229,230,231]
399.66673611111105 [0,1,2,3,5,6,7,8,9] [234,235,236,237,238,239,240,241]
399.42400000000004 [0,1,2,3,4,5,6,7,8,9] [234,235,236,237,238,239]
399.2835679012344 [0,1,2,3,4,5,6,7,8,9] [218,219,220,221,222,223,224,225,226]
399.266015625 [0,1,2,3,4,5,6,7,8,9] [223,224,225,226,227,228,229,230]
399.10806249999996 [0,1,2,3,4,5,6,7,8,9] [220,221,222,223]
399.00277777777785 [0,1,2,3,4,5,6,7,8,9] [235,236,237,238,239,240,241,242,243]
398.79224999999997 [0,1,2,3,4,5,6,7,8,9] [235,236,237,238,239,240,241,242,243,244]
398.73484297520656 [0,1,2,3,4,5,6,7,8,9] [222,223,224,225,226,227,228,229,230,231,232]
398.66777777777787 [0,1,2,3,5,6,7,8,9] [237,238,239,240,241]
398.58177777777786 [0,1,2,3,4,5,6,7,8,9] [218,219,220,221,222,223]
398.52165306122464 [0,1,2,3,4,5,6,7,8,9] [223,224,225,226,227,228,229]
