[Score] [Station index] [Time slots] 
835.396 [0,1,2,3,4,5,6,7,8,9] [221]
758.6410000000002 [0,1,2,3,4,5,6,7,8,9] [220,221]
743.0440000000001 [0,1,2,3,4,5,6,7,8,9] [221,222,223]
732.7359999999999 [0,1,2,3,4,5,6,7,8,9] [216]
719.9522499999999 [0,1,2,3,4,5,6,7,8,9] [221,222]
719.104 [0,1,2,3,4,5,6,7,8,9] [228]
711.4922499999999 [0,1,2,3,4,5,6,7,8,9] [221,222,223,224]
708.964 [0,1,2,3,4,5,6,7,8,9] [257]
708.4027777777776 [0,1,2,3,4,5,6,7,8,9] [220,221,222]
698.896 [0,1,2,3,4,5,6,7,8,9] [227,228]
696.6684444444445 [0,1,2,3,4,5,6,7,8,9] [219,220,221]
695.6449999999999 [0,1,2,3,4,5,6,7] [223]
692.224 [0,1,2,3,4,5,6,7,8,9] [215,216]
690.06125 [0,1,2,3,5,6,7,8] [265]
686.6884444444446 [0,1,2,3,4,5,6,7,8,9] [218,219,220,221,222,223]
686.44 [0,1,2,3,4,5,6,7,8] [206]
685.584 [0,1,2,3,4,5,6,7,8,9] [220]
682.0695156250003 [0,1,2,3,4,5,6,7,8,9] [216,217,218,219,220,221,222,223]
680.6250000000002 [0,1,2,3,4,5,6,7,8,9] [218,219,220,221]
680.625 [0,1,2,3,4,5,6,7,8,9] [256,257]
678.9759999999999 [0,1,2,3,4,5,6,7,8,9] [227]
678.7929012345678 [0,1,2,3,4,5,6,7,8,9] [215,216,217,218,219,220,221,222,223]
676.50625 [0,1,2,3,4,5,6,7,8,9] [216,217,218,219,220,221]
675.684 [0,1,2,3,4,5,6,7,8,9] [204,205]
675.2730624999999 [0,1,2,3,4,5,6,7,8,9] [219,220,221,222]
675.1361111111112 [0,1,2,3,4,5,6,7,8,9] [216,217,218,219,220,221,222,223,224]
674.9796122448977 [0,1,2,3,4,5,6,7,8,9] [217,218,219,220,221,222,223]
674.0409999999999 [0,1,2,3,4,5,6,7,8,9] [254]
673.1030408163267 [0,1,2,3,4,5,6,7,8,9] [215,216,217,218,219,220,221]
672.8920899999998 [0,1,2,3,4,5,6,7,8,9] [215,216,217,218,219,220,221,222,223,224]
672.5278124999999 [0,1,2,3,4,5,6,7] [220,221,222,223]
672.4 [0,1,2,3,4,5,6,7,8,9] [235]
671.8534444444442 [0,1,2,3,4,5,6,7,8,9] [204,205,206]
669.9422499999998 [0,1,2,3,4,5,6,7,8,9] [240,241]
668.3062499999997 [0,1,2,3,4,5,6,7,8,9] [216,217]
667.489 [0,1,2,3,4,5,6,7,8,9] [205,206,207]
667.3611111111113 [0,1,2,3,4,5,7,8,9] [241]
667.2555918367347 [0,1,2,3,4,5,6,7,8,9] [216,217,218,219,220,221,222]
666.8355600000002 [0,1,2,3,4,5,6,7,8,9] [218,219,220,221,222]
666.4900499999999 [0,1,2,3,4,5,6,7] [221,222,223,224,225]
665.5296399999997 [0,1,2,3,4,5,6,7,8,9] [217,218,219,220,221]
665.4480625 [0,1,2,3,4,5,6,7,8,9] [215,216,217,218,219,220,221,222]
665.3664900000001 [0,1,2,3,4,5,6,7,8,9] [214,215,216,217,218,219,220,221,222,223]
665.3121111111112 [0,1,2,3,4,5,6,7,8,9] [252,253,254]
663.138777777778 [0,1,2,3,4,5,6,7,8,9] [215,216,217]
662.8920330578514 [0,1,2,3,4,5,6,7,8,9] [213,214,215,216,217,218,219,220,221,222,223]
662.5959999999998 [0,1,2,3,4,5,6,7,8,9] [259]
662.4799999999999 [0,1,2,3,5,6,7,8] [207]
662.0534444444445 [0,1,2,3,4,5,6,7,8,9] [212,213,214,215,216,217,218,219,220,221,222,223]
661.2646694214875 [0,1,2,3,4,5,6,7,8,9] [214,215,216,217,218,219,220,221,222,223,224]
660.66125 [0,1,2,3,4,5,6,7,8] [224]
660.3583680555556 [0,1,2,3,4,5,6,7] [221,222,223,224,225,226]
659.344 [0,1,2,3,4,5,6,7,8,9] [213,214,215,216,217,218,219,220,221,222,223,224]
658.8449999999999 [0,1,2,3,5,6,7,8,9] [225]
658.8444023668641 [0,1,2,3,4,5,6,7,8,9] [212,213,214,215,216,217,218,219,220,221,222,223,224]
658.5322500000003 [0,1,2,3,4,5,6,7,8,9] [205,206]
657.112890625 [0,1,2,3,4,5,6,7,8,9] [214,215,216,217,218,219,220,221]
656.6401111111113 [0,1,2,3,4,5,6,7,8,9] [217,218,219,220,221,222]
656.6401111111111 [0,1,2,3,4,5,6,7,8,9] [216,217,218]
655.6950625 [0,1,2,3,4,5,6,7,8,9] [215,216,217,218]
655.5820499999998 [0,1,2,3,4,5,6,7] [220,221,222,223,224]
655.29025 [0,1,2,3,4,5,6,7,8,9] [235,236]
655.1746122448981 [0,1,2,3,4,5,6,7,8,9] [210,211,212,213,214,215,216,217,218,219,220,221,222,223]
655.0204444444446 [0,1,2,3,4,5,6,7,8,9] [213,214,215,216,217,218,219,220,221]
654.8046399999998 [0,1,2,3,4,5,6,7,8,9] [212,213,214,215,216,217,218,219,220,221]
654.6168055555557 [0,1,2,3,4,5,6,7] [220,221,222,223,224,225]
654.1861224489795 [0,1,2,3,4,5,6,7] [221,222,223,224,225,226,227]
653.8588402366865 [0,1,2,3,4,5,6,7,8,9] [211,212,213,214,215,216,217,218,219,220,221,222,223]
653.63720703125 [0,1,2,3,4,5,6,7] [221,222,223,224,225,226,227,228]
653.0794844444445 [0,1,2,3,4,5,6,7,8,9] [209,210,211,212,213,214,215,216,217,218,219,220,221,222,223]
652.8640000000003 [0,1,2,3,4,5,6,7,8,9] [245]
652.8639999999999 [0,1,2,3,4,5,6,7,8,9] [256]
652.145975308642 [0,1,2,3,4,5,6,7,8,9] [214,215,216,217,218,219,220,221,222]
651.5718400000003 [0,1,2,3,4,5,6,7,8,9] [204,205,206,207,208,209,210,211,212,213,214,215,216,217,218,219,220,221,222,223]
651.4795918367346 [0,1,2,3,4,5,6,7,8,9] [211,212,213,214,215,216,217,218,219,220,221,222,223,224]
651.249 [0,1,2,3,4,5,6,7,8,9] [256,257,258,259]
651.0893877551019 [0,1,2,3,4,5,6,7] [220,221,222,223,224,225,226]
651.047265625 [0,1,2,3,4,5,6,7,8,9] [209,210,211,212,213,214,215,216,217,218,219,220,221,222,223,224]
650.9555785123965 [0,1,2,3,4,5,6,7,8,9] [212,213,214,215,216,217,218,219,220,221,222]
650.7648900000003 [0,1,2,3,4,5,6,7,8,9] [213,214,215,216,217,218,219,220,221,222]
650.7111111111114 [0,1,2,3,4,5,6,7,8,9] [239,240,241]
650.7111111111112 [0,1,2,3,4,5,6,7,8,9] [257,258,259]
650.0966530612246 [0,1,2,3,4,5,6,7,8,9] [204,205,206,207,208,209,210,211,212,213,214,215,216,217,218,219,220,221,222,223,224]
649.8012499999999 [0,1,2,3,5,6,7,8] [206,207]
649.1270470914127 [0,1,2,3,4,5,6,7,8,9] [205,206,207,208,209,210,211,212,213,214,215,216,217,218,219,220,221,222,223]
648.9197530864196 [0,1,2,3,4,5,6,7,8,9] [206,207,208,209,210,211,212,213,214,215,216,217,218,219,220,221,222,223]
648.025 [0,1,2,3,4,5,6,7,8,9] [207,208,209,210,211,212,213,214,215,216,217,218,219,220,221,222,223]
648.0 [0,1,2,3,4,5,7,8] [236]
647.7566944444445 [0,1,2,3,4,5,6,7,8,9] [215,216,217,218,219,220]
647.7030399999999 [0,1,2,3,4,5,6,7,8,9] [205,206,207,208,209,210,211,212,213,214,215,216,217,218,219,220,221,222,223,224]
647.4884444444442 [0,1,2,3,4,5,6,7,8,9] [256,257,258]
647.3351836734696 [0,1,2,3,4,5,6,7,8,9] [204,205,206,207,208,209,210]
647.2202500000001 [0,1,2,3,4,5,6,7,8,9] [252,253,254,255,256,257]
647.2002469135801 [0,1,2,3,4,5,6,7] [220,221,222,223,224,225,226,227,228]
647.05936 [0,1,2,3,4,5,6,7,8,9] [204,205,206,207,208]
646.8754882812498 [0,1,2,3,4,5,6,7] [220,221,222,223,224,225,226,227]
646.7376399999998 [0,1,2,3,4,5,6,7,8,9] [216,217,218,219,220]
646.505336419753 [0,1,2,3,4,5,6,7,8,9] [207,208,209,210,211,212,213,214,215,216,217,218,219,220,221,222,223,224]
646.416 [0,1,2,3,4,5,6,7,8,9] [204,205,206,207,208,209,210,211,212,213,214,215,216,217,218,219,220,221]
646.4159999999999 [0,1,2,3,4,5,6,7,8,9] [239,240]
