[Score] [Station index] [Time slots] 
1079.521 [0,1,2,3,4,5,6,7,8,9] [216]
1069.1560000000004 [0,1,2,3,4,5,6,7,8,9] [219]
1016.0640000000005 [0,1,2,3,4,5,6,7,8,9] [215,216]
1010.025 [0,1,2,3,4,5,6,7,8,9] [216,217]
1005.0062500000004 [0,1,2,3,4,5,6,7,8,9] [219,220]
991.3521111111113 [0,1,2,3,4,5,6,7,8,9] [215,216,217]
989.0302499999998 [0,1,2,3,4,5,6,7,8,9] [216,217,218,219]
982.0809999999999 [0,1,2,3,4,5,6,7,8,9] [215,216,217,218,219]
979.7040400000003 [0,1,2,3,4,5,6,7,8,9] [216,217,218,219,220]
978.7804444444446 [0,1,2,3,4,5,6,7,8,9] [219,220,221]
975.4854444444442 [0,1,2,3,4,5,6,7,8,9] [215,216,217,218,219,220]
971.3611111111113 [0,1,2,3,4,5,6,7,9] [225]
970.8817777777779 [0,1,2,3,4,5,6,7,8,9] [216,217,218,219,220,221]
968.5371632653062 [0,1,2,3,4,5,6,7,8,9] [215,216,217,218,219,220,221]
968.2559999999997 [0,1,2,3,4,5,6,7,8,9] [218,219]
963.0151111111111 [0,1,2,3,4,5,6,7,8,9] [216,217,218]
962.0807346938773 [0,1,2,3,4,5,6,7,8,9] [216,217,218,219,220,221,222]
961.3802500000002 [0,1,2,3,4,5,6,7,8,9] [219,220,221,222]
961.1351406250002 [0,1,2,3,4,5,6,7,8,9] [215,216,217,218,219,220,221,222]
960.8900625 [0,1,2,3,4,5,6,7,8,9] [215,216,217,218]
959.7467777777778 [0,1,2,3,4,5,6,7,8,9] [218,219,220]
955.5062499999997 [0,1,2,3,4,5,6,7,8,9] [217,218,219,220]
954.5290000000001 [0,1,2,3,4,5,6,7,8,9] [215]
951.6002500000002 [0,1,2,3,4,5,6,7,8,9] [218,219,220,221]
950.6944444444445 [0,1,2,3,4,5,6,7,9] [254]
949.8451600000002 [0,1,2,3,4,5,6,7,8,9] [217,218,219,220,221]
948.676 [0,1,2,3,4,5,6,7,8,9] [214,215,216,217,218,219]
948.6759999999998 [0,1,2,3,4,5,6,7,8,9] [232]
947.8413265306123 [0,1,2,3,4,5,6,7,8,9] [214,215,216,217,218,219,220]
945.6481975308641 [0,1,2,3,4,5,6,7,8,9] [215,216,217,218,219,220,221,222,223]
945.2700625000001 [0,1,2,3,4,5,6,7,8,9] [214,215,216,217,218,219,220,221]
944.5410156249994 [0,1,2,3,4,5,6,7,8,9] [216,217,218,219,220,221,222,223]
943.2294400000004 [0,1,2,3,4,5,6,7,8,9] [218,219,220,221,222]
943.1646944444443 [0,1,2,3,4,5,6,7,8,9] [217,218,219,220,221,222]
942.8409999999998 [0,1,2,3,4,5,6,7,8,9] [220]
941.3311604938275 [0,1,2,3,4,5,6,7,8,9] [214,215,216,217,218,219,220,221,222]
938.9609999999996 [0,1,2,3,4,5,6,7,8,9] [214,215,216,217]
937.6694444444444 [0,1,2,3,4,5,6,7,8,9] [214,215,216]
935.0890000000002 [0,1,2,3,4,5,6,7,8,9] [220,221]
933.880640625 [0,1,2,3,4,5,6,7,8,9] [213,214,215,216,217,218,219,220]
933.5424400000004 [0,1,2,3,4,5,6,7,8,9] [219,220,221,222,223]
933.156 [0,1,2,3,4,5,6,7,8,9] [213,214,215,216,217,218,219,220,221]
932.6040816326533 [0,1,2,3,4,5,6,7,8,9] [213,214,215,216,217,218,219]
931.2249999999997 [0,1,2,3,4,5,6,7,8,9] [211]
930.8390400000001 [0,1,2,3,4,5,6,7,8,9] [213,214,215,216,217,218,219,220,221,222]
929.4888100000001 [0,1,2,3,4,5,6,7,8,9] [214,215,216,217,218,219,220,221,222,223]
929.296 [0,1,2,3,4,5,6,7,8,9] [215,216,217,218,219,220,221,222,223,224,225]
928.2177777777781 [0,1,2,3,4,5,6,7,9] [221]
926.7912899999995 [0,1,2,3,4,5,6,7,8,9] [216,217,218,219,220,221,222,223,224,225]
926.7271111111111 [0,1,2,3,4,5,6,7,8,9] [220,221,222]
926.4062499999997 [0,1,2,3,4,5,6,7,8,9] [215,216,217,218,219,220,221,222,223,224]
926.3187520661161 [0,1,2,3,4,5,6,7,8,9] [211,212,213,214,215,216,217,218,219,220,221]
926.2137599999999 [0,1,2,3,4,5,6,7,8,9] [211,212,213,214,215,216,217,218,219,220]
925.9937959183677 [0,1,2,3,4,5,6,7,8,9] [217,218,219,220,221,222,223]
925.8288400000004 [0,1,2,3,4,5,6,7,8,9] [212,213,214,215,216,217,218,219,220,221]
925.6577901234571 [0,1,2,3,4,5,6,7,8,9] [212,213,214,215,216,217,218,219,220]
925.4440000000001 [0,1,2,3,4,5,6,7,8,9] [214,215,216,217,218]
924.9630625 [0,1,2,3,4,5,6,7,8,9] [211,212,213,214,215,216,217,218,219,220,221,222]
924.3948429752069 [0,1,2,3,4,5,6,7,8,9] [212,213,214,215,216,217,218,219,220,221,222]
924.3754197530867 [0,1,2,3,4,5,6,7,8,9] [211,212,213,214,215,216,217,218,219]
924.3220069444448 [0,1,2,3,4,5,6,7,8,9] [210,211,212,213,214,215,216,217,218,219,220,221]
924.1617777777776 [0,1,2,3,4,5,6,7,8,9] [215,216,217,218,219,220,221,222,223,224,225,226]
924.0452561983471 [0,1,2,3,4,5,6,7,8,9] [210,211,212,213,214,215,216,217,218,219,220]
923.521 [0,1,2,3,4,5,6,7,8,9] [212,213,214,215,216,217,218,219]
923.3074567901233 [0,1,2,3,4,5,6,7,8,9] [216,217,218,219,220,221,222,223,224]
923.2253313609466 [0,1,2,3,4,5,6,7,8,9] [210,211,212,213,214,215,216,217,218,219,220,221,222]
923.2006944444444 [0,1,2,3,4,5,6,7,8,9] [218,219,220,221,222,223]
922.1760899999999 [0,1,2,3,4,5,6,7,8,9] [210,211,212,213,214,215,216,217,218,219]
922.0431301775149 [0,1,2,3,4,5,6,7,8,9] [209,210,211,212,213,214,215,216,217,218,219,220,221]
921.6 [0,1,2,3,4,5,6,7,8,9] [209,210,211,212,213,214,215,216,217,218,219,220]
921.4254628099172 [0,1,2,3,4,5,6,7,8,9] [216,217,218,219,220,221,222,223,224,225,226]
921.1886173469387 [0,1,2,3,4,5,6,7,8,9] [209,210,211,212,213,214,215,216,217,218,219,220,221,222]
921.0764380165286 [0,1,2,3,4,5,6,7,8,9] [213,214,215,216,217,218,219,220,221,222,223]
920.1111111111113 [0,1,2,3,4,5,6,7,9] [225,226]
919.6810000000003 [0,1,2,3,4,5,6,7,8,9] [209,210,211,212,213,214,215,216,217,218,219]
918.7222499999998 [0,1,2,3,4,5,6,7,8,9] [221,222]
918.5305600000002 [0,1,2,3,4,5,6,7,8,9] [213,214,215,216,217]
917.7640000000004 [0,1,2,3,4,5,6,7,8,9] [228]
917.7639999999999 [0,1,2,3,4,5,6,7,8,9] [237]
917.2850624999999 [0,1,2,3,4,5,6,7,8,9] [214,215,216,217,218,219,220,221,222,223,224,225]
917.1745562130176 [0,1,2,3,4,5,6,7,8,9] [211,212,213,214,215,216,217,218,219,220,221,222,223]
916.8062500000002 [0,1,2,3,4,5,6,7,8,9] [210,211]
916.1224489795916 [0,1,2,3,4,5,6,7,8,9] [210,211,212,213,214,215,216,217,218,219,220,221,222,223]
916.071111111111 [0,1,2,3,4,5,6,7,9] [229]
916.0085069444443 [0,1,2,3,4,5,6,7,8,9] [212,213,214,215,216,217,218,219,220,221,222,223]
915.4389030612244 [0,1,2,3,4,5,6,7,8,9] [215,216,217,218,219,220,221,222,223,224,225,226,227,228]
915.2601715976334 [0,1,2,3,4,5,6,7,8,9] [215,216,217,218,219,220,221,222,223,224,225,226,227]
915.0625 [0,1,2,3,4,5,6,7,9] [229,230]
914.7009599999999 [0,1,2,3,4,5,6,7,8,9] [209,210,211,212,213,214,215,216,217,218,219,220,221,222,223]
914.31844 [0,1,2,3,4,5,6,7,8,9] [215,216,217,218,219,220,221,222,223,224,225,226,227,228,229]
914.0544444444445 [0,1,2,3,4,5,6,7,9] [230]
913.7994336734694 [0,1,2,3,4,5,6,7,8,9] [208,209,210,211,212,213,214,215,216,217,218,219,220,221]
913.6970156250002 [0,1,2,3,4,5,6,7,8,9] [215,216,217,218,219,220,221,222,223,224,225,226,227,228,229,230]
913.5883966942145 [0,1,2,3,4,5,6,7,8,9] [214,215,216,217,218,219,220,221,222,223,224]
913.5536399999999 [0,1,2,3,4,5,6,7,8,9] [208,209,210,211,212,213,214,215,216,217,218,219,220,221,222]
913.4948224852075 [0,1,2,3,4,5,6,7,8,9] [214,215,216,217,218,219,220,221,222,223,224,225,226]
912.78916 [0,1,2,3,4,5,6,7,8,9] [207,208,209,210,211,212,213,214,215,216,217,218,219,220,221]
912.7597633136096 [0,1,2,3,4,5,6,7,8,9] [208,209,210,211,212,213,214,215,216,217,218,219,220]
912.6219726562498 [0,1,2,3,4,5,6,7,8,9] [207,208,209,210,211,212,213,214,215,216,217,218,219,220,221,222]
912.5025625000004 [0,1,2,3,4,5,6,7,8,9] [213,214,215,216]
