[Score] [Station index] [Time slots] 
892.017777777778 [0,1,2,3,4,5,7,8,9] [197]
880.1111111111111 [0,1,2,3,4,5,7,8,9] [197,198]
875.7112500000001 [0,1,2,3,4,5,7,9] [196]
870.25 [0,1,2,3,4,5,7,8,9] [196,197]
869.5945679012343 [0,1,2,3,4,5,7,8,9] [196,197,198]
868.2844444444443 [0,1,2,3,4,5,7,8,9] [198]
850.0464197530864 [0,1,2,3,4,5,7,8,9] [197,198,199]
849.7224999999997 [0,1,2,3,4,5,7,8,9] [196,197,198,199]
832.5148444444444 [0,1,2,3,4,5,7,8,9] [196,197,198,199,200]
829.4399999999998 [0,1,2,3,4,5,7,8,9] [198,199]
828.4802777777777 [0,1,2,3,4,5,7,8,9] [197,198,199,200]
818.4367361111109 [0,1,2,3,4,5,7,8,9] [195,196,197,198]
813.0101777777778 [0,1,2,3,4,5,7,8,9] [195,196,197,198,199]
807.8227160493827 [0,1,2,3,4,5,7,8,9] [198,199,200]
806.0112499999999 [0,1,2,3,4,5,7,8,9] [171]
804.9829938271606 [0,1,2,3,4,5,7,8,9] [195,196,197,198,199,200]
804.3526234567903 [0,1,2,3,4,5,7,8,9] [196,197,198,199,200,201]
802.1482716049383 [0,1,2,3,4,5,7,8,9] [195,196,197]
795.6160444444442 [0,1,2,3,4,5,7,8,9] [197,198,199,200,201]
791.4844444444443 [0,1,2,3,4,5,7,8,9] [199]
785.0670294784579 [0,1,2,3,4,5,7,8,9] [195,196,197,198,199,200,201]
784.6223456790124 [0,1,2,3,4,5,7,8,9] [194,195,196,197,198,199]
783.253511111111 [0,1,2,3,4,5,7,8,9] [194,195,196,197,198]
781.8681179138322 [0,1,2,3,4,5,7,8,9] [194,195,196,197,198,199,200]
778.4099999999997 [0,1,2,3,4,5,7,8,9] [199,200]
772.3767361111111 [0,1,2,3,4,5,7,8,9] [198,199,200,201]
770.987777777778 [0,1,2,3,4,5,7,8,9] [193,194,195,196,197,198,199]
770.2937673611111 [0,1,2,3,4,5,7,8,9] [193,194,195,196,197,198,199,200]
770.0625 [0,1,2,3,5,7,9] [167,168]
769.1377777777778 [0,1,2,3,5,7,9] [166,167,168]
767.5978086419755 [0,1,2,3,4,5,7,8,9] [193,194,195,196,197,198]
767.5208506944443 [0,1,2,3,4,5,7,8,9] [194,195,196,197,198,199,200,201]
767.29 [0,1,2,3,5,7,9] [166]
767.1369142857144 [0,1,2,3,4,5,7,8,9] [170,171,172,173,174]
765.4444444444445 [0,1,2,3,4,5,7,8,9] [200]
763.8816666666663 [0,1,2,3,4,6,7,8,9] [173]
763.372857142857 [0,1,2,3,4,5,7,8,9] [168,169,170,171,172,173,174,175]
762.6802777777777 [0,1,2,3,4,5,7,8,9] [194,195,196,197]
761.7600000000001 [0,1,2,3] [168]
759.2014285714287 [0,1,2,3,4,5,7,8,9] [170,171,172,173,174,175]
759.0024999999998 [0,1,2,3,4,5,7,8,9] [195,196]
758.900466392318 [0,1,2,3,4,5,7,8,9] [193,194,195,196,197,198,199,200,201]
758.6808035714286 [0,1,2,3,4,5,7,8,9] [171,172,173,174]
758.0844444444443 [0,1,2,3,5,6,7,8,9] [226]
757.1200000000002 [0,1,2,3,4,5,7,8,9] [169,170,171,172,173,174]
755.2318244170096 [0,1,2,3,4,5,7,8,9] [192,193,194,195,196,197,198,199,200]
754.8756249999997 [0,1,2,3,5,7,9] [165,166,167,168]
753.9920000000001 [0,1,2,3,5,7,8,9] [170]
753.9600694444441 [0,1,2,3,4,5,7,8,9] [192,193,194,195,196,197,198,199]
751.7808746355686 [0,1,2,3,4,5,7,8,9] [169,170,171,172,173,174,175]
750.8928571428571 [0,1,2,3,4,5,7,8,9] [171,172,173,174,175]
748.6738321995463 [0,1,2,3,4,5,7,8,9] [192,193,194,195,196,197,198]
748.2048444444442 [0,1,2,3,4,5,7,8,9] [193,194,195,196,197]
746.5645444444447 [0,1,2,3,4,5,7,8,9] [192,193,194,195,196,197,198,199,200,201]
745.1499118165785 [0,1,2,3,4,5,7,8,9] [168,169,170,171,172,173,174,175,176]
744.6914285714283 [0,1,2,3,4,5,7,8,9] [167,168,169,170,171,172,173,174,175,176]
744.2503628117914 [0,1,2,3,4,5,7,8,9] [196,197,198,199,200,201,202]
741.943492063492 [0,1,2,3,4,5,7,8,9] [166,167,168,169,170,171,172,173,174,175,176,177]
741.6544444444445 [0,1,2,3,4,5,7,8,9] [199,200,201]
741.0858035714288 [0,1,2,3,4,5,7,8,9] [172,173,174,175]
740.8879459002537 [0,1,2,3,4,5,7,8,9] [165,166,167,168,169,170,171,172,173,174,175,176,177]
740.7469444444444 [0,1,2,3,4,5,7,8,9] [191,192,193,194,195,196,197,198,199,200]
739.8399999999999 [0,1,2,3,5,7,9] [165,166]
739.8235655253839 [0,1,2,3,4,5,7,8,9] [167,168,169,170,171,172,173,174,175,176,177]
739.7488 [0,1,2,3,4,5,7,8,9] [168,169,170,171,172,173,174,175,176,177]
738.0277777777778 [0,1,2,3,4,5,7,8,9] [191,192,193,194,195,196,197,198,199]
736.4628571428572 [0,1,2,3,4,5,7,8,9] [170,171,172,173,174,175,176]
735.3136111111111 [0,1,2,3,4,5,7,8,9] [195,196,197,198,199,200,201,202]
734.2457667584938 [0,1,2,3,4,5,7,8,9] [191,192,193,194,195,196,197,198,199,200,201]
733.055625 [0,1,2,3,5,7,9] [166,167]
732.8772321428571 [0,1,2,3,4,5,7,8,9] [169,170,171,172,173,174,175,176]
732.8378782755708 [0,1,2,3,4,5,7,8,9] [166,167,168,169,170,171,172,173,174,175,176,177,178]
732.5118440233236 [0,1,2,3,4,5,7,8,9] [165,166,167,168,169,170,171,172,173,174,175,176,177,178]
731.4771006944443 [0,1,2,3,4,5,7,8,9] [191,192,193,194,195,196,197,198]
730.8322321428572 [0,1,2,3,4,5,7,8,9] [170,171,172,173,174,175,176,177]
730.1512003968253 [0,1,2,3,4,5,7,8,9] [167,168,169,170,171,172,173,174,175,176,177,178]
729.6546923783286 [0,1,2,3,4,5,7,8,9] [190,191,192,193,194,195,196,197,198,199,200]
729.60012345679 [0,1,2,3,4,5,7,8,9] [192,193,194,195,196,197]
729.2075678866587 [0,1,2,3,4,5,7,8,9] [168,169,170,171,172,173,174,175,176,177,178]
728.2800000000001 [0,1,2,3,4,5,7,8,9] [169,170,171,172,173,174,175,176,177]
727.5007716049381 [0,1,2,3,4,5,7,8,9] [197,198,199,200,201,202]
727.2603571428573 [0,1,2,3,4,5,7,8,9] [164,165,166,167,168,169,170,171,172,173,174,175,176,177]
727.2180000000001 [0,1,2,3,4,6,7,9] [159,160]
726.8416000000001 [0,1,2,3,5,7,9] [165,166,167,168,169]
726.3025 [0,1,2,3,5,7,9] [165,166,167]
726.2414285714285 [0,1,2,3,4,5,7,8,9] [173,174,175]
726.1228444444446 [0,1,2,3,4,5,7,8,9] [190,191,192,193,194,195,196,197,198,199]
725.9019444444444 [0,1,2,3,4,5,7,8,9] [171,172,173,174,175,176]
725.6982920634922 [0,1,2,3,4,5,7,8,9] [165,166,167,168,169,170,171,172,173,174,175,176,177,178,179]
725.6039643347052 [0,1,2,3,4,5,7,8,9] [194,195,196,197,198,199,200,201,202]
725.514059766764 [0,1,2,3,4,5,7,8,9] [166,167,168,169,170,171,172,173,174,175,176,177,178,179]
724.6564891975307 [0,1,2,3,4,5,7,8,9] [190,191,192,193,194,195,196,197,198,199,200,201]
723.6337777777779 [0,1,2,3,4,5,6,7,8,9] [194,195,196]
722.5 [0,1,2,3,4,5,6,7,8,9] [200,201]
722.4854184277261 [0,1,2,3,4,5,7,8,9] [167,168,169,170,171,172,173,174,175,176,177,178,179]
722.1760444444445 [0,1,2,3,4,5,7,8,9] [193,194,195,196,197,198,199,200,201,202]
721.0125072886298 [0,1,2,3,4,5,7,8,9] [171,172,173,174,175,176,177]
720.9883432539683 [0,1,2,3,4,5,7,8,9] [168,169,170,171,172,173,174,175,176,177,178,179]
720.9224999999999 [0,1,2,3] [276]
720.9037723214287 [0,1,2,3,4,5,7,8,9] [165,166,167,168,169,170,171,172,173,174,175,176,177,178,179,180]
