[Score] [Station index] [Time slots] 
579.70125 [0,1,2,3,4,5,6,7] [234]
528.0914285714285 [0,1,2,3,5,6,7] [238]
503.2032142857143 [0,1,2,3,4,5,6] [234,235]
490.00777777777796 [0,1,2,3,4,5,6] [234,235,236]
476.0250892857144 [0,1,2,3,4,5,6] [234,235,236,237]
474.78892857142864 [0,1,2,3,4,5,6] [233,234,235,236]
472.78125 [0,1,2,3,4,5,6,7] [247]
470.2222222222223 [0,1,2,3,4,5,6,7] [247,248,249]
469.5873015873016 [0,1,2,3,4,5,6] [232,233,234]
469.2250000000002 [0,1,2,3,4,5,6,7,8,9] [249]
468.9453125 [0,1,2,3,4,5,6,7] [248,249]
466.75222857142853 [0,1,2,3,4,5,6] [233,234,235,236,237]
466.65125 [0,1,2,3,4,5,6,7] [242,243,244,245]
464.9575 [0,1,2,3,4,5,6] [232,233,234,235]
464.7945142857143 [0,1,2,3,4,5,6] [232,233,234,235,236]
464.4143253968254 [0,1,2,3,4,5,6] [233,234,235,236,237,238]
464.142857142857 [0,1,2,3,4,5,6] [236]
463.2207031249999 [0,1,2,3,4,5,6,7] [240,241,242,243]
463.0938888888889 [0,1,2,3,4,5,6,7] [238,239,240,241,242,243]
461.16194444444443 [0,1,2,3,4,5,6] [234,235,236,237,238,239]
459.8101587301586 [0,1,2,3,4,5,6] [232,233,234,235,236,237]
459.045 [0,1,2,3,4,5,6,7] [247,248]
458.8556445312501 [0,1,2,3,4,5,6,7] [242,243,244,245,246,247,248,249]
458.80725947521876 [0,1,2,3,4,5,6] [232,233,234,235,236,237,238]
457.65142857142837 [0,1,2,3,4,5,6] [235,236]
456.7278134110787 [0,1,2,3,4,5,6] [233,234,235,236,237,238,239]
455.51680555555555 [0,1,2,3,4,5,6,7] [242,243,244,245,246,247]
455.11445000000003 [0,1,2,3,4,5,6,7] [240,241,242,243,244]
454.51124999999996 [0,1,2,3,4,5,6,7] [239,240,241,242,243]
454.2760000000001 [0,1,2,3,4,5,6,7,8,9] [249,250]
454.0806377551019 [0,1,2,3,4,5,6,7] [242,243,244,245,246,247,248]
453.7578124999999 [0,1,2,3,4,5,6,7] [247,248,249,250]
453.04268221574347 [0,1,2,3,4,5,6] [234,235,236,237,238,239,240]
452.8377932098767 [0,1,2,3,4,5,6,7] [242,243,244,245,246,247,248,249,250]
452.81285714285707 [0,1,2,3,4,5,6] [232,233,234,235,236,237,238,239]
452.7040500000001 [0,1,2,3,4,5,6,7] [247,248,249,250,251]
452.57510204081643 [0,1,2,3,4,5,6,7] [243,244,245,246,247,248,249]
452.40319999999997 [0,1,2,3,4,5,6,7] [242,243,244,245,246,247,248,249,250,251]
452.10245000000003 [0,1,2,3,4,5,6,7] [242,243,244,245,246]
451.1257031249999 [0,1,2,3,4,5,6,7] [246,247,248,249]
450.8043750000001 [0,1,2,3,4,5,6] [235,236,237,238]
450.2027008928571 [0,1,2,3,4,5,6] [233,234,235,236,237,238,239,240]
450.13587301587313 [0,1,2,3,4,5,6] [235,236,237]
449.87500868055554 [0,1,2,3,4,5,6,7] [238,239,240,241,242,243,244,245,246,247,248,249]
449.7857397959184 [0,1,2,3,4,5,6,7] [236,237,238,239,240,241,242,243,244,245,246,247,248,249]
449.0773964497042 [0,1,2,3,4,5,6,7] [237,238,239,240,241,242,243,244,245,246,247,248,249]
448.5890666666667 [0,1,2,3,5,6] [234,235,236,237,238]
448.50124999999997 [0,1,2,3,4,5,6,7] [241,242,243,244,245,246,247,248,249]
447.7528125 [0,1,2,3,4,5,6,7] [248,249,250,251]
447.5034722222222 [0,1,2,3,4,5,6,7] [248,249,250]
447.4668253968254 [0,1,2,3,4,5,6] [232,233,234,235,236,237,238,239,240]
447.30405000000013 [0,1,2,3,4,5,6,7] [240,241,242,243,244,245,246,247,248,249]
447.11511111111105 [0,1,2,3,4,5,6,7,8,9] [249,250,251]
447.00499999999994 [0,1,2,3,4,5,6,7] [242,243,244,245,246,247,248,249,250,251,252]
446.93381235827667 [0,1,2,3,4,5,6,7] [233,234,235,236,237,238,239,240,241,242,243,244,245,246,247,248,249,250,251,252,253]
446.91156738281256 [0,1,2,3,4,5,6,7] [236,237,238,239,240,241,242,243,244,245,246,247,248,249,250,251]
446.8389043209877 [0,1,2,3,4,5,6,7] [243,244,245,246,247,248,249,250,251]
446.8056888888888 [0,1,2,3,4,5,6,7] [236,237,238,239,240,241,242,243,244,245,246,247,248,249,250]
446.6313281250001 [0,1,2,3,4,5,6,7] [243,244,245,246,247,248,249,250]
446.5779591836734 [0,1,2,3,4,5,6,7] [238,239,240,241,242,243,244,245,246,247,248,249,250,251]
446.5451183431953 [0,1,2,3,4,5,6,7] [236,237,238,239,240,241,242,243,244,245,246,247,248]
446.4301849112425 [0,1,2,3,4,5,6,7] [238,239,240,241,242,243,244,245,246,247,248,249,250]
446.10845000000023 [0,1,2,3,4,5,6,7] [243,244,245,246,247]
446.10845 [0,1,2,3,4,5,6,7] [237,238,239,240,241,242,243,244,245,246,247,248,249,250,251]
446.0820571428571 [0,1,2,3,4,5,6] [234,235,236,237,238,239,240,241,242,243]
446.05414256198367 [0,1,2,3,4,5,6,7] [238,239,240,241,242,243,244,245,246,247,248]
446.00888888888903 [0,1,2,3,4,5,6,7] [243,244,245,246,247,248]
445.9377806122448 [0,1,2,3,4,5,6,7] [237,238,239,240,241,242,243,244,245,246,247,248,249,250]
445.73515312500007 [0,1,2,3,4,5,6,7] [234,235,236,237,238,239,240,241,242,243,244,245,246,247,248,249,250,251,252,253]
445.51125 [0,1,2,3,4,5,6,7] [237,238,239,240,241,242,243,244,245,246,247,248]
445.51124999999996 [0,1,2,3,4,5,6,7] [248]
444.83309917355376 [0,1,2,3,4,5,6,7] [239,240,241,242,243,244,245,246,247,248,249]
444.66079102715474 [0,1,2,3,4,5,6] [233,234,235,236,237,238,239,240,241,242,243]
444.5619834710744 [0,1,2,3,4,5,6,7] [241,242,243,244,245,246,247,248,249,250,251]
444.51680555555544 [0,1,2,3,4,5,6,7] [235,236,237,238,239,240,241,242,243,244,245,246,247,248,249,250,251,252]
444.1690125 [0,1,2,3,4,5,6,7] [241,242,243,244,245,246,247,248,249,250]
443.8958420138889 [0,1,2,3,4,5,6,7] [240,241,242,243,244,245,246,247,248,249,250,251]
443.75999999999993 [0,1,2,3,5,6] [237,238]
443.7570977508651 [0,1,2,3,4,5,6,7] [236,237,238,239,240,241,242,243,244,245,246,247,248,249,250,251,252]
443.478347107438 [0,1,2,3,4,5,6,7] [240,241,242,243,244,245,246,247,248,249,250]
443.19260802469137 [0,1,2,3,4,5,6,7] [238,239,240,241,242,243,244,245,246]
443.0892382812499 [0,1,2,3,4,5,6,7] [241,242,243,244,245,246,247,248]
443.080248015873 [0,1,2,3,4,5,6] [232,233,234,235,236,237,238,239,240,241,242,243]
443.0272222222223 [0,1,2,3,4,5,6,7] [238,239,240,241,242,243,244,245,246,247,248,249,250,251,252]
443.0272222222222 [0,1,2,3,4,5,6,7] [246,247,248,249,250,251]
442.8946285714287 [0,1,2,3,4,5,6] [235,236,237,238,239]
442.81020019531246 [0,1,2,3,4,5,6,7] [237,238,239,240,241,242,243,244,245,246,247,248,249,250,251,252]
442.77920138888896 [0,1,2,3,4,5,6,7] [247,248,249,250,251,252]
442.74377551020416 [0,1,2,3,4,5,6,7] [241,242,243,244,245,246,247]
442.5312499999999 [0,1,2,3,5,6,7,9] [223]
442.365987654321 [0,1,2,3,4,5,6,7] [240,241,242,243,244,245,246,247,248]
442.07367603550296 [0,1,2,3,4,5,6,7] [239,240,241,242,243,244,245,246,247,248,249,250,251]
442.0562101534829 [0,1,2,3,4,5,6] [234,235,236,237,238,239,240,241,242,243,244]
441.97361328124987 [0,1,2,3,4,5,6,7] [240,241,242,243,244,245,246,247]
441.9364500000001 [0,1,2,3,4,5,6,7] [246,247,248,249,250]
441.6228571428573 [0,1,2,3,4,5,6] [220]
441.5401388888889 [0,1,2,3,4,5,6,7] [239,240,241,242,243,244,245,246,247,248,249,250]
441.4906125 [0,1,2,3,4,5,6,7] [243,244,245,246,247,248,249,250,251,252]
441.2258035714285 [0,1,2,3,4,5,6] [231,232,233,234,235,236,237,238]
441.09349206349196 [0,1,2,3,4,5,6] [233,234,235,236,237,238,239,240,241,242,243,244]
