[Score] [Station index] [Time slots] 
1248.4444444444443 [0,1,2,3,4,5,6,7,9] [1]
1185.6544444444444 [0,1,2,3,4,5,6,7,9] [14]
1178.7777777777778 [0,1,2,3,4,5,6,7,9] [13,14]
1171.9211111111113 [0,1,2,3,4,5,6,7,9] [13]
1162.81 [0,1,2,3,4,5,6,7,9] [1,2]
1156.805 [0,1,2,3,4,6,7,9] [10]
1146.1986419753086 [0,1,2,3,4,5,6,7,9] [13,14,15]
1140.1877777777777 [0,1,2,3,4,5,6,7,9] [1,2,3]
1136.8136111111114 [0,1,2,3,4,5,6,7,9] [0,1]
1135.26125 [0,1,2,3,4,6,7,9] [6]
1133.4444444444448 [0,1,2,3,4,5,6,7,9] [14,15]
1132.696419753086 [0,1,2,3,4,5,6,7,9] [12,13,14]
1120.0177777777774 [0,1,2,3,4,5,6,7,9] [12,13,14,15]
1118.9025 [0,1,2,3,4,5,6,7,9] [1,2,3,4]
1117.7877777777778 [0,1,2,3,4,5,6,7,9] [0,1,2]
1115.136 [0,1,2,3,4,5,6,7,8,9] [267]
1112.2224999999999 [0,1,2,3,4,5,6,7,9] [0,1,2,3]
1106.7040000000002 [0,1,2,3,4,5,6,7,8,9] [3]
1106.6711111111115 [0,1,2,3,4,5,6,7,9] [12,13]
1106.2276000000004 [0,1,2,3,4,5,6,7,9] [10,11,12,13,14]
1102.2399999999998 [0,1,2,3,4,5,6,7,9] [10,11,12,13,14,15]
1100.9124000000002 [0,1,2,3,4,5,6,7,9] [0,1,2,3,4]
1098.3700694444447 [0,1,2,3,4,5,6,7,9] [11,12,13,14]
1095.1687111111107 [0,1,2,3,4,5,6,7,9] [11,12,13,14,15]
1094.1160000000002 [0,1,2,3,4,5,6,7,8,9] [23]
1087.9002777777775 [0,1,2,3,4,5,6,7,9] [2,3]
1086.8011111111111 [0,1,2,3,4,5,6,7,9] [10,11,12,13]
1084.7222499999993 [0,1,2,3,4,5,6,7,8,9] [23,24]
1084.6153125000005 [0,1,2,3,4,6,7,9] [10,11]
1084.238549382716 [0,1,2,3,4,5,6,7,9] [1,2,3,4,5,6]
1081.5999999999997 [0,1,2,3,4,5,6,7,8,9] [3,4]
1081.3136111111112 [0,1,2,3,4,5,6,7,9] [13,14,15,16]
1080.2177777777772 [0,1,2,3,4,5,6,7,9] [2]
1078.3404988662132 [0,1,2,3,4,5,6,7,9] [9,10,11,12,13,14,15]
1077.6629938271608 [0,1,2,3,4,5,6,7,9] [9,10,11,12,13,14]
1077.2982716049382 [0,1,2,3,4,5,6,7,9] [2,3,4]
1076.66015625 [0,1,2,3,4,5,6,7,9] [8,9,10,11,12,13,14,15]
1076.4648526077099 [0,1,2,3,4,5,6,7,9] [0,1,2,3,4,5,6]
1075.8400000000001 [0,1,2,3,4,5,6,7,9] [8,9,10,11,12,13,14]
1075.3690000000001 [0,1,2,3,4,5,6,7,8,9] [24]
1074.9655111111115 [0,1,2,3,4,5,6,7,9] [6,7,8,9,10,11,12,13,14,15]
1074.6740938271605 [0,1,2,3,4,5,6,7,9] [1,2,3,4,5,6,7,8,9,10,11,12,13,14,15]
1074.1399314128942 [0,1,2,3,4,5,6,7,9] [6,7,8,9,10,11,12,13,14]
1074.1225907029482 [0,1,2,3,4,5,6,7,9] [1,2,3,4,5,6,7,8,9,10,11,12,13,14]
1074.0913777777778 [0,1,2,3,4,5,6,7,9] [1,2,3,4,5]
1073.654444444444 [0,1,2,3,4,5,6,7,9] [12,13,14,15,16]
1072.6168055555556 [0,1,2,3,4,6,7,9] [10,11,12]
1072.4065532879818 [0,1,2,3,4,5,6,7,9] [1,2,3,4,5,6,7]
1071.8803168402778 [0,1,2,3,4,5,6,7,9] [0,1,2,3,4,5,6,7,8,9,10,11,12,13,14,15]
1071.8449999999998 [0,1,2,3,4,6,7,9] [8]
1071.782879818594 [0,1,2,3,4,5,6,7,9] [10,11,12,13,14,15,16]
1071.471111111111 [0,1,2,3,4,5,6,7,9] [1,2,3,4,5,6,7,8]
1071.1801679012344 [0,1,2,3,4,5,6,7,9] [0,1,2,3,4,5,6,7,8,9,10,11,12,13,14]
1070.0167901234568 [0,1,2,3,4,5,6,7,9] [11,12,13]
1068.3213305898494 [0,1,2,3,4,5,6,7,9] [7,8,9,10,11,12,13,14,15]
1067.111111111111 [0,1,2,3,4,5,6,7,9] [6,7,8]
1067.1111111111106 [0,1,2,3,4,5,6,7,9] [0,1,2,3,4,5,6,7]
1066.86914951989 [0,1,2,3,4,5,6,7,9] [0,1,2,3,4,5,6,7,8]
1066.7481790123456 [0,1,2,3,4,5,6,7,9] [0,1,2,3,4,5]
1066.5667361111111 [0,1,2,3,4,5,6,7,9] [7,8,9,10,11,12,13,14]
1065.7713609467457 [0,1,2,3,4,5,6,7,9] [1,2,3,4,5,6,7,8,9,10,11,12,13]
1064.4993777777777 [0,1,2,3,4,5,6,7,9] [1,2,3,4,5,6,7,8,9,10]
1063.2257653061226 [0,1,2,3,4,5,6,7,9] [0,1,2,3,4,5,6,7,8,9,10,11,12,13]
1063.1675390624998 [0,1,2,3,4,5,6,7,9] [1,2,3,4,5,6,7,8,9,10,11,12,13,14,15,16]
1062.7600000000002 [0,1,2,3,4,5,6,7,9] [2,3,4,5,6,7,8,9,10,11,12,13,14,15]
1062.6049999999998 [0,1,2,3,4,5,6,7,9] [4]
1061.4229848783696 [0,1,2,3,4,5,6,7,9] [3,4,5,6,7,8,9,10,11,12,13,14,15]
1061.3774196510562 [0,1,2,3,4,5,6,7,9] [0,1,2,3,4,5,6,7,8,9,10]
1061.2559171597632 [0,1,2,3,4,5,6,7,9] [2,3,4,5,6,7,8,9,10,11,12,13,14]
1061.2264359861592 [0,1,2,3,4,5,6,7,9] [0,1,2,3,4,5,6,7,8,9,10,11,12,13,14,15,16]
1060.9496604938272 [0,1,2,3,4,5,6,7,9] [11,12,13,14,15,16]
1060.5877777777778 [0,1,2,3,4,5,6,7,9] [6,7,8,9,10,11,12,13]
1059.683341049383 [0,1,2,3,4,5,6,7,9] [3,4,5,6,7,8,9,10,11,12,13,14]
1058.841 [0,1,2,3,4,5,6,7,8,9] [13,14,15,16,17]
1058.8121579430672 [0,1,2,3,4,5,6,7,9] [5,6,7,8,9,10,11,12,13,14,15]
1058.5985262345682 [0,1,2,3,4,5,6,7,9] [4,5,6,7,8,9,10,11,12,13,14,15]
1058.4177777777777 [0,1,2,3,4,5,6,7,9] [1,2,3,4,5,6,7,8,9,10,11]
1058.2206152433432 [0,1,2,3,4,5,6,7,9] [6,7,8,9,10,11,12,13,14,15,16]
1058.0563271604942 [0,1,2,3,4,5,6,7,9] [8,9,10,11,12,13]
1057.1529706790125 [0,1,2,3,4,5,6,7,9] [1,2,3,4,5,6,7,8,9,10,11,12]
1057.06265625 [0,1,2,3,4,5,6,7,9] [10,11,12,13,14,15,16,17]
1056.7598654363708 [0,1,2,3,4,5,6,7,9] [1,2,3,4,5,6,7,8,9,10,11,12,13,14,15,16,17]
1056.683377777778 [0,1,2,3,4,5,6,7,9] [9,10,11,12,13]
1056.490754458162 [0,1,2,3,4,5,6,7,9] [1,2,3,4,5,6,7,8,9]
1056.4666777777775 [0,1,2,3,4,5,6,7,9] [5,6,7,8,9,10,11,12,13,14]
1056.4469788797066 [0,1,2,3,4,5,6,7,9] [4,5,6,7,8,9,10,11,12,13,14]
1056.0694521604937 [0,1,2,3,4,5,6,7,9] [0,1,2,3,4,5,6,7,8,9,10,11]
1056.009272976681 [0,1,2,3,4,5,6,7,9] [8,9,10,11,12,13,14,15,16]
1055.287256515775 [0,1,2,3,4,5,6,7,9] [0,1,2,3,4,5,6,7,8,9,10,11,12,13,14,15,16,17]
1055.2417999999998 [0,1,2,3,4,6,7,9] [6,7,8,9,10]
1055.0836554898094 [0,1,2,3,4,5,6,7,9] [0,1,2,3,4,5,6,7,8,9,10,11,12]
1054.8962673611115 [0,1,2,3,4,5,6,7,9] [9,10,11,12,13,14,15,16]
1054.044444444444 [0,1,2,3,4,5,6,7,8,9] [12,13,14,15,16,17]
1053.8680111111112 [0,1,2,3,4,5,6,7,9] [0,1,2,3,4,5,6,7,8,9]
1053.405 [0,1,2,3,4,6,7,9] [8,9,10]
1053.3601111111109 [0,1,2,3,4,5,6,7,8,9] [22,23,24]
1052.7861777777782 [0,1,2,3,4,5,6,7,9] [2,3,4,5,6]
1051.9211111111108 [0,1,2,3,4,5,6,7,9] [14,15,16]
1051.3445975308643 [0,1,2,3,4,5,6,7,9] [2,3,4,5,6,7,8,9,10,11,12,13,14,15,16]
1051.2004938271602 [0,1,2,3,4,5,6,7,9] [2,3,4,5,6,7,8,9,10,11,12,13]
