[Score] [Station index] [Time slots] 
699.6025000000002 [0,1,2,3,5,7] [260]
649.8 [0,1,2,3,5,7,9] [260,261]
638.45 [0,1,2,3,5,7] [261]
610.1442222222223 [0,1,2,3,5,7,9] [260,261,262]
586.4444999999998 [0,1,2,3,5,7,9] [260,261,262,263]
576.3012500000001 [0,1,2,3,5,7,8,9] [261,262]
558.4481999999998 [0,1,2,3,5,7,8,9] [260,261,262,263,264]
548.3568055555555 [0,1,2,3,5,7,8,9] [261,262,263]
547.8050000000001 [0,1,2,3,5,7,8,9] [261,262,263,264]
546.1512499999999 [0,1,2,3,5,7,8,9] [264]
542.89 [0,1,2,3,5,7,8] [237]
537.92 [0,1,2,3,5,7,8,9] [262]
525.9605555555554 [0,1,2,3,5,7,8,9] [262,263,264]
523.2612499999998 [0,1,2,3,5,7,8,9] [260,261,262,263,264,265]
520.03125 [0,1,2,3,5,7,8,9] [263,264]
516.0078125 [0,1,2,3,5,7,8,9] [262,263]
514.2816049382716 [0,1,2,3,4,5,7,8,9] [259,260,261]
512.6450694444444 [0,1,2,3,4,5,7,8,9] [259,260,261,262]
508.1672 [0,1,2,3,5,7,8,9] [261,262,263,264,265]
506.00003086419736 [0,1,2,3,4,5,7,8,9] [259,260,261,262,263,264]
502.445 [0,1,2,3,5,7,8,9] [260,261,262,263,264,265,266]
501.7599999999998 [0,1,2,3,4,5,7,8,9] [259,260,261,262,263]
487.1479591836734 [0,1,2,3,4,5,7,8,9] [259,260,261,262,263,264,265]
486.7200000000001 [0,1,2,3,5,7,8,9] [261,262,263,264,265,266]
482.8278124999999 [0,1,2,3,5,7,8,9] [262,263,264,265]
481.07111111111107 [0,1,2,3,4,5,7,8,9] [260,261,262,263,264,265,266,267]
480.5714285714283 [0,1,2,3,4,6,7,8,9] [272]
472.8692063492063 [0,1,2,3,5,7,9] [245,246,247]
472.8208641975309 [0,1,2,3,4,5,7,8,9] [260,261,262,263,264,265,266,267,268]
470.88999999999993 [0,1,2,3,4,5,7,8,9] [259,260,261,262,263,264,265,266]
469.05041666666665 [0,1,2,3,4,5,7,8,9] [220,221]
465.56081632653064 [0,1,2,3,5,7,8,9] [261,262,263,264,265,266,267]
465.440672153635 [0,1,2,3,4,5,7,8,9] [259,260,261,262,263,264,265,266,267]
465.1249999999999 [0,1,2,3,5,7,8,9] [263,264,265]
462.68819999999994 [0,1,2,3,5,7,8,9] [262,263,264,265,266]
462.25 [0,1,2,3,4,5,7,8,9] [258,259,260,261,262]
461.7723456790124 [0,1,2,3,4,5,7,8,9] [258,259,260,261,262,263]
461.0409999999999 [0,1,2,3,4,5,6,7,8,9] [271]
459.67359999999985 [0,1,2,3,4,5,7,8,9] [259,260,261,262,263,264,265,266,267,268]
459.20918402777784 [0,1,2,3,4,5,7,8,9] [258,259,260,261,262,263,264,265]
455.82249999999993 [0,1,2,3,4,5,7,8,9] [260,261,262,263,264,265,266,267,268,269]
455.1111111111113 [0,1,2,3,4,5,7,8,9] [261,262,263,264,265,266,267,268]
452.4016666666667 [0,1,2,3,4,5,7,8,9] [221]
451.5625 [0,1,2,3,4,5,7,8,9] [264,265]
450.8544444444444 [0,1,2,3,4,6,7,8,9] [271,272]
450.5765625 [0,1,2,3,4,5,6,7,8,9] [258,259,260,261]
450.089074074074 [0,1,2,3,4,5,7,8,9] [220,221,222]
448.1845816186557 [0,1,2,3,4,5,7,8,9] [258,259,260,261,262,263,264,265,266]
445.6321 [0,1,2,3,4,5,7,8,9] [258,259,260,261,262,263,264,265,266,267]
445.5937190082643 [0,1,2,3,4,5,7,8,9] [259,260,261,262,263,264,265,266,267,268,269]
444.7653125000001 [0,1,2,3,5,7,8,9] [263,264,265,266]
443.03871441689637 [0,1,2,3,4,5,7,8,9] [260,261,262,263,264,265,266,267,268,269,270]
442.27364554637273 [0,1,2,3,4,5,7,8,9] [258,259,260,261,262,263,264,265,266,267,268]
441.9338271604939 [0,1,2,3,4,5,7,8,9] [262,263,264,265,266,267]
439.6011111111112 [0,1,2,3,4,5,7,8,9] [257,258,259,260,261,262,263,264]
438.9025 [0,1,2,3,5,7,9] [246,247]
438.51462277091906 [0,1,2,3,4,5,7,8,9] [261,262,263,264,265,266,267,268,269]
438.45142857142855 [2,3,4,5,6,7,9] [247]
438.04799999999994 [0,1,2,3,5,7,9] [244,245,246,247]
437.208185941043 [0,1,2,3,4,5,7,8,9] [262,263,264,265,266,267,268]
436.3379629629629 [0,1,2,3,4,6,7] [270,271,272]
434.83834104938273 [0,1,2,3,4,5,7,8,9] [259,260,261,262,263,264,265,266,267,268,269,270]
434.1796213017752 [0,1,2,3,4,5,6,7,8,9] [259,260,261,262,263,264,265,266,267,268,269,270,271]
432.94820301783267 [0,1,2,3,4,5,7,8,9] [257,258,259,260,261,262,263,264,265]
432.6504166666667 [0,1,2,3,4,5,7,8,9] [221,222]
431.5205000000001 [0,1,2,3,5,7,9] [245,246,247,248]
431.02373456790133 [0,1,2,3,4,5,7,8,9] [258,259,260,261,262,263,264,265,266,267,268,269]
430.33599999999996 [0,1,2,3,4,5,6,7,8,9] [204,205]
429.31840000000005 [0,1,2,3,4,5,7,8,9] [263,264,265,266,267]
428.7568055555556 [0,1,2,3,5,7,8,9] [264,265,266]
427.70179138322 [0,1,2,3,4,5,7,8,9] [257,258,259,260,261,262,263]
425.8720111111112 [0,1,2,3,4,5,7,8,9] [257,258,259,260,261,262,263,264,265,266]
425.6094031221304 [0,1,2,3,4,5,7,8,9] [257,258,259,260,261,262,263,264,265,266,267]
425.44445000000013 [0,1,2,3,4,6,7,8,9] [210,211,212,213,214]
425.04200000000003 [0,1,2,3,5,6,7,9] [209,210]
424.2455632716049 [0,1,2,3,4,5,7,8,9] [257,258,259,260,261,262,263,264,265,266,267,268]
423.7498491083677 [0,1,2,3,4,5,7,8,9] [256,257,258,259,260,261,262,263,264]
422.9877777777779 [0,1,2,3,4,5,7,8,9] [267]
422.53086419753083 [0,1,2,3,4,5,7,8,9] [257,258,259,260,261,262]
422.4000059171597 [0,1,2,3,4,5,6,7,8,9] [258,259,260,261,262,263,264,265,266,267,268,269,270]
420.6279200000001 [0,1,2,3,5,7,9] [244,245,246,247,248]
420.5646296296297 [0,1,2,3,4,5,7,8,9] [219,220,221]
419.52799999999996 [0,1,2,3,5,7,9] [244,245]
419.4304000000001 [0,1,2,3,4,5,7,8,9] [256,257,258,259,260,261,262,263,264,265]
418.7526041666667 [0,1,2,3,4,5,7,8,9] [219,220,221,222]
417.52111111111105 [0,1,2,3,4,6,7,8,9] [210,211,212,213,214,215]
416.88544444444443 [0,1,2,3,4,5,6,7,8,9] [211,212,213]
416.61345679012334 [0,1,2,3,4,6,7,8,9] [209,210,211,212,213,214]
415.42801446416837 [0,1,2,3,4,5,7,8,9] [257,258,259,260,261,262,263,264,265,266,267,268,269]
415.3802499999999 [0,1,2,3,4,5,6,7,8,9] [212,213]
415.027438271605 [0,1,2,3,4,5,7,8,9] [256,257,258,259,260,261,262,263,264,265,266,267]
414.59224852071 [0,1,2,3,4,5,7,8,9] [256,257,258,259,260,261,262,263,264,265,266,267,268]
414.3075206611571 [0,1,2,3,4,5,7,8,9] [256,257,258,259,260,261,262,263,264,265,266]
413.44444444444446 [0,1,2,3,5,6,7,8,9] [249]
413.1275625000001 [0,1,2,3,4,5,6,7,8,9] [211,212,213,214]
413.0204444444445 [0,1,2,3,4,5,6,7,8,9] [257,258,259,260,261,262,263,264,265,266,267,268,269,270,271]
411.8193777777777 [0,1,2,3,4,5,7,8,9] [255,256,257,258,259,260,261,262,263,264]
411.6816666666667 [0,1,2,3,4,5,7,8,9] [219,220,221,222,223]
411.58265625000007 [0,1,2,3,4,5,7,8,9] [256,257,258,259,260,261,262,263]
410.54478458049897 [0,1,2,3,4,6,7,8,9] [209,210,211,212,213,214,215]
