[Score] [Station index] [Time slots] 
720.1428571428571 [0,1,2,3,4,5,6] [91]
707.0174999999999 [0,1,2,3,4,5,6] [91,92]
694.0128571428571 [0,1,2,3,4,5,6] [92]
692.022857142857 [0,1,2,3,4,5,6] [87]
688.7125396825397 [0,1,2,3,4,5,6] [91,92,93]
683.1032142857144 [0,1,2,3,4,5,6] [86,87]
677.6808035714288 [0,1,2,3,4,5,6] [91,92,93,94]
676.2816666666666 [0,1,2,3,5,6,7,8,9] [266]
674.2414285714286 [0,1,2,3,4,5,6] [86]
673.2603571428573 [0,1,2,3,4,5,6] [92,93]
672.2800000000001 [0,1,2,3,4,5,6] [91,92,93,94,95]
665.4375 [0,1,2,3,4,5,6] [91,92,93,94,95,96]
665.1125396825397 [0,1,2,3,4,5,6] [90,91,92]
663.8134920634922 [0,1,2,3,4,5,6] [92,93,94]
662.0293750000001 [0,1,2,3,4,5,6] [90,91,92,93]
661.5000000000001 [0,1,2,3,5,7,8] [243]
661.4999999999999 [0,1,2,3,5,6] [235]
661.3469444444446 [0,1,2,3,4,5,6,7,8] [242,243]
660.5714285714286 [0,1,2,3,4,5,6] [92,93,94,95]
660.0858035714284 [0,1,2,3,4,5,6] [89,90,91,92]
659.1844023323619 [0,1,2,3,4,5,6] [86,87,88,89,90,91,92]
658.6300000000001 [0,1,2,3,4,5,6] [90,91,92,93,94]
658.3875223214287 [0,1,2,3,4,5,6] [86,87,88,89,90,91,92,93]
657.983492063492 [0,1,2,3,4,5,6] [86,87,88]
657.3373015873015 [0,1,2,3,4,5,6] [90,91,92,93,94,95]
657.3066666666666 [0,1,2,3,4,5] [226]
656.9066843033507 [0,1,2,3,4,5,6] [86,87,88,89,90,91,92,93,94]
656.6914285714284 [0,1,2,3,4,5,6] [87,88,89,90,91,92]
656.4272222222222 [0,1,2,3,5,6,7,8,9] [264,265,266]
656.368611111111 [0,1,2,3,4,5,6] [89,90,91,92,93,94]
656.3040571428572 [0,1,2,3,4,5,6] [86,87,88,89,90,91,92,93,94,95]
656.1380758017493 [0,1,2,3,4,5,6] [87,88,89,90,91,92,93]
655.5849562682216 [0,1,2,3,4,5,6] [89,90,91,92,93,94,95]
654.7557142857142 [0,1,2,3,4,5,6] [91,92,93,94,95,96,97]
654.3259435626103 [0,1,2,3,4,5,6] [87,88,89,90,91,92,93,94,95]
654.0525265643448 [0,1,2,3,4,5,6] [86,87,88,89,90,91,92,93,94,95,96]
653.6508746355685 [0,1,2,3,4,5,6] [90,91,92,93,94,95,96]
653.4668253968254 [0,1,2,3,4,5,6] [86,87,88,89,90,91]
652.8228571428571 [0,1,2,3,4,5,6] [93]
652.5814508928572 [0,1,2,3,4,5,6] [89,90,91,92,93,94,95,96]
652.050514285714 [0,1,2,3,4,5,6] [87,88,89,90,91,92,93,94,95,96]
650.8928571428571 [0,1,2,3,4,5,6] [95]
650.2501587301588 [0,1,2,3,4,5,6] [88,89,90,91,92,93]
649.9289285714286 [0,1,2,3,4,5,6] [87,88]
649.7362285714286 [0,1,2,3,4,5,6] [88,89,90,91,92]
649.6880580357143 [0,1,2,3,4,5,6] [88,89,90,91,92,93,94,95]
649.6077777777779 [0,1,2,3,4,5,6] [93,94,95]
649.5160349854228 [0,1,2,3,4,5,6] [88,89,90,91,92,93,94]
649.3509142857143 [0,1,2,3,4,5,6] [87,88,89,90,91]
648.9657142857144 [0,1,2,3,4,5,6] [89,90,91]
648.9657142857141 [0,1,2,3,4,5,6] [93,94]
648.805248015873 [0,1,2,3,4,5,6] [86,87,88,89,90,91,92,93,94,95,96,97]
648.5401125 [0,1,2,3,5,6,7,8,9] [261,262,263,264,265,266,267,268,269,270]
648.3239682539681 [0,1,2,3,4,5,6] [87,88,89]
648.0032142857142 [0,1,2,3,4,5,6] [94,95]
647.8363739669423 [0,1,2,3,5,6,7,8,9] [260,261,262,263,264,265,266,267,268,269,270]
647.6825396825396 [0,1,2,3,4,5,6] [88,89,90,91,92,93,94,95,96]
647.4197530864197 [0,1,2,3,4,5,6,7,8] [242,243,244]
646.5171192443919 [0,1,2,3,4,5,6] [87,88,89,90,91,92,93,94,95,96,97]
646.416 [0,1,2,3,4,5,6,7,8,9] [191]
645.8402008928573 [0,1,2,3,4,5,6] [90,91,92,93,94,95,96,97]
645.7601587301585 [0,1,2,3,4,5,6] [89,90,91,92,93,94,95,96,97]
645.12 [0,1,2,3,4,5,6] [93,94,95,96]
644.1603571428572 [0,1,2,3,4,5,6] [92,93,94,95,96,97]
643.027154663518 [0,1,2,3,4,5,6] [85,86,87,88,89,90,91,92,93,94,95]
642.5625396825396 [0,1,2,3,4,5,6] [94,95,96]
642.2432142857142 [0,1,2,3,4,5,6] [85,86,87,88,89,90,91,92,93,94]
642.0835813492065 [0,1,2,3,4,5,6] [85,86,87,88,89,90,91,92,93,94,95,96]
642.051657142857 [0,1,2,3,4,5,6] [88,89,90,91,92,93,94,95,96,97]
641.9239682539685 [0,1,2,3,4,5,6] [85,86,87,88,89,90,91,92,93]
641.2857142857143 [0,1,2,3,4,5,6] [91,92,93,94,95,96,97,98]
640.9912426035502 [0,1,2,3,4,5,6] [86,87,88,89,90,91,92,93,94,95,96,97,98]
640.5680580357144 [0,1,2,3,4,5,6] [85,86,87,88,89,90,91,92]
640.5202285714287 [0,1,2,3,4,5,6] [86,87,88,89,90]
640.1695337301587 [0,1,2,3,4,5,6] [84,85,86,87,88,89,90,91,92,93,94,95]
639.6337500000001 [0,1,2,3,5,6,7,8] [235,236]
639.5676125 [0,1,2,3,5,6,7,8,9] [260,261,262,263,264,265,266,267,268,269]
639.5198985629756 [0,1,2,3,4,5,6] [84,85,86,87,88,89,90,91,92,93,94,95,96]
639.4285339506173 [0,1,2,3,5,6,7,8,9] [261,262,263,264,265,266,267,268,269]
639.3728571428572 [0,1,2,3,4,5,6] [68]
639.1991027154663 [0,1,2,3,4,5,6] [84,85,86,87,88,89,90,91,92,93,94]
638.8950892857143 [0,1,2,3,4,5,6] [88,89,90,91]
638.6085142857146 [0,1,2,3,4,5,6] [84,85,86,87,88,89,90,91,92,93]
638.6016666666666 [0,1,2,3,5,6] [233]
638.258343253968 [0,1,2,3,4,5,6] [87,88,89,90,91,92,93,94,95,96,97,98]
638.1971344040574 [0,1,2,3,4,5,6] [85,86,87,88,89,90,91,92,93,94,95,96,97]
637.0388007054672 [0,1,2,3,4,5,6] [84,85,86,87,88,89,90,91,92]
636.7211111111112 [0,1,2,3,4,5,6,7,8] [242,243,244,245,246,247]
636.1003206997084 [0,1,2,3,4,5,6] [84,85,86,87,88,89,90,91,92,93,94,95,96,97]
635.9369142857142 [0,1,2,3,4,5,6] [89,90,91,92,93,94,95,96,97,98]
634.9206349206348 [0,1,2,3,4,5,6] [90,91,92,93,94,95,96,97,98]
634.5703125 [0,1,2,3,5,6,7,8,9] [257,258]
634.4816666666667 [0,1,2,3,5,6,7,8] [236]
634.4128000000003 [0,1,2,3,4,5,6] [93,94,95,96,97]
634.0592492711369 [0,1,2,3,4,5,6] [86,87,88,89,90,91,92,93,94,95,96,97,98,99]
634.0036776859507 [0,1,2,3,5,6,7,8,9] [259,260,261,262,263,264,265,266,267,268,269]
633.9379999999999 [0,1,2,3,5,7,8] [260]
633.478453364817 [0,1,2,3,4,5,6] [88,89,90,91,92,93,94,95,96,97,98]
633.1078717201169 [0,1,2,3,4,5,6] [85,86,87,88,89,90,91]
632.6914969135803 [0,1,2,3,5,6,7,8,9] [260,261,262,263,264,265,266,267,268]
