[Score] [Station index] [Time slots] 
674.2677777777776 [0,1,2,3,4,6,7,8,9] [181,182]
674.0410000000002 [0,1,2,3,4,5,6,7,8,9] [182]
669.6593827160494 [0,1,2,3,4,5,6,7,9] [180,181,182]
658.7777777777778 [0,1,2,3,4,5,6,7,8] [219]
657.7209999999999 [0,1,2,3,4,5,6,7,8,9] [182,183]
655.36 [0,1,2,3,4,5,6,7,8] [194]
652.8639999999999 [0,1,2,3,4,5,6,7,8,9] [220]
651.9511111111112 [0,1,2,3,4,5,6,7,8,9] [183]
651.1002777777775 [0,1,2,3,4,5,6,7,8] [218,219]
651.0034722222221 [0,1,2,3,4,6,7,8,9] [181,182,183]
646.8544444444444 [0,1,2,3,4,5,6,7,8,9] [185]
644.809 [0,1,2,3,4,5,6,7,8,9] [219,220]
644.0316049382715 [0,1,2,3,4,5,6,7,8] [218,219,220]
643.4677777777779 [0,1,2,3,4,5,6,7,8] [218]
639.6684027777778 [0,1,2,3,4,5,6,7,9] [178,179,180,181]
638.0676000000002 [0,1,2,3,4,5,6,7,9] [178,179,180,181,182]
635.3200308641974 [0,1,2,3,4,5,6,7,9] [178,179,180,181,182,183]
635.0399999999998 [0,1,2,3,4,5,6,7,8,9] [182,183,184,185]
633.3611111111111 [0,1,2,3,4,5,6,7,8] [211]
628.35125 [0,1,2,3,4,6,7,8,9] [181,182,183,184]
628.0558680555557 [0,1,2,3,4,6,7,8,9] [180,181,182,183,184,185]
627.9967999999999 [0,1,2,3,4,6,7,8,9] [181,182,183,184,185]
627.9557142857142 [1,2,3,4,6,7,9] [181]
624.4445679012347 [0,1,2,3,4,5,6,7,9] [178,179,180]
623.4863281250002 [0,1,2,3,4,6,7,8,9] [179,180,181,182]
621.6711111111111 [0,1,2,3,4,5,6,7,8,9] [189]
620.1068055555556 [0,1,2,3,4,6,7,8,9] [182,183,184]
618.351111111111 [0,1,2,3,4,5,6,7,9] [249]
617.7612499999999 [0,1,2,3,4,6,7,8] [193,194]
617.1084027777777 [0,1,2,3,4,5,6,7,8] [217,218,219,220]
617.0082653061227 [0,1,2,3,4,6,7,8,9] [179,180,181,182,183,184,185]
616.6944444444445 [0,1,2,3,4,5,6,7,8] [210,211]
616.6633007812502 [0,1,2,3,4,6,7,8,9] [180,181,182,183,184,185,186,187]
616.225 [0,1,2,3,4,5,6,7,8,9] [174]
615.420138888889 [0,1,2,3,4,6,7,8,9] [179,180,181,182,183,184]
615.0399999999998 [0,1,2,3,4,5,6,7,8] [236]
615.0025510204081 [0,1,2,3,4,6,7,8,9] [181,182,183,184,185,186,187]
613.5004081632654 [0,1,2,3,4,6,7,8,9] [180,181,182,183,184,185,186]
612.8375308641977 [0,1,2,3,4,5,6,7,8] [217,218,219]
611.6253125000001 [0,1,2,3,4,6,7,8,9] [178,179,180,181,182,183,184,185]
611.0425347222223 [0,1,2,3,4,6,7,8,9] [181,182,183,184,185,186]
610.74225 [0,1,2,3,4,5,6,7,8,9] [218,219,220,221]
609.854784580499 [0,1,2,3,4,5,6,7,9] [177,178,179,180,181,182,183]
609.3928395061729 [0,1,2,3,4,6,7,8,9] [179,180,181,182,183,184,185,186,187]
608.7142013888889 [0,1,2,3,4,6,7,8,9] [182,183,184,185,186,187]
608.4234722222222 [0,1,2,3,4,6,7,8,9] [183,184,185]
607.8964197530864 [0,1,2,3,4,5,6,7,9] [177,178,179,180,181,182]
606.21796 [0,1,2,3,4,5,6,7,8,9] [216,217,218,219,220]
605.86805 [0,1,2,3,4,6,7,8,9] [178,179,180,181,182,183,184,185,186,187]
605.7375195312502 [0,1,2,3,4,6,7,8,9] [179,180,181,182,183,184,185,186]
603.729 [0,1,2,3,4,5,6,7,8,9] [174,175]
602.7392000000002 [0,1,2,3,4,6,7,8,9] [182,183,184,185,186]
602.4297530864199 [0,1,2,3,4,5,6,7,8] [209,210,211]
602.2377932098766 [0,1,2,3,4,6,7,8,9] [178,179,180,181,182,183,184,185,186]
602.1793749999999 [1,2,3,4,6,7,9] [180,181,182,183]
602.0450000000001 [0,1,2,3,4,6,7,8] [193]
602.0016666666669 [0,1,2,3,4,6] [180,181]
600.625 [0,1,2,3,4,5,6,7,8,9] [219,220,221]
600.25 [0,1,2,3,4,5,6,7,8] [235,236]
599.8628571428571 [0,1,2,3,4,6,7] [247]
597.4272222222223 [0,1,2,3,4,6,7,8,9] [185,186,187]
596.0066666666668 [0,1,2,3,4,6] [180]
595.984 [0,1,2,3,4,5,6,7,8,9] [217,218,219,220,221]
595.7667361111112 [0,1,2,3,4,5,6,7,8] [216,217,218,219]
595.125 [0,1,2,3,4,6,7,8,9] [177,178,179,180,181,182,183,184,185]
594.2628125 [0,1,2,3,4,6,7,8,9] [184,185]
592.9315702479339 [0,1,2,3,4,6,7,8,9] [177,178,179,180,181,182,183,184,185,186,187]
592.1111111111111 [0,1,2,3,4,5,6,7,9] [178,179]
591.3610000000001 [0,1,2,3,4,5,6,7,8,9] [175]
590.8484444444446 [0,1,2,3,4,5,6,7,8,9] [216,217,218,219,220,221]
590.4900000000001 [0,1,2,3,4,5,6,7,8] [208,209,210,211]
590.4899999999999 [0,1,2,3,4,5,6,7,8] [217,218]
589.9612500000001 [1,2,3,4,5,6,7,8] [236,237]
588.673828125 [0,1,2,3,4,6,7,8,9] [184,185,186,187]
588.4165125 [0,1,2,3,4,6,7,8,9] [177,178,179,180,181,182,183,184,185,186]
588.2449999999999 [0,1,2,3,4,6,7,8,9] [183,184,185,186]
587.7930864197531 [0,1,2,3,4,5,6,7,8] [235,236,237]
587.7777777777778 [0,1,2,3,4,5,6,7,8,9] [173,174,175]
587.2544444444443 [0,1,2,3,4,5,6,7,8] [209,210]
587.1022222222222 [0,1,2,3,4,6,7,8] [193,194,195]
587.0451125000001 [0,1,2,3,4,6,7,8,9] [176,177,178,179,180,181,182,183,184,185]
586.7560000000001 [0,1,2,3,4,5,6,7,8,9] [235]
586.4469444444445 [0,1,2,3,4,5,6,7,8,9] [189,190]
586.3885503472221 [0,1,2,3,4,6,7,8,9] [176,177,178,179,180,181,182,183,184,185,186,187]
585.9902500000002 [0,1,2,3,4,5,6,7,8,9] [173,174]
584.488185941043 [0,1,2,3,4,5,6,7,9] [175,176,177,178,179,180,181]
584.2291840277776 [0,1,2,3,4,5,6,7,9] [174,175,176,177,178,179,180,181]
583.8876446280991 [0,1,2,3,4,6,7,8,9] [175,176,177,178,179,180,181,182,183,184,185]
583.7681656804734 [0,1,2,3,4,6,7,8,9] [175,176,177,178,179,180,181,182,183,184,185,186,187]
582.93225 [0,1,2,3,4,5,6,7,8,9] [220,221]
582.7454145408162 [0,1,2,3,4,6,7,8,9] [174,175,176,177,178,179,180,181,182,183,184,185,186,187]
582.7318672839505 [0,1,2,3,4,6,7,8,9] [176,177,178,179,180,181,182,183,184]
582.6844531250001 [0,1,2,3,4,6,7,8,9] [174,175,176,177,178,179,180,181,182,183,184,185]
582.4177777777779 [0,1,2,3,4,5,6,7,9] [247,248,249]
581.715041322314 [0,1,2,3,4,6,7,8,9] [176,177,178,179,180,181,182,183,184,185,186]
581.1521111111109 [0,1,2,3,4,5,6,7,8,9] [216,217,218]
580.4530178326473 [0,1,2,3,4,5,6,7,9] [173,174,175,176,177,178,179,180,181]
580.3824500000001 [0,1,2,3,4,6,7,8,9] [174,175,176,177,178,179,180,181,182,183]
580.0340571428573 [1,2,3,4,6,7,9] [179,180,181,182,183]
579.70125 [0,1,2,3,4,6,7,8,9] [175,176,177,178,179,180,181,182,183,184]
