[Score] [Station index] [Time slots] 
1786.471111111111 [0,1,2,3,4,5,6,7,8,9] [263,264]
1784.8959999999993 [0,1,2,3,4,5,6,7,8,9] [262,263]
1747.6839999999997 [0,1,2,3,4,5,6,7,8,9] [262,263,264]
1739.7609999999993 [0,1,2,3,4,5,6,7,8,9] [262]
1738.0128571428575 [0,1,2,3,4,5,7,8,9] [258]
1737.0371604938264 [0,1,2,3,4,5,6,7,8,9] [263,264,265]
1719.4844444444443 [0,1,2,3,4,5,6,7,8,9] [262,263,264,265]
1702.3612500000006 [0,1,2,3,5,6,7,8] [218]
1697.4400000000003 [0,1,2,3,4,5,6,7,8,9] [264]
1673.1422500000003 [0,1,2,3,4,5,6,7,8,9] [201,202]
1672.8099999999997 [0,1,2,3,5,6,7,8,9] [214]
1668.7225000000008 [0,1,2,3,4,5,6,7,8,9] [264,265]
1658.9440000000002 [0,1,2,3,4,5,6,7,8,9] [239]
1655.4048444444445 [0,1,2,3,4,5,6,7,8,9] [262,263,264,265,266]
1653.7960000000007 [0,1,2,3,4,5,6,7,8,9] [196]
1652.4225000000001 [0,1,2,3,4,5,6,7,8,9] [263,264,265,266]
1648.8153125 [0,1,2,3,5,6,7,8] [218,219]
1646.0890000000004 [0,1,2,3,4,5,6,7,8,9] [199]
1640.25 [0,1,2,3,4,5,6,7,8,9] [265]
1638.6299999999994 [0,1,2,3,5,7,8] [238]
1638.4 [0,1,2,3,4,5,6,7,8,9] [201]
1620.321428571428 [0,1,2,3,4,5,7,8,9] [258,259]
1617.9839999999992 [0,1,2,3,4,5,6,7,8,9] [201,202,203]
1617.6483999999998 [0,1,2,3,4,5,6,7,8,9] [261,262,263,264,265]
1617.3480624999997 [0,1,2,3,4,5,6,7,8,9] [261,262,263,264]
1609.09225 [0,1,2,3,4,5,6,7,8,9] [201,202,203,204]
1607.824 [0,1,2,3,4,5,6,7,8,9] [202,203]
1599.3817777777779 [0,1,2,3,4,5,6,7,8,9] [202,203,204]
1599.2131600000002 [0,1,2,3,4,5,6,7,8,9] [199,200,201,202,203]
1596.4322500000003 [0,1,2,3,4,5,6,7,8,9] [199,200,201,202,203,204]
1596.1795600000005 [0,1,2,3,4,5,6,7,8,9] [201,202,203,204,205]
1592.453364197531 [0,1,2,3,4,5,6,7,8,9] [262,263,264,265,266,267]
1589.040326530612 [0,1,2,3,4,5,6,7,8,9] [199,200,201,202,203,204,205]
1587.5999999999997 [0,1,2,3,4,5,6,7,8,9] [200,201,202,203]
1586.5921599999997 [0,1,2,3,4,5,6,7,8,9] [200,201,202,203,204]
1585.7105625000002 [0,1,2,3,4,5,6,7,8,9] [202,203,204,205]
1585.5175 [0,1,2,3,5,7,8] [238,239]
1582.2716049382716 [0,1,2,3,4,5,6,7,8,9] [261,262,263,264,265,266]
1580.504197530864 [0,1,2,3,4,5,6,7,8,9] [264,265,266]
1579.6300277777775 [0,1,2,3,4,5,6,7,8,9] [200,201,202,203,204,205]
1577.9810430839 [0,1,2,3,4,5,6,7,8,9] [262,263,264,265,266,267,268]
1577.6783999999998 [0,1,2,3,4,5,6,7,8,9] [263,264,265,266,267]
1568.0077777777776 [0,1,2,3,5,6,7] [218,219,220]
1567.0668055555557 [0,1,2,3,4,5,6,7,9] [261,262,263]
1564.3755625000003 [0,1,2,3,4,5,6,7,8,9] [199,200,201,202,203,204,205,206]
1563.7502499999998 [0,1,2,3,4,5,6,7,8,9] [204,205]
1563.3237345679017 [0,1,2,3,4,5,6,7,8,9] [263,264,265,266,267,268]
1562.0833611111111 [0,1,2,3,4,5,6,7,8,9] [201,202,203,204,205,206]
1560.0357142857142 [0,1,2,3,5,6,7] [219,220]
1559.7234567901235 [0,1,2,3,4,5,6,7,8,9] [199,200,201,202,203,204,205,206,207]
1556.7909387755103 [0,1,2,3,4,5,6,7,8,9] [198,199,200,201,202,203,204]
1556.4344693877554 [0,1,2,3,4,5,6,7,8,9] [201,202,203,204,205,206,207]
1555.5603571428578 [0,1,2,3,5,7,8] [237,238]
1555.320765625 [0,1,2,3,4,5,6,7,8,9] [198,199,200,201,202,203,204,205]
1554.6591840277777 [0,1,2,3,4,5,6,7,8,9] [258,259,260,261,262,263,264,265]
1552.8720204081633 [0,1,2,3,4,5,6,7,8,9] [200,201,202,203,204,205,206]
1552.7978086419753 [0,1,2,3,4,5,6,7,8,9] [260,261,262,263,264,265]
1552.516 [0,1,2,3,4,5,6,7,8,9] [198,199,200,201,202,203]
1551.092326530612 [0,1,2,3,4,5,6,7,8,9] [196,197,198,199,200,201,202]
1550.2740100000005 [0,1,2,3,4,5,6,7,8,9] [199,200,201,202,203,204,205,206,207,208]
1550.0249999999996 [0,1,2,3,4,5,6,7,8,9] [196,197,198,199,200,201,202,203,204]
1549.5270400000002 [0,1,2,3,4,5,6,7,8,9] [196,197,198,199,200,201,202,203,204,205]
1549.0913906249998 [0,1,2,3,4,5,6,7,8,9] [200,201,202,203,204,205,206,207]
1548.1157142857141 [0,1,2,3,5,7,8] [237,238,239]
1547.1805918367343 [0,1,2,3,4,5,6,7,8,9] [258,259,260,261,262,263,264]
1547.0384400000003 [0,1,2,3,4,5,6,7,8,9] [202,203,204,205,206]
1546.29225 [0,1,2,3,4,5,6,7,8,9] [203,204]
1545.9813906249997 [0,1,2,3,4,5,6,7,8,9] [196,197,198,199,200,201,202,203]
1545.8777777777777 [0,1,2,3,4,5,6,7,8,9] [203,204,205]
1545.0490000000004 [0,1,2,3,4,5,6,7,8,9] [201,202,203,204,205,206,207,208]
1545.049 [0,1,2,3,4,5,6,7,8,9] [205]
1542.9780277777775 [0,1,2,3,4,5,6,7,8,9] [202,203,204,205,206,207]
1541.9908224852074 [0,1,2,3,4,5,6,7,8,9] [202,203,204,205,206,207,208,209,210,211,212,213,214]
1540.688928571429 [0,1,2,3,5,6,7] [217,218,219,220]
1540.081 [0,1,2,3,4,5,6,7,8,9] [199,200,201,202,203,204,205,206,207,208,209,210,211,212]
1539.8052345679012 [0,1,2,3,4,5,6,7,8,9] [200,201,202,203,204,205,206,207,208]
1539.6281179138323 [0,1,2,3,4,5,6,7,8,9] [261,262,263,264,265,266,267]
1539.254444444444 [0,1,2,3,4,5,6,7,8] [194]
1539.2544444444438 [0,1,2,3,4,5,6,7,8,9] [259,260,261,262,263,264,265]
1539.0883600000004 [0,1,2,3,4,5,6,7,8,9] [260,261,262,263,264]
1538.382716049382 [0,1,2,3,4,5,6,7,8,9] [258,259,260,261,262,263,264,265,266]
1538.1511604938273 [0,1,2,3,4,5,6,7,8,9] [197,198,199,200,201,202,203,204,205]
1537.7232142857142 [0,1,2,3,4,5,7,8,9] [257,258]
1537.4092366863902 [0,1,2,3,4,5,6,7,8,9] [201,202,203,204,205,206,207,208,209,210,211,212,213]
1537.3244567901236 [0,1,2,3,4,5,6,7,8,9] [198,199,200,201,202,203,204,205,206]
1537.290015625 [0,1,2,3,4,5,6,7,8,9] [197,198,199,200,201,202,203,204]
1535.8644900000002 [0,1,2,3,4,5,6,7,8,9] [198,199,200,201,202,203,204,205,206,207]
1535.3462809917355 [0,1,2,3,4,5,6,7,8,9] [196,197,198,199,200,201,202,203,204,205,206]
1535.3275069444448 [0,1,2,3,4,5,6,7,8,9] [194,195,196,197,198,199,200,201,202,203,204,205]
1534.9145069444444 [0,1,2,3,4,5,6,7,8,9] [201,202,203,204,205,206,207,208,209,210,211,212]
1534.4452561983471 [0,1,2,3,4,5,6,7,8,9] [194,195,196,197,198,199,200,201,202,203,204]
1534.295111111111 [0,1,2,3,4,5,6,7,8,9] [196,197,198,199,200,201,202,203,204,205,206,207]
1533.70140625 [0,1,2,3,4,5,6,7,8,9] [261,262,263,264,265,266,267,268]
1533.3193471074385 [0,1,2,3,4,5,6,7,8,9] [195,196,197,198,199,200,201,202,203,204,205]
1532.9835111111113 [0,1,2,3,5,6,7,8,9] [210,211,212,213,214]
1532.1632653061224 [0,1,2,3,4,5,6,7,8,9] [260,261,262,263,264,265,266]
1532.1488400000003 [0,1,2,3,4,5,6,7,8,9] [195,196,197,198,199,200,201,202,203,204]
1532.0726686390533 [0,1,2,3,4,5,6,7,8,9] [200,201,202,203,204,205,206,207,208,209,210,211,212]
1531.936653061225 [0,1,2,3,4,5,6,7,8,9] [202,203,204,205,206,207,208]
1531.4177777777777 [0,1,2,3,4,5,6,7,8,9] [257,258,259,260,261,262,263,264,265]
