[Score] [Station index] [Time slots] 
656.91025 [0,1,2,3,4,5,6,7,8,9] [260,261]
637.2030625 [0,1,2,3,4,5,6,7,8,9] [260,261,262,263]
636.804 [0,1,2,3,4,5,6,7,8,9] [259,260,261]
632.4225624999998 [0,1,2,3,4,5,6,7,8,9] [259,260,261,262]
629.1662400000001 [0,1,2,3,4,5,6,7,8,9] [259,260,261,262,263]
619.369 [0,1,2,3,4,5,6,7,8,9] [260]
617.7959999999999 [0,1,2,3,4,5,6,7,8,9] [259,260,261,262,263,264]
616.225 [0,1,2,3,4,5,6,7,8,9] [263]
608.4 [0,1,2,3,4,5,6,7,8,9] [258,259,260,261,262,263]
608.3999999999999 [0,1,2,3,4,5,6,7,8,9] [259,260]
606.8410000000001 [0,1,2,3,4,5,6,7,8,9] [258,259,260,261,262]
603.729 [0,1,2,3,4,5,6,7,8,9] [258,259,260,261]
601.7326530612245 [0,1,2,3,4,5,6,7,8,9] [258,259,260,261,262,263,264]
597.529 [0,1,2,3,4,5,6,7,8,9] [259]
596.1770156249999 [0,1,2,3,4,5,6,7,8,9] [258,259,260,261,262,263,264,265]
594.0005102040816 [0,1,2,3,4,5,6,7,8,9] [257,258,259,260,261,262,263]
590.336111111111 [0,1,2,3,4,5,6,7,8,9] [257,258,259,260,261,262]
590.016015625 [0,1,2,3,4,5,6,7,8,9] [257,258,259,260,261,262,263,264]
589.05625 [0,1,2,3,4,5,6,7,8,9] [263,264]
586.4156049382715 [0,1,2,3,4,5,6,7,8,9] [257,258,259,260,261,262,263,264,265]
584.6131599999999 [0,1,2,3,4,5,6,7,8,9] [257,258,259,260,261]
582.7413906250001 [0,1,2,3,4,5,6,7,8,9] [256,257,258,259,260,261,262,263]
580.4746790123456 [0,1,2,3,4,5,6,7,8,9] [256,257,258,259,260,261,262,263,264]
580.0418000000001 [0,1,2,3,5,6,7,9] [260,261,262,263,264]
578.2081600000001 [0,1,2,3,4,5,6,7,8,9] [256,257,258,259,260,261,262,263,264,265]
578.2016666666665 [0,1,2,3,5,6,7,9] [242,243]
578.0343673469387 [0,1,2,3,4,5,6,7,8,9] [256,257,258,259,260,261,262]
576.650390625 [0,1,2,3,4,5,6,7,8,9] [259,260,261,262,263,264,265,266]
576.3012500000001 [0,1,2,3,5,6,7,9] [260,261,262,263,264,265]
575.0893877551019 [0,1,2,3,5,6,7,9] [259,260,261,262,263,264,265]
574.9440500000002 [0,1,2,3,5,6,7,9] [261,262,263,264,265]
574.564 [0,1,2,3,4,5,6,7,8,9] [258,259,260]
571.2840277777777 [0,1,2,3,4,5,6,7,8,9] [256,257,258,259,260,261]
569.0187777777778 [0,1,2,3,4,5,6,7,8,9] [258,259,260,261,262,263,264,265,266]
568.178 [0,1,2,3,5,7,9] [236]
563.1001599999998 [0,1,2,3,4,5,6,7,8,9] [257,258,259,260,261,262,263,264,265,266]
563.0001111111111 [0,1,2,3,4,5,6,7,8,9] [255,256,257,258,259,260,261,262,263]
562.95009 [0,1,2,3,4,5,6,7,8,9] [255,256,257,258,259,260,261,262,263,264]
562.8012499999999 [0,1,2,3,5,6,7,9] [262,263,264]
562.5 [0,1,2,3,4,5,6,7,8,9] [255,256,257,258,259,260,261,262,263,264,265]
561.5438281250001 [0,1,2,3,5,6,7,9] [262,263,264,265]
558.7349999999998 [0,1,2,3,5,6,7,9] [243]
558.3825625000002 [0,1,2,3,4,5,6,7,8,9] [257,258,259,260]
557.8731900826446 [0,1,2,3,4,5,6,7,8,9] [256,257,258,259,260,261,262,263,264,265,266]
557.78 [0,1,2,3,5,6,7,9] [265]
556.5159999999998 [0,1,2,3,4,5,6,7,8,9] [255,256,257,258,259,260,261,262]
555.000138888889 [0,1,2,3,5,6,7,9] [263,264,265]
552.9161736111112 [0,1,2,3,4,5,6,7,8,9] [254,255,256,257,258,259,260,261,262,263,264,265]
552.7922499999999 [0,1,2,3,4,5,6,7,8,9] [258,259]
552.4543471074383 [0,1,2,3,4,5,6,7,8,9] [254,255,256,257,258,259,260,261,262,263,264]
551.4547600000003 [0,1,2,3,4,5,6,7,8,9] [254,255,256,257,258,259,260,261,262,263]
547.8960399999999 [0,1,2,3,4,5,6,7,8,9] [256,257,258,259,260]
547.8114489795919 [0,1,2,3,4,5,6,7,8,9] [255,256,257,258,259,260,261]
547.8050000000001 [0,1,2,3,5,6,7,9] [264,265]
545.3822499999999 [0,1,2,3,4,5,6,7,8,9] [255,256,257,258,259,260,261,262,263,264,265,266]
544.480012345679 [0,1,2,3,4,5,6,7,8,9] [254,255,256,257,258,259,260,261,262]
544.1521111111108 [0,1,2,3,4,5,6,7,8,9] [259,260,261,262,263,264,265,266,267]
542.6159183673467 [0,1,2,3,5,6,7,9] [260,261,262,263,264,265,266]
541.99044 [0,1,2,3,4,5,6,7,8,9] [262,263,264,265,266]
541.6959999999999 [0,1,2,3,4,5,6,7,8,9] [245]
540.6660899999998 [0,1,2,3,4,5,6,7,8,9] [258,259,260,261,262,263,264,265,266,267]
539.1507031250002 [0,1,2,3,5,6,7,8,9] [242,243,244,245]
538.7560000000001 [0,1,2,3,4,5,6,7,8,9] [257,258,259]
537.9658284023669 [0,1,2,3,4,5,6,7,8,9] [254,255,256,257,258,259,260,261,262,263,264,265,266]
537.9555702479339 [0,1,2,3,4,5,6,7,8,9] [257,258,259,260,261,262,263,264,265,266,267]
537.8529940828404 [0,1,2,3,4,5,6,7,8,9] [253,254,255,256,257,258,259,260,261,262,263,264,265]
537.6555625 [0,1,2,3,4,5,6,7,8,9] [260,261,262,263,264,265,266,267]
536.1900625000001 [0,1,2,3,4,5,6,7,8,9] [253,254,255,256,257,258,259,260,261,262,263,264]
536.0083680555556 [0,1,2,3,5,6,7,9] [261,262,263,264,265,266]
535.815 [0,1,2,3,5,6] [231]
535.4580625 [0,1,2,3,4,5,6,7,8,9] [254,255,256,257,258,259,260,261]
535.336111111111 [0,1,2,3,4,5,6,7,8,9] [256,257,258,259,260,261,262,263,264,265,266,267]
533.8294958677687 [0,1,2,3,4,5,6,7,8,9] [253,254,255,256,257,258,259,260,261,262,263]
532.0711111111111 [0,1,2,3,4,5,6,7,9] [256]
530.7122500000002 [0,1,2,3,4,5,6,7,8,9] [256,257,258,259]
529.2088888888889 [0,1,2,3,5,6,7,8,9] [243,244,245]
528.8216581632655 [0,1,2,3,5,6,7,8,9] [241,242,243,244,245,246,247]
528.1136530612246 [0,1,2,3,4,5,6,7,8,9] [252,253,254,255,256,257,258,259,260,261,262,263,264,265]
526.5012500000001 [0,1,2,3,5,6,7,8,9] [241,242,243,244,245,246]
526.4538979591836 [0,1,2,3,4,5,6,7,8,9] [261,262,263,264,265,266,267]
526.1926234567901 [0,1,2,3,4,5,6,7,8,9] [242,243,244,245,246,247]
525.9150400000001 [0,1,2,3,4,5,6,7,8,9] [253,254,255,256,257,258,259,260,261,262]
525.848100591716 [0,1,2,3,4,5,6,7,8,9] [252,253,254,255,256,257,258,259,260,261,262,263,264]
525.7365443786982 [0,1,2,3,4,5,6,7,8,9] [255,256,257,258,259,260,261,262,263,264,265,266,267]
525.2107959183675 [0,1,2,3,4,5,6,7,8,9] [253,254,255,256,257,258,259,260,261,262,263,264,265,266]
524.90025 [0,1,2,3,4,5,6,7,8,9] [255,256,257,258,259,260]
524.1759999999998 [0,1,2,3,4,5,6,7,8,9] [259,260,261,262,263,264,265,266,267,268]
523.45225 [0,1,2,3,4,5,6,7,8,9] [263,264,265,266]
522.8604628099174 [0,1,2,3,4,5,6,7,8,9] [258,259,260,261,262,263,264,265,266,267,268]
522.8495069444446 [0,1,2,3,4,5,6,7,8,9] [252,253,254,255,256,257,258,259,260,261,262,263]
521.8858402777777 [0,1,2,3,4,5,6,7,8,9] [257,258,259,260,261,262,263,264,265,266,267,268]
521.3611111111111 [0,1,2,3,4,5,6,7,8,9] [242,243,244,245,246]
520.953086734694 [0,1,2,3,5,6,7,8,9] [240,241,242,243,244,245,246]
520.7287633136095 [0,1,2,3,4,5,6,7,8,9] [256,257,258,259,260,261,262,263,264,265,266,267,268]
520.3561275510202 [0,1,2,3,4,5,6,7,8,9] [254,255,256,257,258,259,260,261,262,263,264,265,266,267]
519.84 [0,1,2,3,4,5,6,7,8,9] [245,246,247]
519.8399999999998 [0,1,2,3,4,5,6,7,8,9] [244,245]
519.3864499999999 [0,1,2,3,5,6,7,8,9] [238,239,240,241,242,243,244,245,246,247]
519.26436 [0,1,2,3,4,5,6,7,8,9] [251,252,253,254,255,256,257,258,259,260,261,262,263,264,265]
519.232177777778 [0,1,2,3,4,5,6,7,8,9] [243,244,245,246,247]
