[Score] [Station index] [Time slots] 
651.951111111111 [0,1,2,3,4,6,7,8,9] [205]
626.6677777777779 [0,1,2,3,4,5,6,7,9] [247]
625.0000000000002 [0,1,2,3,4,6,7,8,9] [200]
620.944 [0,1,2,3,4,5,6,7,8,9] [241]
616.6944444444445 [0,1,2,3,4,5,6,7,9] [239]
615.8669444444445 [0,1,2,3,4,6,7,8,9] [199,200]
613.3877777777777 [0,1,2,3,4,5,6,7,9] [253]
610.0899999999999 [0,1,2,3,4,5,6,7,8] [254]
606.801111111111 [0,1,2,3,4,6,7,8,9] [199]
601.4002500000001 [0,1,2,3,4,5,6,7,8,9] [253,254]
601.4002499999999 [0,1,2,3,4,5,6,7,8,9] [247,248]
596.1736111111109 [0,1,2,3,4,5,6,7,9] [246,247]
595.984 [0,1,2,3,4,5,6,7,8,9] [259]
594.4410000000001 [0,1,2,3,4,5,6,7,8,9] [240,241]
593.927111111111 [0,1,2,3,4,5,6,7,8,9] [239,240,241]
592.1111111111111 [0,1,2,3,4,5,6,7,9] [241,242]
589.824 [0,1,2,3,4,5,6,7,8,9] [248]
588.289 [0,1,2,3,4,5,6,7,8,9] [246,247,248]
587.7930864197531 [0,1,2,3,4,6,7,8,9] [199,200,201]
587.2544444444444 [0,1,2,3,4,6,7,8,9] [198,199,200]
586.756 [0,1,2,3,4,5,6,7,8,9] [261]
586.1779012345678 [0,1,2,3,4,5,6,7,9] [252,253,254]
585.225 [0,1,2,3,4,5,6,7,8,9] [239,240,241,242]
584.0277777777779 [0,1,2,3,4,5,6,7,9] [250]
584.0277777777778 [0,1,2,3,4,5,6,7,9] [252,253]
582.9541975308643 [0,1,2,3,4,5,6,7,9] [241,242,243]
582.7396 [0,1,2,3,4,5,6,7,9] [239,240,241,242,243]
582.6777777777779 [0,1,2,3,4,5,6,7,8,9] [240,241,242]
580.81 [0,1,2,3,4,5,6,7,9] [239,240,241,242,243,244]
580.6439999999999 [0,1,2,3,4,5,6,7,8,9] [239,240]
578.4025 [0,1,2,3,4,6,7,8,9] [200,201]
577.7791495198903 [0,1,2,3,4,5,6,7,9] [239,240,241,242,243,244,245,246,247]
577.601111111111 [0,1,2,3,4,6,7,8,9] [196,197,198,199,200]
577.6 [0,1,2,3,4,5,6,7,8,9] [238,239,240,241]
577.2807111111109 [0,1,2,3,4,5,6,7,9] [239,240,241,242,243,244,245,246,247,248]
576.4572335600909 [0,1,2,3,4,5,6,7,9] [241,242,243,244,245,246,247]
576.0 [0,1,2,3,4,5,6,7,9] [241,242,243,244,245,246,247,248]
575.3222499999999 [0,1,2,3,4,5,6,7,8,9] [241,242,243,244]
575.0694444444443 [0,1,2,3,4,5,6,7,8,9] [253,254,255]
574.6050000000002 [0,1,2,3,4,5,6,7] [242]
574.4011111111109 [0,1,2,3,4,6,7,8,9] [197]
574.1850625000001 [0,1,2,3,4,5,6,7,8,9] [240,241,242,243]
573.9577600000003 [0,1,2,3,4,5,6,7,8,9] [240,241,242,243,244]
573.9577599999999 [0,1,2,3,4,5,6,7,8,9] [238,239,240,241,242]
573.762177777778 [0,1,2,3,4,6,7,8,9] [197,198,199,200,201]
573.6025000000002 [0,1,2,3,4,6,7,8,9] [198,199,200,201]
573.0704012345678 [0,1,2,3,4,6,7,8,9] [195,196,197,198,199,200]
573.0490000000001 [0,1,2,3,4,5,6,7,8,9] [244]
573.0039062499998 [0,1,2,3,4,5,6,7,9] [240,241,242,243,244,245,246,247]
572.8044444444442 [0,1,2,3,4,6,7,8,9] [213]
572.5765306122447 [0,1,2,3,4,5,6,7,9] [239,240,241,242,243,244,245]
572.4853777777778 [0,1,2,3,4,5,6,7,9] [250,251,252,253,254]
571.8076562499999 [0,1,2,3,4,5,6,7,9] [239,240,241,242,243,244,245,246]
571.741234567901 [0,1,2,3,4,5,6,7,9] [245,246,247]
571.6084027777777 [0,1,2,3,4,5,6,7,9] [244,245,246,247]
571.5359999999998 [0,1,2,3,4,5,6,7,8,9] [257]
571.0506777777778 [0,1,2,3,4,5,6,7,9] [238,239,240,241,242,243,244,245,246,247]
570.864197530864 [0,1,2,3,4,5,6,7,8,9] [240,241,242,243,244,245,246,247,248]
570.6790123456791 [0,1,2,3,4,5,6,7,9] [243,244,245,246,247,248]
570.2544000000003 [0,1,2,3,4,5,6,7,9] [243,244,245,246,247]
570.2407346938774 [0,1,2,3,4,5,6,7,8,9] [238,239,240,241,242,243,244]
570.1482716049381 [0,1,2,3,4,6,7,8,9] [196,197,198,199,200,201]
569.7733611111111 [0,1,2,3,4,5,6,7,8,9] [238,239,240,241,242,243]
569.617777777778 [0,1,2,3,4,5,6,7,9] [251,252,253,254]
569.6177777777777 [0,1,2,3,4,5,6,7,9] [242,243,244,245,246,247,248]
569.5312500000002 [0,1,2,3,4,6,7,9] [227]
569.0875308641976 [0,1,2,3,4,5,6,7,9] [242,243,244,245,246,247]
569.0644958677684 [0,1,2,3,4,5,6,7,8,9] [238,239,240,241,242,243,244,245,246,247,248]
568.8225000000002 [0,1,2,3,4,6,7,8,9] [198,199]
568.6635111111112 [0,1,2,3,4,5,6,7,9] [241,242,243,244,245]
568.5159999999998 [0,1,2,3,4,5,6,7,8,9] [240]
568.2926234567901 [0,1,2,3,4,5,6,7,9] [241,242,243,244,245,246]
568.2144400000001 [0,1,2,3,4,5,6,7,8,9] [244,245,246,247,248]
568.0277777777778 [0,1,2,3,4,5,6,7,9] [250,251,252,253]
567.8449999999998 [0,1,2,3,4,6,7,9] [212]
567.3470294784582 [0,1,2,3,4,6,7,8,9] [195,196,197,198,199,200,201]
567.0089999999999 [0,1,2,3,4,5,6,7,8,9] [245,246,247,248]
566.25625 [0,1,2,3,4,5,6,7,8,9] [252,253,254,255]
566.0434027777778 [0,1,2,3,4,6,7,8,9] [196,197,198,199]
565.5336961451246 [0,1,2,3,4,5,6,7,9] [240,241,242,243,244,245,246]
565.3827160493826 [0,1,2,3,4,5,6,7,9] [240,241,242,243,244,245]
564.8544444444447 [0,1,2,3,4,5,6,7,9] [243]
564.0625 [0,1,2,3,4,5,6,7,9] [242,243]
563.5004444444446 [0,1,2,3,4,5,6,7,8,9] [238,239,240]
563.2711111111112 [0,1,2,3,4,5,6,7,9] [250,251,252,253,254,255]
562.9547111111112 [0,1,2,3,4,6,7,8,9] [195,196,197,198,199]
562.7438271604938 [0,1,2,3,4,5,6,7,9] [251,252,253]
562.5000000000002 [0,1,2,3,4,5,6,7,8,9] [254,255]
562.4999999999998 [0,1,2,3,4,5,6,7,8,9] [246]
562.0001111111112 [0,1,2,3,4,5,6,7,8,9] [238,239,240,241,242,243,244,245,246]
561.9862890625001 [0,1,2,3,4,5,6,7,9] [239,240,241,242,243,244,245,246,247,248,249,250,251,252,253,254]
561.9376406249999 [0,1,2,3,4,5,6,7,8,9] [238,239,240,241,242,243,244,245]
561.69 [0,1,2,3,4,6,7,8,9] [205,206]
561.0010000000001 [0,1,2,3,4,5,6,7,8,9] [243,244]
560.9002777777778 [0,1,2,3,4,6,7,8,9] [212,213]
560.5017777777778 [0,1,2,3,4,5,6,7,8,9] [242,243,244]
560.1111111111111 [0,1,2,3,4,5,6,7,9] [239,240,241,242,243,244,245,246,247,248,249,250,251,252,253]
559.3688735101883 [0,1,2,3,4,5,6,7,9] [239,240,241,242,243,244,245,246,247,248,249,250,251,252,253,254,255]
559.1648444444444 [0,1,2,3,4,5,6,7,9] [251,252,253,254,255]
559.1075206611571 [0,1,2,3,4,5,6,7,9] [237,238,239,240,241,242,243,244,245,246,247]
