[Score] [Station index] [Time slots] 
1406.596 [0,1,2,3,4,5,6,7,8,9] [244]
1403.04025 [0,1,2,3,4,5,6,7,8,9] [244,245]
1399.489 [0,1,2,3,4,5,6,7,8,9] [245]
1338.649 [0,1,2,3,4,5,6,7,8,9] [238]
1327.104 [0,1,2,3,4,5,6,7,8,9] [251]
1325.5684444444444 [0,1,2,3,4,5,6,7,8,9] [244,245,246]
1320.2009999999998 [0,1,2,3,4,5,6,7,8,9] [250,251]
1313.3159999999998 [0,1,2,3,4,5,6,7,8,9] [250]
1307.9734444444446 [0,1,2,3,4,5,6,7,8,9] [243,244,245]
1292.7689999999998 [0,1,2,3,4,5,6,7,8,9] [237,238]
1285.9560000000001 [0,1,2,3,4,5,6,7,8,9] [245,246]
1283.6889999999999 [0,1,2,3,4,5,6,7,8,9] [250,251,252]
1282.9337777777778 [0,1,2,3,4,5,6,7,8,9] [245,246,247]
1277.4650625000004 [0,1,2,3,4,5,6,7,8,9] [235,236,237,238]
1276.9000000000003 [0,1,2,3,4,5,6,7,8,9] [247]
1275.3937777777776 [0,1,2,3,4,5,6,7,8,9] [236,237,238]
1275.09264 [0,1,2,3,4,5,6,7,8,9] [243,244,245,246,247]
1274.6409999999998 [0,1,2,3,4,5,6,7,8,9] [243,244,245,246]
1269.0022499999998 [0,1,2,3,4,5,6,7,8,9] [251,252]
1266.5251599999997 [0,1,2,3,4,5,6,7,8,9] [244,245,246,247,248]
1263.3760000000002 [0,1,2,3,4,5,6,7,8,9] [243,244]
1262.25225 [0,1,2,3,4,5,6,7,8,9] [235,236]
1260.286890625 [0,1,2,3,4,5,6,7,8,9] [244,245,246,247,248,249,250,251]
1259.4450625000002 [0,1,2,3,4,5,6,7,8,9] [242,243,244,245]
1257.388444444445 [0,1,2,3,4,5,6,7,8,9] [235,236,237]
1254.8978271604942 [0,1,2,3,4,5,6,7,8,9] [244,245,246,247,248,249,250,251,252]
1250.882469387755 [0,1,2,3,4,5,6,7,8,9] [244,245,246,247,248,249,250]
1249.924 [0,1,2,3,4,5,6,7,8,9] [249,250,251]
1249.0297600000001 [0,1,2,3,4,5,6,7,8,9] [235,236,237,238,239]
1248.4337777777778 [0,1,2,3,4,5,6,7,8,9] [242,243,244,245,246,247]
1247.689 [0,1,2,3,4,5,6,7,8,9] [237]
1246.3489600000003 [0,1,2,3,4,5,6,7,8,9] [241,242,243,244,245]
1245.2080123456785 [0,1,2,3,4,5,6,7,8,9] [243,244,245,246,247,248,249,250,251]
1244.34025 [0,1,2,3,4,5,6,7,8,9] [236,237]
1242.853361111111 [0,1,2,3,4,5,6,7,8,9] [243,244,245,246,247,248]
1242.7790400000001 [0,1,2,3,4,5,6,7,8,9] [242,243,244,245,246]
1241.8873599999997 [0,1,2,3,4,5,6,7,8,9] [243,244,245,246,247,248,249,250,251,252]
1241.5530625 [0,1,2,3,4,5,6,7,8,9] [250,251,252,253]
1240.9960000000005 [0,1,2,3,4,5,6,7,8,9] [244,245,246,247,248,249,250,251,252,253]
1240.996 [0,1,2,3,4,5,6,7,8,9] [236]
1240.6777346938775 [0,1,2,3,4,5,6,7,8,9] [241,242,243,244,245,246,247]
1240.6246944444445 [0,1,2,3,4,5,6,7,8,9] [244,245,246,247,248,249]
1240.4390625 [0,1,2,3,4,5,6,7,8,9] [249,250,251,252]
1240.2534444444443 [0,1,2,3,4,5,6,7,8,9] [237,238,239]
1240.0413265306124 [0,1,2,3,4,5,6,7,8,9] [245,246,247,248,249,250,251]
1239.9788444444448 [0,1,2,3,4,5,6,7,8] [240,241,242,243,244]
1239.1737603305785 [0,1,2,3,4,5,6,7,8,9] [235,236,237,238,239,240,241,242,243,244,245]
1237.228402366864 [0,1,2,3,4,5,6,7,8,9] [235,236,237,238,239,240,241,242,243,244,245,246,247]
1236.544 [0,1,2,3,4,5,6,7,8,9] [245,246,247,248,249,250,251,252]
1235.1543906250004 [0,1,2,3,4,5,6,7,8,9] [243,244,245,246,247,248,249,250]
1234.7654400000006 [0,1,2,3,4,5,6,7,8,9] [236,237,238,239,240,241,242,243,244,245]
1234.6913611111108 [0,1,2,3,4,5,6,7,8,9] [241,242,243,244,245,246]
1234.07412345679 [0,1,2,3,4,5,6,7,8,9] [237,238,239,240,241,242,243,244,245]
1233.950694444444 [0,1,2,3,4,5,6,7,8,9] [235,236,237,238,239,240,241,242,243,244,245,246]
1233.395340277778 [0,1,2,3,4,5,6,7,8,9] [236,237,238,239,240,241,242,243,244,245,246,247]
1233.2102500000003 [0,1,2,3,4,5,6,7,8,9] [235,236,237,238,239,240]
1232.70552892562 [0,1,2,3,4,5,6,7,8,9] [237,238,239,240,241,242,243,244,245,246,247]
1232.6550625000002 [0,1,2,3,4,5,6,7,8,9] [245,246,247,248]
1232.377515625 [0,1,2,3,4,5,6,7,8,9] [238,239,240,241,242,243,244,245]
1232.3220099999999 [0,1,2,3,4,5,6,7,8,9] [242,243,244,245,246,247,248,249,250,251]
1232.0100000000002 [0,1,2,3,4,5,6,7,8] [240]
1231.2121600000003 [0,1,2,3,4,5,6,7,8,9] [238,239,240,241,242,243,244,245,246,247]
1230.9902499999998 [0,1,2,3,4,5,6,7,8,9] [240,241,242,243,244,245]
1230.4859834710744 [0,1,2,3,4,5,6,7,8,9] [243,244,245,246,247,248,249,250,251,252,253]
1230.4029377162628 [0,1,2,3,4,5,6,7,8,9] [235,236,237,238,239,240,241,242,243,244,245,246,247,248,249,250,251]
1229.8810000000005 [0,1,2,3,4,5,6,7,8,9] [240,241,242,243,244,245,246,247]
1229.4777603305788 [0,1,2,3,4,5,6,7,8,9] [236,237,238,239,240,241,242,243,244,245,246]
1229.4374400000002 [0,1,2,3,4,5,6,7,8,9] [234,235,236,237,238]
1229.3881604938272 [0,1,2,3,4,5,6,7,8,9] [235,236,237,238,239,240,241,242,243,244,245,246,247,248,249,250,251,252]
1228.8730247933888 [0,1,2,3,4,5,6,7,8,9] [241,242,243,244,245,246,247,248,249,250,251]
1228.3288899999995 [0,1,2,3,4,5,6,7,8,9] [237,238,239,240,241,242,243,244,245,246]
1227.6640000000002 [0,1,2,3,4,5,6,7,8,9] [235,236,237,238,239,240,241]
1227.479340277778 [0,1,2,3,4,5,6,7,8,9] [241,242,243,244,245,246,247,248,249,250,251,252]
1227.1100624999997 [0,1,2,3,4,5,6,7,8,9] [236,237,238,239,240,241,242,243,244,245,246,247,248,249,250,251]
1226.5562500000003 [0,1,2,3,4,5,6,7,8,9] [246,247]
1226.239841836735 [0,1,2,3,4,5,6,7,8,9] [235,236,237,238,239,240,241,242,243,244,245,246,247,248]
1226.2305363321796 [0,1,2,3,4,5,6,7,8,9] [236,237,238,239,240,241,242,243,244,245,246,247,248,249,250,251,252]
1226.187111111111 [0,1,2,3,4,5,6,7,8,9] [237,238,239,240,241,242,243,244,245,246,247,248,249,250,251]
1225.8180277777778 [0,1,2,3,4,5,6,7,8,9] [245,246,247,248,249,250]
1225.449 [0,1,2,3,4,5,6,7,8,9] [232]
1225.4489999999998 [0,1,2,3,4,5,6,7,8,9] [244,245,246,247,248,249,250,251,252,253,254]
1225.3106289062503 [0,1,2,3,4,5,6,7,8,9] [237,238,239,240,241,242,243,244,245,246,247,248,249,250,251,252]
1224.8165102040816 [0,1,2,3,4,5,6,7,8,9] [242,243,244,245,246,247,248]
1224.658413265306 [0,1,2,3,4,5,6,7,8,9] [238,239,240,241,242,243,244,245,246,247,248,249,250,251]
1224.48056640625 [0,1,2,3,4,5,6,7,8,9] [235,236,237,238,239,240,241,242,243,244,245,246,247,248,249,250]
1224.1841836734693 [0,1,2,3,4,5,6,7,8,9] [243,244,245,246,247,248,249]
1223.8336111111112 [0,1,2,3,4,5,6,7,8] [240,241]
1223.8259377777777 [0,1,2,3,4,5,6,7,8,9] [238,239,240,241,242,243,244,245,246,247,248,249,250,251,252]
1223.67844 [0,1,2,3,4,5,6,7,8,9] [235,236,237,238,239,240,241,242,243,244]
1223.4688531855954 [0,1,2,3,4,5,6,7,8,9] [235,236,237,238,239,240,241,242,243,244,245,246,247,248,249,250,251,252,253]
1223.2360000000003 [0,1,2,3,4,5,6,7,8,9] [245,246,247,248,249,250,251,252,253]
1223.0780051020406 [0,1,2,3,4,5,6,7,8,9] [234,235,236,237,238,239,240,241,242,243,244,245,246,247]
1222.6830624999998 [0,1,2,3,4,5,6,7,8,9] [240,241,242,243,244,245,246,247,248,249,250,251]
1222.498777777778 [0,1,2,3,4,5,6,7,8,9] [234,235,236,237,238,239,240,241,242,243,244,245]
1222.0074197530862 [0,1,2,3,4,5,6,7,8,9] [242,243,244,245,246,247,248,249,250]
1221.9091599999995 [0,1,2,3,4,5,6,7,8,9] [247,248,249,250,251]
1221.8751479289942 [0,1,2,3,4,5,6,7,8,9] [236,237,238,239,240,241,242,243,244,245,246,247,248]
1221.875147928994 [0,1,2,3,4,5,6,7,8,9] [240,241,242,243,244,245,246,247,248,249,250,251,252]
1221.025 [0,1,2,3,4,5,6,7,8,9] [242,243,244,245,246,247,248,249,250,251,252,253]
1221.0249999999996 [0,1,2,3,4,5,6,7,8,9] [241,242,243,244,245,246,247,248]
