[Score] [Station index] [Time slots] 
562.5 [0,1,2,3,4,5,6,7,8,9] [246]
532.9 [0,1,2,3,4,5,6,7,8,9] [245,246]
531.4409999999999 [0,1,2,3,4,5,6,7,8,9] [240]
525.625 [0,1,2,3,4,5,6,7,8,9] [246,247]
523.4522499999999 [0,1,2,3,4,5,6,7,8,9] [239,240]
521.1657142857142 [0,1,2,3,4,5,6] [169]
520.3217777777779 [0,1,2,3,4,5,6,7,8,9] [246,247,248]
518.4 [0,1,2,3,4,5,6,7,8,9] [245,246,247]
516.2422500000001 [0,1,2,3,4,5,6,7,8,9] [245,246,247,248]
515.524 [0,1,2,3,4,5,6,7,8,9] [239]
514.3758399999999 [0,1,2,3,4,5,6,7,8,9] [242,243,244,245,246]
512.08336 [0,1,2,3,4,5,6,7,8,9] [239,240,241,242,243]
511.225 [0,1,2,3,4,5,6,7,8,9] [240,241,242,243]
510.51025 [0,1,2,3,4,5,6,7,8,9] [239,240,241,242]
510.2721111111112 [0,1,2,3,4,5,6,7,8,9] [242,243,244,245,246,247]
510.2040816326529 [0,1,2,3,4,5,6,7,8,9] [242,243,244,245,246,247,248]
510.15306250000015 [0,1,2,3,4,5,6,7,8,9] [239,240,241,242,243,244,245,246]
509.79599999999994 [0,1,2,3,4,5,6,7,8,9] [248]
509.38808163265304 [0,1,2,3,4,5,6,7,8,9] [240,241,242,243,244,245,246]
508.8444444444446 [0,1,2,3,4,5,6,7,8,9] [240,241,242]
508.08384000000007 [0,1,2,3,4,5,6,7,8,9] [239,240,241,242,243,244,245,246,247,248]
507.89377777777753 [0,1,2,3,4,5,6,7,8,9] [239,240,241,242,243,244,245,246,247]
507.26049382716036 [0,1,2,3,4,5,6,7,8,9] [240,241,242,243,244,245,246,247,248]
506.9440000000001 [0,1,2,3,4,5,6,7,8,9] [244,245,246]
506.94399999999985 [0,1,2,3,4,5,6,7,8,9] [240,241,242,243,244,245,246,247]
506.46944444444455 [0,1,2,3,4,5,6,7,8,9] [243,244,245,246,247,248]
505.8054400000001 [0,1,2,3,4,5,6,7,8,9] [243,244,245,246,247]
505.7580277777779 [0,1,2,3,4,5,6,7,8,9] [241,242,243,244,245,246]
505.3630123456792 [0,1,2,3,4,5,6,7,8,9] [238,239,240,241,242,243,244,245,246]
504.5734444444444 [0,1,2,3,4,5,6,7,8,9] [241,242,243]
504.45506250000005 [0,1,2,3,4,5,6,7,8,9] [246,247,248,249]
504.3840399999999 [0,1,2,3,4,5,6,7,8,9] [245,246,247,248,249]
504.35821487603323 [0,1,2,3,4,5,6,7,8,9] [238,239,240,241,242,243,244,245,246,247,248]
504.2775156250001 [0,1,2,3,4,5,6,7,8,9] [241,242,243,244,245,246,247,248]
504.1000000000002 [0,1,2,3,4,5,6,7,8,9] [244,245,246,247,248]
504.1 [0,1,2,3,4,5,6,7,8,9] [245]
503.81604000000004 [0,1,2,3,4,5,6,7,8,9] [238,239,240,241,242,243,244,245,246,247]
503.56764062499985 [0,1,2,3,4,5,6,7,8,9] [242,243,244,245,246,247,248,249]
503.4916122448979 [0,1,2,3,4,5,6,7,8,9] [241,242,243,244,245,246,247]
503.4547520661157 [0,1,2,3,4,5,6,7,8,9] [239,240,241,242,243,244,245,246,247,248,249]
503.15377777777786 [0,1,2,3,4,5,6,7,8,9] [239,240,241]
502.88359183673447 [0,1,2,3,4,5,6,7,8,9] [239,240,241,242,243,244,245]
502.68100000000004 [0,1,2,3,4,5,6,7,8,9] [244,245,246,247]
502.25568999999984 [0,1,2,3,4,5,6,7,8,9] [240,241,242,243,244,245,246,247,248,249]
502.2084444444446 [0,1,2,3,4,5,6,7,8,9] [242,243,244]
501.83056000000005 [0,1,2,3,4,5,6,7,8,9] [238,239,240,241,242]
501.2640000000001 [0,1,2,3,4,5,6,7,8,9] [237,238,239,240,241,242,243,244,245,246]
501.02802777777777 [0,1,2,3,4,5,6,7,8,9] [237,238,239,240,241,242,243,244,245,246,247,248]
500.79211111111107 [0,1,2,3,4,5,6,7,8,9] [240,241,242,243,244,245]
500.43834027777785 [0,1,2,3,4,5,6,7,8,9] [238,239,240,241,242,243,244,245,246,247,248,249]
500.23471074380177 [0,1,2,3,4,5,6,7,8,9] [237,238,239,240,241,242,243,244,245,246,247]
500.13184 [0,1,2,3,4,5,6,7,8,9] [240,241,242,243,244]
499.8489999999998 [0,1,2,3,4,5,6,7,8,9] [247,248]
499.44508163265317 [0,1,2,3,4,5,6,7,8,9] [243,244,245,246,247,248,249]
499.06375308641975 [0,1,2,3,4,5,6,7,8,9] [241,242,243,244,245,246,247,248,249]
498.97922485207107 [0,1,2,3,4,5,6,7,8,9] [236,237,238,239,240,241,242,243,244,245,246,247,248]
498.83951020408165 [0,1,2,3,4,5,6,7,8,9] [237,238,239,240,241,242,243]
498.82116528925616 [0,1,2,3,4,5,6,7,8,9] [236,237,238,239,240,241,242,243,244,245,246]
498.43599999999986 [0,1,2,3,4,5,6,7,8,9] [238,239,240,241,242,243,244,245]
498.08306250000004 [0,1,2,3,4,5,6,7,8,9] [236,237,238,239,240,241,242,243,244,245,246,247]
497.7302500000002 [0,1,2,3,4,5,6,7,8,9] [241,242]
497.67598224852065 [0,1,2,3,4,5,6,7,8,9] [237,238,239,240,241,242,243,244,245,246,247,248,249]
497.62946938775514 [0,1,2,3,4,5,6,7,8,9] [238,239,240,241,242,243,244]
496.92429081632633 [0,1,2,3,4,5,6,7,8,9] [235,236,237,238,239,240,241,242,243,244,245,246,247,248]
496.4376736111112 [0,1,2,3,4,5,6,7,8,9] [235,236,237,238,239,240,241,242,243,244,245,246]
496.32025000000004 [0,1,2,3,4,5,6,7,8,9] [244,245,246,247,248,249]
496.0183673469386 [0,1,2,3,4,5,6,7,8,9] [236,237,238,239,240,241,242,243,244,245,246,247,248,249]
495.9409763313609 [0,1,2,3,4,5,6,7,8,9] [235,236,237,238,239,240,241,242,243,244,245,246,247]
495.7920156249999 [0,1,2,3,4,5,6,7,8,9] [236,237,238,239,240,241,242,243]
495.6160000000001 [0,1,2,3,4,5,6,7,8,9] [237,238,239,240,241,242]
494.77156 [0,1,2,3,4,5,6,7,8,9] [241,242,243,244,245]
494.67777777777775 [0,1,2,3,4,5,6,7,8,9] [237,238,239,240,241,242,243,244,245]
494.5605625 [0,1,2,3,4,5,6,7,8,9] [237,238,239,240]
494.30273777777785 [0,1,2,3,4,5,6,7,8,9] [235,236,237,238,239,240,241,242,243,244,245,246,247,248,249]
494.20899999999995 [0,1,2,3,4,5,6,7,8,9] [254]
494.2089999999997 [0,1,2,3,4,5,6,7,8,9] [238,239,240,241]
493.91999999999996 [0,1,2,3,4,5,6] [177]
493.50625 [0,1,2,3,4,5,6,7,8,9] [237,238,239,240,241,242,243,244]
492.96001234567893 [0,1,2,3,4,5,6,7,8,9] [235,236,237,238,239,240,241,242,243]
492.8039999999998 [0,1,2,3,4,5,6,7,8,9] [243,244,245]
492.6636100000002 [0,1,2,3,4,5,6,7,8,9] [236,237,238,239,240,241,242,243,244,245]
492.6034489795916 [0,1,2,3,4,5,6,7,8,9] [236,237,238,239,240,241,242]
492.45306249999993 [0,1,2,3,4,5,6,7,8,9] [241,242,243,244]
491.4010000000001 [0,1,2,3,4,5,6,7,8,9] [238,239]
491.40099999999995 [0,1,2,3,4,5,6,7,8,9] [236,237,238,239,240,241,242,243,244]
490.63657024793395 [0,1,2,3,4,5,6,7,8,9] [235,236,237,238,239,240,241,242,243,244,245]
490.5657142857144 [0,1,2,3,4,5,6] [177,178]
490.5601600000001 [0,1,2,3,4,5,6,7,8,9] [236,237,238,239,240]
490.0 [0,1,2,3,4,5,6,7,8,9] [247]
489.82501562499993 [0,1,2,3,4,5,6,7,8,9] [235,236,237,238,239,240,241,242]
489.72892857142864 [0,1,2,3,4,5,6] [169,170]
489.3002499999999 [0,1,2,3,4,5,6,7,8,9] [235,236,237,238,239,240,241,242,243,244]
489.067111111111 [0,1,2,3,4,5,6,7,8,9] [234,235,236,237,238,239,240,241,242,243,244,245,246,247,248]
488.95056250000016 [0,1,2,3,4,5,6,7,8,9] [239,240,241,242,243,244,245,246,247,248,249,250]
488.3214399999999 [0,1,2,3,4,5,6,7,8,9] [237,238,239,240,241]
487.6029387755101 [0,1,2,3,4,5,6,7,8,9] [234,235,236,237,238,239,240,241,242,243,244,245,246,247]
487.41879289940806 [0,1,2,3,4,5,6,7,8,9] [234,235,236,237,238,239,240,241,242,243,244,245,246]
487.31139053254435 [0,1,2,3,4,5,6,7,8,9] [238,239,240,241,242,243,244,245,246,247,248,249,250]
487.22285714285726 [0,1,2,3,4,5,6] [178]
487.2040000000002 [0,1,2,3,4,5,6,7,8,9] [235,236,237,238,239,240]
