[Score] [Station index] [Time slots] 
1648.6560000000002 [0,1,2,3,4,5,6,7,8,9] [219]
1625.625 [0,1,2,3,4,5,6,7,8,9] [229]
1623.0760000000002 [0,1,2,3,4,5,6,7,8,9] [222]
1623.0759999999998 [0,1,2,3,4,5,6,7,8,9] [223]
1620.529 [0,1,2,3,4,5,6,7,8,9] [213]
1612.8999999999996 [0,1,2,3,4,5,6,7,8,9] [227]
1600.225 [0,1,2,3,4,5,6,7,8,9] [212,213]
1583.4027777777778 [0,1,2,3,4,5,6,7,8,9] [227,228,229]
1580.8871111111112 [0,1,2,3,4,5,6,7,8,9] [211,212,213]
1580.0490000000002 [0,1,2,3,4,5,6,7,8,9] [212]
1575.025 [0,1,2,3,4,5,6,7,8,9] [225]
1575.0249999999992 [0,1,2,3,4,5,6,7,8,9] [207,208,209,210,211,212,213]
1572.5159999999998 [0,1,2,3,4,5,6,7,8,9] [206,207,208,209,210,211,212,213]
1568.7562500000004 [0,1,2,3,4,5,6,7,8,9] [228,229]
1567.5039999999997 [0,1,2,3,4,5,6,7,8,9] [207,208,209,210,211,212]
1563.333444444445 [0,1,2,3,4,5,6,7,8,9] [208,209,210,211,212,213]
1562.5 [0,1,2,3,4,5,6,7,8,9] [227,228]
1561.2502500000005 [0,1,2,3,4,5,6,7,8,9] [211,212]
1555.0090000000005 [0,1,2,3,4,5,6,7,8,9] [210,211,212,213]
1554.9877777777774 [0,1,2,3,4,5,6,7,9] [213,214]
1554.3855624999997 [0,1,2,3,4,5,6,7,8,9] [222,223,224,225]
1552.5159999999998 [0,1,2,3,4,5,6,7,8,9] [206,207,208,209,210,211,212,213,214]
1552.2045156249999 [0,1,2,3,4,5,6,7,8,9] [207,208,209,210,211,212,213,214]
1552.01764 [0,1,2,3,4,5,6,7,8,9] [208,209,210,211,212]
1550.025 [0,1,2,3,4,5,6,7,8,9] [219,220]
1549.471716049383 [0,1,2,3,4,5,6,7,8,9] [207,208,209,210,211,212,213,214,215]
1547.536 [0,1,2,3,4,5,6,7,8,9] [222,223,224]
1542.5640000000005 [0,1,2,3,4,5,6,7,8,9] [211]
1542.3381900826446 [0,1,2,3,4,5,6,7,8,9] [206,207,208,209,210,211,212,213,214,215,216]
1541.3222499999997 [0,1,2,3,4,5,6,7,8,9] [218,219]
1541.0739600000004 [0,1,2,3,4,5,6,7,8,9] [207,208,209,210,211,212,213,214,215,216]
1539.52949382716 [0,1,2,3,4,5,6,7,8,9] [205,206,207,208,209,210,211,212,213]
1539.0174693877552 [0,1,2,3,4,5,6,7,8,9] [208,209,210,211,212,213,214]
1537.6000000000004 [0,1,2,3,4,5,6,7,8,9] [209,210,211,212,213]
1537.6 [0,1,2,3,4,5,6,7,8,9] [208,209,210,211,212,213,214,215]
1535.61664 [0,1,2,3,4,5,6,7,8,9] [219,220,221,222,223]
1533.88225 [0,1,2,3,4,5,6,7,8,9] [211,212,213,214]
1533.4694444444447 [0,1,2,3,4,5,6,7,8,9] [210,211,212]
1532.6439999999998 [0,1,2,3,4,5,6,7,8,9] [211,212,213,214,215]
1531.8187777777778 [0,1,2,3,4,5,6,7,8,9] [223,224,225]
1530.9937777777773 [0,1,2,3,4,5,6,7,8,9] [212,213,214]
1530.1690000000003 [0,1,2,3,4,5,6,7,8,9] [212,213,214,215]
1529.6192716049384 [0,1,2,3,4,5,6,7,8,9] [208,209,210,211,212,213,214,215,216]
1529.5505625000003 [0,1,2,3,4,5,6,7,8,9] [205,206,207,208,209,210,211,212]
1527.6959999999995 [0,1,2,3,4,5,6,7,8,9] [215]
1526.0484444444444 [0,1,2,3,4,5,6,7,8,9] [221,222,223]
1525.2249999999997 [0,1,2,3,4,5,6,7,8,9] [205,206,207,208,209,210,211,212,213,214,215]
1524.9780099999998 [0,1,2,3,4,5,6,7,8,9] [205,206,207,208,209,210,211,212,213,214]
1523.578777777778 [0,1,2,3,4,5,6,7,8,9] [210,211,212,213,214,215]
1522.756 [0,1,2,3,4,5,6,7,8,9] [210,211,212,213,214]
1521.6984693877553 [0,1,2,3,4,5,6,7,8,9] [219,220,221,222,223,224,225]
1521.5222500000004 [0,1,2,3,4,5,6,7,8,9] [211,212,213,214,215,216]
1521.1698418367346 [0,1,2,3,4,5,6,7,8,9] [206,207,208,209,210,211,212,213,214,215,216,217,218,219]
1520.2889999999995 [0,1,2,3,4,5,6,7,8,9] [205,206,207,208,209,210,211,212,213,214,215,216]
1519.0562500000003 [0,1,2,3,4,5,6,7,8,9] [218,219,220,221,222,223]
1518.58224852071 [0,1,2,3,4,5,6,7,8,9] [207,208,209,210,211,212,213,214,215,216,217,218,219]
1518.2346944444446 [0,1,2,3,4,5,6,7,8,9] [206,207,208,209,210,211,212,213,214,215,216,217,218,219,220,221,222,223]
1517.8239999999998 [0,1,2,3,4,5,6,7,8,9] [206,207,208,209,210,211,212,213,214,215,216,217]
1517.3312400000002 [0,1,2,3,4,5,6,7,8,9] [212,213,214,215,216]
1517.2080624999994 [0,1,2,3,4,5,6,7,8,9] [209,210,211,212]
1516.6743511111108 [0,1,2,3,4,5,6,7,8,9] [206,207,208,209,210,211,212,213,214,215,216,217,218,219,220]
1516.0852041522487 [0,1,2,3,4,5,6,7,8,9] [207,208,209,210,211,212,213,214,215,216,217,218,219,220,221,222,223]
1515.8534400000003 [0,1,2,3,4,5,6,7,8,9] [204,205,206,207,208,209,210,211,212,213]
1515.712734693878 [0,1,2,3,4,5,6,7,8,9] [209,210,211,212,213,214,215]
1515.3609999999994 [0,1,2,3,4,5,6,7,8,9] [210,211,212,213,214,215,216]
1515.11481 [0,1,2,3,4,5,6,7,8,9] [206,207,208,209,210,211,212,213,214,215,216,217,218,219,220,221,222,223,224,225]
1514.4658595041324 [0,1,2,3,4,5,6,7,8,9] [207,208,209,210,211,212,213,214,215,216,217]
1514.1302500000004 [0,1,2,3,4,5,6,7,8,9] [219,220,221,222]
1513.9544693877551 [0,1,2,3,4,5,6,7,8,9] [207,208,209,210,211,212,213,214,215,216,217,218,219,220]
1513.7201111111112 [0,1,2,3,4,5,6,7,8,9] [209,210,211,212,213,214]
1513.7201111111108 [0,1,2,3,4,5,6,7,8,9] [213,214,215]
1513.0294764542941 [0,1,2,3,4,5,6,7,8,9] [207,208,209,210,211,212,213,214,215,216,217,218,219,220,221,222,223,224,225]
1512.9 [0,1,2,3,4,5,6,7,8,9] [228]
1512.1765570934256 [0,1,2,3,4,5,6,7,8,9] [206,207,208,209,210,211,212,213,214,215,216,217,218,219,220,221,222]
1512.0801111111111 [0,1,2,3,4,5,6,7,8,9] [218,219,220]
1511.9938199445983 [0,1,2,3,4,5,6,7,8,9] [206,207,208,209,210,211,212,213,214,215,216,217,218,219,220,221,222,223,224]
1511.5756745562135 [0,1,2,3,4,5,6,7,8,9] [206,207,208,209,210,211,212,213,214,215,216,217,218]
1511.0555625 [0,1,2,3,4,5,6,7,8,9] [218,219,220,221,222,223,224,225]
1510.4410000000003 [0,1,2,3,4,5,6,7,8,9] [221,222,223,224,225]
1509.6217777777777 [0,1,2,3,4,5,6,7,8,9] [207,208,209,210,211,212,213,214,215,216,217,218,219,220,221,222,223,224]
1509.5193906250001 [0,1,2,3,4,5,6,7,8,9] [207,208,209,210,211,212,213,214,215,216,217,218,219,220,221,222]
1509.519390625 [0,1,2,3,4,5,6,7,8,9] [209,210,211,212,213,214,215,216]
1508.1886736111107 [0,1,2,3,4,5,6,7,8,9] [208,209,210,211,212,213,214,215,216,217,218,219]
1508.13750390625 [0,1,2,3,4,5,6,7,8,9] [208,209,210,211,212,213,214,215,216,217,218,219,220,221,222,223]
1507.984 [0,1,2,3,4,5,6,7,8,9] [220,221,222,223]
1506.75625 [0,1,2,3,4,5,6,7,8,9] [204,205,206,207,208,209,210,211,212,213,214,215]
1505.801679012346 [0,1,2,3,4,5,6,7,8,9] [208,209,210,211,212,213,214,215,216,217,218,219,220,221,222,223,224,225]
1505.6581606648201 [0,1,2,3,4,5,6,7,8,9] [205,206,207,208,209,210,211,212,213,214,215,216,217,218,219,220,221,222,223]
1505.3756289062496 [0,1,2,3,4,5,6,7,8,9] [206,207,208,209,210,211,212,213,214,215,216,217,218,219,220,221]
1505.0382399999999 [0,1,2,3,4,5,6,7,8,9] [205,206,207,208,209,210,211,212,213,214,215,216,217,218,219]
1504.8598016528922 [0,1,2,3,4,5,6,7,8,9] [204,205,206,207,208,209,210,211,212,213,214]
1504.5066736111114 [0,1,2,3,4,5,6,7,8,9] [206,207,208,209,210,211,212,213,214,215,216,217,218,219,220,221,222,223,224,225,226,227,228,229]
1504.0192248520711 [0,1,2,3,4,5,6,7,8,9] [208,209,210,211,212,213,214,215,216,217,218,219,220]
1503.8934444444446 [0,1,2,3,4,5,6,7,8,9] [205,206,207,208,209,210,211,212,213,214,215,216,217,218,219,220,221,222,223,224,225]
1503.6418994082844 [0,1,2,3,4,5,6,7,8,9] [204,205,206,207,208,209,210,211,212,213,214,215,216]
1502.7695156249995 [0,1,2,3,4,5,6,7,8,9] [222,223,224,225,226,227,228,229]
1502.329831758034 [0,1,2,3,4,5,6,7,8,9] [207,208,209,210,211,212,213,214,215,216,217,218,219,220,221,222,223,224,225,226,227,228,229]
1502.0953599999998 [0,1,2,3,4,5,6,7,8,9] [207,208,209,210,211,212,213,214,215,216,217,218,219,220,221]
1502.0253265306123 [0,1,2,3,4,5,6,7,8,9] [218,219,220,221,222,223,224]
1501.85025 [0,1,2,3,4,5,6,7,8,9] [205,206,207,208,209,210,211,212,213,214,215,216,217,218,219,220]
