[Score] [Station index] [Time slots] 
360.0 [0,1,2,3,4,5,6,7,8,9] [257]
343.396 [0,1,2,3,4,5,6,7,8,9] [216]
323.85125000000005 [0,1,2,3,4,5,6,7,9] [0]
319.41281250000003 [0,1,2,3,4,5,6,7,9] [0,1]
316.8399999999999 [0,1,2,3,4,5,6,7,8,9] [1]
313.6 [0,1,2,3,4,5,6,7,8,9] [256,257]
307.4177777777777 [0,1,2,3,5,6,7,8,9] [265]
304.22222222222223 [0,1,2,3,4,5,6,7,9] [0,1,2]
303.601 [0,1,2,3,4,5,6,7,8,9] [257,258]
302.76 [0,1,2,3,5,6,7,8,9] [268]
298.84444444444443 [0,1,2,3,4,5,6,7,8,9] [257,258,259]
298.77155999999997 [0,1,2,3,4,5,6,7,8,9] [265,266,267,268,269]
297.84306250000003 [0,1,2,3,4,5,6,7,8,9] [265,266,267,268]
297.3884444444445 [0,1,2,3,4,5,6,7,8,9] [265,266,267]
295.936 [0,1,2,3,4,5,6,7,8,9] [264,265,266,267,268,269]
294.63781250000005 [0,1,2,3,4,5,6,7,9] [1,2]
294.6318400000001 [0,1,2,3,4,5,6,7,8,9] [264,265,266,267,268]
294.1254444444444 [0,1,2,3,4,5,6,7,8,9] [265,266,267,268,269,270]
292.37193877551016 [0,1,2,3,4,5,6,7,8,9] [264,265,266,267,268,269,270]
292.32044444444443 [0,1,2,3,4,5,6,7,8,9] [256,257,258]
291.960111111111 [0,1,2,3,4,5,6,7,8,9] [267,268,269]
291.8700624999999 [0,1,2,3,4,5,6,7,8,9] [266,267,268,269]
291.6000000000001 [0,1,2,3,4,5,6,7,8,9] [256,257,258,259]
291.5999999999999 [0,1,2,3,4,5,6,7,8,9] [266]
290.8804444444444 [0,1,2,3,4,5,6,7,8,9] [268,269,270]
290.40499999999986 [0,1,2,3,5,6,7,8,9] [259]
290.1617777777778 [0,1,2,3,4,5,6,7,8,9] [255,256,257]
288.9830408163265 [0,1,2,3,4,5,6,7,8,9] [263,264,265,266,267,268,269]
288.43361111111113 [0,1,2,3,5,6,7,8,9] [264,265]
288.36899999999997 [0,1,2,3,4,5,6,7,8,9] [266,267,268]
288.06222448979594 [0,1,2,3,4,5,6,7,8,9] [265,266,267,268,269,270,271]
287.72496 [0,1,2,3,4,5,6,7,8,9] [266,267,268,269,270]
287.2960000000001 [0,1,2,3,4,5,6,7,8,9] [264,265,266,267,268,269,270,271]
286.7602499999999 [0,1,2,3,4,5,6,7,8,9] [269,270]
285.42306249999996 [0,1,2,3,4,5,6,7,8,9] [257,258,259,260]
284.755640625 [0,1,2,3,4,5,6,7,8,9] [265,266,267,268,269,270,271,272]
284.7094531249999 [0,1,2,3,4,5,6,7,9] [0,1,2,3]
284.5812130177515 [0,1,2,3,4,5,6,7,8,9] [257,258,259,260,261,262,263,264,265,266,267,268,269]
284.4444444444444 [0,1,2,3,4,5,6,7,8,9] [264,265,266,267,268,269,270,271,272]
284.2074567901235 [0,1,2,3,4,5,6,7,8,9] [261,262,263,264,265,266,267,268,269]
283.95576562499997 [0,1,2,3,4,5,6,7,8,9] [262,263,264,265,266,267,268,269]
283.63232653061226 [0,1,2,3,4,5,6,7,8,9] [257,258,259,260,261,262,263,264,265,266,267,268,269,270]
283.55625 [0,1,2,3,4,5,6,7,8,9] [256,257,258,259,260,261,262,263,264,265,266,267,268,269]
283.1126736111111 [0,1,2,3,4,5,6,7,8,9] [257,258,259,260,261,262,263,264,265,266,267,268]
283.024 [0,1,2,3,4,5,6,7,8,9] [266,267]
283.0239999999999 [0,1,2,3,4,5,6,7,8,9] [256,257,258,259,260,261]
282.9176100000001 [0,1,2,3,4,5,6,7,8,9] [261,262,263,264,265,266,267,268,269,270]
282.90579012345677 [0,1,2,3,4,5,6,7,8,9] [263,264,265,266,267,268,269,270,271]
282.74033777777777 [0,1,2,3,4,5,6,7,8,9] [256,257,258,259,260,261,262,263,264,265,266,267,268,269,270]
282.55130864197537 [0,1,2,3,4,5,6,7,8,9] [262,263,264,265,266,267,268,269,270]
282.38596 [0,1,2,3,4,5,6,7,8,9] [257,258,259,260,261,262,263,264,265,266]
282.38595999999995 [0,1,2,3,4,5,6,7,8,9] [256,257,258,259,260]
282.17344000000014 [0,1,2,3,4,5,6,7,8,9] [255,256,257,258,259]
282.1244082840236 [0,1,2,3,4,5,6,7,8,9] [256,257,258,259,260,261,262,263,264,265,266,267,268]
281.961 [0,1,2,3,4,5,6,7,8,9] [261,262,263,264,265,266,267,268]
281.7840277777778 [0,1,2,3,4,5,6,7,8,9] [266,267,268,269,270,271]
281.67143801652895 [0,1,2,3,4,5,6,7,8,9] [257,258,259,260,261,262,263,264,265,266,267]
281.53636 [0,1,2,3,4,5,6,7,8,9] [257,258,259,260,261,262,263,264,265,266,267,268,269,270,271]
281.37130864197536 [0,1,2,3,4,5,6,7,8,9] [257,258,259,260,261,262,263,264,265]
281.3544693877551 [0,1,2,3,4,5,6,7,8,9] [262,263,264,265,266,267,268]
281.2855867768595 [0,1,2,3,4,5,6,7,8,9] [256,257,258,259,260,261,262,263,264,265,266]
281.18916528925627 [0,1,2,3,4,5,6,7,8,9] [259,260,261,262,263,264,265,266,267,268,269]
281.1650624999999 [0,1,2,3,4,5,6,7,8,9] [268,269,270,271]
280.97067111111113 [0,1,2,3,4,5,6,7,8,9] [255,256,257,258,259,260,261,262,263,264,265,266,267,268,269]
280.83375390624997 [0,1,2,3,4,5,6,7,8,9] [256,257,258,259,260,261,262,263,264,265,266,267,268,269,270,271]
280.79401 [0,1,2,3,4,5,6,7,8,9] [263,264,265,266,267,268,269,270,271,272]
280.74864197530843 [0,1,2,3,5,6,7,8,9] [264,265,266]
280.7233611111111 [0,1,2,3,4,5,6,7,8,9] [256,257,258,259,260,261,262,263,264,265,266,267]
280.37025000000006 [0,1,2,3,4,5,6,7,8,9] [260,261,262,263,264,265,266,267,268,269]
280.37024999999994 [0,1,2,3,4,5,6,7,8,9] [259,260,261,262,263,264,265,266,267,268,269,270]
280.3702499999999 [0,1,2,3,4,5,6,7,8,9] [255,256,257,258,259,260,261,262,263,264,265,266,267,268,269,270]
280.30406640625 [0,1,2,3,4,5,6,7,8,9] [257,258,259,260,261,262,263,264,265,266,267,268,269,270,271,272]
280.26436 [0,1,2,3,4,5,6,7,8,9] [256,257,258,259,260,261,262,263,264,265]
280.1296198347108 [0,1,2,3,4,5,6,7,8,9] [261,262,263,264,265,266,267,268,269,270,271]
279.841 [0,1,2,3,4,5,6,7,8,9] [267,268,269,270,271]
279.77487890624997 [0,1,2,3,4,5,6,7,8,9] [254,255,256,257,258,259,260,261,262,263,264,265,266,267,268,269]
279.7165432525952 [0,1,2,3,4,5,6,7,8,9] [256,257,258,259,260,261,262,263,264,265,266,267,268,269,270,271,272]
279.55252892561987 [0,1,2,3,4,5,6,7,8,9] [260,261,262,263,264,265,266,267,268,269,270]
279.5387959183673 [0,1,2,3,4,5,6,7,8,9] [261,262,263,264,265,266,267]
279.52369 [0,1,2,3,4,5,6,7,8,9] [262,263,264,265,266,267,268,269,270,271]
279.4632704081633 [0,1,2,3,4,5,6,7,8,9] [255,256,257,258,259,260,261,262,263,264,265,266,267,268]
279.28116262975783 [0,1,2,3,4,5,6,7,8,9] [254,255,256,257,258,259,260,261,262,263,264,265,266,267,268,269,270]
279.10089 [0,1,2,3,4,5,6,7,8,9] [259,260,261,262,263,264,265,266,267,268]
278.93487755102035 [0,1,2,3,4,5,6,7,8,9] [266,267,268,269,270,271,272]
278.9013456790125 [0,1,2,3,4,5,6,7,8,9] [252,253,254,255,256,257,258,259,260,261,262,263,264,265,266,267,268,269]
278.78400000000005 [0,1,2,3,4,5,6,7,8,9] [254,255,256,257,258,259]
278.72188581314873 [0,1,2,3,4,5,6,7,8,9] [255,256,257,258,259,260,261,262,263,264,265,266,267,268,269,270,271]
278.6960069444445 [0,1,2,3,4,5,6,7,8,9] [258,259,260,261,262,263,264,265,266,267,268,269]
278.60802777777775 [0,1,2,3,4,5,6,7,8,9] [261,262,263,264,265,266,267,268,269,270,271,272]
278.5061745152355 [0,1,2,3,4,5,6,7,8,9] [252,253,254,255,256,257,258,259,260,261,262,263,264,265,266,267,268,269,270]
278.4321111111111 [0,1,2,3,4,5,6,7,8,9] [262,263,264,265,266,267]
278.2914177777777 [0,1,2,3,4,5,6,7,8,9] [254,255,256,257,258,259,260,261,262,263,264,265,266,267,268]
278.25625 [0,1,2,3,4,5,6,7,8,9] [255,256,257,258,259,260,261,262,263,264,265,266]
278.2156745562132 [0,1,2,3,4,5,6,7,8,9] [259,260,261,262,263,264,265,266,267,268,269,270,271]
278.18089795918365 [0,1,2,3,4,5,6,7,8,9] [256,257,258,259,260,261,262]
278.15076000000005 [0,1,2,3,4,5,6,7,8,9] [261,262,263,264,265]
278.13453254437866 [0,1,2,3,4,5,6,7,8,9] [258,259,260,261,262,263,264,265,266,267,268,269,270]
277.9722840236686 [0,1,2,3,4,5,6,7,8,9] [255,256,257,258,259,260,261,262,263,264,265,266,267]
277.9632716049383 [0,1,2,3,4,5,6,7,8,9] [260,261,262,263,264,265,266,267,268]
277.9206694214876 [0,1,2,3,4,5,6,7,8,9] [262,263,264,265,266,267,268,269,270,271,272]
