[Score] [Station index] [Time slots] 
2116.0 [0,1,2,3,4,5,6,7,9] [248]
2046.0544444444442 [0,1,2,3,4,5,6,7,8,9] [225]
2040.0277777777778 [0,1,2,3,4,5,6,7,8,9] [224,225]
2034.0100000000004 [0,1,2,3,4,5,6,7,8,9] [224]
2026.35225 [0,1,2,3,4,5,6,7,8,9] [248,249]
2013.0177777777778 [0,1,2,3,4,5,6,7,8,9] [227]
1998.8350694444443 [0,1,2,3,4,5,6,7,8,9] [224,225,226,227]
1997.9822499999998 [0,1,2,3,4,5,6,7,8,9] [247,248,249,250]
1996.5690000000002 [0,1,2,3,4,5,6,7,8,9] [214]
1995.1111111111104 [0,1,2,3,4,5,6,7,9] [255]
1994.6854444444448 [0,1,2,3,4,5,6,7,8,9] [248,249,250]
1994.3088400000001 [0,1,2,3,4,5,6,7,8,9] [246,247,248,249,250]
1994.1186419753087 [0,1,2,3,4,5,6,7,8,9] [224,225,226]
1987.178271604938 [0,1,2,3,4,5,6,7,8,9] [225,226,227]
1979.649 [0,1,2,3,4,5,6,7,8,9] [246]
1974.3211111111107 [0,1,2,3,4,5,6,7,8,9] [225,226]
1971.359999999999 [0,1,2,3,4,5,6,7,8,9] [224,225,226,227,228]
1962.49 [0,1,2,3,4,5,6,7,9] [259]
1958.6002500000006 [0,1,2,3,4,5,6,7,8,9] [214,215]
1958.0625 [0,1,2,3,4,5,6,7,8,9] [226,227]
1955.8506249999996 [0,1,2,3,4,5,6,7,8,9] [225,226,227,228]
1952.16784 [0,1,2,3,4,5,6,7,8,9] [247,248,249,250,251]
1945.398044444445 [0,1,2,3,4,5,6,7,8,9] [223,224,225,226,227]
1945.0951111111112 [0,1,2,3,4,5,6,7,8,9] [239,240,241]
1943.236 [0,1,2,3,4,5,6,7,8,9] [249]
1942.771361111111 [0,1,2,3,4,5,6,7,8,9] [245,246,247,248,249,250]
1938.3600625 [0,1,2,3,4,5,6,7,8,9] [248,249,250,251]
1937.6640000000002 [0,1,2,3,4,5,6,7,8,9] [249,250]
1932.1000000000008 [0,1,2,3,4,5,6,7,8,9] [250]
1931.6024999999997 [0,1,2,3,4,5,6,7,8,9] [223,224,225,226,227,228]
1926.234567901235 [0,1,2,3,4,5,6,7,8,9] [226,227,228]
1920.9960000000005 [0,1,2,3,4,5,6,7,8,9] [215]
1920.9959999999999 [0,1,2,3,4,5,6,7,8,9] [248,249,250,251,252]
1918.225 [0,1,2,3,4,5,6,7,8,9] [245,246,247,248,249,250,251]
1903.8677777777787 [0,1,2,3,4,5,6,7,8,9] [226]
1903.8480399999996 [0,1,2,3,4,5,6,7,8,9] [239,240,241,242,243]
1901.641 [0,1,2,3,4,5,6,7,8,9] [240]
1896.8175625 [0,1,2,3,4,5,6,7,8,9] [239,240,241,242]
1896.1289999999997 [0,1,2,3,4,5,6,7,8,9] [238,239,240,241]
1894.2934444444443 [0,1,2,3,4,5,6,7,8,9] [214,215,216]
1893.3760000000007 [0,1,2,3,4,5,6,7,8,9] [228]
1889.351111111111 [0,1,2,3,4,5,6,7,9] [266]
1886.4544444444448 [0,1,2,3,4,5,6,7,9] [258,259]
1882.3840000000005 [0,1,2,3,4,5,6,7,8,9] [249,250,251]
1878.2702500000003 [0,1,2,3,4,5,6,7,8,9] [238,239,240,241,242,243]
1874.8900000000003 [0,1,2,3,4,5,6,7,9] [239]
1874.8455625000001 [0,1,2,3,4,5,6,7,8,9] [249,250,251,252]
1872.9660493827153 [0,1,2,3,4,5,6,7,8,9] [224,225,226,227,228,229]
1869.1211111111115 [0,1,2,3,4,5,6,7,9] [198]
1867.5955599999998 [0,1,2,3,4,5,6,7,8,9] [238,239,240,241,242]
1863.225 [0,1,2,3,4,5,6,7,8,9] [234]
1859.1322499999999 [0,1,2,3,4,5,6,7,8,9] [234,235]
1858.4505625000006 [0,1,2,3,4,5,6,7,8,9] [214,215,216,217]
1856.652345679012 [0,1,2,3,4,5,6,7,9] [238,239,240]
1856.40625 [0,1,2,3,4,5,6,7,8,9] [239,240]
1855.0440000000006 [0,1,2,3,4,5,6,7,8,9] [235]
1853.5075056689348 [0,1,2,3,4,5,6,7,8,9] [223,224,225,226,227,228,229]
1852.824197530865 [0,1,2,3,4,5,6,7,9] [257,258,259]
1852.321 [0,1,2,3,4,5,6,7,8,9] [250,251,252]
1848.580140625 [0,1,2,3,4,5,6,7,8,9] [248,249,250,251,252,253,254,255]
1846.134444444444 [0,1,2,3,4,5,6,7,9] [254,255]
1844.7024999999999 [0,1,2,3,4,5,6,7,9] [238,239]
1844.1640000000002 [0,1,2,3,4,5,6,7,8,9] [224,225,226,227,228,229,230]
1842.8062499999992 [0,1,2,3,4,5,6,7,8,9] [242,243]
1841.5541777777782 [0,1,2,3,4,5,6,7,8,9] [225,226,227,228,229]
1841.486328125 [0,1,2,3,4,5,6,7] [246,247,248,249]
1836.9795999999997 [0,1,2,3,4,5,6,7,9] [255,256,257,258,259]
1834.6702500000004 [0,1,2,3,4,5,6,7,8,9] [245,246]
1827.9039999999998 [0,1,2,3,4,5,6,7,8,9] [234,235,236]
1824.1203600000001 [0,1,2,3,4,5,6,7,8,9] [249,250,251,252,253]
1824.08 [0,1,2,3,4,5,6,7,9] [241,242,243]
1821.9600400000006 [0,1,2,3,4,5,6,7,8,9] [234,235,236,237,238,239,240,241,242,243]
1820.4444444444443 [0,1,2,3,4,5,6,7,9] [262]
1819.4155918367342 [0,1,2,3,4,5,6,7,8,9] [237,238,239,240,241,242,243]
1816.7670156249992 [0,1,2,3,4,5,6,7,8,9] [234,235,236,237,238,239,240,241]
1815.3071111111108 [0,1,2,3,4,5,6,7,8,9] [213,214,215]
1815.178795918367 [0,1,2,3,4,5,6,7,8,9] [225,226,227,228,229,230,231]
1814.76 [0,1,2,3,4,5,6,7,9] [238]
1814.2866975308646 [0,1,2,3,4,5,6,7,9] [254,255,256,257,258,259]
1813.511111111111 [0,1,2,3,4,5,6,7,8,9] [225,226,227,228,229,230]
1813.3402777777778 [0,1,2,3,4,5,6,7,9] [255,256]
1812.7256406250006 [0,1,2,3,4,5,6,7,8,9] [236,237,238,239,240,241,242,243]
1812.485224489796 [0,1,2,3,4,5,6,7,8,9] [249,250,251,252,253,254,255]
1810.3702499999995 [0,1,2,3,4,5,6,7,8,9] [235,236]
1810.1780408163263 [0,1,2,3,4,5,6,7,8,9] [235,236,237,238,239,240,241]
1810.1011600000006 [0,1,2,3,4,5,6,7,8,9] [237,238,239,240,241]
1809.9217777777776 [0,1,2,3,4,5,6,7,8,9] [234,235,236,237,238,239,240,241,242]
1809.0844444444447 [0,1,2,3,4,5,6,7,9] [266,267]
1809.025 [0,1,2,3,4,5,6,7,8,9] [202]
1808.3077377777777 [0,1,2,3,4,5,6,7,8,9] [214,215,216,217,218,219,220,221,222,223,224,225,226,227,228]
1807.41136 [0,1,2,3,4,5,6,7,8,9] [214,215,216,217,218]
1806.7563281249998 [0,1,2,3,4,5,6,7,9] [241,242,243,244]
1806.25 [0,1,2,3,4,5,6,7,9] [255,256,257,258]
1804.5028124999997 [0,1,2,3,4,5,6,7] [246,247]
1804.3616049382717 [0,1,2,3,4,5,6,7,9] [255,256,257]
1803.6489999999994 [0,1,2,3,4,5,6,7,8,9] [213,214,215,216]
1803.313265625 [0,1,2,3,4,5,6,7,8,9] [235,236,237,238,239,240,241,242]
1803.0012500000007 [0,1,2,3,4,5,6,7] [267]
1802.7537777777773 [0,1,2,3,4,5,6,7,8,9] [236,237,238,239,240,241]
1802.2507031249997 [0,1,2,3,4,5,6,7,9] [240,241,242,243]
