[Score] [Station index] [Time slots] 
420.25 [0,1,2,3,4,5,6,7,8] [209]
394.3839999999999 [0,1,2,3,4,5,6,7,8,9] [204]
393.129 [0,1,2,3,4,5,6,7,8,9] [202]
388.0900000000001 [1,2,3,4,5,6,7,8,9] [192]
381.30625 [0,1,2,3,4,5,6,7,8,9] [195,196]
380.68899999999996 [0,1,2,3,4,5,6,7,8,9] [201,202]
376.99600000000004 [0,1,2,3,4,5,6,7,8,9] [209,210]
375.15625 [0,1,2,3,4,5,6,7,8,9] [192,193]
375.0677777777777 [0,1,2,3,4,5,6,7,8,9] [199]
372.49 [0,1,2,3,4,5,6,7,9] [187]
371.7950625000001 [0,1,2,3,4,5,6,7,8,9] [195,196,197,198]
370.39396 [0,1,2,3,4,5,6,7,8,9] [195,196,197,198,199]
368.44899999999996 [0,1,2,3,4,5,6,7,8,9] [201]
368.1022244897959 [0,1,2,3,4,5,6,7,8,9] [192,193,194,195,196,197,198]
367.690640625 [0,1,2,3,4,5,6,7,8,9] [192,193,194,195,196,197,198,199]
366.63025000000005 [0,1,2,3,4,5,6,7,8,9] [193,194,195,196]
365.2993600000001 [0,1,2,3,4,5,6,7,8,9] [194,195,196,197,198]
365.2187777777779 [0,1,2,3,4,5,6,7,8,9] [194,195,196,197,198,199]
365.2187777777778 [0,1,2,3,4,5,6,7,8,9] [193,194,195,196,197,198]
365.1612244897959 [0,1,2,3,4,5,6,7,8,9] [193,194,195,196,197,198,199]
364.816 [0,1,2,3,4,5,6,7,8,9] [195,196,197]
364.0111111111111 [0,1,2,3,4,5,6,7,8,9] [192,193,194,195,196,197]
363.2071111111112 [0,1,2,3,4,5,6,7,8,9] [192,193,194]
360.9005624999999 [0,1,2,3,4,5,6,7,8,9] [201,202,203,204]
360.4001111111112 [0,1,2,3,4,5,6,7,8,9] [209,210,211]
360.4001111111111 [0,1,2,3,4,5,6,7,8,9] [193,194,195]
360.1090991735538 [0,1,2,3,4,5,6,7,8,9] [192,193,194,195,196,197,198,199,200,201,202]
359.76004 [0,1,2,3,4,5,6,7,8,9] [193,194,195,196,197]
359.12 [2,3,4,5,6,7,8,9] [198]
359.11999999999995 [2,3,4,5,6,7,8,9] [196]
358.9507656249999 [0,1,2,3,4,5,6,7,8,9] [195,196,197,198,199,200,201,202]
358.5015625 [0,1,2,3,4,5,6,7,8,9] [194,195,196,197]
358.40177777777774 [0,1,2,3,4,5,6,7,8,9] [202,203,204]
357.6039999999999 [0,1,2,3,4,5,6,7,8,9] [193,194,195,196,197,198,199,200,201,202]
357.2360946745563 [0,1,2,3,4,5,6,7,8,9] [192,193,194,195,196,197,198,199,200,201,202,203,204]
356.88675999999987 [0,1,2,3,4,5,6,7,8,9] [192,193,194,195,196,197,198,199,200,201]
356.8071111111111 [0,1,2,3,4,5,6,7,8,9] [194,195,196,197,198,199,200,201,202]
356.409 [0,1,2,3,4,5,6,7,8,9] [210]
355.6134444444443 [0,1,2,3,4,5,6,7,8,9] [192,193,194,195,196,197,198,199,200]
355.4544400000001 [0,1,2,3,4,5,6,7,8,9] [195,196,197,198,199,200,201,202,203,204]
355.45444 [0,1,2,3,4,5,6,7,8,9] [198,199,200,201,202]
355.3650156249999 [0,1,2,3,4,5,6,7,8,9] [191,192,193,194,195,196,197,198]
354.9180625 [0,1,2,3,4,5,6,7,8,9] [193,194,195,196,197,198,199,200,201,202,203,204]
354.2233611111111 [0,1,2,3,4,5,6,7,8,9] [192,193,194,195,196,197,198,199,200,201,202,203]
354.19502040816315 [0,1,2,3,4,5,6,7,8,9] [195,196,197,198,199,200,201]
354.025 [0,1,2,3,4,5,6,7,8,9] [194,195,196,197,198,199,200,201,202,203,204]
353.7606049382716 [0,1,2,3,4,5,6,7,8,9] [193,194,195,196,197,198,199,200,201]
353.100049382716 [0,1,2,3,4,5,6,7,8,9] [196,197,198,199,200,201,202,203,204]
353.03402777777774 [0,1,2,3,4,5,6,7,8,9] [191,192,193,194,195,196]
352.39064062499995 [0,1,2,3,4,5,6,7,8,9] [194,195,196,197,198,199,200,201]
352.34117361111123 [0,1,2,3,4,5,6,7,8,9] [191,192,193,194,195,196,197,198,199,200,201,202]
352.2422500000001 [0,1,2,3,4,5,6,7,8,9] [193,194]
351.94556249999994 [0,1,2,3,4,5,6,7,8,9] [193,194,195,196,197,198,199,200]
351.8466944444445 [0,1,2,3,4,5,6,7,8,9] [195,196,197,198,199,200]
351.649 [0,1,2,3,4,5,6,7,8,9] [197,198,199,200,201,202]
351.47959183673476 [0,1,2,3,4,5,6,7,8,9] [198,199,200,201,202,203,204]
351.4333966942149 [0,1,2,3,4,5,6,7,8,9] [193,194,195,196,197,198,199,200,201,202,203]
351.2537777777778 [0,1,2,3,4,5,6,7,8,9] [195,196,197,198,199,200,201,202,203]
350.80236734693875 [0,1,2,3,4,5,6,7,8,9] [191,192,193,194,195,196,197,198,199,200,201,202,203,204]
350.46399999999994 [0,1,2,3,4,5,6,7,8,9] [196,197,198,199,200,201]
350.38507111111113 [0,1,2,3,4,5,6,7,8,9] [192,193,194,195,196,197,198,199,200,201,202,203,204,205,206]
350.12579591836743 [0,1,2,3,4,5,6,7,8,9] [194,195,196,197,198,199,200]
350.1088899999999 [0,1,2,3,4,5,6,7,8,9] [194,195,196,197,198,199,200,201,202,203]
350.06944444444446 [0,1,2,3,4,5,6,7,8,9] [201,202,203]
349.95675510204074 [0,1,2,3,4,5,6,7,8,9] [192,193,194,195,196,197,198,199,200,201,202,203,204,205]
349.1332656249999 [0,1,2,3,4,5,6,7,8,9] [197,198,199,200,201,202,203,204]
348.74393388429763 [0,1,2,3,4,5,6,7,8,9] [191,192,193,194,195,196,197,198,199,200,201]
348.1 [0,1,2,3,4,5,6,7,8,9] [192,193,194,195,196,197,198,199,200,201,202,203,204,205,206,207]
347.9314489795919 [0,1,2,3,4,5,6,7,8,9] [193,194,195,196,197,198,199,200,201,202,203,204,205,206]
347.55559763313624 [0,1,2,3,4,5,6,7,8,9] [191,192,193,194,195,196,197,198,199,200,201,202,203]
347.2835562130178 [0,1,2,3,4,5,6,7,8,9] [193,194,195,196,197,198,199,200,201,202,203,204,205]
347.2155625 [0,1,2,3,4,5,6,7,8,9] [195,196,197,198,199,200,201,202,203,204,205,206]
347.16125000000005 [2,3,4,5,6,7,8,9] [195]
346.80321 [0,1,2,3,4,5,6,7,8,9] [191,192,193,194,195,196,197,198,199,200]
346.68544 [0,1,2,3,4,5,6,7,8,9] [191,192,193,194,195]
346.64920710059164 [0,1,2,3,4,5,6,7,8,9] [194,195,196,197,198,199,200,201,202,203,204,205,206]
346.38575206611574 [0,1,2,3,4,5,6,7,8,9] [195,196,197,198,199,200,201,202,203,204,205]
346.3632243767313 [0,1,2,3,4,5,6,7,8,9] [192,193,194,195,196,197,198,199,200,201,202,203,204,205,206,207,208,209,210]
346.33224999999993 [0,1,2,3,4,5,6,7,8,9] [199,200,201,202]
345.8420069444445 [0,1,2,3,4,5,6,7,8,9] [194,195,196,197,198,199,200,201,202,203,204,205]
345.80933641975304 [0,1,2,3,4,5,6,7,8,9] [192,193,194,195,196,197,198,199,200,201,202,203,204,205,206,207,208,209]
345.6656044444445 [0,1,2,3,4,5,6,7,8,9] [193,194,195,196,197,198,199,200,201,202,203,204,205,206,207]
345.45006250000006 [0,1,2,3,4,5,6,7,8,9] [192,193,194,195,196,197,198,199,200,201,202,203,204,205,206,207,208,209,210,211]
345.2296914062499 [0,1,2,3,4,5,6,7,8,9] [191,192,193,194,195,196,197,198,199,200,201,202,203,204,205,206]
344.76469444444444 [0,1,2,3,4,5,6,7,8,9] [199,200,201,202,203,204]
344.6593136094675 [0,1,2,3,4,5,6,7,8,9] [195,196,197,198,199,200,201,202,203,204,205,206,207]
344.5690000000001 [0,1,2,3,4,5,6,7,8,9] [196,197,198,199,200,201,202,203,204,205,206]
344.56899999999996 [0,1,2,3,4,5,6,7,8,9] [198,199,200,201,202,203]
344.4907377777779 [0,1,2,3,4,5,6,7,8,9] [191,192,193,194,195,196,197,198,199,200,201,202,203,204,205]
344.3174744897959 [0,1,2,3,4,5,6,7,8,9] [194,195,196,197,198,199,200,201,202,203,204,205,206,207]
344.2429660493828 [0,1,2,3,4,5,6,7,8,9] [193,194,195,196,197,198,199,200,201,202,203,204,205,206,207,208,209,210]
343.63044 [0,1,2,3,4,5,6,7,8,9] [197,198,199,200,201]
343.5338961937717 [0,1,2,3,4,5,6,7,8,9] [193,194,195,196,197,198,199,200,201,202,203,204,205,206,207,208,209]
343.4844444444443 [0,1,2,3,4,5,6,7,8,9] [226]
343.3960000000001 [0,1,2,3,4,5,6,7,8,9] [193,194,195,196,197,198,199,200,201,202,203,204,205,206,207,208,209,210,211]
343.396 [0,1,2,3,4,5,6,7,8,9] [191,192,193,194,195,196,197,198,199,200,201,202,203,204,205,206,207]
343.27881 [0,1,2,3,4,5,6,7,8,9] [190,191,192,193,194,195,196,197,198,199]
343.249515625 [0,1,2,3,4,5,6,7,8,9] [195,196,197,198,199,200,201,202,203,204,205,206,207,208,209,210]
343.05138062283737 [0,1,2,3,4,5,6,7,8,9] [194,195,196,197,198,199,200,201,202,203,204,205,206,207,208,209,210]
342.8938979591836 [0,1,2,3,4,5,6,7,8,9] [197,198,199,200,201,202,203]
