[Score] [Station index] [Time slots] 
1229.6711111111113 [0,1,2,3,4,5,6,7,8] [42]
1216.8469444444443 [0,1,2,3,4,5,6,7,8] [41,42]
1212.78125 [0,1,2,3,4,5,7,8] [41]
1204.0900000000001 [0,1,2,3,4,5,6,7,8] [40,41,42]
1194.3828125 [0,1,2,3,4,5,7,8] [40,41]
1192.4639999999997 [0,1,2,3,4,5,6,7,8,9] [250]
1178.7777777777774 [0,1,2,3,4,5,6,7,8] [40]
1177.225 [0,1,2,3,4,5,6,7,8,9] [229]
1166.4 [0,1,2,3,4,5,6,7,8,9] [208]
1151.471111111111 [0,1,2,3,4,5,6,7,8] [40,41,42,43]
1151.329 [0,1,2,3,4,5,6,7,8,9] [189]
1150.3402777777778 [0,1,2,3,4,5,6,7,8] [39,40,41,42]
1140.624 [0,1,2,3,4,5,6,7,8,9] [207,208]
1138.489 [0,1,2,3,4,5,6,7,8,9] [208,209]
1130.6777777777777 [0,1,2,3,4,5,6,7,8,9] [207,208,209]
1126.7822499999997 [0,1,2,3,4,5,6,7,8,9] [215,216]
1124.66025 [0,1,2,3,4,5,6,7,8,9] [214,215]
1124.4844444444439 [0,1,2,3,4,5,6,7,8] [39,40,41]
1123.6 [0,1,2,3,4,5,6,7,8,9] [223]
1119.5716000000002 [0,1,2,3,4,5,6,7,8] [39,40,41,42,43]
1119.364 [0,1,2,3,4,5,6,7,8,9] [211]
1115.1360000000002 [0,1,2,3,4,5,6,7,8,9] [202]
1115.136 [0,1,2,3,4,5,6,7,8,9] [207]
1110.9160000000002 [0,1,2,3,4,5,6,7,8,9] [228,229]
1108.8090000000002 [0,1,2,3,4,5,6,7,8,9] [214,215,216]
1108.2825624999998 [0,1,2,3,4,5,6,7,8,9] [206,207,208,209]
1107.75625 [0,1,2,3,4,5,6,7,8,9] [189,190]
1107.4054444444441 [0,1,2,3,4,5,6,7,8,9] [206,207,208]
1103.200111111111 [0,1,2,3,4,5,6,7,8,9] [234,235,236]
1102.5 [0,1,2,3,4,5,6,7,8,9] [249,250]
1097.4657599999996 [0,1,2,3,4,5,6,7,8,9] [207,208,209,210,211]
1096.907111111111 [0,1,2,3,4,5,6,7,8,9] [204,205,206,207,208,209]
1094.95296 [0,1,2,3,4,5,6,7,8,9] [205,206,207,208,209]
1094.1159999999998 [0,1,2,3,4,5,6,7,8,9] [215,216,217]
1093.0702499999995 [0,1,2,3,4,5,6,7,8,9] [208,209,210,211]
1092.0250000000003 [0,1,2,3,4,5,6,7,8,9] [207,208,209,210]
1092.025 [0,1,2,3,4,5,6,7,8,9] [222,223]
1091.2011111111112 [0,1,2,3,4,5,6,7,9] [196]
1090.9802499999998 [0,1,2,3,4,5,6,7,8,9] [205,206,207,208]
1088.8922500000003 [0,1,2,3,4,5,6,7,8,9] [214,215,216,217]
1088.1966944444441 [0,1,2,3,4,5,6,7,8,9] [206,207,208,209,210,211]
1086.4587777777779 [0,1,2,3,4,5,6,7,8,9] [207,208,209,210,211,212]
1085.7024999999999 [0,1,2,3,4,5,6,7,8] [39,40]
1084.7222500000003 [0,1,2,3,4,5,6,7,8,9] [204,205,206,207,208,209,210,211]
1084.3751111111112 [0,1,2,3,4,5,6,7,8,9] [208,209,210]
1082.0160400000002 [0,1,2,3,4,5,6,7,8,9] [206,207,208,209,210]
1081.6 [0,1,2,3,4,5,6,7,8,9] [205,206,207,208,209,210,211]
1081.3136111111112 [0,1,2,3,4,5,6,7,9] [196,197]
1080.7681599999996 [0,1,2,3,4,5,6,7,8,9] [208,209,210,211,212]
1080.2177777777777 [0,1,2,3,4,5,6,7,9] [190]
1080.1147959183675 [0,1,2,3,4,5,6,7,8,9] [206,207,208,209,210,211,212]
1079.8178775510207 [0,1,2,3,4,5,6,7,8,9] [204,205,206,207,208,209,210]
1078.8284444444446 [0,1,2,3,4,5,6,7,8,9] [204,205,206,207,208,209,210,211,212]
1078.4822499999998 [0,1,2,3,4,5,6,7,8,9] [202,203,204,205,206,207,208,209]
1077.4440000000006 [0,1,2,3,4,5,6,7,8,9] [216]
1077.4440000000002 [0,1,2,3,4,5,6,7,8,9] [200]
1077.4439999999997 [0,1,2,3,4,5,6,7,8,9] [197]
1076.40625 [0,1,2,3,4,5,6,7,8,9] [204,205,206,207]
1075.8875624999998 [0,1,2,3,4,5,6,7,8,9] [234,235,236,237]
1075.78384 [0,1,2,3,4,5,6,7,8,9] [207,208,209,210,211,212,213,214,215,216]
1075.599456790124 [0,1,2,3,4,5,6,7,8,9] [207,208,209,210,211,212,213,214,215]
1075.3690000000004 [0,1,2,3,4,5,6,7,8,9] [205,206,207,208,209,210,211,212]
1075.3690000000001 [0,1,2,3,4,5,6,7,8,9] [211,212]
1074.3322500000002 [0,1,2,3,4,5,6,7,8,9] [204,205]
1073.8880816326532 [0,1,2,3,4,5,6,7,8,9] [202,203,204,205,206,207,208]
1073.296 [0,1,2,3,4,5,6,7,8,9] [203,204,205,206,207,208,209]
1073.2959999999996 [0,1,2,3,4,5,6,7,8,9] [214]
1072.9772544378698 [0,1,2,3,4,5,6,7,8,9] [204,205,206,207,208,209,210,211,212,213,214,215,216]
1072.7309834710745 [0,1,2,3,4,5,6,7,8,9] [206,207,208,209,210,211,212,213,214,215,216]
1072.6054444444444 [0,1,2,3,4,5,6,7,8,9] [204,205,206,207,208,209,210,211,212,213,214,215]
1072.46736 [0,1,2,3,4,5,6,7,8,9] [202,203,204,205,206,207,208,209,210,211]
1072.2602500000003 [0,1,2,3,4,5,6,7,8,9] [206,207,208,209,210,211,212,213,214,215]
1071.6013966942148 [0,1,2,3,4,5,6,7,8,9] [207,208,209,210,211,212,213,214,215,216,217]
1071.4550123456788 [0,1,2,3,4,5,6,7,8,9] [208,209,210,211,212,213,214,215,216]
1071.225 [0,1,2,3,4,5,6,7,8,9] [197,198]
1070.7075625000002 [0,1,2,3,4,5,6,7,8,9] [208,209,210,211,212,213,214,215]
1070.5351111111108 [0,1,2,3,4,5,6,7,8,9] [189,190,191]
1070.1902499999999 [0,1,2,3,4,5,6,7,8,9] [205,206,207,208,209,210,211,212,213,214,215,216]
1069.98336 [0,1,2,3,4,5,6,7,8,9] [214,215,216,217,218]
1069.894698979592 [0,1,2,3,4,5,6,7,8,9] [204,205,206,207,208,209,210,211,212,213,214,215,216,217]
1069.532033057851 [0,1,2,3,4,5,6,7,8,9] [205,206,207,208,209,210,211,212,213,214,215]
1069.1560000000002 [0,1,2,3,4,5,6,7,8,9] [215,216,217,218]
1069.1559999999997 [0,1,2,3,4,5,6,7,8,9] [221,222,223]
1068.94921 [0,1,2,3,4,5,6,7,8,9] [200,201,202,203,204,205,206,207,208,209]
1068.7800330578514 [0,1,2,3,4,5,6,7,8,9] [202,203,204,205,206,207,208,209,210,211,212]
1068.0074197530864 [0,1,2,3,4,5,6,7,8,9] [201,202,203,204,205,206,207,208,209]
1067.7777777777774 [0,1,2,3,4,5,6,7,8,9] [214,215,216,217,218,219]
1067.3185679012345 [0,1,2,3,4,5,6,7,8,9] [202,203,204,205,206,207,208,209,210]
1067.2956100000001 [0,1,2,3,4,5,6,7,8,9] [208,209,210,211,212,213,214,215,216,217]
1067.089 [0,1,2,3,4,5,6,7,8,9] [205,206,207,208,209,210,211,212,213,214,215,216,217]
1066.6758400000003 [0,1,2,3,4,5,6,7,8,9] [215,216,217,218,219]
1066.4004444444445 [0,1,2,3,4,5,6,7,8,9] [202,203,204,205,206,207,208,209,210,211,212,213,214,215,216]
1065.613795918367 [0,1,2,3,4,5,6,7,8,9] [202,203,204,205,206,207,208,209,210,211,212,213,214,215]
1065.5400624999997 [0,1,2,3,4,5,6,7,8,9] [200,201,202,203,204,205,206,207,208,209,210,211]
1065.1960069444447 [0,1,2,3,4,5,6,7,8,9] [207,208,209,210,211,212,213,214,215,216,217,218]
1065.024 [0,1,2,3,4,5,6,7,8,9] [250,251]
1064.886404444445 [0,1,2,3,4,5,6,7,8,9] [204,205,206,207,208,209,210,211,212,213,214,215,216,217,218]
1064.54774556213 [0,1,2,3,4,5,6,7,8,9] [207,208,209,210,211,212,213,214,215,216,217,218,219]
1064.4611652892565 [0,1,2,3,4,5,6,7,8,9] [201,202,203,204,205,206,207,208,209,210,211]
1064.37909765625 [0,1,2,3,4,5,6,7,8,9] [204,205,206,207,208,209,210,211,212,213,214,215,216,217,218,219]
