[Score] [Station index] [Time slots] 
505.62 [0,1,2,3,4,6,7,8,9] [232]
505.5210000000001 [0,1,2,3,4,5,6,7,8,9] [262]
496.1249999999999 [0,1,2,3,4,6,7,8] [252]
488.2812500000001 [0,1,2,3,4,6,7,8,9] [238]
484.4159999999999 [0,1,2,3,4,5,6,7,8,9] [265]
481.6360000000001 [0,1,2,3,4,5,6,7,8,9] [254]
475.24000000000007 [0,1,2,3,4,5,6,7,9] [265,266]
466.6512499999999 [0,1,2,3,4,6,7,9] [259]
465.12111111111113 [0,1,2,3,4,5,6,7,9] [268]
464.64197530864203 [0,1,2,3,4,6,7,8,9] [252,253,254]
463.6844444444445 [0,1,2,3,4,6,7,8,9] [246]
462.25 [0,1,2,3,4,5,6,7,9] [266]
462.2499999999998 [0,1,2,3,4,6,7,8,9] [252,253]
460.56125000000003 [0,1,2,3,4,6,7,8,9] [231,232]
459.0449999999999 [0,1,2,3,4,6,7,8,9] [225]
458.316736111111 [0,1,2,3,4,5,6,7,9] [265,266,267,268]
456.5344444444444 [0,1,2,3,4,6,7,8,9] [226]
456.30024999999995 [0,1,2,3,4,5,6,7,8,9] [261,262]
456.05975308641973 [0,1,2,3,4,5,6,7,9] [265,266,267]
455.8225000000001 [0,1,2,3,4,6,7,8,9] [225,226]
454.51124999999996 [0,1,2,3,4,6,7,8] [251,252]
454.2760000000001 [0,1,2,3,4,5,6,7,8,9] [253,254]
452.27111111111117 [0,1,2,3,4,6,7,8,9] [251,252,253,254]
451.7986419753086 [0,1,2,3,4,5,6,7,9] [264,265,266]
451.42084444444447 [0,1,2,3,4,5,6,7,9] [265,266,267,268,269]
450.91224999999986 [0,1,2,3,4,5,6,7,8,9] [262,263]
450.8544444444445 [0,1,2,3,4,5,6,7,8,9] [232,233]
450.2410000000001 [0,1,2,3,4,5,6,7,8,9] [221]
449.25031249999995 [0,1,2,3,4,6,7,8,9] [237,238]
448.49827160493834 [0,1,2,3,4,5,6,7,9] [266,267,268]
447.7456 [0,1,2,3,4,5,6,7,9] [264,265,266,267,268]
446.61777777777786 [0,1,2,3,4,6,7,8,9] [251,252,253]
446.61777777777775 [0,1,2,3,4,5,6,7,9] [264,265]
444.7653125000001 [0,1,2,3,4,6,7,8,9] [238,239]
444.647511111111 [0,1,2,3,4,5,6,7,9] [262,263,264,265,266]
444.50694444444446 [0,1,2,3,4,5,6,7,9] [268,269]
444.2222500000001 [0,1,2,3,4,5,6,7,8,9] [262,263,264,265]
443.80444444444447 [0,1,2,3,4,5,6,7,9] [262,263,264,265,266,267,268]
443.80444444444424 [0,1,2,3,4,5,6,7,9] [264,265,266,267,268,269]
443.4534027777779 [0,1,2,3,4,5,6,7,9] [264,265,266,267]
442.4011111111112 [0,1,2,3,4,6,7,8,9] [244]
442.40111111111105 [0,1,2,3,4,5,6,7,9] [266,267,268,269]
441.70027777777784 [0,1,2,3,4,5,6,7,9] [267,268]
441.7002777777777 [0,1,2,3,4,5,6,7,9] [261,262,263,264,265,266,267,268]
441.70027777777767 [0,1,2,3,4,5,6,7,9] [261,262,263,264,265,266]
441.3500694444445 [0,1,2,3,4,5,6,7,9] [262,263,264,265,266,267,268,269]
440.7666975308642 [0,1,2,3,4,5,6,7,9] [265,266,267,268,269,270]
440.3002777777777 [0,1,2,3,4,5,6,7,9] [266,267]
440.30027777777764 [0,1,2,3,4,5,6,7,9] [262,263,264,265,266,267]
439.75643347050755 [0,1,2,3,4,5,6,7,9] [261,262,263,264,265,266,267,268,269]
439.56899999999996 [0,1,2,3,4,5,6,7,8,9] [207]
439.2517361111111 [0,1,2,3,4,6,7,8,9] [252,253,254,255]
438.4038321995465 [0,1,2,3,4,5,6,7,9] [261,262,263,264,265,266,267]
438.2044444444446 [0,1,2,3,4,6,7,8,9] [231]
437.18543999999986 [0,1,2,3,4,5,6,7,8,9] [261,262,263,264,265]
436.9210000000001 [0,1,2,3,4,5,6,7,8,9] [261,262,263]
436.57780864197525 [0,1,2,3,4,5,6,7,9] [263,264,265,266,267,268]
436.53137777777766 [0,1,2,3,4,5,6,7,9] [259,260,261,262,263,264,265,266,267,268]
436.46173611111107 [0,1,2,3,4,5,6,7,9] [259,260,261,262]
435.8816049382715 [0,1,2,3,4,5,6,7,9] [267,268,269]
435.81532879818604 [0,1,2,3,4,5,6,7,9] [264,265,266,267,268,269,270]
435.5723593964335 [0,1,2,3,4,5,6,7,9] [260,261,262,263,264,265,266,267,268]
435.4177777777779 [0,1,2,3,4,5,6,7,9] [262,263,264,265,266,267,268,269,270]
435.4177777777777 [0,1,2,3,4,5,6,7,9] [259,260,261,262,263,264,265,266,267,268,269]
435.24390625000007 [0,1,2,3,4,5,6,7,9] [259,260,261,262,263,264,265,266]
434.82179138322005 [0,1,2,3,4,5,6,7,9] [263,264,265,266,267,268,269]
434.5835111111112 [0,1,2,3,4,5,6,7,9] [261,262,263,264,265,266,267,268,269,270]
434.44454444444443 [0,1,2,3,4,5,6,7,9] [260,261,262,263,264,265,266,267,268,269]
434.1422222222223 [0,1,2,3,4,6,7,8,9] [231,232,233]
434.02777777777766 [0,1,2,3,4,5,6,7,9] [263,264,265,266]
433.82938775510206 [0,1,2,3,4,5,6,7,9] [260,261,262,263,264,265,266]
433.65125 [0,1,2,3,4,6,7,8,9] [237,238,239]
433.56493827160494 [0,1,2,3,4,5,6,7,9] [260,261,262]
433.4107133058986 [0,1,2,3,4,5,6,7,9] [259,260,261,262,263,264,265,266,267]
433.16055555555545 [0,1,2,3,4,6,7,8,9] [236,237,238]
432.64 [0,1,2,3,4,6,7,8,9] [253]
432.3627111111111 [0,1,2,3,4,6,7,8,9] [252,253,254,255,256]
431.94694444444457 [0,1,2,3,4,5,6,7,9] [260,261,262,263,264,265,266,267]
431.5313777777778 [0,1,2,3,4,5,6,7,9] [266,267,268,269,270]
431.48521604938264 [0,1,2,3,4,5,6,7,9] [259,260,261,262,263,264,265,266,267,268,269,270]
431.45224489795925 [0,1,2,3,4,5,6,7,9] [259,260,261,262,263,264,265]
431.2544444444446 [0,1,2,3,4,6,7,8,9] [252,253,254,255,256,257]
431.2111111111111 [0,1,2,3,4,5,6,7,8,9] [262,263,264]
430.9776 [0,1,2,3,4,5,6,7,9] [263,264,265,266,267]
430.26612244897956 [0,1,2,3,4,5,6,7,9] [265,266,267,268,269,270,271]
430.248163452709 [0,1,2,3,4,5,6,7,9] [260,261,262,263,264,265,266,267,268,269,270]
429.6407716049382 [0,1,2,3,4,6,7,8,9] [251,252,253,254,255,256]
429.18027777777786 [0,1,2,3,4,5,6,7,9] [260,261,262,263,264,265]
429.18027777777775 [0,1,2,3,4,6,7,8,9] [246,247]
429.08163265306126 [0,1,2,3,4,6,7,8,9] [251,252,253,254,255,256,257]
429.0076562500001 [0,1,2,3,4,5,6,7,9] [263,264,265,266,267,268,269,270]
428.628011111111 [0,1,2,3,4,5,6,7,9] [262,263,264,265,266,267,268,269,270,271]
428.49 [0,1,2,3,4,5,6,7,9] [261,262,263,264,265,266,267,268,269,270,271]
428.2140444444444 [0,1,2,3,4,6,7,8,9] [250,251,252,253,254]
427.8629568411386 [0,1,2,3,4,5,6,7,9] [258,259,260,261,262,263,264,265,266,267,268]
427.5704938271605 [0,1,2,3,4,5,6,7,9] [258,259,260,261,262,263,264,265,266,267,268,269]
427.2833506944445 [0,1,2,3,4,5,6,7,9] [264,265,266,267,268,269,270,271]
427.1111111111111 [0,1,2,3,4,5,6,7,9] [261]
426.58136094674563 [0,1,2,3,4,5,6,7,9] [259,260,261,262,263,264,265,266,267,268,269,270,271]
426.40899999999976 [0,1,2,3,4,5,6,7,8,9] [236]
