[Score] [Station index] [Time slots] 
2226.0639999999994 [0,1,2,3,4,5,6,7,8,9] [232]
2214.1440000000002 [0,1,2,3,4,5,6,7,8,9] [228]
2194.84225 [0,1,2,3,4,5,6,7,8,9] [232,233]
2178.5760000000005 [0,1,2,3,4,5,6,7,8,9] [219]
2168.25625 [0,1,2,3,4,5,6,7,8,9] [227,228]
2163.841 [0,1,2,3,4,5,6,7,8,9] [233]
2160.899999999999 [0,1,2,3,4,5,6,7,8,9] [231,232,233]
2159.4302500000003 [0,1,2,3,4,5,6,7,8,9] [231,232]
2144.7602500000003 [0,1,2,3,4,5,6,7,8,9] [219,220]
2128.681 [0,1,2,3,4,5,6,7,8,9] [235]
2128.6809999999996 [0,1,2,3,4,5,6,7,8,9] [210]
2125.764 [0,1,2,3,4,5,6,7,8,9] [222]
2122.8489999999997 [0,1,2,3,4,5,6,7,8,9] [227]
2120.9067777777773 [0,1,2,3,4,5,6,7,8,9] [226,227,228]
2117.7525624999994 [0,1,2,3,4,5,6,7,8,9] [232,233,234,235]
2114.116 [0,1,2,3,4,5,6,7,8,9] [232,233,234]
2112.9529599999996 [0,1,2,3,4,5,6,7,8,9] [231,232,233,234,235]
2111.2090000000003 [0,1,2,3,4,5,6,7,8,9] [220]
2109.75625 [0,1,2,3,4,5,6,7,8,9] [225,226,227,228]
2109.030062500001 [0,1,2,3,4,5,6,7,8,9] [231,232,233,234]
2105.400999999999 [0,1,2,3,4,5,6,7,8,9] [230,231,232,233]
2093.8089999999997 [0,1,2,3,4,5,6,7,8,9] [231]
2086.098777777777 [0,1,2,3,4,5,6,7,8,9] [230,231,232]
2084.1734444444446 [0,1,2,3,4,5,6,7,8,9] [230,231,232,233,234,235]
2082.2490000000003 [0,1,2,3,4,5,6,7,8,9] [233,234,235]
2076.4810000000007 [0,1,2,3,4,5,6,7,8,9] [225]
2075.5204444444444 [0,1,2,3,4,5,6,7,8,9] [225,226,227]
2075.32836 [0,1,2,3,4,5,6,7,8,9] [230,231,232,233,234]
2075.0402500000005 [0,1,2,3,4,5,6,7,8,9] [231,232,233,234,235,236]
2071.2966399999996 [0,1,2,3,4,5,6,7,8,9] [232,233,234,235,236]
2067.844 [0,1,2,3,4,5,6,7,8,9] [203]
2065.790224489796 [0,1,2,3,4,5,6,7,8,9] [227,228,229,230,231,232,233]
2062.734271604938 [0,1,2,3,4,5,6,7,8,9] [225,226,227,228,229,230,231,232,233]
2062.096 [0,1,2,3,4,5,6,7,8,9] [205]
2061.019140625 [0,1,2,3,4,5,6,7,8,9] [226,227,228,229,230,231,232,233]
2060.50075308642 [0,1,2,3,4,5,6,7,8,9] [227,228,229,230,231,232,233,234,235]
2059.225 [0,1,2,3,4,5,6,7,8,9] [233,234]
2058.964099173554 [0,1,2,3,4,5,6,7,8,9] [225,226,227,228,229,230,231,232,233,234,235]
2057.216490000001 [0,1,2,3,4,5,6,7,8,9] [226,227,228,229,230,231,232,233,234,235]
2056.3560000000007 [0,1,2,3,4,5,6,7,8,9] [208]
2056.356 [0,1,2,3,4,5,6,7,8,9] [228,229,230,231,232,233]
2055.9463061224496 [0,1,2,3,4,5,6,7,8,9] [230,231,232,233,234,235,236]
2053.0795918367344 [0,1,2,3,4,5,6,7,8,9] [231,232,233,234,235,236,237]
2052.7725625000003 [0,1,2,3,4,5,6,7,8,9] [228,229,230,231,232,233,234,235]
2052.05625 [0,1,2,3,4,5,6,7,8,9] [227,228,229,230,231,232,233,234]
2050.266015625 [0,1,2,3,4,5,6,7,8,9] [225,226,227,228,229,230,231,232]
2049.6694444444447 [0,1,2,3,4,5,6,7,8,9] [227,228,229,230,231,232]
2049.351308641976 [0,1,2,3,4,5,6,7,8,9] [226,227,228,229,230,231,232,233,234]
2047.7609999999997 [0,1,2,3,4,5,6,7,8,9] [224,225,226,227,228]
2046.5346122448977 [0,1,2,3,4,5,6,7,8,9] [226,227,228,229,230,231,232]
2046.3302500000002 [0,1,2,3,4,5,6,7,8,9] [232,233,234,235,236,237]
2044.9 [0,1,2,3,4,5,6,7,8,9] [202,203]
2044.6616736111114 [0,1,2,3,4,5,6,7,8,9] [225,226,227,228,229,230,231,232,233,234,235,236]
2043.18436 [0,1,2,3,4,5,6,7,8,9] [227,228,229,230,231,232,233,234,235,236]
2042.041 [0,1,2,3,4,5,6,7,8,9] [228,229,230,231,232,233,234]
2042.0409999999993 [0,1,2,3,4,5,6,7,8,9] [234,235]
2041.781190082645 [0,1,2,3,4,5,6,7,8,9] [226,227,228,229,230,231,232,233,234,235,236]
2039.1840000000004 [0,1,2,3,4,5,6,7,8,9] [230,231,232,233,234,235,236,237]
2039.1839999999997 [0,1,2,3,4,5,6,7,8,9] [194,195]
2037.5183402777773 [0,1,2,3,4,5,6,7,8,9] [224,225,226,227,228,229,230,231,232,233,234,235]
2036.6144100000001 [0,1,2,3,4,5,6,7,8,9] [224,225,226,227,228,229,230,231,232,233]
2035.2314556213012 [0,1,2,3,4,5,6,7,8,9] [225,226,227,228,229,230,231,232,233,234,235,236,237]
2035.1875600000008 [0,1,2,3,4,5,6,7,8,9] [228,229,230,231,232]
2034.4267777777775 [0,1,2,3,4,5,6,7,8,9] [228,229,230,231,232,233,234,235,236]
2034.1890625 [0,1,2,3,4,5,6,7,8,9] [219,220,221,222]
2033.4760000000006 [0,1,2,3,4,5,6,7,8,9] [233,234,235,236]
2032.1798429752066 [0,1,2,3,4,5,6,7,8,9] [227,228,229,230,231,232,233,234,235,236,237]
2031.8126736111117 [0,1,2,3,4,5,6,7,8,9] [226,227,228,229,230,231,232,233,234,235,236,237]
2031.004444444444 [0,1,2,3,4,5,6,7,8,9] [226]
2030.2178775510197 [0,1,2,3,4,5,6,7,8,9] [229,230,231,232,233,234,235]
2029.3297520661158 [0,1,2,3,4,5,6,7,8,9] [224,225,226,227,228,229,230,231,232,233,234]
2028.9153599999997 [0,1,2,3,4,5,6,7,8,9] [225,226,227,228,229]
2026.8267777777771 [0,1,2,3,4,5,6,7,8,9] [208,209,210]
2026.0237633136094 [0,1,2,3,4,5,6,7,8,9] [224,225,226,227,228,229,230,231,232,233,234,235,236]
2025.7422244897957 [0,1,2,3,4,5,6,7,8,9] [225,226,227,228,229,230,231]
2025.4982400000004 [0,1,2,3,4,5,6,7,8,9] [229,230,231,232,233]
2024.9290000000005 [0,1,2,3,4,5,6,7,8,9] [215]
2023.2217600000004 [0,1,2,3,4,5,6,7,8,9] [228,229,230,231,232,233,234,235,236,237]
2022.7160493827164 [0,1,2,3,4,5,6,7,8,9] [224,225,226,227,228,229,230,231,232]
2022.0840000000003 [0,1,2,3,4,5,6,7,8,9] [202]
2020.1884444444445 [0,1,2,3,4,5,6,7,8,9] [218,219,220]
2018.6320459183673 [0,1,2,3,4,5,6,7,8,9] [224,225,226,227,228,229,230,231,232,233,234,235,236,237]
2017.8202500000002 [0,1,2,3,4,5,6,7,8,9] [230,231]
2017.6173265306122 [0,1,2,3,4,5,6,7,8,9] [222,223,224,225,226,227,228,229,230,231,232,233,234,235]
2017.3467777777787 [0,1,2,3,4,5,6,7,8,9] [226,227,228,229,230,231]
2017.1100624999992 [0,1,2,3,4,5,6,7,8,9] [226,227,228,229]
2016.4 [0,1,2,3,4,5,6,7,8,9] [202,203,204,205]
2015.2641600000002 [0,1,2,3,4,5,6,7,8,9] [227,228,229,230,231]
2015.2307577854667 [0,1,2,3,4,5,6,7,8,9] [219,220,221,222,223,224,225,226,227,228,229,230,231,232,233,234,235]
2014.5071111111113 [0,1,2,3,4,5,6,7,8,9] [225,226,227,228,229,230]
2014.5071111111106 [0,1,2,3,4,5,6,7,8,9] [203,204,205]
2014.0340277777773 [0,1,2,3,4,5,6,7,8,9] [229,230,231,232,233,234]
2013.5610000000001 [0,1,2,3,4,5,6,7,8,9] [222,223,224,225,226,227,228,229,230,231,232,233]
2012.7502244897958 [0,1,2,3,4,5,6,7,8,9] [225,226,227,228,229,230,231,232,233,234,235,236,237,238]
2012.4968906249997 [0,1,2,3,4,5,6,7,8,9] [229,230,231,232,233,234,235,236]
2012.142249999999 [0,1,2,3,4,5,6,7,8,9] [209,210]
2011.6694444444438 [0,1,2,3,4,5,6,7,8,9] [219,220,221,222,223,224,225,226,227,228,229,230,231,232,233]
2011.4330624999996 [0,1,2,3,4,5,6,7,8,9] [231,232,233,234,235,236,237,238]
2011.2912399999998 [0,1,2,3,4,5,6,7,8,9] [233,234,235,236,237]
2010.7240000000013 [0,1,2,3,4,5,6,7,8,9] [194]
