[Score] [Station index] [Time slots] 
576.3012500000001 [0,1,2,3,4,5,6,7,8] [43]
563.3605555555557 [0,1,2,3,4,5,6,7,8] [43,44,45]
556.9453125 [0,1,2,3,4,5,6,7,8] [44,45]
556.11125 [0,1,2,3,4,5,6,7,8] [43,44,45,46]
556.1112499999998 [0,1,2,3,4,5,6,7,8] [43,44]
550.6844444444446 [0,1,2,3,4,5,6,7,8,9] [45]
549.4612500000002 [0,1,2,3,4,5,6,7,8] [44,45,46]
544.5 [0,1] [66]
543.6669444444445 [0,1,2,3,4,5,6,7,8,9] [29,30]
541.6959999999999 [0,1,2,3,4,5,6,7,8,9] [241]
541.5340499999999 [0,1,2,3,4,5,6,7,8] [43,44,45,46,47]
541.2050000000002 [0,1] [77]
536.6944444444445 [0,1,2,3,4,5,6,7,8,9] [29]
536.28125 [0,1,2,3,4,5,6,7,8] [44]
535.8719531249999 [0,1,2,3,4,5,6,7,8] [42,43,44,45]
535.6264500000001 [0,1,2,3,4,5,6,7,8] [42,43,44,45,46]
531.4409999999999 [0,1,2,3,4,5,6,7,8,9] [241,242]
527.0422222222223 [0,1,2,3,4,5,6,7,8] [42,43,44,45,46,47]
526.7025000000001 [0,1,2,3,4,5,6,7,8,9] [45,46]
526.3380000000001 [0,1,2,3,5,6,7] [61]
526.2308680555554 [0,1,2,3,4,5,6,7,8] [43,44,45,46,47,48]
524.919012345679 [0,1,2,3,4,5,6,7,8,9] [28,29,30]
522.9917013888889 [0,1,2,3,4,5,6,7,8] [41,42,43,44,45,46]
522.8928571428571 [1,2,3,4,6,7,8] [242]
522.1834722222221 [0,1,2,3,4,5,6,7,8] [42,43,44]
520.953086734694 [0,1,2,3,4,5,6,7,8] [43,44,45,46,47,48,49]
520.67645 [0,1,2,3,4,5,6,7,8] [41,42,43,44,45]
519.3404081632652 [0,1,2,3,4,5,6,7,8] [40,41,42,43,44,45,46]
517.5004081632653 [0,1,2,3,4,5,6,7,8] [41,42,43,44,45,46,47]
516.81125 [0,1,2,3,4,5,6,7,8] [40,41,42,43,44,45]
516.1225510204081 [0,1,2,3,4,5,6,7,8] [42,43,44,45,46,47,48]
516.0469444444448 [0,1,2,3,4,6,7,8,9] [240,241]
515.205 [0,1,2,3,4,5,6,7,8] [42,43]
515.00439453125 [0,1,2,3,4,5,6,7,8] [40,41,42,43,44,45,46,47]
514.6033007812501 [0,1,2,3,4,5,6,7,8] [43,44,45,46,47,48,49,50]
512.8003124999999 [0,1,2,3,4,5,6,7,8] [42,43,44,45,46,47,48,49]
512.2677777777778 [0,1,2,3,4,5,6,7,8,9] [28,29]
511.225 [0,1,2,3,4,5,6,7,8,9] [240,241,242]
510.4012500000001 [0,1,2,3,4,5,6,7,8] [39,40,41,42,43,44,45,46]
509.2038281249998 [0,1,2,3,4,5,6,7,8] [41,42,43,44,45,46,47,48]
508.80499999999995 [0,1,2,3,4,6,7,8] [242,243]
508.4506172839505 [0,1,2,3,4,5,6,7,8] [38,39,40,41,42,43,44,45,46]
508.0963580246913 [0,1,2,3,4,5,6,7,8] [42,43,44,45,46,47,48,49,50]
507.91927469135794 [0,1,2,3,4,5,6,7,8] [40,41,42,43,44,45,46,47,48]
507.56520061728395 [0,1,2,3,4,5,6,7,8] [39,40,41,42,43,44,45,46,47]
507.03432098765444 [0,1,2,3,4,5,6,7,8] [41,42,43,44,45,46,47,48,49]
506.98377551020405 [0,1,2,3,4,5,6,7,8] [39,40,41,42,43,44,45]
506.8132031250002 [0,1,2,3,4,5,6,7,8] [41,42,43,44]
506.25 [0,1,2,3,4,5,6,7,8,9] [45,46,47]
506.0971124999999 [0,1,2,3,4,5,6,7,8] [40,41,42,43,44,45,46,47,48,49]
506.01800000000014 [0,1,2,3,5,6,7] [64]
505.30204999999995 [0,1,2,3,4,5,6,7,8] [37,38,39,40,41,42,43,44,45,46]
505.22257812500004 [0,1,2,3,4,5,6,7,8] [38,39,40,41,42,43,44,45]
505.0125 [0,1,2,3,5,6,7] [61,62]
504.98420000000016 [0,1,2,3,4,5,6,7,8] [40,41,42,43,44]
503.45414256198353 [0,1,2,3,4,5,6,7,8] [37,38,39,40,41,42,43,44,45,46,47]
503.39645 [0,1,2,3,4,5,6,7,8] [41,42,43,44,45,46,47,48,49,50]
503.25444444444463 [0,1,2,3,4,5,6,7,8,9] [46]
502.8773657024794 [0,1,2,3,4,5,6,7,8] [40,41,42,43,44,45,46,47,48,49,50]
502.1334027777779 [0,1,2,3,4,5,6,7,8,9] [27,28,29,30]
502.0928395061729 [0,1,2,3,4,5,6,7,8] [37,38,39,40,41,42,43,44,45]
501.9696125 [0,1,2,3,4,5,6,7,8] [39,40,41,42,43,44,45,46,47,48]
501.580826446281 [0,1,2,3,4,5,6,7,8] [36,37,38,39,40,41,42,43,44,45,46]
501.14901859504124 [0,1,2,3,4,5,6,7,8] [38,39,40,41,42,43,44,45,46,47,48]
501.01361111111095 [0,1,2,3,4,5,6,7,8,9] [44,45,46,47]
500.86124999999987 [0,1,2,3,4,5,6,7,8] [39,40,41,42,43,44,45,46,47,48,49]
500.202092013889 [0,1,2,3,4,5,6,7,8] [36,37,38,39,40,41,42,43,44,45,46,47]
500.2020920138888 [0,1,2,3,4,5,6,7,8] [38,39,40,41,42,43,44,45,46,47,48,49]
499.14834201388896 [0,1,2,3,4,5,6,7,8] [37,38,39,40,41,42,43,44,45,46,47,48]
498.42959319526625 [0,1,2,3,4,5,6,7,8] [37,38,39,40,41,42,43,44,45,46,47,48,49]
498.3587586805555 [0,1,2,3,4,5,6,7,8] [39,40,41,42,43,44,45,46,47,48,49,50]
498.33244999999977 [0,1,2,3,4,5,6,7,8] [36,37,38,39,40,41,42,43,44,45]
497.943971893491 [0,1,2,3,4,5,6,7,8] [38,39,40,41,42,43,44,45,46,47,48,49,50]
497.70125 [0,1,2,3,4,5,6,7,8] [40]
497.30695312499995 [0,1,2,3,4,5,6,7,8] [40,41,42,43]
497.2857142857144 [1,2,3,4,6,7,8] [241,242,243]
497.1755555555555 [0,1,2,3,4,5,6,7,8] [41,42,43]
496.78146701388897 [0,1,2,3,4,5,6,7,8] [40,41,42,43,44,45,46,47,48,49,50,51]
496.6978925619834 [0,1,2,3,4,5,6,7,8] [41,42,43,44,45,46,47,48,49,50,51]
496.48852810650897 [0,1,2,3,4,5,6,7,8] [36,37,38,39,40,41,42,43,44,45,46,47,48]
496.4625573979592 [0,1,2,3,4,5,6,7,8] [37,38,39,40,41,42,43,44,45,46,47,48,49,50]
496.125 [0,1] [69]
496.012506377551 [0,1,2,3,4,5,6,7,8] [36,37,38,39,40,41,42,43,44,45,46,47,48,49]
495.60013888888903 [0,1,2,3,4,5,6,7,8] [39,40,41,42,43,44]
495.2254081632653 [0,1,2,3,4,5,6,7,8] [38,39,40,41,42,43,44]
494.5605625 [0,1,2,3,4,5,6,7,8,9] [240,241,242,243]
494.3416055555556 [0,1,2,3,4,5,6,7,8] [36,37,38,39,40,41,42,43,44,45,46,47,48,49,50]
494.20899999999995 [0,1,2,3,4,5,6,7,8,9] [239,240,241,242]
493.6343836805556 [0,1,2,3,4,5,6,7,8] [35,36,37,38,39,40,41,42,43,44,45,46]
493.1007766272189 [0,1,2,3,4,5,6,7,8] [39,40,41,42,43,44,45,46,47,48,49,50,51]
493.09214923469375 [0,1,2,3,4,5,6,7,8] [38,39,40,41,42,43,44,45,46,47,48,49,50,51]
492.9800000000001 [0,1,2,3,4,5,6,7,8] [37,38,39,40,41,42,43,44]
492.97999999999996 [0,1,2,3,4,5,6,7,8] [35,36,37,38,39,40,41,42,43,44,45,46,47]
492.14917387543244 [0,1,2,3,4,5,6,7,8] [30,31,32,33,34,35,36,37,38,39,40,41,42,43,44,45,46]
492.13497781065087 [0,1,2,3,4,5,6,7,8] [40,41,42,43,44,45,46,47,48,49,50,51,52]
492.03845 [0,1,2,3,4,5,6,7,8] [37,38,39,40,41,42,43,44,45,46,47,48,49,50,51]
491.7596450617285 [0,1,2,3,4,5,6,7,8] [30,31,32,33,34,35,36,37,38,39,40,41,42,43,44,45,46,47]
490.33418457031263 [0,1,2,3,4,5,6,7,8] [36,37,38,39,40,41,42,43,44,45,46,47,48,49,50,51]
490.0685969387756 [0,1,2,3,4,5,6,7,8] [35,36,37,38,39,40,41,42,43,44,45,46,47,48]
490.0536888888889 [0,1,2,3,4,5,6,7,8] [35,36,37,38,39,40,41,42,43,44,45,46,47,48,49]
