[Score] [Station index] [Time slots] 
260.8224999999999 [0,1,2,3,4,5,6,7,8,9] [247,248]
259.2514285714286 [0,1,2,3,4,5,6] [248]
259.21000000000004 [0,1,2,3,4,5,6,7,8] [239]
257.64500000000004 [0,1,2,3,4,6,7,8,9] [259]
247.22285714285718 [0,1,2,3,4,5,6] [256]
245.76 [0,1,2,3,4,6] [245]
243.10124999999994 [0,1,2,3,4,5,7,8] [216]
243.04900000000004 [0,1,2,3,4,5,6,7,8,9] [238,239]
242.55031249999996 [0,1,2,3,4,6,7,8,9] [258,259]
240.90124999999998 [0,1,2,3,4,5,7,8,9] [198]
240.25000000000006 [0,1,2,3,4,6,7,8,9] [238]
239.56160493827167 [0,1,2,3,4,5,6,7,8,9] [247,248,249]
238.70250000000007 [0,1,2,3,4,5,6,7,8,9] [256,257]
236.19599999999997 [0,1,2,3,4,5,6,7,8,9] [211]
234.25600000000003 [0,1,2,3,4,5,6,7,8,9] [228]
233.74321428571434 [0,1,2,3,4,5,6] [248,249]
233.32562500000006 [0,1,2,3,4,5,6,7,8,9] [256,257,258,259]
231.88166666666675 [0,1,2,3,4,6] [244,245]
231.88166666666663 [0,1,2,3,4,6] [247]
230.02777777777783 [0,1,2,3,4,5,6,7,8,9] [256,257,258]
228.98962962962958 [0,1,2,3,4,6] [243,244,245]
228.6816049382716 [0,1,2,3,4,5,6,7,8,9] [257,258,259]
228.0099999999999 [0,1,2,3,4,5,6,7,8] [255,256]
227.91124999999997 [0,1,2,3,4,6,7,8,9] [258]
227.52900000000005 [0,1,2,3,4,5,6,7,8,9] [231]
227.14508928571428 [0,1,2,3,4,5,6] [245,246,247,248]
226.67063492063477 [0,1,2,3,4,5,6] [246,247,248]
226.10024999999996 [0,1,2,3,4,5,6,7,8,9] [234,235]
225.5002777777778 [0,1,2,3,4,5,6,7,8,9] [243,244,245,246,247,248]
225.33345679012345 [0,1,2,3,4,5,6,7,8] [254,255,256]
225.1557142857143 [0,1,2,3,4,5,6] [257]
224.00111111111107 [0,1,2,3,4,5,6,7,8,9] [256,257,258,259,260]
223.72899999999996 [0,1,2,3,4,5,6,7,8,9] [211,212]
223.57051428571438 [0,1,2,3,4,5,6] [245,246,247,248,249]
223.2599999999999 [0,1,2,3,4,6] [243]
223.2534027777778 [0,1,2,3,4,5,6,7,8,9] [247,248,249,250]
223.09877777777774 [0,1,2,3,4,5,6,7,8,9] [237,238,239]
222.78400000000002 [0,1,2,3,4,5,6,7,8,9] [215,216,217]
222.60500000000002 [0,1,2,3,4,6,7,9] [233]
222.3289285714286 [0,1,2,3,4,5,6] [246,247,248,249]
222.21796 [0,1,2,3,4,5,6,7,8,9] [255,256,257,258,259]
221.9022222222222 [0,1,2,3,4,6,7,9] [231,232,233]
221.7984 [0,1,2,3,4,6] [243,244,245,246,247]
221.7262811791383 [0,1,2,3,4,5,6,7,8,9] [243,244,245,246,247,248,249]
221.51361111111112 [0,1,2,3,4,5,6,7,8,9] [257,258]
221.09080000000003 [0,1,2,3,4,5,6] [244,245,246,247,248]
220.82666666666674 [0,1,2,3,4,6] [243,244]
220.7433611111111 [0,1,2,3,4,5,6,7,8,9] [254,255,256,257,258,259]
220.68753086419758 [0,1,2,3,4,5,6,7,8,9] [256,257,258,259,260,261]
220.5867777777777 [0,1,2,3,4,5,6,7,8,9] [238,239,240]
220.02777777777777 [0,1,2,3,4,5,6,7,8] [254]
219.31260416666666 [0,1,2,3,4,6] [243,244,245,246]
219.14682539682536 [0,1,2,3,4,5,6] [244,245,246,247,248,249]
218.77396825396823 [0,1,2,3,4,5,6] [255,256,257]
218.7121111111111 [0,1,2,3,4,5,6,7,8,9] [233,234,235]
218.40666666666672 [0,1,2,3,4,6] [244]
218.40499999999997 [0,1,2,3,4,6,7,8,9] [252,253,254,255,256,257,258,259]
218.30062500000003 [0,1,2,3,4,5,6,7,8,9] [257,258,259,260]
218.00462962962968 [0,1,2,3,4,6] [244,245,246]
217.82222448979593 [0,1,2,3,4,5,6,7,8,9] [253,254,255,256,257,258,259]
216.92306250000001 [0,1,2,3,4,5,6,7,8,9] [255,256,257,258]
216.91444444444446 [0,1,2,3,4,5,6] [245,246,247]
216.84031249999998 [0,1,2,3,4,6,7,8,9] [242,243,244,245]
216.82562500000006 [0,1,2,3,4,5,6,7,8] [253,254,255,256]
216.38002777777783 [0,1,2,3,4,5,6,7,8,9] [255,256,257,258,259,260]
216.225 [0,1,2,3,4,5,6,7,8,9] [254,255,256,257,258]
216.11205000000007 [0,1,2,3,4,6,7,8,9] [241,242,243,244,245]
216.09000000000003 [0,1,2,3,4,5,6,7,8,9] [255,256,257,258,259,260,261]
216.08999999999986 [0,1,2,3,4,5,6,7,8,9] [242,243,244,245,246,247,248]
216.03904000000003 [0,1,2,3,4,5,6,7,8,9] [235,236,237,238,239]
215.9675173611111 [0,1,2,3,4,5,6,7,8,9] [243,244,245,246,247,248,249,250]
215.95936734693873 [0,1,2,3,4,5,6,7,8,9] [254,255,256,257,258,259,260]
215.80031249999996 [0,1,2,3,4,6,7,9] [232,233]
215.76025000000004 [0,1,2,3,4,5,6,7,8,9] [239,240]
215.60027777777782 [0,1,2,3,4,5,6,7,8] [254,255]
215.52806249999998 [0,1,2,3,4,5,6,7,8,9] [238,239,240,241]
215.50239999999994 [0,1,2,3,4,5,6,7,8,9] [257,258,259,260,261]
215.45069444444442 [0,1,2,3,4,5,6,7,8,9] [234,235,236,237,238,239]
215.29600000000005 [0,1,2,3,4,5,6,7,8,9] [231,232,233,234,235]
215.296 [0,1,2,3,4,5,6,7,8,9] [259,260]
215.1111111111112 [0,1,2,3,4,5,6,7,8,9] [256,257,258,259,260,261,262]
215.11111111111111 [0,1,2,3,4,5,6,7,8,9] [241,242,243,244,245,246,247,248]
215.05075617283956 [0,1,2,3,4,6,7,8,9] [251,252,253,254,255,256,257,258,259]
214.55424 [0,1,2,3,4,5,6,7,8,9] [253,254,255,256,257]
214.4597530864197 [0,1,2,3,4,5,6,7,8,9] [258,259,260]
214.36899999999997 [0,1,2,3,4,5,6,7,8,9] [195]
214.1400396825397 [0,1,2,3,4,5,6] [245,246,247,248,249,250]
214.03804999999994 [0,1,2,3,4,6,7,8] [252,253,254,255,256]
214.02189062499988 [0,1,2,3,4,5,6,7,8,9] [253,254,255,256,257,258,259,260]
213.84018367346943 [0,1,2,3,4,5,6,7,8,9] [233,234,235,236,237,238,239]
213.7687673611111 [0,1,2,3,4,5,6,7,8,9] [256,257,258,259,260,261,262,263]
213.74439999999998 [0,1,2,3,4,5,6,7,8,9] [247,248,249,250,251]
213.7165532879819 [0,1,2,3,4,5,6,7,8,9] [245,246,247,248,249,250,251]
213.67937499999996 [0,1,2,3,4,5,6] [254,255,256,257]
213.59802777777782 [0,1,2,3,4,5,6,7,8,9] [253,254,255,256,257,258]
213.58686983471074 [0,1,2,3,4,6,7,8,9] [237,238,239,240,241,242,243,244,245,246,247]
213.3763511659808 [0,1,2,3,4,5,6,7,8,9] [241,242,243,244,245,246,247,248,249]
213.3010420604914 [0,1,2,3,4,6,7,8,9] [237,238,239,240,241,242,243,244,245,246,247,248,249,250,251,252,253,254,255,256,257,258,259]
213.21124999999998 [0,1,2,3,4,6,7,8,9] [238,239,240,241,242,243,244,245]
213.13611111111123 [0,1,2,3,4,5,6,7,8,9] [230,231,232,233,234,235]
