[Score] [Station index] [Time slots] 
890.4199999999998 [0,1,2,3,4,5,7,8,9] [234]
863.2012499999998 [0,1,2,3,4,5,7,8,9] [233,234]
860.4444444444445 [0,1,2,3,4,5,6,7,9] [204]
855.822857142857 [0,1,2,3,5,7,9] [251]
855.4320000000001 [0,1,2,3,5,7,9] [235]
841.0 [0,1,2,3,4,6,7,8,9] [233]
837.225 [0,1,2,3,4,5,6,7,8,9] [203,204]
816.6666666666664 [0,1,2,3,4,6] [230]
816.0834374999998 [0,1,2,3,5,7,8,9] [240,241,242,243,244,245,246,247]
809.4024999999999 [0,1,2,3] [244]
806.0716255144031 [0,1,2,3,5,7,8,9] [240,241,242,243,244,245,246,247,248]
805.814074074074 [0,1,2,3,5,7,8,9] [241,242,243]
805.0416666666666 [0,1,2,3,5,7,8,9] [242]
803.7225000000001 [0,1,2,3] [262]
799.9999999999998 [0,1,2,3,5,6,7,9] [251,252]
795.2399999999998 [0,1,2,3,5,7,9] [238]
789.416378600823 [0,1,2,3,5,7,8,9] [241,242,243,244,245,246,247,248,249]
786.2579999999999 [0,1,2,3,5,7,8,9] [246]
783.7519999999998 [0,1,2,3,5,7,9] [241]
774.2306250000001 [0,1,2,3,5,7,8] [246,247]
767.6474074074076 [0,1,2,3,5,7,8,9] [242,243,244,245,246,247,248,249,250]
766.3220000000001 [0,1,2,3,5,7,9] [241,242]
764.5225000000002 [0,1,2,3,4,6,7,9] [217]
762.987160493827 [0,1,2,3,4,5,6,7,9] [204,205,206]
761.7600000000002 [0,1,2,3,4,5,6,7,9] [204,205]
761.7600000000001 [0,1,2,3] [247]
758.6410000000004 [0,1,2,3,4,5,6,7,8,9] [207,208]
754.6612500000001 [0,1,2,3,5,6,7,9] [208]
753.5024999999999 [0,1,2,3,4,5,6,7,9] [204,205,206,207]
751.6890000000003 [0,1,2,3,4,5,6,7,8,9] [204,205,206,207,208]
750.3125 [0,1,2,3,5,7,9] [240,241,242,243]
748.225 [0,1,2,3,4,5,6,7,8,9] [201]
747.2333680555557 [0,1,2,3,4,5,7,8,9] [224,225,226,227,228,229,230,231,232,233,234,235]
745.2900000000001 [0,1,2,3,4,5,6,7,9] [206,207]
745.0872260802471 [0,1,2,3,4,6,7,9] [226,227,228,229,230,231,232,233,234,235,236,237,238,239,240,241,242,243]
743.0440000000001 [0,1,2,3,4,5,6,7,8,9] [231]
742.5624999999998 [0,1,2,3,5,7] [262,263]
742.2577854671281 [0,1,2,3,4,6,7,9] [226,227,228,229,230,231,232,233,234,235,236,237,238,239,240,241,242]
742.1822500000004 [0,1,2,3,4,5,6,7,8,9] [208,209]
740.88439453125 [0,1,2,3,4,6,7,9] [227,228,229,230,231,232,233,234,235,236,237,238,239,240,241,242]
739.4415820312502 [0,1,2,3,4,6,7,9] [226,227,228,229,230,231,232,233,234,235,236,237,238,239,240,241]
738.7402500000001 [0,1,2,3,4,5,6,7,8,9] [204,205,206,207,208,209]
737.7920888888889 [0,1,2,3,4,6,7,9] [227,228,229,230,231,232,233,234,235,236,237,238,239,240,241]
736.5121999999998 [0,1,2,3,4,6,7,9] [228,229,230,231,232,233,234,235,236,237,238,239,240,241,242]
736.2177777777779 [0,1,2,3,4,6,7,8,9] [232]
734.3389388888891 [0,1,2,3,4,6,7,9] [226,227,228,229,230,231,232,233,234,235,236,237,238,239,240]
732.8979591836734 [0,1,2,3,4,6,7,9] [228,229,230,231,232,233,234,235,236,237,238,239,240,241]
732.2144451530611 [0,1,2,3,4,6,7,9] [227,228,229,230,231,232,233,234,235,236,237,238,239,240]
730.4551111111111 [0,1,2,3,4,5,6,7,8,9] [207,208,209]
730.0975781249997 [0,1,2,3,5,6,7,9] [203,204,205,206]
729.6320000000002 [0,1,2,3,5,7,9] [238,239,240,241,242,243,244,245,246,247,248]
728.2982914201184 [0,1,2,3,4,5,7,8,9] [223,224,225,226,227,228,229,230,231,232,233,234,235]
727.8579881656805 [0,1,2,3,4,6,7,9] [227,228,229,230,231,232,233,234,235,236,237,238,239]
727.0755555555555 [0,1,2,3,5,6,7,9] [203,204,205]
726.91653125 [0,1,2,3,5,7,8,9] [243,244,245,246,247,248,249,250]
726.5378772189351 [0,1,2,3,4,6,7,9] [228,229,230,231,232,233,234,235,236,237,238,239,240]
725.4044444444444 [0,1,2,3,4,5,6,7,9] [207]
725.2249000000002 [0,1,2,3] [243,244,245,246,247]
725.1701388888887 [0,1,2,3,5,6,7,9] [203,204,205,206,207,208]
724.7662809917351 [0,1,2,3,4,6,7,9] [228,229,230,231,232,233,234,235,236,237,238]
722.6334722222222 [0,1,2,3,5,6,7,9] [202,203,204]
722.4750781250001 [0,1,2,3,5,6,7,9] [201,202,203,204]
721.9189508928573 [0,1,2,3,4,6,7] [227,228,229,230,231,232,233,234]
721.3668055555556 [0,1,2,3,4,6,7,9] [228,229,230,231,232,233,234,235,236,237,238,239]
720.3457285714286 [0,1,2,3,4,6,7] [226,227,228,229,230,231,232,233,234,235]
720.0277777777778 [0,1,2,3,5,6,7,8,9] [201,202,203]
719.3424500000002 [0,1,2,3,5,6,7,9] [203,204,205,206,207]
717.3469444444444 [0,1,2,3] [243,244,245]
716.3112500000001 [0,1,2,3,5,6,7,9] [203,204,205,206,207,208,209]
716.23140625 [0,1,2,3] [243,244,245,246]
715.55445 [0,1,2,3,4,6,7,9] [229,230,231,232,233,234,235,236,237,238]
714.2256249999997 [0,1,2,3] [243,244]
714.0125 [0,1,2,3,5,7,9] [235,236,237,238,239,240,241,242,243,244,245,246,247,248]
712.8599999999998 [0,1,2,3,4,6,7,8,9] [228,229,230]
712.7028512396695 [0,1,2,3,4,6,7,9] [229,230,231,232,233,234,235,236,237,238,239]
711.116328125 [0,1,2,3,5,6,7,9] [201,202,203,204,205,206,207,208]
709.7028124999999 [0,1,2,3,5,6,7,9] [201,202,203,204,205,206]
709.5682653061222 [0,1,2,3,5,6,7,9] [202,203,204,205,206,207,208]
708.2907031249998 [0,1,2,3,5,6,7,9] [206,207,208,209]
708.022857142857 [0,1,2,3,4,5,6] [193]
707.8417777777779 [0,1,2,3,4,5,6,7,8,9] [199,200,201,202,203,204]
707.281 [0,1,2,3,4,5,6,7,8,9] [189]
707.25605 [0,1,2,3,5,6,7,9] [202,203,204,205,206]
705.8359413580245 [0,1,2,3,5,6,7,9] [201,202,203,204,205,206,207,208,209]
705.2504166666666 [0,1,2,3,4,6] [229,230]
705.0012500000001 [0,1,2,3,5,6,7,9] [201,202,203,204,205,206,207]
704.0177777777777 [0,1,2,3] [243,244,245,246,247,248]
703.8751999999998 [0,1,2,3,5,6,7,9] [201,202,203,204,205]
703.8283007812499 [0,1,2,3,5,6,7,9] [202,203,204,205,206,207,208,209]
703.6629704142013 [0,1,2,3,5,7,9] [236,237,238,239,240,241,242,243,244,245,246,247,248]
703.575625 [0,1,2,3] [234,235]
702.6739279778392 [0,1,2,3,5,7,9] [234,235,236,237,238,239,240,241,242,243,244,245,246,247,248,249,250,251,252]
702.1878124999998 [0,1,2,3,5,6,7,9] [202,203,204,205,206,207]
702.0045918367346 [0,1,2,3,4,5,6,7,8,9] [199,200,201,202,203,204,205]
701.1778595041321 [0,1,2,3,4,5,6,7,8,9] [198,199,200,201,202,203,204,205,206,207,208]
700.8767999999999 [0,1,2,3,5,6,7,9] [200,201,202,203,204]
700.419274691358 [0,1,2,3,5,6,7,9] [200,201,202,203,204,205,206,207,208]
699.847578125 [0,1,2,3,5,6,7,9] [205,206,207,208]
699.38 [0,1,2,3,5,6,7,9] [202,203,204,205]
699.3502222222222 [0,1,2,3,5,7,9] [235,236,237,238,239,240,241,242,243,244,245,246,247,248,249]
