[Score] [Station index] [Time slots] 
518.4 [0,1,2,3,4,5,6,7,8,9] [217]
508.36899999999997 [0,1,2,3,4,5,6,7,8,9] [220]
487.80166666666656 [0,1,2,3,5,6] [260]
478.1722500000001 [0,1,2,3,4,5,6,7,8,9] [219,220]
474.7210000000001 [0,1,2,3,4,5,6,7,8,9] [215]
471.96900000000005 [0,1,2,3,4,5,6,7,8,9] [220,221]
469.44444444444446 [0,1,2,3,4,5,6,7,8] [219]
468.17999999999995 [0,1,2,3,5,6,7,9] [238]
468.00111111111124 [0,1,2,3,5,6,7,8,9] [215,216,217]
467.85600000000005 [0,1,2,3,4,5,6,7,8,9] [217,218,219,220]
465.1211111111109 [0,1,2,3,4,5,6,7,9] [240]
464.21511111111124 [0,1,2,3,4,5,6,7,8,9] [219,220,221]
463.6012500000001 [0,1,2,3,5,6,7,9] [238,239,240]
463.6012499999999 [0,1,2,3,5,6,7,9] [237,238]
462.46007812500005 [0,1,2,3,5,6,7,9] [237,238,239,240]
461.58435999999995 [0,1,2,3,4,5,6,7,8,9] [217,218,219,220,221]
459.0449999999999 [0,1,2,3,5,6,7,9] [237]
457.83379999999994 [0,1,2,3,5,6,7,9] [237,238,239,240,241]
457.5312500000001 [0,1,2,3,5,6,7,9] [237,238,239]
456.7753124999999 [0,1,2,3,5,6,7,9] [238,239]
454.72544444444446 [0,1,2,3,4,5,6,7,8,9] [217,218,219]
451.8229629629629 [0,1,2,3,5,6] [239,240,241]
451.5625000000001 [0,1,2,3,5,6,7,8,9] [215,216]
448.0 [0,1,2,3,4,5,6] [240,241]
446.34374999999983 [0,1,2,3,5,6] [239,240]
445.51125 [0,1,2,3,5,6,7,9] [239]
445.0509375000001 [0,1,2,3,5,6] [238,239,240,241]
445.01388888888897 [0,1,2,3,5,6,7,9] [237,238,239,240,241,242]
443.7780277777779 [0,1,2,3,4,5,6,7,8,9] [217,218,219,220,221,222]
443.21285714285705 [0,1,2,3,4,5,6] [241]
442.2338000000001 [0,1,2,3,5,6,7,9] [238,239,240,241,242]
441.56025 [0,1,2,3,4,5,6,7,8,9] [228,229]
439.89843750000017 [0,1,2,3,5,6] [239,240,241,242]
438.43316326530623 [0,1,2,3,4,5,6,7,8,9] [217,218,219,220,221,222,223]
438.2044444444445 [0,1,2,3,4,5,6,7,8] [229]
437.8333680555555 [0,1,2,3,5,6,7,9] [236,237,238,239,240,241]
437.48819999999995 [0,1,2,3,5,6,7,9] [236,237,238,239,240]
436.92099999999994 [0,1,2,3,4,5,6,7,8,9] [219,220,221,222]
435.4177777777777 [0,1,2,3,4,6,7,8,9] [205]
432.96399999999994 [0,1,2,3,4,5,6,7,8,9] [220,221,222]
432.9153125 [0,1,2,3,5,6,7,8] [215,216,217,218]
432.6400000000001 [0,1,2,3,5,6,7,8,9] [207]
432.18000000000006 [0,1,2,3,5,6,7,9] [235,236,237,238,239,240,241]
430.9558680555556 [0,1,2,3,5,6,7,9] [235,236,237,238,239,240]
430.86096000000015 [0,1,2,3,4,5,6,7,8,9] [219,220,221,222,223]
429.8730867346937 [0,1,2,3,5,6,7,9] [236,237,238,239,240,241,242]
427.7812499999999 [0,1,2,3,5,6,7,9] [236,237,238,239]
427.6910204081632 [0,1,2,3,5,6] [237,238,239,240,241,242,243]
427.59845703124995 [0,1,2,3,5,6,7,9] [234,235,236,237,238,239,240,241]
426.42249999999996 [0,1,2,3,5,6,7] [228]
426.40899999999993 [0,1,2,3,4,5,6,7,8,9] [220,221,222,223]
425.955078125 [0,1,2,3,5,6,7,9] [235,236,237,238,239,240,241,242]
425.9029591836735 [0,1,2,3,5,6,7,9] [234,235,236,237,238,239,240]
425.4300625000001 [0,1,2,3,4,5,6,7,8,9] [217,218,219,220,221,222,223,224]
424.817901234568 [0,1,2,3,4,5,6,7,9] [240,241,242]
423.64004629629625 [0,1,2,3,5,6] [238,239,240,241,242,243]
423.444938271605 [0,1,2,3,5,6,7,8,9] [205,206,207]
423.40500000000014 [0,1,2,3,4,6,7,8,9] [205,206]
423.3600000000001 [0,1,2,3,5,6] [260,261]
423.2225308641975 [0,1,2,3,4,5,6,7,8,9] [217,218,219,220,221,222,223,224,225]
422.9877777777778 [0,1,2,3,4,5,6,7,8] [213]
422.5970524691358 [0,1,2,3,5,6,7,9] [234,235,236,237,238,239,240,241,242]
422.5 [0,1,2,3,4,5,6,7,8,9] [231]
422.43555555555554 [0,1,2,3,5,6,7,9] [233,234,235,236,237,238,239,240,241]
421.95125 [0,1,2,3,5,6,7,9] [235,236,237,238,239]
421.6816666666666 [0,1,2,3,5,6] [237,238,239,240,241,242,243,244]
420.9336111111111 [0,1,2,3,4,5,6,7,9] [259,260]
420.4375 [0,1,2,3,5,6,7] [217,218]
418.87033203124986 [0,1,2,3,5,6,7,9] [236,237,238,239,240,241,242,243]
418.61711249999996 [0,1,2,3,5,6,7,9] [232,233,234,235,236,237,238,239,240,241]
418.47245 [0,1,2,3,5,6,7,9] [233,234,235,236,237,238,239,240,241,242]
417.47364669421484 [0,1,2,3,5,6,7,9] [231,232,233,234,235,236,237,238,239,240,241]
417.3812585034014 [0,1,2,3,5,6] [238,239,240,241,242,243,244]
417.3432142857142 [0,1,2,3,4,5,6] [241,242]
417.1887999999998 [0,1,2,3,5,6,7] [216,217,218,219,220]
416.64222222222213 [0,1,2,3,5,6,7,9] [235,236,237,238,239,240,241,242,243]
416.15999999999997 [0,1,2,3,5,6,7,8,9] [206,207]
416.1112962962962 [0,1,2,3,5,6] [239,240,241,242,243,244]
415.7286124999998 [0,1,2,3,5,6,7,9] [235,236,237,238,239,240,241,242,243,244]
415.3748037190083 [0,1,2,3,5,6,7,9] [232,233,234,235,236,237,238,239,240,241,242]
415.2961999999999 [0,1,2,3,5,6,7,9] [231,232,233,234,235,236,237,238,239,240]
414.95069444444454 [0,1,2,3,4,5,6,7,8,9] [219,220,221,222,223,224]
414.8168724279836 [0,1,2,3,5,6] [237,238,239,240,241,242,243,244,245]
414.60000868055556 [0,1,2,3,5,6,7,9] [231,232,233,234,235,236,237,238,239,240,241,242]
414.57601249999993 [0,1,2,3,5,6,7,9] [234,235,236,237,238,239,240,241,242,243]
413.9349173553719 [0,1,2,3,5,6,7,9] [234,235,236,237,238,239,240,241,242,243,244]
413.6327346938776 [0,1,2,3,4,5,6,7,8,9] [219,220,221,222,223,224,225]
413.1785778061224 [0,1,2,3,5,6,7,9] [237,238,239,240,241,242,243,244,245,246,247,248,249,250]
413.10723214285724 [0,1,2,3,5,6,7] [216,217,218,219]
412.89804081632644 [0,1,2,3,4,5,6,7,8,9] [218,219,220,221,222,223,224]
412.4673015873016 [0,1,2,3,5,6,7] [248,249,250,251,252,253]
412.2364566115702 [0,1,2,3,5,6,7,9] [235,236,237,238,239,240,241,242,243,244,245]
412.003515625 [0,1,2,3,4,5,6,7,8,9] [218,219,220,221,222,223,224,225]
411.6826406249999 [0,1,2,3,4,5,6,7,8,9] [219,220,221,222,223,224,225,226]
411.58413223140485 [0,1,2,3,5,6,7,9] [233,234,235,236,237,238,239,240,241,242,243]
411.55805000000004 [0,1,2,3,5,6,7,9] [237,238,239,240,241,242,243,244,245,246,247,248,249,250,251]
411.2473003472222 [0,1,2,3,5,6,7,9] [233,234,235,236,237,238,239,240,241,242,243,244]
410.8888888888888 [0,1,2,3,5,6,7,9] [234,235,236,237,238,239,240,241,242,243,244,245]
410.82063775510204 [0,1,2,3,5,6,7,9] [228,229,230,231,232,233,234,235,236,237,238,239,240,241]
410.80580357142844 [0,1,2,3,4,5,6] [240,241,242,243]
