[Score] [Station index] [Time slots] 
644.809 [0,1,2,3,4,5,6,7,8,9] [244]
624.1 [0,1,2,3,4,5,6,7,8,9] [254]
623.3102500000001 [0,1,2,3,4,5,6,7,8,9] [233,234]
622.5209999999998 [0,1,2,3,4,5,6,7,8,9] [234]
617.796 [0,1,2,3,4,5,6,7,8,9] [253,254]
611.5239999999998 [0,1,2,3,4,5,6,7,8,9] [253]
594.9551111111111 [0,1,2,3,4,5,6,7,8,9] [252,253,254]
594.4409999999997 [0,1,2,3,4,5,6,7,8,9] [250]
580.6439999999999 [0,1,2,3,4,5,6,7,8,9] [252,253]
578.6137777777777 [0,1,2,3,4,5,6,7,8,9] [253,254,255]
578.3602500000002 [0,1,2,3,4,5,6,7,8,9] [249,250]
577.6 [0,1,2,3,4,5,6,7,8,9] [239]
576.0 [0,1,2,3,4,5,6,7,8,9] [237]
575.7774400000001 [0,1,2,3,4,5,6,7,8,9] [250,251,252,253,254]
573.553777777778 [0,1,2,3,4,5,6,7,8,9] [249,250,251,252,253,254]
571.5359999999998 [0,1,2,3,4,5,6,7,8,9] [252,253,254,255]
571.1580625 [0,1,2,3,4,5,6,7,8,9] [251,252,253,254]
569.617777777778 [0,1,2,3,4,5,6,7,8] [249]
567.0090000000002 [0,1,2,3,4,5,6,7,8,9] [248,249,250,251,252,253,254]
567.0089999999999 [0,1,2,3,4,5,6,7,8,9] [246,247,248,249,250,251,252,253,254]
566.4614958677688 [0,1,2,3,4,5,6,7,8,9] [244,245,246,247,248,249,250,251,252,253,254]
566.25625 [0,1,2,3,4,5,6,7,8,9] [247,248,249,250,251,252,253,254]
565.5039999999998 [0,1,2,3,4,5,6,7,8,9] [244,245,246,247]
564.1165443786982 [0,1,2,3,4,5,6,7,8,9] [242,243,244,245,246,247,248,249,250,251,252,253,254]
564.0010000000001 [0,1,2,3,4,5,6,7,8,9] [250,251,252,253]
563.7864489795917 [0,1,2,3,4,5,6,7,8,9] [244,245,246,247,248,249,250]
563.7006400000002 [0,1,2,3,4,5,6,7,8,9] [246,247,248,249,250]
563.7006399999999 [0,1,2,3,4,5,6,7,8,9] [249,250,251,252,253]
563.5004444444446 [0,1,2,3,4,5,6,7,8,9] [250,251,252,253,254,255]
563.5004444444444 [0,1,2,3,4,5,6,7,8,9] [243,244,245,246,247,248,249,250,251,252,253,254]
563.3574693877551 [0,1,2,3,4,5,6,7,8,9] [249,250,251,252,253,254,255]
562.5 [0,1,2,3,4,5,6,7,8,9] [254,255]
561.7502499999998 [0,1,2,3,4,5,6,7,8,9] [233,234,235,236]
561.5004444444445 [0,1,2,3,4,5,6,7,8,9] [248,249,250]
561.3755625 [0,1,2,3,4,5,6,7,8,9] [247,248,249,250]
561.1258402777779 [0,1,2,3,4,5,6,7,8,9] [244,245,246,247,248,249,250,251,252,253,254,255]
561.0010000000001 [0,1,2,3,4,5,6,7,8,9] [242,243,244,245,246,247,248,249,250]
560.8512099999998 [0,1,2,3,4,5,6,7,8,9] [244,245,246,247,248,249,250,251,252,253]
560.5516899999999 [0,1,2,3,4,5,6,7,8,9] [246,247,248,249,250,251,252,253,254,255]
560.4019600000003 [0,1,2,3,4,5,6,7,8,9] [233,234,235,236,237]
560.0651406250001 [0,1,2,3,4,5,6,7,8,9] [246,247,248,249,250,251,252,253]
559.7177346938777 [0,1,2,3,4,5,6,7,8,9] [242,243,244,245,246,247,248,249,250,251,252,253,254,255]
559.691015625 [0,1,2,3,4,5,6,7,8,9] [243,244,245,246,247,248,249,250]
559.2546944444445 [0,1,2,3,4,5,6,7,8,9] [242,243,244,245,246,247,248,249,250,251,252,253]
559.1716049382715 [0,1,2,3,4,5,6,7,8,9] [247,248,249,250,251,252,253,254,255]
558.9431406250001 [0,1,2,3,4,5,6,7,8,9] [248,249,250,251,252,253,254,255]
558.9057599999999 [0,1,2,3,4,5,6,7,8,9] [245,246,247,248,249,250,251,252,253,254]
558.81375147929 [0,1,2,3,4,5,6,7,8,9] [243,244,245,246,247,248,249,250,251,252,253,254,255]
558.7562500000001 [0,1,2,3,4,5,6,7,8,9] [244,245,246,247,248,249]
558.6067600000001 [0,1,2,3,4,5,6,7,8,9] [243,244,245,246,247]
558.2224489795917 [0,1,2,3,4,5,6,7,8,9] [247,248,249,250,251,252,253]
558.1448264462808 [0,1,2,3,4,5,6,7,8,9] [243,244,245,246,247,248,249,250,251,252,253]
558.009 [0,1,2,3,4,5,6,7,8,9] [244,245,246,247,248]
558.0089999999998 [0,1,2,3,4,5,6,7,8,9] [243,244,245,246]
557.7600277777781 [0,1,2,3,4,5,6,7,8,9] [248,249,250,251,252,253]
557.4115600000002 [0,1,2,3,4,5,6,7,8,9] [251,252,253,254,255]
556.8890625000001 [0,1,2,3,4,5,6,7,8,9] [242,243,244,245,246,247,248,249]
556.5159999999998 [0,1,2,3,4,5,6,7,8,9] [232,233,234,235,236,237]
556.1430625 [0,1,2,3,4,5,6,7,8,9] [246,247,248,249]
555.956640625 [0,1,2,3,4,5,6,7,8,9] [244,245,246,247,248,249,250,251]
555.663755102041 [0,1,2,3,4,5,6,7,8,9] [241,242,243,244,245,246,247,248,249,250,251,252,253,254]
555.5838906250001 [0,1,2,3,4,5,6,7,8,9] [239,240,241,242,243,244,245,246,247,248,249,250,251,252,253,254]
555.356160493827 [0,1,2,3,4,5,6,7,8,9] [244,245,246,247,248,249,250,251,252]
555.025 [0,1,2,3,4,5,6,7,8,9] [242,243,244,245,246,247,248,249,250,251]
554.812163265306 [0,1,2,3,4,5,6,7,8,9] [243,244,245,246,247,248,249]
554.6187107438018 [0,1,2,3,4,5,6,7,8,9] [242,243,244,245,246,247,248,249,250,251,252]
554.13136 [0,1,2,3,4,5,6,7,8,9] [240,241,242,243,244,245,246,247,248,249,250,251,252,253,254]
554.0321111111111 [0,1,2,3,4,5,6,7,8,9] [246,247,248]
554.0321111111109 [0,1,2,3,4,5,6,7,8,9] [251,252,253]
553.8065785123968 [0,1,2,3,4,5,6,7,8,9] [245,246,247,248,249,250,251,252,253,254,255]
553.5359999999998 [0,1,2,3,4,5,6,7,8,9] [243,244,245,246,247,248]
553.2880277777779 [0,1,2,3,4,5,6,7,8,9] [246,247,248,249,250,251]
553.2654876033057 [0,1,2,3,4,5,6,7,8,9] [233,234,235,236,237,238,239,240,241,242,243,244,245,246,247,248,249,250,251,252,253,254]
553.2053827160494 [0,1,2,3,4,5,6,7,8,9] [243,244,245,246,247,248,249,250,251]
553.0401111111107 [0,1,2,3,4,5,6,7,8,9] [243,244,245]
552.9409600000001 [0,1,2,3,4,5,6,7,8,9] [243,244,245,246,247,248,249,250,251,252]
552.9161736111112 [0,1,2,3,4,5,6,7,8,9] [231,232,233,234,235,236,237,238,239,240,241,242,243,244,245,246,247,248,249,250,251,252,253,254]
552.8984693877552 [0,1,2,3,4,5,6,7,8,9] [246,247,248,249,250,251,252]
552.5659905482041 [0,1,2,3,4,5,6,7,8,9] [232,233,234,235,236,237,238,239,240,241,242,243,244,245,246,247,248,249,250,251,252,253,254]
552.5444444444444 [0,1,2,3,4,5,6,7,8,9] [249,250,251]
552.4861453287197 [0,1,2,3,4,5,6,7,8,9] [239,240,241,242,243,244,245,246,247,248,249,250,251,252,253,254,255]
552.148071111111 [0,1,2,3,4,5,6,7,8,9] [241,242,243,244,245,246,247,248,249,250,251,252,253,254,255]
552.0490000000002 [0,1,2,3,4,5,6,7,8,9] [249,250,251,252]
551.8839012345682 [0,1,2,3,4,5,6,7,8,9] [245,246,247,248,249,250,251,252,253]
551.4123265306124 [0,1,2,3,4,5,6,7,8,9] [233,234,235,236,237,238,239]
551.3887530864198 [0,1,2,3,4,5,6,7,8,9] [237,238,239,240,241,242,243,244,245,246,247,248,249,250,251,252,253,254]
551.1752283737026 [0,1,2,3,4,5,6,7,8,9] [238,239,240,241,242,243,244,245,246,247,248,249,250,251,252,253,254]
551.1577599999999 [0,1,2,3,4,5,6,7,8,9] [239,240,241,242,243,244,245,246,247,248,249,250,251,252,253]
551.0983696000001 [0,1,2,3,4,5,6,7,8,9] [230,231,232,233,234,235,236,237,238,239,240,241,242,243,244,245,246,247,248,249,250,251,252,253,254]
551.0802948960302 [0,1,2,3,4,5,6,7,8,9] [233,234,235,236,237,238,239,240,241,242,243,244,245,246,247,248,249,250,251,252,253,254,255]
550.9350625 [0,1,2,3,4,5,6,7,8,9] [240,241,242,243,244,245,246,247,248,249,250,251,252,253,254,255]
550.9202175999999 [0,1,2,3,4,5,6,7,8,9] [231,232,233,234,235,236,237,238,239,240,241,242,243,244,245,246,247,248,249,250,251,252,253,254,255]
550.9065147928993 [0,1,2,3,4,5,6,7,8,9] [229,230,231,232,233,234,235,236,237,238,239,240,241,242,243,244,245,246,247,248,249,250,251,252,253,254]
550.8113611111112 [0,1,2,3,4,5,6,7,8,9] [245,246,247,248,249,250]
550.5640000000001 [0,1,2,3,4,5,6,7,8,9] [252]
550.5639999999999 [0,1,2,3,4,5,6,7,8,9] [241,242,243,244,245,246,247,248,249,250,251,252,253]
550.5021684027777 [0,1,2,3,4,5,6,7,8,9] [232,233,234,235,236,237,238,239,240,241,242,243,244,245,246,247,248,249,250,251,252,253,254,255]
550.440340277778 [0,1,2,3,4,5,6,7,8,9] [239,240,241,242,243,244,245,246,247,248,249,250]
550.0694444444446 [0,1,2,3,4,5,6,7,8,9] [239,240,241,242,243,244]
549.9988117913833 [0,1,2,3,4,5,6,7,8,9] [233,234,235,236,237,238,239,240,241,242,243,244,245,246,247,248,249,250,251,252,253]
