[Score] [Station index] [Time slots] 
1446.534444444444 [0,1,2,3,4,5,6,7,8] [184]
1418.4810000000002 [0,1,2,3,4,5,6,7,8,9] [188]
1416.1 [0,1,2,3,4,5,6,7,8,9] [180]
1413.76 [0,1,2,3,4,5,6,7,8] [173]
1405.0002777777775 [0,1,2,3,4,5,6,7,8] [183,184]
1386.3211111111113 [0,1,2,3,4,5,6,7,8] [173,174]
1365.3922499999994 [0,1,2,3,4,5,6,7,8,9] [187,188]
1365.0312500000005 [0,1,2,3,4,5,6,7] [174]
1364.0711111111107 [0,1,2,3,4,5,6,7,8] [183]
1356.6944444444443 [0,1,2,3,4,5,6,7,8] [172,173,174]
1355.4669444444448 [0,1,2,3,4,5,6,7,8] [172,173]
1336.3086419753088 [0,1,2,3,4,5,6,7,8] [182,183,184]
1335.4964197530867 [0,1,2,3,4,5,6,7,8] [183,184,185]
1334.1973777777775 [0,1,2,3,4,5,6,7,8] [180,181,182,183,184]
1332.1401388888892 [0,1,2,3,4,5,6,7] [173,174,175]
1331.716 [0,1,2,3,4,5,6,7,8,9] [188,189]
1331.033611111111 [0,1,2,3,4,5,6,7,8] [180,181]
1327.1039999999998 [0,1,2,3,4,5,6,7,8,9] [196]
1325.5684444444444 [0,1,2,3,4,5,6,7,8,9] [187,188,189]
1325.4813281250001 [0,1,2,3,4,5,6,7] [172,173,174,175]
1321.3224999999995 [0,1,2,3,4,5,6,7,8] [184,185]
1319.6953125000005 [0,1,2,3,4,5,6,7] [174,175]
1319.435111111111 [0,1,2,3,4,5,6,7,8,9] [188,189,190]
1317.9040000000002 [0,1,2,3,4,5,6,7,8,9] [187,188,189,190]
1313.3160000000003 [0,1,2,3,4,5,6,7,8,9] [187]
1311.6469444444447 [0,1,2,3,4,5,6,7,8] [180,181,182,183,184,185]
1311.0434027777783 [0,1,2,3,4,5,6,7,8] [181,182,183,184]
1311.0434027777778 [0,1,2,3,4,5,6,7,8] [173,174,175,176]
1309.4987777777778 [0,1,2,3,4,5,6,7,8,9] [186,187,188]
1308.5100444444447 [0,1,2,3,4,5,6,7,8] [173,174,175,176,177]
1308.510044444444 [0,1,2,3,4,5,6,7,8] [172,173,174,175,176]
1306.8225 [0,1,2,3,4,5,6,7,8] [180,181,182,183]
1306.8224999999998 [0,1,2,3,4,5,6,7,8] [172,173,174,175,176,177]
1305.6050000000005 [0,1,2,3,4,5,6,7] [172]
1303.6111419753086 [0,1,2,3,4,5,6,7,8] [179,180,181,182,183,184]
1302.0069444444448 [0,1,2,3,4,5,6,7,8] [182,183,184,185]
1300.7402499999996 [0,1,2,3,4,5,6,7,8,9] [195,196]
1298.401111111111 [0,1,2,3,4,5,6,7,8] [177]
1295.423361111111 [0,1,2,3,4,5,6,7,8,9] [183,184,185,186,187,188]
1295.0439999999999 [0,1,2,3,4,5,6,7,8,9] [190]
1294.5888400000003 [0,1,2,3,4,5,6,7,8,9] [184,185,186,187,188]
1294.1337599999997 [0,1,2,3,4,5,6,7,8,9] [186,187,188,189,190]
1293.90625 [0,1,2,3,4,5,6,7,8,9] [186,187,188,189]
1293.4166732412884 [0,1,2,3,4,5,6,7,8] [172,173,174,175,176,177,178,179,180,181,182,183,184]
1293.001736111111 [0,1,2,3,4,5,6,7,8] [173,174,175,176,177,178,179,180,181,182,183,184]
1292.4025000000001 [0,1,2,3,4,5,6,7,8] [171,172,173,174]
1291.8034027777776 [0,1,2,3,4,5,6,7,8] [183,184,185,186]
1291.63225 [0,1,2,3,4,5,6,7,8,9] [196,197]
1290.4960000000003 [0,1,2,3,4,5,6,7,8,9] [209]
1290.1779818594105 [0,1,2,3,4,5,6,7,8] [180,181,182,183,184,185,186]
1289.3602500000002 [0,1,2,3,4,5,6,7,8,9] [183,184,185,186,187,188,189,190]
1288.8100000000002 [0,1,2,3,4,5,6,7,8] [181,182,183,184,185]
1288.8099999999997 [0,1,2,3,4,5,6,7,8] [179,180,181,182,183,184,185]
1288.6272222222221 [0,1,2,3,4,5,6,7] [174,175,176]
1288.5493061224493 [0,1,2,3,4,5,6,7,8,9] [183,184,185,186,187,188,189]
1288.0123456790122 [0,1,2,3,4,5,6,7,8] [180,181,182]
1287.9007346938774 [0,1,2,3,4,5,6,7,8,9] [184,185,186,187,188,189,190]
1287.4684444444442 [0,1,2,3,4,5,6,7,8,9] [180,181,182,183,184,185,186,187,188]
1287.2737999999997 [0,1,2,3,4,5,6,7] [171,172,173,174,175]
1286.759387755102 [0,1,2,3,4,5,6,7,8] [172,173,174,175,176,177,178,179,180,181,182,183,184,185]
1286.7121111111114 [0,1,2,3,4,5,6,7,8,9] [184,185,186,187,188,189]
1285.9560000000001 [0,1,2,3,4,5,6,7,8,9] [195,196,197]
1285.8660420775805 [0,1,2,3,4,5,6,7,8] [173,174,175,176,177,178,179,180,181,182,183,184,185]
1285.620864197531 [0,1,2,3,4,5,6,7,8] [172,173,174,175,176,177,178,179,180]
1284.7304882737405 [0,1,2,3,4,5,6,7,8] [172,173,174,175,176,177,178,179,180,181,182,183,184,185,186,187,188]
1284.7104081632651 [0,1,2,3,4,5,6,7,8] [172,173,174,175,176,177,178]
1284.513132231405 [0,1,2,3,4,5,6,7,8,9] [180,181,182,183,184,185,186,187,188,189,190]
1284.0277777777783 [0,1,2,3,4,5,6,7,8] [177,178,179,180,181,182,183,184]
1284.0277777777778 [0,1,2,3,4,5,6,7,8] [173,174,175,176,177,178,179,180]
1283.8784765625 [0,1,2,3,4,5,6,7,8] [173,174,175,176,177,178,179,180,181,182,183,184,185,186,187,188]
1283.4624099999999 [0,1,2,3,4,5,6,7,8,9] [180,181,182,183,184,185,186,187,188,189]
1282.8336111111112 [0,1,2,3,4,5,6,7,8] [182,183]
1282.4356790123454 [0,1,2,3,4,5,6,7,8] [173,174,175,176,177,178]
1282.2909917355373 [0,1,2,3,4,5,6,7,8] [174,175,176,177,178,179,180,181,182,183,184]
1281.9809750566897 [0,1,2,3,4,5,6,7,8] [178,179,180,181,182,183,184]
1281.905198902606 [0,1,2,3,4,5,6,7,8] [176,177,178,179,180,181,182,183,184]
1281.6399999999999 [0,1,2,3,4,5,6,7,8] [176,177]
1281.424 [0,1,2,3,4,5,6,7,8,9] [182,183,184,185,186,187,188]
1281.4239999999998 [0,1,2,3,4,5,6,7,8,9] [185,186,187,188]
1281.2422530864196 [0,1,2,3,4,5,6,7,8] [172,173,174,175,176,177,178,179,180,181,182,183,184,185,186,187,188,189]
1281.0434027777783 [0,1,2,3,4,5,6,7,8] [172,173,174,175,176,177,178,179,180,181,182,183]
1280.685511111111 [0,1,2,3,4,5,6,7,8] [172,173,174,175,176,177,178,179,180,181]
1280.236462898885 [0,1,2,3,4,5,6,7,8] [173,174,175,176,177,178,179,180,181,182,183,184,185,186,187,188,189]
1280.1330747922439 [0,1,2,3,4,5,6,7,8] [172,173,174,175,176,177,178,179,180,181,182,183,184,185,186,187,188,189,190]
1279.765447845805 [0,1,2,3,4,5,6,7,8] [171,172,173,174,175,176,177,178,179,180,181,182,183,184]
1279.4712213039484 [0,1,2,3,4,5,6,7,8] [173,174,175,176,177,178,179,180,181,182,183]
1279.1610000000003 [0,1,2,3,4,5,6,7,8,9] [208,209]
1279.1219787379973 [0,1,2,3,4,5,6,7,8] [173,174,175,176,177,178,179,180,181,182,183,184,185,186,187,188,189,190]
1278.7246227709195 [0,1,2,3,4,5,6,7,8] [173,174,175,176,177,178,179,180,181]
1278.4597530864198 [0,1,2,3,4,5,6,7,8] [172,173,174,175,176,177,178,179,180,181,182,183,184,185,186]
1278.03025 [0,1,2,3,4,5,6,7,8,9] [185,186,187,188,189,190]
1277.5518367346936 [0,1,2,3,4,5,6,7,8] [171,172,173,174,175,176,177]
1277.2300347222222 [0,1,2,3,4,5,6,7] [171,172,173,174,175,176]
1277.1825156249997 [0,1,2,3,4,5,6,7,8,9] [182,183,184,185,186,187,188,189]
1277.041275510204 [0,1,2,3,4,5,6,7,8] [173,174,175,176,177,178,179,180,181,182,183,184,185,186]
1276.7222265625 [0,1,2,3,4,5,6,7,8] [172,173,174,175,176,177,178,179,180,181,182,183,184,185,186,187]
1275.9183999999998 [0,1,2,3,4,5,6,7,8] [179,180,181,182,183]
1275.4818595679012 [0,1,2,3,4,5,6,7,8] [174,175,176,177,178,179,180,181,182,183,184,185]
1275.4421777777775 [0,1,2,3,4,5,6,7,8] [174,175,176,177,178,179,180,181,182,183,184,185,186,187,188]
1275.2834567901234 [0,1,2,3,4,5,6,7,8] [173,174,175,176,177,178,179,180,181,182,183,184,185,186,187]
