[Score] [Station index] [Time slots] 
1948.816 [0,1,2,3,4,5,6,7,8,9] [218]
1697.4399999999996 [0,1,2,3,4,5,6,7,8] [216]
1676.2050000000004 [0,1,2,3,4,5,6,7] [225]
1664.6449999999998 [0,1,2,3,4,5,6,7] [218,219,220]
1656.5768 [0,1,2,3,5,6,7,8] [214,215,216,217,218]
1644.51125 [0,1,2,3,5,6,7,8] [206,207]
1624.5 [0,1,2,3,4,5,6,7] [219]
1614.5403124999998 [0,1,2,3,4,5,6,7] [214,215,216,217,218,219]
1614.0668055555554 [0,1,2,3,5,6,7,8] [214,215,216]
1613.1200000000003 [0,1,2,3,5,6,7,8] [214,215,216,217]
1610.2812499999995 [0,1,2,3,4,5,7,8] [208]
1606.7363281249995 [0,1,2,3,4,5,6,7] [218,219,220,221]
1603.628928571429 [0,1,2,3,5,6,7] [217,218]
1600.6482000000003 [0,1,2,3,4,5,6,7] [217,218,219,220,221]
1595.7214540816328 [0,1,2,3,4,5,6,7] [213,214,215,216,217,218,219]
1594.7128125000002 [0,1,2,3,5,6,7,8] [219,220]
1594.5111224489794 [0,1,2,3,4,5,6,7] [214,215,216,217,218,219,220]
1592.94845703125 [0,1,2,3,4,5,6,7] [212,213,214,215,216,217,218,219]
1590.9500347222222 [0,1,2,3,4,5,6,7] [213,214,215,216,217,218]
1590.4800000000002 [0,1,2,3,5,6,7,8] [215]
1588.4663520408162 [0,1,2,3,4,5,6,7] [212,213,214,215,216,217,218]
1580.6253125 [0,1,2,3,4,5,6,7] [213,214,215,216,217,218,219,220]
1579.8445061728394 [0,1,2,3,4,5,6,7] [212,213,214,215,216,217,218,219,220]
1579.2200000000005 [0,1,2,3,4,5,6,7] [218,219,220,221,222]
1578.7517013888887 [0,1,2,3,4,5,6,7] [217,218,219,220,221,222]
1575.475555555556 [0,1,2,3,4,5,6,7] [216,217,218,219,220,221]
1575.0250000000003 [0,1,2,3,4,5,6,7,8,9] [213]
1574.6570507812498 [0,1,2,3,4,5,6,7] [214,215,216,217,218,219,220,221]
1572.296272222222 [0,1,2,3,4,5,6,7] [212,213,214,215,216,217,218,219,220,221,222,223,224,225,226]
1572.2028124999997 [0,1,2,3,4,5,6,7] [213,214,215,216,217,218,219,220,221,222,223,224,225,226]
1571.15158203125 [0,1,2,3,4,5,6,7] [212,213,214,215,216,217,218,219,220,221,222,223,224,225,226,227]
1570.5210124999996 [0,1,2,3,4,5,6,7] [210,211,212,213,214,215,216,217,218,219]
1566.4004081632654 [0,1,2,3,4,5,6,7] [215,216,217,218,219,220,221]
1565.8229783950617 [0,1,2,3,4,5,6,7] [211,212,213,214,215,216,217,218,219]
1565.4810124999995 [0,1,2,3,4,5,6,7] [212,213,214,215,216,217,218,219,220,221]
1564.5796450617286 [0,1,2,3,4,5,6,7] [213,214,215,216,217,218,219,220,221]
1564.5796450617281 [0,1,2,3,4,5,6,7] [210,211,212,213,214,215,216,217,218]
1563.3368055555559 [0,1,2,3,4,5,6,7] [212,213,214]
1563.0261728395062 [0,1,2,3,4,5,6,7] [214,215,216,217,218,219,220,221,222]
1562.405 [0,1,2,3,5,6,7,8] [220]
1561.8968595041322 [0,1,2,3,4,5,6,7] [210,211,212,213,214,215,216,217,218,219,220]
1561.5830493079584 [0,1,2,3,4,5,6,7] [210,211,212,213,214,215,216,217,218,219,220,221,222,223,224,225,226]
1561.2073724489799 [0,1,2,3,4,5,6,7] [212,213,214,215,216,217,218,219,220,221,222,223,224,225]
1561.1630246913583 [0,1,2,3,4,5,6,7] [210,211,212,213,214,215,216,217,218,219,220,221,222,223,224,225,226,227]
1560.4092091836737 [0,1,2,3,4,5,6,7] [216,217,218,219,220,221,222]
1560.2557396449706 [0,1,2,3,4,5,6,7] [213,214,215,216,217,218,219,220,221,222,223,224,225]
1558.5642382812498 [0,1,2,3,4,5,6,7] [211,212,213,214,215,216,217,218]
1558.2153125000002 [0,1,2,3,4,5,6,7] [214,215,216,217,218,219,220,221,222,223]
1558.1332179930794 [0,1,2,3,4,5,6,7] [211,212,213,214,215,216,217,218,219,220,221,222,223,224,225,226,227]
1558.0884400826449 [0,1,2,3,4,5,6,7] [209,210,211,212,213,214,215,216,217,218,219]
1556.82 [0,1,2,3,4,5,6,7] [214,215,216,217,218,219,220,221,222,223,224]
1556.8199999999995 [0,1,2,3,4,5,6,7] [211,212,213,214,215,216,217,218,219,220]
1556.605392011834 [0,1,2,3,4,5,6,7] [207,208,209,210,211,212,213,214,215,216,217,218,219]
1555.4253125 [0,1,2,3,4,5,6,7] [208,209,210,211,212,213,214,215,216,217,218,219]
1555.1464499999997 [0,1,2,3,4,5,6,7] [213,214,215,216,217,218,219,220,221,222]
1554.4958680555555 [0,1,2,3,4,5,6,7] [209,210,211,212,213,214,215,216,217,218,219,220,221,222,223,224,225,226]
1554.4714127423827 [0,1,2,3,4,5,6,7] [209,210,211,212,213,214,215,216,217,218,219,220,221,222,223,224,225,226,227]
1554.3797070312496 [0,1,2,3,4,5,6,7] [215,216,217,218,219,220,221,222]
1553.898514739229 [0,1,2,3,4,5,6,7] [207,208,209,210,211,212,213,214,215,216,217,218,219,220,221,222,223,224,225,226,227]
1553.8918781249997 [0,1,2,3,4,5,6,7] [207,208,209,210,211,212,213,214,215,216,217,218,219,220,221,222,223,224,225,226]
1553.5667013888885 [0,1,2,3,4,5,6,7] [212,213,214,215,216,217,218,219,220,221,222,223,224,225,226,227,228,229]
1553.3344531249998 [0,1,2,3,4,5,6,7] [212,213,214,215,216,217,218,219,220,221,222,223]
1553.0557781250002 [0,1,2,3,4,5,6,7] [208,209,210,211,212,213,214,215,216,217,218,219,220,221,222,223,224,225,226,227]
1553.0044459833798 [0,1,2,3,4,5,6,7] [208,209,210,211,212,213,214,215,216,217,218,219,220,221,222,223,224,225,226]
1552.5306508875744 [0,1,2,3,4,5,6,7] [212,213,214,215,216,217,218,219,220,221,222,223,224]
1551.5726643598612 [0,1,2,3,4,5,6,7] [212,213,214,215,216,217,218,219,220,221,222,223,224,225,226,227,228]
1551.5235125 [0,1,2,3,4,5,6,7] [209,210,211,212,213,214,215,216,217,218]
1551.4981921487602 [0,1,2,3,4,5,6,7] [213,214,215,216,217,218,219,220,221,222,223]
1551.4770920138888 [0,1,2,3,4,5,6,7] [210,211,212,213,214,215,216,217,218,219,220,221]
1551.2450000000001 [0,1,2,3,4,5,6,7] [210,211,212,213,214,215,216,217,218,219,220,221,222,223,224,225]
1551.2449999999997 [0,1,2,3,4,5,6,7] [209,210,211,212,213,214,215,216,217,218,219,220]
1551.012925347222 [0,1,2,3,4,5,6,7] [207,208,209,210,211,212,213,214,215,216,217,218]
1550.847168367347 [0,1,2,3,4,5,6,7] [207,208,209,210,211,212,213,214,215,216,217,218,219,220]
1550.7808680555556 [0,1,2,3,4,5,6,7] [213,214,215,216,217,218,219,220,221,222,223,224]
1550.5488281250005 [0,1,2,3,4,5,6,7] [212,213,214,215]
1549.3175221893491 [0,1,2,3,4,5,6,7] [208,209,210,211,212,213,214,215,216,217,218,219,220]
1549.22020661157 [0,1,2,3,4,5,6,7] [208,209,210,211,212,213,214,215,216,217,218]
1548.9672004132237 [0,1,2,3,4,5,6,7] [206,207,208,209,210,211,212,213,214,215,216,217,218,219,220,221,222,223,224,225,226,227]
1548.726261337869 [0,1,2,3,4,5,6,7] [206,207,208,209,210,211,212,213,214,215,216,217,218,219,220,221,222,223,224,225,226]
1548.660006377551 [0,1,2,3,4,5,6,7] [206,207,208,209,210,211,212,213,214,215,216,217,218,219]
1546.3750781249998 [0,1,2,3,4,5,6,7] [210,211,212,213,214,215,216,217,218,219,220,221,222,223,224,225,226,227,228,229]
1545.9327376033057 [0,1,2,3,4,5,6,7] [211,212,213,214,215,216,217,218,219,220,221]
1545.2523372781066 [0,1,2,3,4,5,6,7] [210,211,212,213,214,215,216,217,218,219,220,221,222]
1544.8022299168974 [0,1,2,3,4,5,6,7] [207,208,209,210,211,212,213,214,215,216,217,218,219,220,221,222,223,224,225]
1544.3720415224914 [0,1,2,3,4,5,6,7] [209,210,211,212,213,214,215,216,217,218,219,220,221,222,223,224,225]
1544.217188365651 [0,1,2,3,4,5,6,7] [210,211,212,213,214,215,216,217,218,219,220,221,222,223,224,225,226,227,228]
1543.8272222222229 [0,1,2,3,4,5,6,7] [206,207,208,209,210,211,212,213,214,215,216,217,218,219,220]
1543.3642013888891 [0,1,2,3,4,5,6,7] [208,209,210,211,212,213,214,215,216,217,218,219,220,221,222,223,224,225]
1543.2716055555559 [0,1,2,3,4,5,6,7] [207,208,209,210,211,212,213,214,215,216,217,218,219,220,221]
1543.099649234694 [0,1,2,3,4,5,6,7] [210,211,212,213,214,215,216,217,218,219,220,221,222,223]
1543.0864222222224 [0,1,2,3,4,5,6,7] [210,211,212,213,214,215,216,217,218,219,220,221,222,223,224]
1542.9012500000003 [0,1,2,3,4,5,6,7] [206,207,208,209,210,211,212,213,214,215,216,217,218]
1542.90125 [0,1,2,3,4,5,6,7] [211,212,213,214,215,216,217,218,219,220,221,222,223,224,225,226,227,228,229]
1542.4739718934914 [0,1,2,3,4,5,6,7] [209,210,211,212,213,214,215,216,217,218,219,220,221]
1541.6938775992437 [0,1,2,3,4,5,6,7] [207,208,209,210,211,212,213,214,215,216,217,218,219,220,221,222,223,224,225,226,227,228,229]
1541.314515306123 [0,1,2,3,4,5,6,7] [208,209,210,211,212,213,214,215,216,217,218,219,220,221]
1541.0501388888883 [0,1,2,3,4,5,6,7] [209,210,211,212,213,214,215,216,217,218,219,220,221,222,223,224,225,226,227,228,229]
1540.728319943289 [0,1,2,3,4,5,6,7] [205,206,207,208,209,210,211,212,213,214,215,216,217,218,219,220,221,222,223,224,225,226,227]
1540.4333487654324 [0,1,2,3,4,5,6,7] [211,212,213,214,215,216,217,218,219,220,221,222,223,224,225,226,227,228]
1540.3772830578514 [0,1,2,3,4,5,6,7] [208,209,210,211,212,213,214,215,216,217,218,219,220,221,222,223,224,225,226,227,228,229]
