[Score] [Station index] [Time slots] 
1281.1557142857143 [0,1,2,3,4,5,6] [239]
1221.2266666666665 [0,1,2,3,4,5] [229]
1219.6799999999998 [0,1,2,3,4,5,6] [236]
1211.7728571428574 [0,1,2,3,4,5,6] [235,236]
1211.7728571428572 [0,1,2,3,4,5,6] [248]
1207.8289285714284 [0,1,2,3,4,5,6] [238,239]
1203.8914285714288 [0,1,2,3,4,5,6] [235]
1199.6985142857143 [0,1,2,3,4,5,6] [235,236,237,238,239]
1198.6514285714288 [0,1,2,3,4,5,6] [236,237,238,239]
1194.2934920634923 [0,1,2,3,4,5,6] [235,236,237]
1191.68253968254 [0,1,2,3,4,5,6] [237,238,239]
1189.5089285714282 [0,1,2,3,4,5,6] [236,237]
1186.9032142857147 [0,1,2,3,4,5,6] [239,240]
1182.1334920634922 [0,1,2,3,4,5,6] [235,236,237,238,239,240]
1179.752232142857 [0,1,2,3,4,5,6] [235,236,237,238]
1179.1032142857143 [0,1,2,3,4,5,6] [234,235,236,237,238,239]
1177.8057142857142 [0,1,2,3,4,5,6] [236,237,238,239,240]
1171.7601587301585 [0,1,2,3,4,5,6] [236,237,238]
1170.406666666666 [0,1,2,3,4,5] [228,229]
1170.0357142857142 [0,1,2,3,4,5,6] [238,239,240]
1167.4514285714283 [0,1,2,3,4,5,6] [237,238,239,240]
1167.082478134111 [0,1,2,3,4,5,6] [234,235,236,237,238,239,240]
1166.5906349206348 [0,1,2,3,4,5,6] [234,235,236]
1164.8700000000003 [0,1,2,3,4,5,6] [234,235,236,237]
1160.451341107872 [0,1,2,3,4,5,6] [233,234,235,236,237,238,239]
1159.7157142857143 [0,1,2,3,4,5,6] [237]
1159.2009142857144 [0,1,2,3,4,5,6] [234,235,236,237,238]
1157.5102332361514 [0,1,2,3,4,5,6] [235,236,237,238,239,240,241]
1154.5728571428574 [0,1,2,3,4,5,6] [235,236,237,238,239,240,241,242]
1152.326450892857 [0,1,2,3,4,5,6] [233,234,235,236,237,238,239,240]
1152.0057142857145 [0,1,2,3,4,5,6] [248,249]
1149.8686111111112 [0,1,2,3,4,5,6] [236,237,238,239,240,241]
1148.4805580357145 [0,1,2,3,4,5,6] [232,233,234,235,236,237,238,239]
1148.1603571428573 [0,1,2,3,4,5,6] [237,238]
1147.6115451895046 [0,1,2,3,4,5,6] [236,237,238,239,240,241,242]
1147.5200892857142 [0,1,2,3,4,5,6] [234,235,236,237,238,239,240,241]
1146.8800000000003 [0,1,2,3,4,5,6] [257]
1146.0268253968256 [0,1,2,3,4,5,6] [234,235,236,237,238,239,240,241,242]
1143.7532451499117 [0,1,2,3,4,5,6] [231,232,233,234,235,236,237,238,239]
1142.617301587302 [0,1,2,3,4,5,6] [232,233,234,235,236,237,238,239,240]
1141.7657142857145 [0,1,2,3,4,5,6] [233,234,235,236,237]
1140.9144444444446 [0,1,2,3,4,5,6] [233,234,235,236,237,238]
1140.4889285714285 [0,1,2,3,4,5,6] [234,235]
1138.9577285714283 [0,1,2,3,4,5,6] [231,232,233,234,235,236,237,238,239,240]
1138.36253968254 [0,1,2,3,4,5,6] [235,236,237,238,239,240,241,242,243]
1137.3000892857142 [0,1,2,3,4,5,6] [233,234,235,236]
1136.662857142857 [0,1,2,3,4,5,6] [238]
1136.6628571428569 [0,1,2,3,4,5,6] [233,234,235,236,237,238,239,240,241]
1136.4080142857142 [0,1,2,3,4,5,6] [233,234,235,236,237,238,239,240,241,242]
1136.1532000000002 [0,1,2,3,4,5,6] [237,238,239,240,241]
1135.8134920634925 [0,1,2,3,4,5,6] [237,238,239,240,241,242]
1134.1157142857141 [0,1,2,3,4,5,6] [242]
1132.3344142857143 [0,1,2,3,4,5,6] [234,235,236,237,238,239,240,241,242,243]
1131.062914285714 [0,1,2,3,4,5,6] [238,239,240,241,242]
1130.3003571428576 [0,1,2,3,4,5,6] [236,237,238,239,240,241,242,243]
1130.3003571428574 [0,1,2,3,4,5,6] [238,239,240,241]
1130.118833819242 [0,1,2,3,4,5,6] [232,233,234,235,236,237,238]
1129.9538252656432 [0,1,2,3,4,5,6] [232,233,234,235,236,237,238,239,240,241,242]
1129.6650892857142 [0,1,2,3,4,5,6] [239,240,241,242]
1129.5380571428568 [0,1,2,3,4,5,6] [232,233,234,235,236,237,238,239,240,241]
1129.0300000000002 [0,1,2,3,4,5,6] [232,233,234,235,236,237]
1128.7991027154662 [0,1,2,3,4,5,6] [229,230,231,232,233,234,235,236,237,238,239]
1128.1834920634922 [0,1,2,3,4,5,6] [239,240,241]
1127.9719146825394 [0,1,2,3,4,5,6] [231,232,233,234,235,236,237,238,239,240,241,242]
1127.4142148760332 [0,1,2,3,4,5,6] [231,232,233,234,235,236,237,238,239,240,241]
1127.125803571429 [0,1,2,3,4,5,6] [231,232,233,234,235,236,237,238]
1126.068611111111 [0,1,2,3,4,5,6] [229,230,231,232,233,234,235,236,237,238,239,240]
1125.8572321428571 [0,1,2,3,4,5,6] [228,229,230,231,232,233,234,235,236,237,238,239]
1125.7666472303206 [0,1,2,3,4,5,6] [231,232,233,234,235,236,237]
1124.8774616292799 [0,1,2,3,4,5,6] [233,234,235,236,237,238,239,240,241,242,243]
1123.7023000000004 [0,1,2,3,4,5,6] [230,231,232,233,234,235,236,237,238,239]
1123.565857988166 [0,1,2,3,4,5,6] [228,229,230,231,232,233,234,235,236,237,238,239,240]
1122.9422285714288 [0,1,2,3,4,5,6] [232,233,234,235,236]
1121.1927390791025 [0,1,2,3,4,5,6] [230,231,232,233,234,235,236,237,238,239,240]
1120.6666666666667 [0,1,2,3,4,5] [228]
1120.1574999999998 [0,1,2,3,4,5,6] [231,232,233,234,235,236]
1119.9466765873015 [0,1,2,3,4,5,6] [232,233,234,235,236,237,238,239,240,241,242,243]
1118.892857142857 [0,1,2,3,4,5,6] [273]
1118.5316618075803 [0,1,2,3,4,5,6] [229,230,231,232,233,234,235,236,237,238,239,240,241,242]
1117.8094460641398 [0,1,2,3,4,5,6] [237,238,239,240,241,242,243]
1117.3373541842768 [0,1,2,3,4,5,6] [229,230,231,232,233,234,235,236,237,238,239,240,241]
1116.870914285714 [0,1,2,3,4,5,6] [228,229,230,231,232,233,234,235,236,237,238,239,240,241,242]
1115.6441982507288 [0,1,2,3,4,5,6] [228,229,230,231,232,233,234,235,236,237,238,239,240,241]
1115.2066666666667 [0,1,2,3,4,5,6] [266]
1114.2295942519015 [0,1,2,3,4,5,6] [227,228,229,230,231,232,233,234,235,236,237,238,239]
1114.093728571429 [0,1,2,3,4,5,6] [229,230,231,232,233,234,235,236,237,238]
1113.8414285714284 [0,1,2,3,4,5,6] [230,231,232,233,234,235,236,237,238,239,240,241,242]
1112.9405903790087 [0,1,2,3,4,5,6] [227,228,229,230,231,232,233,234,235,236,237,238,239,240]
1112.580357142857 [0,1,2,3,4,5,6] [235,236,237,238,239,240,241,242,243,244]
1112.2365525383707 [0,1,2,3,4,5,6] [228,229,230,231,232,233,234,235,236,237,238]
1112.1601587301584 [0,1,2,3,4,5,6] [230,231,232,233,234,235,236,237,238,239,240,241]
1111.6000176366842 [0,1,2,3,4,5,6] [229,230,231,232,233,234,235,236,237]
1111.5740740740737 [0,1,2,3,4,5] [227,228,229]
1111.3200000000002 [0,1,2,3,4,5,6] [229,230,231,232,233,234,235,236,237,238,239,240,241,242,243]
1110.9000396825397 [0,1,2,3,4,5,6] [238,239,240,241,242,243]
1110.4801587301586 [0,1,2,3,4,5,6] [233,234,235]
1110.2177734374995 [0,1,2,3,4,5,6] [228,229,230,231,232,233,234,235,236,237,238,239,240,241,242,243]
1109.8085142857146 [0,1,2,3,4,5,6] [228,229,230,231,232,233,234,235,236,237]
1109.488028335301 [0,1,2,3,4,5,6] [234,235,236,237,238,239,240,241,242,243,244]
1108.0149609374996 [0,1,2,3,4,5,6] [227,228,229,230,231,232,233,234,235,236,237,238,239,240,241,242]
