[Score] [Station index] [Time slots] 
1203.8914285714288 [0,1,2,3,4,5,6,7,9] [238]
1168.5002777777781 [0,1,2,3,4,5,6,7,8,9] [243,244]
1160.5377777777778 [0,1,2,3,4,5,6,7,8,9] [243,244,245]
1149.184 [0,1,2,3,4,5,6,7,8,9] [226]
1144.6944444444443 [0,1,2,3,4,5,6,7,8,9] [243]
1141.1580625000006 [0,1,2,3,4,5,6,7,8,9] [243,244,245,246]
1128.96 [0,1,2,3,4,5,6,7,8,9] [241]
1124.4844444444448 [0,1,2,3,4,5,6,7,9] [253]
1115.5599999999997 [0,1,2,3,4,5,6,7,8,9] [241,242,243,244,245]
1112.2224999999996 [0,1,2,3,4,5,6,7,8,9] [242,243,244,245]
1110.3828125 [0,1,2,3,4,5,6,7] [253,254]
1108.3350694444441 [0,1,2,3,4,5,6,7,8,9] [241,242,243,244]
1105.65225 [0,1,2,3,4,5,6,7,8,9] [225,226]
1104.0005102040814 [0,1,2,3,4,5,6,7,8,9] [241,242,243,244,245,246,247]
1103.2001111111108 [0,1,2,3,4,5,6,7,8,9] [242,243,244,245,246,247]
1102.4999999999995 [0,1,2,3,4,5,6,7,8,9] [241,242,243,244,245,246]
1102.1512500000001 [0,1,2,3,5,6,7,8,9] [247]
1101.615 [0,1,2,3,5,6,7,9] [245]
1101.502345679012 [0,1,2,3,4,5,6,7,8,9] [242,243,244]
1101.24036 [0,1,2,3,4,5,6,7,8,9] [242,243,244,245,246]
1099.8050000000003 [0,1,2,3,5,6,7,8,9] [246,247]
1098.755714285714 [0,1,2,3,4,5,6] [244]
1096.209 [0,1,2,3,4,5,6,7,8,9] [224,225,226]
1093.5930624999996 [0,1,2,3,4,5,6,7,8,9] [241,242,243,244,245,246,247,248]
1091.42793877551 [0,1,2,3,4,5,6,7,8,9] [242,243,244,245,246,247,248]
1090.8310408163265 [0,1,2,3,4,5,6,7,8,9] [243,244,245,246,247,248,249]
1085.4150000000002 [0,1,2,3,5,6,7] [246]
1083.772857142857 [0,1,2,3,4,5,6,7,9] [238,239]
1083.4512500000003 [0,1,2,3,4,5,6,7] [254]
1082.1200624999997 [0,1,2,3,4,5,6,7,8,9] [243,244,245,246,247,248,249,250]
1080.9482716049388 [0,1,2,3,4,5,6,7,8,9] [241,242,243]
1080.9362962962962 [0,1,2,3,5,6,7,8] [244,245,246]
1079.3819531249999 [0,1,2,3,4,5,6,7] [251,252,253,254]
1078.0272222222225 [0,1,2,3,4,5,6,7] [251,252,253]
1077.444 [0,1,2,3,4,5,6,7,8,9] [224]
1077.3600000000001 [0,1,2,3,5,6] [244,245]
1076.5215308641978 [0,1,2,3,4,5,6,7,8,9] [241,242,243,244,245,246,247,248,249]
1076.32 [0,1,2,3,5,6,7,8,9] [244,245,246,247]
1075.8399999999997 [0,1,2,3,4,5,6,7,8] [253,254,255]
1073.346057142857 [0,1,2,3,5,6,7,8,9] [243,244,245,246,247]
1073.2959999999998 [0,1,2,3,4,5,6,7,8,9] [226,227]
1072.5191406249996 [0,1,2,3,4,5,6,7,8,9] [242,243,244,245,246,247,248,249]
1071.7425625 [0,1,2,3,4,5,6,7,8,9] [224,225,226,227]
1071.01801 [0,1,2,3,4,5,6,7,8,9] [241,242,243,244,245,246,247,248,249,250]
1070.9662656250002 [0,1,2,3,4,5,6,7,8,9] [240,241,242,243,244,245,246,247]
1070.1902499999999 [0,1,2,3,4,5,6,7,8,9] [224,225]
1069.8454444444442 [0,1,2,3,4,5,6,7,8,9] [225,226,227]
1069.6533641975307 [0,1,2,3,4,5,6,7,8,9] [240,241,242,243,244,245]
1066.8594567901232 [0,1,2,3,4,5,6,7,8,9] [242,243,244,245,246,247,248,249,250]
1065.4827160493828 [0,1,2,3,4,5,6,7,8,9] [240,241,242,243,244,245,246,247,248]
1065.33375 [0,1,2,3,5,6,7,9] [245,246]
1065.024 [0,1,2,3,4,5,6,7,8,9] [240,241,242,243,244,245,246]
1063.8469444444445 [0,1,2,3,4,5,6,7,9] [237,238]
1062.9609999999998 [0,1,2,3,4,5,6,7,8,9] [232]
1062.7600000000002 [0,1,2,3,4,5,6,7,8] [255]
1061.1306250000002 [0,1,2,3,4,5,6,7,8] [253,254,255,256]
1060.30125 [0,1,2,3,4,5,6,7] [252,253]
1059.8408 [0,1,2,3,4,5,6,7] [250,251,252,253,254]
1059.3555625000004 [0,1,2,3,4,5,6,7,8,9] [240,241,242,243,244,245,246,247,248,249,250,251]
1059.0468100000003 [0,1,2,3,4,5,6,7,8,9] [238,239,240,241,242,243,244,245,246,247]
1058.4177777777782 [0,1,2,3,4,5,6,7,8] [254,255]
1057.333611111111 [0,1,2,3,4,5,6,7,8,9] [242,243]
1056.0266666666664 [0,1,2,3,5,6,7,9] [245,246,247]
1055.6628429752068 [0,1,2,3,4,5,6,7,8,9] [238,239,240,241,242,243,244,245,246,247,248]
1054.9504000000004 [0,1,2,3,4,5,6,7,8,9] [240,241,242,243,244]
1054.3182399999998 [0,1,2,3,4,5,6,7,8,9] [251,252,253,254,255]
1053.1320493827163 [0,1,2,3,4,5,6,7,8,9] [238,239,240,241,242,243,244,245,246]
1053.08644 [0,1,2,3,4,5,6,7,8,9] [240,241,242,243,244,245,246,247,248,249]
1050.2523057851236 [0,1,2,3,4,5,6,7,8,9] [240,241,242,243,244,245,246,247,248,249,250]
1050.16949382716 [0,1,2,3,4,5,6,7,8,9] [239,240,241,242,243,244,245,246,247]
1049.76 [0,1,2,3,4,5,6,7,8,9] [241,242]
1048.6964740484432 [0,1,2,3,4,5,6,7,8,9] [240,241,242,243,244,245,246,247,248,249,250,251,252,253,254,255,256]
1048.5759999999998 [0,1,2,3,4,5,6,7,8,9] [234]
1048.16644 [0,1,2,3,4,5,6,7,8,9] [224,225,226,227,228]
1047.9889285714287 [0,1,2,3,5,6,7] [250,251,252,253,254,255]
1047.645297520661 [0,1,2,3,4,5,6,7,8,9] [237,238,239,240,241,242,243,244,245,246,247]
1047.3475600000002 [0,1,2,3,4,5,6,7,8,9] [239,240,241,242,243,244,245,246,247,248]
1046.1880277777775 [0,1,2,3,4,5,6,7,8,9] [238,239,240,241,242,243,244,245,246,247,248,249]
1045.847111111111 [0,1,2,3,4,5,6,7,8,9] [251,252,253,254,255,256]
1045.5062500000004 [0,1,2,3,4,5,6,7,8,9] [237,238,239,240,241,242,243,244,245,246,247,248]
1044.7260493827157 [0,1,2,3,4,5,6,7,8] [254,255,256]
1044.484 [0,1,2,3,4,5,6,7,8,9] [238,239,240,241,242,243,244,245]
1044.3267751479293 [0,1,2,3,4,5,6,7,8,9] [238,239,240,241,242,243,244,245,246,247,248,249,250]
1044.2450000000001 [0,1,2,3,5,6,7,8,9] [246,247,248]
1042.4410000000003 [0,1,2,3,4,5,6,7,8,9] [239,240,241,242,243,244,245,246]
1042.4409999999998 [0,1,2,3,4,5,6,7,8,9] [250,251,252,253,254,255,256]
1041.7524716553287 [0,1,2,3,4,5,6,7,8,9] [239,240,241,242,243,244,245]
1041.2161599999997 [0,1,2,3,4,5,6,7,8,9] [237,238,239,240,241,242,243,244,245,246]
1040.9100624999999 [0,1,2,3,4,5,6,7,8,9] [225,226,227,228]
1040.0508035714286 [0,1,2,3,5,6,7] [250,251,252,253]
1039.210340277778 [0,1,2,3,4,5,6,7,8,9] [236,237,238,239,240,241,242,243,244,245,246,247]
1038.4883789062496 [0,1,2,3,4,5,6,7,8,9] [236,237,238,239,240,241,242,243,244,245,246,247,248,249,250,251]
1037.8907455621302 [0,1,2,3,4,5,6,7,8,9] [236,237,238,239,240,241,242,243,244,245,246,247,248]
1037.8052561983468 [0,1,2,3,4,5,6,7,8,9] [239,240,241,242,243,244,245,246,247,248,249]
1037.5773017751476 [0,1,2,3,4,5,6,7,8,9] [237,238,239,240,241,242,243,244,245,246,247,248,249]
1037.34225 [0,1,2,3,4,5,6,7,8,9] [247,248,249,250,251,252,253,254,255,256]
1036.4936736111108 [0,1,2,3,4,5,6,7,8,9] [239,240,241,242,243,244,245,246,247,248,249,250]
1036.4694336734697 [0,1,2,3,4,5,6,7,8,9] [237,238,239,240,241,242,243,244,245,246,247,248,249,250]
1036.324 [0,1,2,3,4,5,6,7,8,9] [248,249,250,251]
1036.2204166666666 [0,1,2,3,5,6,7] [250,251]
