[Score] [Station index] [Time slots] 
209.952 [0,1,2,3,4] [3]
201.64000000000004 [0,1,2,3] [3,4]
185.92666666666673 [0,1,2,3,4,6,7,9] [214]
184.95999999999998 [0,1,2,3] [4]
180.96333333333334 [0,1,2,3,5,6,7] [59]
180.90249999999997 [0,1,2,3,5,6,7] [60]
178.6408333333333 [0,1,2,3,5,6,7] [59,60]
174.23999999999998 [0,1,2,3] [3,4,5]
171.1736111111111 [0,1,2,3] [2,3,4]
171.02285714285716 [0,1,2,3,5,6,7] [17,18]
170.5690000000001 [0,1,2,3,4,5,6,7,8,9] [205]
170.20125000000004 [0,1,2,3,4,5,6,7] [18]
167.0914285714286 [0,1,2,3,5,6,7] [17]
165.88800000000006 [0,1,2,3,5,6,7,9] [65,66,67]
165.50422222222227 [0,1,2,3,5,6,7,9] [64,65,66]
165.3125 [0,1,2,3,5,6,7,9] [63,64,65,66]
164.73799999999994 [0,1,2,3,5,6,7,9] [63]
164.71124999999998 [0,1,2,3,4,5,6,7] [18,19]
164.16450000000003 [0,1,2,3,5,6,7,9] [66,67]
163.59199999999998 [0,1,2,3,4] [2,3]
162.06750000000002 [0,1,2,3,5,6,7] [57,58,59,60]
161.10125000000005 [0,1,2,3,4,5,6,7] [17,18,19]
161.10125 [0,1,2,3,4,5,6,7] [18,19,20]
161.08488000000003 [0,1,2,3,5,6,7,9] [63,64,65,66,67]
160.17799999999997 [0,1,2,3,5,6,7,9] [64,65,66,67]
159.31125000000003 [0,1,2,3,4,5,6,7] [17,18,19,20]
159.07515624999996 [0,1,2,3] [2,3,4,5]
158.203125 [0,1,2,3,5,6,7,9] [65,66,67,68]
157.76462962962964 [0,1,2,3,5,6,7,9] [63,64,65]
157.44592592592593 [0,1,2,3,5,6,7] [57,58,59]
156.8311111111111 [0,1,2,3,5,6,7] [16,17,18]
156.79999999999995 [0,1,2,3,5,6,7,9] [63,64,65,66,67,68]
156.25 [0,1,2,3,4,5,6,7,8] [1]
156.06000000000003 [0,1,2,3,5,6,7,9] [64,65]
156.00009999999997 [0,1,2,3,5,6,7] [59,60,61,62,63]
155.682 [0,1,2,3,5,6,7,9] [62,63,64,65,66]
155.23592 [0,1,2,3,5,6,7,9] [64,65,66,67,68]
155.10035714285715 [0,1,2,3,5,6,7] [16,17,18,19]
154.58777777777783 [0,1,2,3,4,5,6,7,9] [19]
154.568 [0,1,2,3,5,6,7,9] [66,67,68]
154.4612585034014 [0,1,2,3,5,6,7,9] [60,61,62,63,64,65,66]
154.35245 [0,1,2,3,4,5,6,7] [17,18,19,20,21]
154.1736111111111 [0,1,2,3,5,6,7] [59,60,61,62,63,64]
154.02666666666667 [0,1,2,3,5,6,7,9] [59,60,61,62,63,64,65,66]
154.01250000000005 [0,1,2,3,5,6,7,9] [63,64]
153.82755555555556 [0,1,2,3,5,6,7,9] [62,63,64,65,66,67]
153.75999999999996 [0,1,2,3,5,6,7] [59,60,61,62,63,64,65]
153.2733888888889 [0,1,2,3,5,6,7,9] [61,62,63,64,65,66]
153.22453333333337 [0,1,2,3,5,6,7] [56,57,58,59,60]
153.04278125 [0,1,2,3,5,6,7,9] [60,61,62,63,64,65,66,67]
152.72022222222222 [0,1,2,3,5,6,7,9] [59,60,61,62,63,64,65,66,67]
152.25125 [0,1,2,3,4,5,6,7,8,9] [211]
152.076125 [0,1,2,3,4] [1,2,3,4]
152.03673469387752 [0,1,2,3,5,6,7,9] [61,62,63,64,65,66,67]
152.0066666666667 [0,1,2,3,4,6,7,9] [214,215]
151.70027777777773 [0,1,2,3,5,6,7] [58,59,60,61,62,63]
151.56345679012344 [0,1,2,3,5,6,7] [58,59,60,61,62,63,64,65,66]
151.29000000000005 [0,1,2,3,4,5,6,7,9] [248]
151.24999999999994 [0,1,2,3,5,6,7,9] [62,63,64,65,66,67,68]
151.1278024691358 [0,1,2,3,5,6,7,9] [60,61,62,63,64,65,66,67,68]
151.03008 [0,1,2,3,5,6,7,9] [59,60,61,62,63,64,65,66,67,68]
150.98265625 [0,1,2,3,5,6,7] [60,61,62,63]
150.8291015625 [0,1,2,3,5,6,7] [58,59,60,61,62,63,64,65]
150.7633163265306 [0,1,2,3,5,6,7] [58,59,60,61,62,63,64]
150.675625 [0,1,2,3] [3,4,5,6]
150.50041666666667 [0,1,2,3,5,6,7,9] [60,61,62,63,64,65]
150.3378 [0,1,2,3,4,5,6,7] [16,17,18,19,20]
150.01503125 [0,1,2,3,5,6,7,9] [61,62,63,64,65,66,67,68]
149.94002500000002 [0,1,2,3,5,6,7] [58,59,60,61,62,63,64,65,66,67]
149.81759999999997 [0,1,2,3,5,6,7] [60,61,62,63,64]
149.76899999999995 [0,1,2,3,4,5,6,7,8,9] [212]
149.645 [0,1,2,3,4,6,7,8] [23]
149.42222222222225 [0,1,2,3,4] [1,2,3]
149.37016326530613 [0,1,2,3,5,6,7,9] [63,64,65,66,67,68,69]
149.25661157024794 [0,1,2,3,5,6,7,9] [58,59,60,61,62,63,64,65,66,67,68]
149.25344444444445 [0,1,2,3,4,5,6,7,8,9] [212,213,214]
149.08409999999998 [0,1,2,3] [1,2,3,4,5]
148.83999999999997 [0,1,2,3,5,6,7,9] [60,61]
148.78512500000002 [0,1,2,3,5,6,7,9] [62,63,64,65]
148.78125 [0,1,2,3,4,5,6,7,9] [243]
148.718025 [0,1,2,3,5,6,7] [57,58,59,60,61,62,63,64,65,66]
148.61024999999998 [0,1,2,3,4,5,6,7,8,9] [211,212,213,214]
148.22499999999997 [0,1,2,3,4,5,6,7,8,9] [211,212]
147.70083333333335 [0,1,2,3,5,6,7] [56,57,58,59]
147.6225 [0,1,2,3,5,6,7,9] [59,60,61]
147.56464852607712 [0,1,2,3,4,5,6,7,8] [17,18,19,20,21,22,23]
147.51206611570245 [0,1,2,3,5,6,7] [57,58,59,60,61,62,63,64,65,66,67]
147.37959999999995 [0,1,2,3,4,5,6,7,8,9] [210,211,212,213,214]
147.31890624999997 [0,1,2,3,5,6,7] [57,58,59,60,61,62,63,64]
147.31592000000006 [0,1,2,3,5,6,7,9] [61,62,63,64,65]
146.882 [0,1,2,3,5,6,7,9] [59,60,61,62,63,64,65,66,67,68,69]
146.88199999999998 [0,1,2,3,5,6,7,9] [64,65,66,67,68,69]
146.55698 [0,1,2,3,5,6,7,9] [60,61,62,63,64,65,66,67,68,69]
146.54447530864206 [0,1,2,3,4,5,6,7,8,9] [209,210,211,212,213,214]
146.41 [0,1,2,3,5,6,7,9] [61]
146.30083333333337 [0,1,2,3,5,6,7] [57,58]
146.10765625000002 [0,1,2,3,5,6,7,9] [58,59,60,61]
146.02666666666667 [0,1,2,3,5,6,7,8] [14]
146.00694444444443 [0,1,2,3,5,6,7,9] [58,59,60]
145.805625 [0,1,2,3,5,6,7] [57,58,59,60,61,62,63,64,65,66,67,68]
