[Score] [Station index] [Time slots] 
1602.7559999999999 [0,1,2,3,4,5,6,7,8,9] [234]
1592.0099999999995 [0,1,2,3,4,5,6,7,8,9] [231]
1580.0490000000002 [0,1,2,3,4,5,6,7,8,9] [201]
1562.4999999999995 [0,1,2,3,4,5,6,7,8,9] [238]
1552.3599999999997 [0,1,2,3,4,5,6,7,9] [225]
1520.289 [0,1,2,3,4,5,6,7,8,9] [200,201]
1518.4011111111113 [0,1,2,3,4,5,6,7,9] [212]
1515.3610000000006 [0,1,2,3,4,5,6,7,8,9] [209]
1510.6177777777777 [0,1,2,3,4,5,6,7,9] [224,225]
1510.441000000001 [0,1,2,3,4,5,6,7,8,9] [208,209]
1501.4417777777776 [0,1,2,3,4,5,6,7,8,9] [208,209,210]
1500.6250000000005 [0,1,2,3,4,5,6,7,8,9] [207,208,209]
1500.6249999999995 [0,1,2,3,4,5,6,7,8,9] [222]
1499.4002500000001 [0,1,2,3,4,5,6,7,8,9] [209,210]
1496.9522499999998 [0,1,2,3,4,5,6,7,8,9] [233,234]
1496.3405625 [0,1,2,3,4,5,6,7,8,9] [207,208,209,210]
1493.284 [0,1,2,3,4,5,6,7,8,9] [207,208]
1490.8410000000001 [0,1,2,3,4,5,6,7,8,9] [215]
1489.96 [0,1,2,3,4,5,6,7,9] [220]
1483.5240000000003 [0,1,2,3,4,5,6,7,8,9] [210]
1481.0890000000002 [0,1,2,3,4,5,6,7,8,9] [207]
1476.2249999999997 [0,1,2,3,4,5,6,7,8,9] [221,222]
1470.5604444444448 [0,1,2,3,4,5,6,7,8,9] [199,200,201]
1469.4444444444443 [0,1,2,3,4,5,6,7,9] [224]
1468.944 [0,1,2,3,4,5,6,7,8,9] [206,207,208,209,210]
1466.5210000000002 [0,1,2,3,4,5,6,7,8,9] [220,221,222]
1465.3102500000007 [0,1,2,3,4,5,6,7,8,9] [206,207,208,209]
1465.188271604938 [0,1,2,3,4,5,6,7,9] [223,224,225]
1461.6810000000005 [0,1,2,3,4,5,6,7,8,9] [200]
1460.0694444444448 [0,1,2,3,4,5,6,7,8,9] [205,206,207,208,209,210]
1459.264 [0,1,2,3,4,5,6,7,8,9] [238,239]
1458.2287551020406 [0,1,2,3,4,5,6,7,8,9] [204,205,206,207,208,209,210]
1457.653777777778 [0,1,2,3,4,5,6,7,8,9] [200,201,202]
1456.8489999999997 [0,1,2,3,4,5,6,7,8,9] [222,223]
1455.64225 [0,1,2,3,4,5,6,7,8,9] [201,202]
1455.40096 [0,1,2,3,4,5,6,7,8,9] [205,206,207,208,209]
1455.2401111111108 [0,1,2,3,4,5,6,7,8,9] [221,222,223]
1455.0390625 [0,1,2,3,4,5,6,7,8,9] [219,220,221,222]
1454.0340277777777 [0,1,2,3,4,5,6,7,8,9] [204,205,206,207,208,209]
1453.2302500000003 [0,1,2,3,4,5,6,7,8,9] [220,221,222,223]
1452.0249999999996 [0,1,2,3,4,5,6,7,8,9] [221]
1451.61 [0,1,2,3,4,5,6,7,9] [243]
1451.5430400000005 [0,1,2,3,4,5,6,7,8,9] [221,222,223,224,225]
1451.4225625 [0,1,2,3,4,5,6,7,8,9] [222,223,224,225]
1450.8202500000002 [0,1,2,3,4,5,6,7,8,9] [220,221,222,223,224,225]
1449.6159999999995 [0,1,2,3,4,5,6,7,8,9] [220,221]
1448.8134444444445 [0,1,2,3,4,5,6,7,8,9] [206,207,208]
1448.4122499999999 [0,1,2,3,4,5,6,7,8,9] [221,222,223,224]
1448.1715599999998 [0,1,2,3,4,5,6,7,8,9] [220,221,222,223,224]
1447.209 [0,1,2,3,4,5,6,7,8,9] [222,223,224]
1446.72784 [0,1,2,3,4,5,6,7,8,9] [219,220,221,222,223]
1446.5216530612245 [0,1,2,3,4,5,6,7,8,9] [219,220,221,222,223,224,225]
1443.6022500000004 [0,1,2,3,4,5,6,7,8,9] [237,238]
1443.6022500000001 [0,1,2,3,4,5,6,7,8,9] [219,220,221,222,223,224]
1441.9206399999996 [0,1,2,3,4,5,6,7,8,9] [204,205,206,207,208]
1440.6000625000001 [0,1,2,3,4,5,6,7,8,9] [205,206,207,208]
1440.0 [0,1,2,3,4,5,6,7,8,9] [219,220,221]
1438.8002499999998 [0,1,2,3,4,5,6,7,8,9] [207,208,209,210,211,212]
1437.6736111111106 [0,1,2,3,4,5,6,7,8,9] [230,231]
1437.601 [0,1,2,3,4,5,6,7,8,9] [231,232,233,234]
1436.4022500000003 [0,1,2,3,4,5,6,7,8,9] [199,200,201,202]
1436.1625600000004 [0,1,2,3,4,5,6,7,8,9] [234,235,236,237,238]
1435.6832400000005 [0,1,2,3,4,5,6,7,8,9] [207,208,209,210,211]
1434.00625 [0,1,2,3,4,5,6,7,8,9] [219,220]
1433.026644628099 [0,1,2,3,4,5,6,7,8,9] [200,201,202,203,204,205,206,207,208,209,210]
1432.8090000000004 [0,1,2,3,4,5,6,7,8,9] [214,215]
1431.9113906250002 [0,1,2,3,4,5,6,7,8,9] [218,219,220,221,222,223,224,225]
1431.6122499999997 [0,1,2,3,4,5,6,7,8,9] [204,205]
1431.2134444444441 [0,1,2,3,4,5,6,7,8,9] [234,235,236]
1430.4159999999997 [0,1,2,3,4,5,6,7,8,9] [208,209,210,211,212]
1430.1768099999997 [0,1,2,3,4,5,6,7,8,9] [201,202,203,204,205,206,207,208,209,210]
1429.9376399999999 [0,1,2,3,4,5,6,7,8,9] [218,219,220,221,222]
1429.2202500000003 [0,1,2,3,4,5,6,7,8,9] [233,234,235,236,237,238]
1428.556160493827 [0,1,2,3,4,5,6,7,8,9] [204,205,206,207,208,209,210,211,212]
1428.0250000000003 [0,1,2,3,4,5,6,7,8,9] [199,200,201,202,203,204,205,206,207,208,209,210]
1428.025 [0,1,2,3,4,5,6,7,8,9] [231,232,233,234,235]
1427.6835918367349 [0,1,2,3,4,5,6,7,8,9] [206,207,208,209,210,211,212]
1427.3732561983466 [0,1,2,3,4,5,6,7,8,9] [215,216,217,218,219,220,221,222,223,224,225]
1427.342224489796 [0,1,2,3,4,5,6,7,8,9] [218,219,220,221,222,223,224]
1427.2284444444444 [0,1,2,3,4,5,6,7,8,9] [218,219,220,221,222,223]
1426.2330625000002 [0,1,2,3,4,5,6,7,8,9] [205,206,207,208,209,210,211,212]
1426.2330625 [0,1,2,3,4,5,6,7,8,9] [204,205,206,207]
1425.3375156250004 [0,1,2,3,4,5,6,7,8,9] [204,205,206,207,208,209,210,211]
1424.4422500000005 [0,1,2,3,4,5,6,7,8,9] [215,216,217,218,219,220,221,222]
1424.4422499999998 [0,1,2,3,4,5,6,7,8,9] [208,209,210,211]
1424.3096419753088 [0,1,2,3,4,5,6,7,8,9] [201,202,203,204,205,206,207,208,209]
1424.0444444444447 [0,1,2,3,4,5,6,7,8,9] [214,215,216]
1423.8455625000001 [0,1,2,3,4,5,6,7,8,9] [203,204,205,206,207,208,209,210]
1423.7262399999997 [0,1,2,3,4,5,6,7,8,9] [215,216,217,218,219,220,221,222,223,224]
1423.2490000000003 [0,1,2,3,4,5,6,7,8,9] [215,216,217,218,219,220,221,222,223]
1423.249 [0,1,2,3,4,5,6,7,8,9] [234,235,236,237,238,239]
1423.050173611111 [0,1,2,3,4,5,6,7,8,9] [214,215,216,217,218,219,220,221,222,223,224,225]
1423.0320991735534 [0,1,2,3,4,5,6,7,8,9] [199,200,201,202,203,204,205,206,207,208,209]
1422.7188271604941 [0,1,2,3,4,5,6,7,8,9] [217,218,219,220,221,222,223,224,225]
1422.2266122448982 [0,1,2,3,4,5,6,7,8,9] [205,206,207,208,209,210,211]
1422.0562499999996 [0,1,2,3,4,5,6,7,8,9] [233,234,235,236]
1421.10241 [0,1,2,3,4,5,6,7,8,9] [216,217,218,219,220,221,222,223,224,225]
1420.8640000000005 [0,1,2,3,4,5,6,7,8,9] [206,207]
1420.864 [0,1,2,3,4,5,6,7,8,9] [223,224]
1420.6130637119113 [0,1,2,3,4,5,6,7,8,9] [207,208,209,210,211,212,213,214,215,216,217,218,219,220,221,222,223,224,225]
