[Score] [Station index] [Time slots] 
715.7159999999999 [0,1,2,3,4,5,6,7,8,9] [224]
709.3344444444442 [0,1,2,3,5,6,7,8,9] [227]
700.4844444444445 [0,1,2,3,4,6,7,8,9] [229]
687.2410000000001 [0,1,2,3,4,5,6,7,8,9] [223,224]
669.124 [0,1,2,3,4,5,6,7,8,9] [224,225]
665.856 [0,1,2,3,4,5,6,7,8,9] [223,224,225]
659.344 [0,1,2,3,4,5,6,7,8,9] [223]
654.4810000000001 [0,1,2,3,4,5,6,7,8,9] [232]
648.6691599999998 [0,1,2,3,4,5,6,7,8,9] [223,224,225,226,227]
646.0140625 [0,1,2,3,4,5,6,7,8,9] [224,225,226,227]
641.6010000000001 [0,1,2,3,4,5,6,7,8,9] [227,228,229]
639.2002500000001 [0,1,2,3,4,5,6,7,8,9] [232,233]
639.0860408163264 [0,1,2,3,4,5,6,7,8,9] [223,224,225,226,227,228,229]
637.2030625 [0,1,2,3,4,5,6,7,8,9] [223,224,225,226]
635.7404444444444 [0,1,2,3,4,5,6,7,8,9] [224,225,226,227,228,229]
634.4122500000001 [0,1,2,3,4,5,6,7,8,9] [223,224,225,226,227,228]
633.0854444444444 [0,1,2,3,4,5,6,7,8,9] [222,223,224]
630.8330625 [0,1,2,3,4,5,6,7,8,9] [222,223,224,225]
629.9067777777776 [0,1,2,3,4,5,6,7,8,9] [224,225,226]
629.4835599999999 [0,1,2,3,4,5,6,7,8,9] [224,225,226,227,228]
628.8489999999999 [0,1,2,3,4,5,6,7,8,9] [227,228]
628.3204444444447 [0,1,2,3,4,5,6,7,8,9] [222,223,224,225,226,227]
627.2639999999999 [0,1,2,3,4,5,6,7,8,9] [223,224,225,226,227,228,229,230]
626.6677777777777 [0,1,2,3,5,6,7,8,9] [240]
625.087890625 [0,1,2,3,4,5,6,7,8,9] [222,223,224,225,226,227,228,229]
624.1 [0,1,2,3,4,5,6,7,8,9] [233]
623.5734444444445 [0,1,2,3,4,5,6,7,8,9] [225,226,227]
623.3102500000002 [0,1,2,3,4,5,6,7,8,9] [226,227]
622.7464489795918 [0,1,2,3,4,5,6,7,8,9] [224,225,226,227,228,229,230]
620.3137600000002 [0,1,2,3,4,5,6,7,8,9] [225,226,227,228,229]
619.369 [0,1,2,3,4,5,6,7,8,9] [226,227,228,229]
619.1441632653061 [0,1,2,3,4,5,6,7,8,9] [222,223,224,225,226,227,228]
618.351111111111 [0,1,2,3,4,6,7,8,9] [228,229]
617.4030625 [0,1,2,3,4,5,6,7,8,9] [227,228,229,230]
616.225 [0,1,2,3,4,5,6,7,8,9] [222,223,224,225,226,227,228,229,230]
615.2833600000001 [0,1,2,3,4,5,6,7,8,9] [222,223,224,225,226]
613.0889999999997 [0,1,2,3,4,5,6,7,8,9] [223,224,225,226,227,228,229,230,231,232,233]
611.9932899999998 [0,1,2,3,4,5,6,7,8,9] [223,224,225,226,227,228,229,230,231,232]
611.3502345679015 [0,1,2,3,4,5,6,7,8,9] [221,222,223,224,225,226,227,228,229]
610.1841632653063 [0,1,2,3,4,5,6,7,8,9] [221,222,223,224,225,226,227]
608.7900625000001 [0,1,2,3,4,5,6,7,8,9] [225,226,227,228]
608.5560099999999 [0,1,2,3,4,5,6,7,8,9] [224,225,226,227,228,229,230,231,232,233]
607.8801111111112 [0,1,2,3,4,5,6,7,8,9] [232,233,234]
607.4903402777775 [0,1,2,3,4,5,6,7,8,9] [223,224,225,226,227,228,229,230,231,232,233,234]
607.3604444444445 [0,1,2,3,4,5,6,7,8,9] [223,224,225,226,227,228,229,230,231]
606.8409999999999 [0,1,2,3,4,5,6,7,8,9] [224,225,226,227,228,229,230,231,232]
606.06225 [0,1,2,3,4,5,6,7,8,9] [222,223,224,225,226,227,228,229,230,231,232,233]
605.4036982248521 [0,1,2,3,4,5,6,7,8,9] [223,224,225,226,227,228,229,230,231,232,233,234,235]
604.9728399999998 [0,1,2,3,4,5,6,7,8,9] [221,222,223,224,225]
604.81729 [0,1,2,3,4,5,6,7,8,9] [221,222,223,224,225,226,227,228,229,230]
604.6617600000003 [0,1,2,3,4,5,6,7,8,9] [226,227,228,229,230]
604.50625 [0,1,2,3,4,5,6,7,8,9] [221,222,223,224,225,226,227,228]
604.435570247934 [0,1,2,3,4,5,6,7,8,9] [222,223,224,225,226,227,228,229,230,231,232]
603.729 [0,1,2,3,4,5,6,7,8,9] [226,227,228]
602.8816611570247 [0,1,2,3,4,5,6,7,8,9] [224,225,226,227,228,229,230,231,232,233,234]
601.4599053254435 [0,1,2,3,4,5,6,7,8,9] [222,223,224,225,226,227,228,229,230,231,232,233,234]
601.0125625000001 [0,1,2,3,4,5,6,7,8,9] [232,233,234,235]
601.0125624999998 [0,1,2,3,4,5,6,7,8,9] [224,225,226,227,228,229,230,231,232,233,234,235]
600.4700099999999 [0,1,2,3,4,5,6,7,8,9] [220,221,222,223,224,225,226,227,228,229]
600.2375624999999 [0,1,2,3,4,5,6,7,8,9] [221,222,223,224]
599.9608979591836 [0,1,2,3,4,5,6,7,8,9] [222,223,224,225,226,227,228,229,230,231,232,233,234,235]
599.5404899999999 [0,1,2,3,4,5,6,7,8,9] [222,223,224,225,226,227,228,229,230,231]
599.5183673469388 [0,1,2,3,4,5,6,7,8,9] [227,228,229,230,231,232,233]
598.1237633136095 [0,1,2,3,4,5,6,7,8,9] [221,222,223,224,225,226,227,228,229,230,231,232,233]
597.1854938271606 [0,1,2,3,4,5,6,7,8,9] [225,226,227,228,229,230,231,232,233]
596.75625 [0,1,2,3,4,5,6,7,8,9] [220,221,222,223,224,225,226,227]
596.4987777777778 [0,1,2,3,4,5,6,7,8,9] [221,222,223,224,225,226]
595.984 [0,1,2,3,4,5,6,7,8,9] [238]
595.5629834710742 [0,1,2,3,4,5,6,7,8,9] [220,221,222,223,224,225,226,227,228,229,230]
595.4694444444447 [0,1,2,3,4,5,6,7,8,9] [227,228,229,230,231,232]
595.1020408163263 [0,1,2,3,4,5,6,7,8,9] [223,224,225,226,227,228,229,230,231,232,233,234,235,236]
594.4409999999999 [0,1,2,3,4,5,6,7,8,9] [221,222,223,224,225,226,227,228,229,230,231,232,233,234]
593.8628906250002 [0,1,2,3,4,5,6,7,8,9] [226,227,228,229,230,231,232,233]
593.862890625 [0,1,2,3,4,5,6,7,8,9] [225,226,227,228,229,230,231,232]
593.6702499999999 [0,1,2,3,4,5,6,7,8,9] [222,223]
593.5161600000001 [0,1,2,3,4,5,6,7,8,9] [221,222,223,224,225,226,227,228,229,230,231,232,233,234,235]
593.2422716049383 [0,1,2,3,4,5,6,7,8,9] [220,221,222,223,224,225,226,227,228]
592.9 [0,1,2,3,4,5,6,7,8,9] [227,228,229,230,231,232,233,234]
592.3867777777779 [0,1,2,3,4,5,6,7,8,9] [228,229,230]
592.13025 [0,1,2,3,4,5,6,7,8,9] [225,226,227,228,229,230,231,232,233,234]
591.5319012345678 [0,1,2,3,4,5,6,7,8,9] [227,228,229,230,231,232,233,234,235]
591.3609999999999 [0,1,2,3,4,5,6,7,8,9] [220,221,222,223,224,225,226,227,228,229,230,231,232,233]
591.081396694215 [0,1,2,3,4,5,6,7,8,9] [225,226,227,228,229,230,231,232,233,234,235]
590.8018595041322 [0,1,2,3,4,5,6,7,8,9] [221,222,223,224,225,226,227,228,229,230,231]
590.74596 [0,1,2,3,4,5,6,7,8,9] [222,223,224,225,226,227,228,229,230,231,232,233,234,235,236]
590.2967100591716 [0,1,2,3,4,5,6,7,8,9] [224,225,226,227,228,229,230,231,232,233,234,235,236]
589.6045918367346 [0,1,2,3,4,5,6,7,8,9] [226,227,228,229,230,231,232]
589.0562499999999 [0,1,2,3,4,5,6,7,8,9] [225,226]
588.879147928994 [0,1,2,3,4,5,6,7,8,9] [220,221,222,223,224,225,226,227,228,229,230,231,232]
588.8711111111113 [0,1,2,3,4,5,6,7,8] [235]
588.6299382716048 [0,1,2,3,4,5,6,7,8,9] [226,227,228,229,230,231,232,233,234]
588.391271111111 [0,1,2,3,4,5,6,7,8,9] [220,221,222,223,224,225,226,227,228,229,230,231,232,233,234]
588.0333611111112 [0,1,2,3,4,5,6,7,8,9] [220,221,222,223,224,225]
587.98224 [0,1,2,3,4,5,6,7,8,9] [229,230,231,232,233]
587.9055625 [0,1,2,3,4,5,6,7,8,9] [220,221,222,223,224,225,226,227,228,229,230,231,232,233,234,235]
587.82889 [0,1,2,3,4,5,6,7,8,9] [226,227,228,229,230,231,232,233,234,235]
587.2348476562502 [0,1,2,3,4,5,6,7,8,9] [223,224,225,226,227,228,229,230,231,232,233,234,235,236,237,238]
586.6538711111111 [0,1,2,3,4,5,6,7,8,9] [223,224,225,226,227,228,229,230,231,232,233,234,235,236,237]
585.9051975308641 [0,1,2,3,4,5,6,7,8,9] [223,224,225,226,227,228,229,230,231,232,233,234,235,236,237,238,239,240]
585.6753124999998 [0,1,2,3,5,6,7,8] [239,240]
