[Score] [Station index] [Time slots] 
1193.16125 [0,1,2,3,5,7,8,9] [176]
1165.2378125 [0,1,2,3,5,7,8,9] [176,177]
1163.5679012345677 [0,1,2,3,4,5,7,8,9] [176,177,178]
1162.8100000000004 [0,1,2,3,4,5,7,8,9] [178]
1157.7760000000003 [0,1,2,3,4,5,6,7,8,9] [213]
1152.6025 [0,1,2,3,4,5,7,8,9] [177,178]
1142.44 [0,1,2,3,4,5,7,8,9] [177]
1134.225 [0,1,2,3,4,5,6,7,8,9] [189]
1130.0802777777776 [0,1,2,3,4,5,7,8,9] [176,177,178,179]
1126.161736111111 [0,1,2,3,4,5,7,8,9] [175,176,177,178]
1114.076049382716 [0,1,2,3,4,5,7,8,9] [175,176,177]
1113.334444444444 [0,1,2,3,4,5,7,8,9] [142]
1111.8519753086423 [0,1,2,3,4,5,7,8,9] [177,178,179]
1108.8089999999997 [0,1,2,3,4,5,6,7,8,9] [212,213]
1107.1147111111113 [0,1,2,3,4,5,7,8,9] [175,176,177,178,179]
1100.0277777777783 [0,1,2,3,4,5,7,8,9] [175,176]
1098.7015111111114 [0,1,2,3,4,5,7,8,9] [176,177,178,179,180]
1096.713611111111 [0,1,2,3,4,5,7,8,9] [178,179]
1096.2089999999998 [0,1,2,3,4,5,6,7,8,9] [213,214]
1087.8490000000002 [0,1,2,3,4,5,6,7,8,9] [188,189]
1084.9704012345685 [0,1,2,3,4,5,7,8,9] [175,176,177,178,179,180]
1084.3751111111112 [0,1,2,3,4,5,6,7,8,9] [212,213,214]
1077.4806250000001 [0,1,2,3,4,5,7,8,9] [177,178,179,180]
1076.7521111111112 [0,1,2,3,4,5,6,7,8,9] [211,212,213]
1075.4027111111109 [0,1,2,3,4,5,7,8,9] [174,175,176,177,178]
1072.5624999999995 [0,1,2,3,4,5,7,8,9] [141,142]
1071.107438271605 [0,1,2,3,4,5,7,8,9] [176,177,178,179,180,181]
1068.2002777777777 [0,1,2,3,4,5,7,8,9] [174,175,176,177,178,179]
1067.111111111111 [0,1,2,3,4,5,7,8,9] [191]
1066.5725625 [0,1,2,3,4,5,6,7,8,9] [211,212,213,214]
1063.3810430839003 [0,1,2,3,4,5,7,8,9] [175,176,177,178,179,180,181]
1062.0356790123453 [0,1,2,3,4,5,7,8,9] [189,190,191]
1060.9000000000003 [0,1,2,3,4,5,6,7,8,9] [212]
1057.2980625 [0,1,2,3,4,5,6,7,8,9] [212,213,214,215]
1056.25 [0,1,2,3,4,5,7,8,9] [178,179,180]
1056.0987777777777 [0,1,2,3,4,5,6,7,8,9] [213,214,215]
1055.0122675736964 [0,1,2,3,4,5,7,8,9] [174,175,176,177,178,179,180]
1054.0844444444444 [0,1,2,3,4,5,7,8,9] [174,175,176,177]
1052.6760000000002 [0,1,2,3,4,5,6,7,8,9] [187,188,189]
1048.8961777777777 [0,1,2,3,4,5,7,8,9] [177,178,179,180,181]
1048.5760000000002 [0,1,2,3,4,5,6,7,8,9] [211,212,213,214,215]
1048.526077097506 [0,1,2,3,4,5,7,8,9] [176,177,178,179,180,181,182]
1044.6362673611109 [0,1,2,3,4,5,7,8,9] [175,176,177,178,179,180,181,182]
1044.484 [0,1,2,3,4,5,6,7,8,9] [189,190]
1043.802777777778 [0,1,2,3,4,5,6,7,8,9] [188,189,190]
1042.4410000000003 [0,1,2,3,4,5,6,7,8,9] [188]
1040.4208641975308 [0,1,2,3,4,5,7,8,9] [173,174,175,176,177,178]
1040.0624999999995 [0,1,2,3,4,5,7,8,9] [174,175,176,177,178,179,180,181]
1039.2947845804983 [0,1,2,3,4,5,7,8,9] [173,174,175,176,177,178,179]
1037.4534240362807 [0,1,2,3,4,5,7,8,9] [172,173,174,175,176,177,178]
1036.8400000000006 [0,1,2,3,4,5,7,8,9] [172,173,174,175,176,177,178,179]
1036.84 [0,1,2,3,5,6,7,8,9] [214]
1036.3239999999996 [0,1,2,3,4,5,6,7,8,9] [188,189,190,191]
1034.42640625 [0,1,2,3,4,5,7,8,9] [176,177,178,179,180,181,182,183]
1032.5511111111111 [0,1,2,3,4,5,7,8,9] [175,176,177,178,179,180,181,182,183]
1031.480277777778 [0,1,2,3,4,5,7,8,9] [173,174,175,176,177,178,179,180]
1030.1722359396435 [0,1,2,3,4,5,7,8,9] [172,173,174,175,176,177,178,179,180]
1029.8190399999999 [0,1,2,3,4,5,6,7,8,9] [212,213,214,215,216]
1028.983827160494 [0,1,2,3,4,5,7,8,9] [140,141,142]
1028.7030625000002 [0,1,2,3,4,5,6,7,8,9] [187,188,189,190]
1027.1822499999998 [0,1,2,3,4,5,6,7,8,9] [211,212,213,214,215,216]
1026.9795599999998 [0,1,2,3,4,5,6,7,8,9] [210,211,212,213,214]
1026.4904012345678 [0,1,2,3,4,5,7,8,9] [177,178,179,180,181,182]
1026.1344444444446 [0,1,2,3,4,5,7,8,9] [190,191]
1026.1344444444444 [0,1,2,3,4,5,7,8,9] [178,179,180,181]
1025.76384 [0,1,2,3,4,5,6,7,8,9] [187,188,189,190,191]
1025.4227160493829 [0,1,2,3,4,5,7,8,9] [174,175,176]
1022.1209999999995 [0,1,2,3,4,5,6,7,8,9] [213,214,215,216]
1021.1575308641974 [0,1,2,3,4,5,7,8,9] [141,142,143]
1020.9208367626883 [0,1,2,3,4,5,7,8,9] [173,174,175,176,177,178,179,180,181]
1020.8024999999998 [0,1,2,3,4,5,7,8,9] [172,173,174,175,176,177,178,179,180,181]
1018.7537777777776 [0,1,2,3,4,5,6,7,8,9] [210,211,212,213,214,215]
1017.6099999999998 [0,1,2,3,4,5,7,8,9] [175]
1017.2555864197532 [0,1,2,3,4,5,7,8,9] [172,173,174,175,176,177]
1017.1847111111113 [0,1,2,3,4,5,7,8,9] [174,175,176,177,178,179,180,181,182,183]
1016.7595111111108 [0,1,2,3,4,5,7,8,9] [173,174,175,176,177]
1016.5469444444443 [0,1,2,3,4,5,7,8,9] [189,190,191,192]
1015.4844444444448 [0,1,2,3,4,5,7,8,9] [142,143]
1014.049 [0,1,2,3,4,5,6,7,8,9] [198]
1013.6643083900225 [0,1,2,3,4,5,7,8,9] [177,178,179,180,181,182,183]
1013.0422500000001 [0,1,2,3,4,5,6,7,8,9] [187,188]
1012.5390625 [0,1,2,3,4,5,6,7,8,9] [186,187,188,189]
1011.4755692729764 [0,1,2,3,4,5,7,8,9] [171,172,173,174,175,176,177,178,179]
1011.2399999999996 [0,1,2,3,4,5,7,8,9] [172,173,174,175,176,177,178,179,180,181,182]
1011.028011111111 [0,1,2,3,4,5,7,8,9] [175,176,177,178,179,180,181,182,183,184]
1010.8659169550172 [0,1,2,3,4,5,7,8,9] [175,176,177,178,179,180,181,182,183,184,185,186,187,188,189,190,191]
1010.634376417233 [0,1,2,3,4,5,7,8,9] [185,186,187,188,189,190,191]
1010.4451562500003 [0,1,2,3,4,5,7,8,9] [176,177,178,179,180,181,182,183,184,185,186,187,188,189,190,191]
1010.3921777777778 [0,1,2,3,4,5,7,8,9] [173,174,175,176,177,178,179,180,181,182]
1010.2979972565158 [0,1,2,3,4,5,7,8,9] [176,177,178,179,180,181,182,183,184]
1010.2512500000001 [0,1,2,3,4,5,7,8,9] [129]
1010.0249999999996 [0,1,2,3,4,5,6,7,8,9] [172]
1008.8564062499998 [0,1,2,3,4,5,7,8,9] [171,172,173,174,175,176,177,178]
1008.8387604938273 [0,1,2,3,4,5,7,8,9] [175,176,177,178,179,180,181,182,183,184,185,186,187,188,189]
1008.2136961451246 [0,1,2,3,4,5,7,8,9] [176,177,178,179,180,181,182,183,184,185,186,187,188,189]
1008.0625 [0,1,2,3,5,6,7,8,9] [214,215]
1007.4011501736109 [0,1,2,3,4,5,7,8,9] [175,176,177,178,179,180,181,182,183,184,185,186,187,188,189,190]
1006.7223901234569 [0,1,2,3,4,5,7,8,9] [176,177,178,179,180,181,182,183,184,185,186,187,188,189,190]
1005.0661188271608 [0,1,2,3,4,5,7,8,9] [172,173,174,175,176,177,178,179,180,181,182,183]
1004.8900000000002 [0,1,2,3,4,5,7,8,9] [179,180]
