[Score] [Station index] [Time slots] 
1411.3439999999998 [0,1,2,3,4,5,6,7,8,9] [2]
1399.489 [0,1,2,3,4,5,6,7,8,9] [0]
1380.6250000000005 [0,1,2,3,4,5,6,7,8,9] [0,1,2]
1371.2409999999998 [0,1,2,3,4,5,6,7,8,9] [1,2]
1366.561 [0,1,2,3,4,5,6,7,8,9] [2,3]
1365.9765625 [0,1,2,3,4,5,6,7,8,9] [0,1,2,3]
1365.3922500000003 [0,1,2,3,4,5,6,7,8,9] [0,1]
1354.8959999999995 [0,1,2,3,4,5,6,7,8,9] [1,2,3]
1339.5747600000007 [0,1,2,3,4,5,6,7,8,9] [0,1,2,3,4]
1331.7160000000001 [0,1,2,3,4,5,6,7,8,9] [1]
1324.8010000000002 [0,1,2,3,4,5,6,7,8,9] [1,2,3,4]
1322.5 [0,1,2,3,4,5,6,7,8,9] [2,3,4]
1322.1166944444444 [0,1,2,3,4,5,6,7,8,9] [0,1,2,3,4,5]
1314.953653061224 [0,1,2,3,4,5,6,7,8,9] [0,1,2,3,4,5,6]
1306.9062400000005 [0,1,2,3,4,5,6,7,8,9] [1,2,3,4,5]
1301.8809999999996 [0,1,2,3,4,5,6,7,8,9] [8]
1301.1204444444443 [0,1,2,3,4,5,6,7,8,9] [1,2,3,4,5,6]
1300.7402500000003 [0,1,2,3,4,5,6,7,8,9] [2,3,4,5]
1299.6 [0,1,2,3,4,5,6,7,8,9] [0,1,2,3,4,5,6,7,8]
1299.315015625 [0,1,2,3,4,5,6,7,8,9] [0,1,2,3,4,5,6,7]
1295.0440000000003 [0,1,2,3,4,5,6,7,8,9] [2,3,4,5,6]
1290.4959999999999 [0,1,2,3,4,5,6,7,8,9] [24]
1287.3738906249998 [0,1,2,3,4,5,6,7,8,9] [1,2,3,4,5,6,7,8]
1285.3080816326533 [0,1,2,3,4,5,6,7,8,9] [1,2,3,4,5,6,7]
1281.100591836735 [0,1,2,3,4,5,6,7,8,9] [2,3,4,5,6,7,8]
1279.1610000000003 [0,1,2,3,4,5,6,7,8,9] [3,4]
1278.48249 [0,1,2,3,4,5,6,7,8,9] [0,1,2,3,4,5,6,7,8,9]
1277.6534444444446 [0,1,2,3,4,5,6,7,8,9] [2,3,4,5,6,7]
1272.384 [0,1,2,3,4,5,6,7,8,9] [6]
1266.7502500000003 [0,1,2,3,4,5,6,7,8,9] [3,4,5,6]
1265.3750123456796 [0,1,2,3,4,5,6,7,8,9] [1,2,3,4,5,6,7,8,9]
1264.875111111111 [0,1,2,3,4,5,6,7,8,9] [3,4,5]
1261.537396694215 [0,1,2,3,4,5,6,7,8,9] [0,1,2,3,4,5,6,7,8,9,10]
1260.00625 [0,1,2,3,4,5,6,7,8,9] [3,4,5,6,7,8]
1257.2015624999997 [0,1,2,3,4,5,6,7,8,9] [2,3,4,5,6,7,8,9]
1255.1467777777777 [0,1,2,3,4,5,6,7,8,9] [6,7,8]
1254.4 [0,1,2,3,4,5,6,7,8,9] [5,6]
1251.7134400000002 [0,1,2,3,4,5,6,7,8,9] [3,4,5,6,7]
1250.4830625 [0,1,2,3,4,5,6,7,8,9] [5,6,7,8]
1249.5800236686387 [0,1,2,3,4,5,6,7,8,9] [0,1,2,3,4,5,6,7,8,9,10,11,12]
1248.433777777778 [0,1,2,3,4,5,6,7,8,9] [4,5,6]
1248.13584 [0,1,2,3,4,5,6,7,8,9] [1,2,3,4,5,6,7,8,9,10]
1247.6889999999999 [0,1,2,3,4,5,6,7,8,9] [4,5,6,7,8]
1246.5722499999997 [0,1,2,3,4,5,6,7,8,9] [7,8]
1246.2001111111113 [0,1,2,3,4,5,6,7,8,9] [0,1,2,3,4,5,6,7,8,9,10,11]
1243.2249999999995 [0,1,2,3,4,5,6,7,8,9] [21]
1239.0163456790126 [0,1,2,3,4,5,6,7,8,9] [2,3,4,5,6,7,8,9,10]
1237.4708402777774 [0,1,2,3,4,5,6,7,8,9] [1,2,3,4,5,6,7,8,9,10,11,12]
1236.6944444444443 [0,1,2,3,4,5,7,8,9] [17]
1236.5440000000003 [0,1,2,3,4,5,6,7,8,9] [4,5]
1236.5439999999996 [0,1,2,3,4,5,6,7,8,9] [5]
1236.3851479591835 [0,1,2,3,4,5,6,7,8,9] [0,1,2,3,4,5,6,7,8,9,10,11,12,13]
1235.9086530612246 [0,1,2,3,4,5,6,7,8,9] [3,4,5,6,7,8,9]
1234.321 [0,1,2,3,4,5,6,7,8,9] [4,5,6,7]
1233.5804444444443 [0,1,2,3,4,5,6,7,8,9] [5,6,7]
1232.70552892562 [0,1,2,3,4,5,6,7,8,9] [1,2,3,4,5,6,7,8,9,10,11]
1232.1000000000006 [0,1,2,3,4,5,6,7,8,9] [21,22]
1232.1 [0,1,2,3,4,5,6,7,8,9] [6,7]
1229.0745867768592 [0,1,2,3,4,5,6,7,8,9] [2,3,4,5,6,7,8,9,10,11,12]
1224.3422500000004 [0,1,2,3,4,5,6,7,8,9] [21,22,23,24]
1224.2571360946745 [0,1,2,3,4,5,6,7,8,9] [1,2,3,4,5,6,7,8,9,10,11,12,13]
1223.0148099999997 [0,1,2,3,4,5,6,7,8,9] [2,3,4,5,6,7,8,9,10,11]
1222.4987777777776 [0,1,2,3,4,5,6,7,8,9] [0,1,2,3,4,5,6,7,8,9,10,11,12,13,14]
1221.7617777777778 [0,1,2,3,4,5,6,7,8,9] [4,5,6,7,8,9]
1221.0250000000003 [0,1,2,3,4,5,6,7,8,9] [22]
1218.8160000000003 [0,1,2,3,4,5,6,7,8,9] [5,6,7,8,9]
1218.2640625 [0,1,2,3,4,5,6,7,8,9] [3,4,5,6,7,8,9,10]
1218.0801111111114 [0,1,2,3,4,5,6,7,8,9] [22,23,24]
1216.6089999999997 [0,1,2,3,4,5,6,7,8,9] [23,24]
1215.5062499999997 [0,1,2,3,4,5,6,7,8,9] [2,3,4,5,6,7,8,9,10,11,12,13]
1214.404 [0,1,2,3,4,5,6,7,8,9] [6,7,8,9]
1211.9257656249997 [0,1,2,3,4,5,6,7,8,9] [0,1,2,3,4,5,6,7,8,9,10,11,12,13,14,15]
1211.5404899999999 [0,1,2,3,4,5,6,7,8,9] [3,4,5,6,7,8,9,10,11,12]
1210.3143061224487 [0,1,2,3,4,5,6,7,8,9] [1,2,3,4,5,6,7,8,9,10,11,12,13,14]
1203.7224489795922 [0,1,2,3,4,5,6,7,8,9] [4,5,6,7,8,9,10]
1202.9214938271605 [0,1,2,3,4,5,6,7,8,9] [3,4,5,6,7,8,9,10,11]
1202.677777777778 [0,1,2,3,4,5,6,7,8,9] [21,22,23]
1201.216 [0,1,2,3,4,5,6,7,8,9] [2,3,4,5,6,7,8,9,10,11,12,13,14]
1199.90116 [0,1,2,3,4,5,6,7,8,9] [1,2,3,4,5,6,7,8,9,10,11,12,13,14,15]
1199.7551111111109 [0,1,2,3,4,5,6,7,8,9] [0,1,2,3,4,5,6,7,8,9,10,11,12,13,14,15,16,17]
1199.5117160493824 [0,1,2,3,4,5,6,7,8,9] [4,5,6,7,8,9,10,11,12]
1199.46304 [0,1,2,3,4,5,6,7,8,9] [21,22,23,24,25]
1198.4278016528924 [0,1,2,3,4,5,6,7,8,9] [3,4,5,6,7,8,9,10,11,12,13]
1198.3809688581314 [0,1,2,3,4,5,6,7,8,9] [0,1,2,3,4,5,6,7,8,9,10,11,12,13,14,15,16]
1198.295111111111 [0,1,2,3,4,5,6,7,8,9] [5,6,7,8,9,10]
1196.8359999999998 [0,1,2,3,4,5,6,7,8,9] [8,9]
1195.3777777777777 [0,1,2,3,4,5,6,7,8,9] [7,8,9]
1194.9222656250004 [0,1,2,3,4,5,6,7,8,9] [5,6,7,8,9,10,11,12]
1194.649 [0,1,2,3,4,5,6,7,8,9] [24,25]
1192.4640000000002 [0,1,2,3,4,5,6,7,8,9] [7]
1191.6595041551243 [0,1,2,3,4,5,6,7,8,9] [0,1,2,3,4,5,6,7,8,9,10,11,12,13,14,15,16,17,18]
1190.748617346939 [0,1,2,3,4,5,6,7,8,9] [2,3,4,5,6,7,8,9,10,11,12,13,14,15]
1190.7174400000001 [0,1,2,3,4,5,6,7,8,9] [6,7,8,9,10]
1189.8446399999998 [0,1,2,3,4,5,6,7,8,9] [0,1,2,3,4,5,6,7,8,9,10,11,12,13,14,15,16,17,18,19]
1189.0593935999996 [0,1,2,3,4,5,6,7,8,9] [0,1,2,3,4,5,6,7,8,9,10,11,12,13,14,15,16,17,18,19,20,21,22,23,24]
1189.0344693877548 [0,1,2,3,4,5,6,7,8,9] [6,7,8,9,10,11,12]
1188.6450625000002 [0,1,2,3,4,5,6,7,8,9] [22,23,24,25]
1188.4847370242214 [0,1,2,3,4,5,6,7,8,9] [1,2,3,4,5,6,7,8,9,10,11,12,13,14,15,16,17]
1188.372515625 [0,1,2,3,4,5,6,7,8,9] [4,5,6,7,8,9,10,11]
1186.6786862003778 [0,1,2,3,4,5,6,7,8,9] [0,1,2,3,4,5,6,7,8,9,10,11,12,13,14,15,16,17,18,19,20,21,22]
