[Score] [Station index] [Time slots] 
442.4011111111112 [0,1,2,3,4,5,6,7,8,9] [244]
442.225 [0,1,2,3,4,5,6,7,8,9] [234]
441.0450000000001 [0,1,2,3,4,6,7,8,9] [263,264]
438.244 [0,1,2,3,4,5,6,7,8,9] [262]
438.2044444444444 [0,1,2,3,4,5,6,7,8,9] [266]
435.6168055555555 [0,1,2,3,4,6,7,8,9] [262,263,264]
435.4177777777779 [0,1,2,3,5,6,7,8,9] [230]
423.67361111111103 [0,1,2,3,4,5,6,7,8,9] [266,267]
419.77531250000004 [0,1,2,3,4,6,7,8,9] [261,262,263,264]
417.60499999999985 [0,1,2,3,4,6,7,8,9] [258]
414.24013888888885 [0,1,2,3,4,6,7,8,9] [264,265,266]
413.6407031249999 [0,1,2,3,4,6,7,8,9] [262,263,264,265]
413.56879999999995 [0,1,2,3,4,6,7,8,9] [262,263,264,265,266]
413.44444444444446 [0,1,2,3,4,5,6,7,8,9] [244,245]
412.56281249999995 [0,1,2,3,4,6,7,8,9] [262,263]
411.1278125 [0,1,2,3,4,6,7,8,9] [262,263,264,265,266,267]
410.76945312500004 [0,1,2,3,4,6,7,8,9] [263,264,265,266]
410.41124999999994 [0,1,2,3,4,6,7,8,9] [264,265,266,267]
410.0625 [0,1,2,3,4,5,6,7,8,9] [243,244]
409.93388888888876 [0,1,2,3,4,6,7,8,9] [263,264,265]
408.40819999999997 [0,1,2,3,4,6,7,8,9] [263,264,265,266,267]
406.83781250000004 [0,1,2,3,4,6,7,8,9] [261,262,263,264,265,266]
405.71795918367354 [0,1,2,3,4,6,7,8,9] [261,262,263,264,265,266,267]
405.5552000000001 [0,1,2,3,4,6,7,8,9] [261,262,263,264,265]
405.3511111111112 [0,1,2,3,4,5,6,7,8,9] [253]
405.3111224489797 [0,1,2,3,4,6,7,8,9] [262,263,264,265,266,267,268]
402.67111111111103 [0,1,2,3,4,5,6,7,8,9] [261,262]
401.86125000000004 [0,1,2,3,4,6,7,8,9] [257,258]
401.77975308641965 [0,1,2,3,4,5,6,7,8,9] [243,244,245]
401.33444444444444 [0,1,2,3,4,6,7,8,9] [243]
401.3298632812499 [0,1,2,3,4,6,7,8,9] [261,262,263,264,265,266,267,268]
400.4450000000001 [0,1,2,3,4,6,7,8,9] [263]
399.5022222222223 [0,1,2,3,4,6,7,8,9] [261,262,263]
397.62 [0,1,2,3,4,6,7,8,9] [258,259]
395.8092091836735 [0,1,2,3,4,6,7,8,9] [258,259,260,261,262,263,264]
395.6410000000001 [0,1,2,3,4,5,6,7,8,9] [230,231]
395.08605 [0,1,2,3,4,6,7,8,9] [260,261,262,263,264]
394.62939453125 [0,1,2,3,4,6,7,8,9] [257,258,259,260,261,262,263,264]
393.8688888888889 [0,1,2,3,4,6,7,8,9] [257,258,259]
393.26101249999994 [0,1,2,3,4,6,7,8,9] [258,259,260,261,262,263,264,265,266,267]
392.63662190082647 [0,1,2,3,4,6,7,8,9] [257,258,259,260,261,262,263,264,265,266,267]
392.62246913580236 [0,1,2,3,4,6,7,8,9] [258,259,260,261,262,263,264,265,266]
392.23336805555556 [0,1,2,3,4,6,7,8,9] [259,260,261,262,263,264]
392.1750195312499 [0,1,2,3,4,6,7,8,9] [260,261,262,263,264,265,266,267]
392.0 [0,1,2,3,4,6,7,8,9] [257,258,259,260,261,262,263,264,265,266]
391.23673553719 [0,1,2,3,4,6,7,8,9] [258,259,260,261,262,263,264,265,266,267,268]
391.2004081632653 [0,1,2,3,4,6,7,8,9] [260,261,262,263,264,265,266]
390.83420138888897 [0,1,2,3,4,6,7,8,9] [257,258,259,260,261,262,263,264,265,266,267,268]
390.60125 [0,1,2,3,4,6,7,8,9] [259,260,261,262,263,264,265,266,267]
390.4266666666667 [0,1,2,3,4,6] [264]
390.28197530864196 [0,1,2,3,4,5,6,7,8,9] [265,266,267]
390.07736328125 [0,1,2,3,4,6,7,8,9] [258,259,260,261,262,263,264,265]
389.6701388888889 [0,1,2,3,4,6,7,8,9] [257,258,259,260,261,262,263,264,265]
389.55382812499994 [0,1,2,3,4,6,7,8,9] [259,260,261,262,263,264,265,266]
389.37599999999986 [0,1,2,3,4,5,6,7,8,9] [229,230]
389.2628571428571 [0,1,2,3,4,5,6] [276]
387.5792013888889 [0,1,2,3,4,6,7,8,9] [260,261,262,263,264,265]
386.42 [0,1,2,3,4,6,7,8,9] [257]
386.4199999999999 [0,1,2,3,4,6,7,8,9] [241]
386.2214540816326 [0,1,2,3,4,6,7,8,9] [259,260,261,262,263,264,265]
385.88944 [0,1,2,3,4,5,6,7,8,9] [241,242,243,244,245]
385.64099999999996 [0,1,2,3,4,5,6,7,8,9] [259]
385.4677777777778 [0,1,2,3,4,5,6,7,8,9] [245]
384.81361111111113 [0,1,2,3,4,5,6,7,8,9] [265,266,267,268]
382.65635204081633 [0,1,2,3,4,6,7,8,9] [257,258,259,260,261,262,263]
382.03086805555563 [0,1,2,3,4,6,7,8,9] [258,259,260,261,262,263]
380.90027777777766 [0,1,2,3,4,5,6,7,8,9] [265,266]
380.535078125 [0,1,2,3,4,6,7,8,9] [256,257,258,259,260,261,262,263,264,265,266,267]
380.2777777777778 [0,1,2,3,4,5,6,7,8,9] [229,230,231]
379.86677777777766 [0,1,2,3,4,5,6,7,8,9] [228,229,230]
379.819201183432 [0,1,2,3,4,6,7,8,9] [256,257,258,259,260,261,262,263,264,265,266,267,268]
379.7308680555557 [0,1,2,3,4,6,7,8,9] [257,258,259,260,261,262]
378.87537190082645 [0,1,2,3,4,6,7,8,9] [256,257,258,259,260,261,262,263,264,265,266]
378.69160000000005 [0,1,2,3,4,5,6,7,8,9] [258,259,260,261,262]
378.27779320987645 [0,1,2,3,4,6,7,8,9] [256,257,258,259,260,261,262,263,264]
377.2227160493828 [0,1,2,3,4,6,7,8,9] [241,242,243]
376.9624334319526 [0,1,2,3,4,6,7,8,9] [255,256,257,258,259,260,261,262,263,264,265,266,267]
376.55520408163267 [0,1,2,3,4,6,7,8,9] [255,256,257,258,259,260,261,262,263,264,265,266,267,268]
376.2938888888888 [0,1,2,3,4,6,7,8,9] [253,254,255,256,257,258,259,260,261,262,263,264,265,266,267]
375.9796142578124 [0,1,2,3,4,6,7,8,9] [253,254,255,256,257,258,259,260,261,262,263,264,265,266,267,268]
375.8428444444445 [0,1,2,3,4,5,6,7,8,9] [259,260,261,262,263]
375.5170124999999 [0,1,2,3,4,6,7,8,9] [256,257,258,259,260,261,262,263,264,265]
375.4625624999999 [0,1,2,3,4,5,6,7,8,9] [228,229,230,231]
375.15170138888874 [0,1,2,3,4,6,7,8,9] [255,256,257,258,259,260,261,262,263,264,265,266]
374.9886734693878 [0,1,2,3,4,6,7,8,9] [254,255,256,257,258,259,260,261,262,263,264,265,266,267]
374.7409388888888 [0,1,2,3,4,6,7,8,9] [254,255,256,257,258,259,260,261,262,263,264,265,266,267,268]
374.6953124999999 [0,1,2,3,4,6,7,8,9] [253,254,255,256,257,258,259,260,261,262,263,264,265,266]
374.544 [0,1,2,3,4,5,6,7,8,9] [253,254]
374.35320312499994 [0,1,2,3,4,6,7,8,9] [260,261,262,263]
373.8745125 [0,1,2,3,4,6,7,8,9] [255,256,257,258,259,260,261,262,263,264]
373.55555555555554 [0,1,2,3,4,6,7,8,9] [253,254,255,256,257,258,259,260,261,262,263,264]
373.4556249999999 [0,1,2,3,4,5,6,7,8,9] [259,260,261,262]
373.3482716049382 [0,1,2,3,4,6,7,8,9] [253,254,255]
373.17018491124253 [0,1,2,3,4,6,7,8,9] [254,255,256,257,258,259,260,261,262,263,264,265,266]
372.3003571428571 [0,1,2,3,4,5,6] [275,276]
371.80547337278097 [0,1,2,3,4,6,7,8,9] [253,254,255,256,257,258,259,260,261,262,263,264,265]
371.7768698347107 [0,1,2,3,4,6,7,8,9] [255,256,257,258,259,260,261,262,263,264,265]
371.65293388429745 [0,1,2,3,4,6,7,8,9] [254,255,256,257,258,259,260,261,262,263,264]
371.00879999999995 [0,1,2,3,4,6,7,8,9] [257,258,259,260,261]
370.97853395061713 [0,1,2,3,4,6,7,8,9] [252,253,254,255,256,257,258,259,260,261,262,263,264,265,266,267,268,269]
