[Score] [Station index] [Time slots] 
576.0809999999999 [0,1,2,3,4,5,6,7,8,9] [204]
571.5360000000002 [0,1,2,3,4,5,6,7,8,9] [202]
548.5871111111112 [0,1,2,3,4,5,6,7,8,9] [202,203,204]
537.289 [0,1,2,3,4,5,6,7,8,9] [203,204]
535.0922499999999 [0,1,2,3,4,5,6,7,8,9] [202,203]
533.2650625000001 [0,1,2,3,4,5,6,7,8,9] [202,203,204,205]
531.4409999999999 [0,1,2,3,4,5,6,7,8,9] [204,205]
529.25625 [0,1,2,3,4,5,6,7,8,9] [201,202,203,204]
525.6250000000002 [0,1,2,3,4,5,6,7,8,9] [208]
521.284 [0,1,2,3,4,5,6,7,8,9] [201,202]
520.9952400000001 [0,1,2,3,4,5,6,7,8,9] [202,203,204,205,206]
520.99524 [0,1,2,3,4,5,6,7,8,9] [201,202,203,204,205]
520.8027777777778 [0,1,2,3,4,5,6,7,8,9] [203,204,205]
518.321111111111 [0,1,2,3,4,5,6,7,9] [203]
514.089 [0,1,2,3,4,5,6,7,8,9] [201,202,203]
512.8946944444446 [0,1,2,3,4,5,6,7,8,9] [201,202,203,204,205,206]
511.7017777777775 [0,1,2,3,4,5,6,7,8,9] [204,205,206]
508.98032653061244 [0,1,2,3,4,5,6,7,8,9] [202,203,204,205,206,207,208]
508.7255624999998 [0,1,2,3,4,5,6,7,8,9] [203,204,205,206]
506.23225000000014 [0,1,2,3,4,5,6,7,8,9] [202,203,204,205,206,207]
505.5209999999999 [0,1,2,3,4,5,6,7,8,9] [192,193]
504.4550624999999 [0,1,2,3,4,5,6,7,8,9] [201,202,203,204,205,206,207,208]
502.8582656249999 [0,1,2,3,4,5,6,7,8,9] [202,203,204,205,206,207,208,209]
501.4663061224488 [0,1,2,3,4,5,6,7,8,9] [201,202,203,204,205,206,207]
499.5348271604938 [0,1,2,3,4,5,6,7,8,9] [201,202,203,204,205,206,207,208,209]
499.00096 [0,1,2,3,4,5,6,7,8,9] [200,201,202,203,204]
498.9067777777779 [0,1,2,3,4,5,6,7,8,9] [203,204,205,206,207,208]
498.7184400000001 [0,1,2,3,4,5,6,7,8,9] [204,205,206,207,208]
497.26002777777774 [0,1,2,3,4,5,6,7,8,9] [200,201,202,203,204,205]
496.71171604938263 [0,1,2,3,4,5,6,7,8,9] [202,203,204,205,206,207,208,209,210]
496.6222244897957 [0,1,2,3,4,5,6,7,8,9] [198,199,200,201,202,203,204]
495.85069444444434 [0,1,2,3,4,5,6,7,8,9] [199,200,201,202,203,204]
495.8044444444444 [0,1,2,3,5,6,7,8,9] [198]
495.6159999999999 [0,1,2,3,4,5,6,7,8,9] [198,199,200,201,202,203,204,205]
494.8117551020406 [0,1,2,3,4,5,6,7,8,9] [199,200,201,202,203,204,205]
494.34961000000004 [0,1,2,3,4,5,6,7,8,9] [201,202,203,204,205,206,207,208,209,210]
493.8073673469388 [0,1,2,3,4,5,6,7,8,9] [200,201,202,203,204,205,206]
493.6467599999999 [0,1,2,3,4,5,6,7,8,9] [203,204,205,206,207]
493.4058979591838 [0,1,2,3,4,5,6,7,8,9] [203,204,205,206,207,208,209]
493.1160493827159 [0,1,2,3,4,5,6,7,8,9] [198,199,200,201,202,203,204,205,206]
492.804 [0,1,2,3,4,5,6,7,8,9] [208,209]
492.33611111111094 [0,1,2,3,4,5,6,7,8,9] [204,205,206,207,208,209]
492.1022500000001 [0,1,2,3,4,5,6,7,8,9] [204,205,206,207]
492.1022499999999 [0,1,2,3,4,5,6,7,8,9] [199,200,201,202,203,204,205,206]
490.6365702479337 [0,1,2,3,4,5,6,7,8,9] [198,199,200,201,202,203,204,205,206,207,208]
490.62241975308655 [0,1,2,3,4,5,6,7,8,9] [200,201,202,203,204,205,206,207,208]
489.86001 [0,1,2,3,4,5,6,7,8,9] [202,203,204,205,206,207,208,209,210,211]
489.58009000000004 [0,1,2,3,4,5,6,7,8,9] [199,200,201,202,203,204,205,206,207,208]
488.6010000000001 [0,1,2,3,4,5,6,7,8,9] [205]
488.3468512396694 [0,1,2,3,4,5,6,7,8,9] [201,202,203,204,205,206,207,208,209,210,211]
488.1351111111112 [0,1,2,3,4,5,6,7,8,9] [198,199,200,201,202,203,204,205,206,207,208,209]
487.7276406250001 [0,1,2,3,4,5,6,7,8,9] [203,204,205,206,207,208,209,210]
487.62289 [0,1,2,3,4,5,6,7,8,9] [200,201,202,203,204,205,206,207,208,209]
487.58480165289257 [0,1,2,3,4,5,6,7,8,9] [202,203,204,205,206,207,208,209,210,211,212]
487.204 [0,1,2,3,4,5,6,7,8,9] [198,199,200,201,202,203,204,205,206,207]
486.9502148760331 [0,1,2,3,4,5,6,7,8,9] [199,200,201,202,203,204,205,206,207,208,209]
486.39000694444456 [0,1,2,3,4,5,6,7,8,9] [201,202,203,204,205,206,207,208,209,210,211,212]
486.33189062499997 [0,1,2,3,4,5,6,7,8,9] [200,201,202,203,204,205,206,207]
486.00816326530605 [0,1,2,3,4,5,6,7,8,9] [204,205,206,207,208,209,210]
485.6541234567902 [0,1,2,3,4,5,6,7,8,9] [199,200,201,202,203,204,205,206,207]
485.0586745562131 [0,1,2,3,4,5,6,7,8,9] [198,199,200,201,202,203,204,205,206,207,208,209,210]
484.4159999999999 [0,1,2,3,4,5,6,7,8,9] [228]
484.03643801652896 [0,1,2,3,4,5,6,7,8,9] [200,201,202,203,204,205,206,207,208,209,210]
483.95211111111104 [0,1,2,3,4,5,6,7,8,9] [198,199,200,201,202,203]
483.72024999999996 [0,1,2,3,4,5,6,7,8,9] [199,200,201,202,203,204,205,206,207,208,209,210]
481.1734444444443 [0,1,2,3,4,5,6,7,8,9] [203,204,205,206,207,208,209,210,211]
481.0413265306121 [0,1,2,3,4,5,6,7,8,9] [198,199,200,201,202,203,204,205,206,207,208,209,210,211]
480.9422499999999 [0,1,2,3,4,5,6,7,8,9] [205,206]
480.5955625 [0,1,2,3,4,5,6,7,8,9] [200,201,202,203]
480.52623999999986 [0,1,2,3,4,5,6,7,8,9] [199,200,201,202,203]
480.24900000000014 [0,1,2,3,4,5,6,7,8,9] [205,206,207,208]
480.24899999999997 [0,1,2,3,4,5,6,7,8,9] [199]
479.61000000000007 [0,1,2,3,4,5,6,7,8,9] [209]
479.55625 [0,1,2,3,4,5,6,7,8,9] [207,208]
479.5029822485209 [0,1,2,3,4,5,6,7,8,9] [199,200,201,202,203,204,205,206,207,208,209,210,211]
479.44084027777774 [0,1,2,3,4,5,6,7,8,9] [200,201,202,203,204,205,206,207,208,209,210,211]
478.86400000000003 [0,1,2,3,4,5,6,7,8,9] [204,205,206,207,208,209,210,211]
477.9417777777779 [0,1,2,3,4,5,6,7,8,9] [208,209,210]
477.48099999999994 [0,1,2,3,4,5,6,7,8,9] [206,207,208]
477.1355625 [0,1,2,3,4,5,6,7,8,9] [197,198,199,200,201,202,203,204,205,206,207,208]
476.6521599999999 [0,1,2,3,4,5,6,7,8,9] [197,198,199,200,201,202,203,204,205,206]
476.5601111111111 [0,1,2,3,4,5,6,7,8,9] [191,192,193]
476.37603999999976 [0,1,2,3,4,5,6,7,8,9] [205,206,207,208,209]
475.8877159763315 [0,1,2,3,4,5,6,7,8,9] [197,198,199,200,201,202,203,204,205,206,207,208,209]
475.75506250000007 [0,1,2,3,4,5,6,7,8,9] [199,200,201,202]
475.2399999999999 [0,1,2,3,5,6,7,8,9] [198,199]
474.26177777777787 [0,1,2,3,4,5,6,7,8,9] [200,201,202]
473.34400000000016 [0,1,2,3,4,5,6,7,8,9] [206]
473.34399999999994 [0,1,2,3,4,5,6,7,8,9] [207,208,209]
472.84376859504135 [0,1,2,3,4,5,6,7,8,9] [197,198,199,200,201,202,203,204,205,206,207]
472.3377777777778 [0,1,2,3,4,6,7,8,9] [195]
471.74002777777787 [0,1,2,3,4,5,6,7,8,9] [205,206,207,208,209,210]
470.0224000000001 [0,1,2,3,5,6,7,8,9] [198,199,200,201,202]
469.6817777777777 [0,1,2,3,4,5,6,7,8,9] [192,193,194]
469.44444444444446 [0,1,2,3,4,6,7,8,9] [193,194,195]
468.8825625000001 [0,1,2,3,4,5,6,7,8,9] [192,193,194,195]
468.40335999999996 [0,1,2,3,4,5,6,7,8,9] [206,207,208,209,210]
468.00111111111124 [0,1,2,3,4,6,7,8,9] [193,194]
465.80625 [0,1,2,3,4,5,6,7,8,9] [208,209,210,211]
465.70875510204087 [0,1,2,3,4,5,6,7,8,9] [205,206,207,208,209,210,211]
