[Score] [Station index] [Time slots] 
3394.8800000000015 [0,1,2,3,4,5,6,7] [132]
3252.2112500000003 [0,1,2,3,4,5,6,7] [132,133]
3248.1799999999994 [0,1,2,3,4,5,6,7] [131,132]
3212.011249999999 [0,1,2,3,4,5,6,7] [132,133,134]
3202.667222222222 [0,1,2,3,4,5,6,7] [131,132,133]
3185.017578124999 [0,1,2,3,4,5,6,7] [131,132,133,134]
3152.1800000000003 [0,1,2,3,4,5,6,7] [132,133,134,135]
3142.6592 [0,1,2,3,4,5,6,7] [131,132,133,134,135]
3133.94445 [0,1,2,3,4,5,6,7] [132,133,134,135,136]
3129.064201388889 [0,1,2,3,4,5,6,7] [131,132,133,134,135,136]
3122.4753125000007 [0,1,2,3,4,5,6,7] [133,134]
3112.604999999999 [0,1,2,3,4,5,6,7] [133]
3104.72 [0,1,2,3,4,5,6,7] [131]
3088.9799999999996 [0,1,2,3,4,5,6,7] [130,131,132,133,134]
3080.564311224489 [0,1,2,3,4,5,6,7] [131,132,133,134,135,136,137]
3078.1819531250003 [0,1,2,3,4,5,6,7] [130,131,132,133]
3076.5511111111114 [0,1,2,3,4,5,6,7,9] [136]
3076.547534722222 [0,1,2,3,4,5,6,7] [132,133,134,135,136,137]
3073.2799999999993 [0,1,2,3,4,5,6,7] [133,134,135]
3070.340703125001 [0,1,2,3,4,5,6,7] [133,134,135,136]
3070.014201388889 [0,1,2,3,4,5,6,7] [130,131,132,133,134,135]
3068.801632653061 [0,1,2,3,4,5,6,7] [130,131,132,133,134,135,136]
3066.7501388888886 [0,1,2,3,4,5,6,7] [130,131,132]
3057.6700000000005 [0,1,2,3,4,5,6] [110]
3056.861234567901 [0,1,2,3,4,5,6,7,9] [134,135,136]
3053.7112500000003 [0,1,2,3,4,5,6,7] [134,135]
3047.0399999999995 [0,1,2,3,4,5,6,7,8] [147]
3034.2050000000004 [0,1,2,3,4,5,6,7] [130,131,132,133,134,135,136,137]
3019.9401388888878 [0,1,2,3,4,5,6,7] [129,130,131,132,133,134]
3019.6163281250006 [0,1,2,3,4,5,6,7] [129,130,131,132,133,134,135,136]
3019.5024999999987 [0,1,2,3,4,5,6,7,9] [135,136]
3014.7612500000005 [0,1,2,3,4,5,6,7] [133,134,135,136,137]
3013.6520663265305 [0,1,2,3,4,5,6,7] [129,130,131,132,133,134,135]
2999.8239999999987 [0,1,2,3,4,5,6,7,8,9] [201]
2999.6815432098783 [0,1,2,3,4,5,6,7] [128,129,130,131,132,133,134,135,136]
2997.7024499999993 [0,1,2,3,4,5,6,7] [129,130,131,132,133]
2995.379999999999 [0,1,2,3,4,5,6,7] [131,132,133,134,135,136,137,138]
2994.520061728395 [0,1,2,3,4,5,6,7] [129,130,131,132,133,134,135,136,137]
2994.274387755102 [0,1,2,3,4,5,6,7] [128,129,130,131,132,133,134]
2991.99470703125 [0,1,2,3,4,5,6,7] [128,129,130,131,132,133,134,135]
2990.5444531250005 [0,1,2,3,4,5,6,7] [134,135,136,137]
2979.919999999999 [0,1,2,3,4,5,6,7] [132,133,134,135,136,137,138]
2979.14805 [0,1,2,3,4,5,6,7] [128,129,130,131,132,133,134,135,136,137]
2976.0612499999993 [0,1,2,3,4,5,6,7] [135]
2971.5625347222212 [0,1,2,3,4,5,6,7] [128,129,130,131,132,133]
2969.314453125001 [0,1,2,3,4,5,6,7] [129,130,131,132]
2964.072237654321 [0,1,2,3,4,5,6,7] [130,131,132,133,134,135,136,137,138]
2957.5740499999997 [0,1,2,3,4,5,6,7] [127,128,129,130,131,132,133,134,135,136]
2946.1340895061735 [0,1,2,3,4,5,6,7] [127,128,129,130,131,132,133,134,135]
2944.002222222221 [0,1,2,3,4,5,6,7] [135,136,137]
2943.74645 [0,1,2,3,4,5,6,7] [128,129,130,131,132]
2942.8397107438027 [0,1,2,3,4,5,6,7] [127,128,129,130,131,132,133,134,135,136,137]
2942.4038281250005 [0,1,2,3,4,5,6,7] [127,128,129,130,131,132,133,134]
2935.833611111111 [0,1,2,3,4,5,6,7,8] [146,147]
2935.6953125 [0,1,2,3,4,5,6,7] [129,130,131,132,133,134,135,136,137,138]
2928.0378125000007 [0,1,2,3,4,5,6,7] [136,137]
2927.1682747933896 [0,1,2,3,4,5,6,7] [128,129,130,131,132,133,134,135,136,137,138]
2924.0003858024697 [0,1,2,3,4,5,6,7] [131,132,133,134,135,136,137,138,139]
2922.996291322315 [0,1,2,3,4,5,6,7] [126,127,128,129,130,131,132,133,134,135,136]
2915.752066326532 [0,1,2,3,4,5,6,7] [127,128,129,130,131,132,133]
2913.3888888888896 [0,1,2,3,4,5,6,7] [133,134,135,136,137,138]
2912.434800347223 [0,1,2,3,4,5,6,7] [126,127,128,129,130,131,132,133,134,135,136,137]
2909.319199999999 [0,1,2,3,4,5,6,7] [126,127,128,129,130,131,132,133,134,135]
2908.9378125000003 [0,1,2,3,4,5,6,7] [130,131]
2904.1725781250007 [0,1,2,3,4,5,6,7] [125,126,127,128,129,130,131,132,133,134,135,136]
2903.2200000000003 [0,1,2,3,4,5,6,7] [130,131,132,133,134,135,136,137,138,139]
2901.9501388888893 [0,1,2,3,4,5,6,7] [126,127,128,129,130,131,132,133,134]
2901.7914257812504 [0,1,2,3,4,5,6,7] [132,133,134,135,136,137,138,139]
2898.4594531250004 [0,1,2,3,4,5,6,7] [127,128,129,130,131,132,133,134,135,136,137,138]
2895.897699704142 [0,1,2,3,4,5,6,7] [125,126,127,128,129,130,131,132,133,134,135,136,137]
2890.073099173554 [0,1,2,3,4,5,6,7] [125,126,127,128,129,130,131,132,133,134,135]
2884.63 [0,1,2,3,4,5,6] [109,110]
2883.5683680555553 [0,1,2,3,4,5,6,7] [127,128,129,130,131,132]
2883.1656611570247 [0,1,2,3,4,5,6,7] [129,130,131,132,133,134,135,136,137,138,139]
2881.543612499999 [0,1,2,3,4,5,6,7] [125,126,127,128,129,130,131,132,133,134]
2879.772534722222 [0,1,2,3,4,5,6,7] [128,129,130,131,132,133,134,135,136,137,138,139]
2876.5344444444445 [0,1,2,3,4,5,6,7,8] [128]
2874.3361999999993 [0,1,2,3,4,5,6,7] [134,135,136,137,138]
2873.986272189349 [0,1,2,3,4,5,6,7] [126,127,128,129,130,131,132,133,134,135,136,137,138]
2873.767578125 [0,1,2,3,4,5,6,7] [126,127,128,129,130,131,132,133]
2873.025 [0,1,2,3,4,5,6,7,8,9] [146]
2861.4612500000003 [0,1,2,3,4,5,6,7] [125,126,127,128,129,130,131,132,133,134,135,136,137,138]
2857.6800000000007 [0,1,2,3,4,5,6,7] [131,132,133,134,135,136,137,138,139,140]
2857.098491124261 [0,1,2,3,4,5,6,7] [127,128,129,130,131,132,133,134,135,136,137,138,139]
2854.320987654321 [0,1,2,3,4,5,6,7] [125,126,127,128,129,130,131,132,133]
2853.340277777779 [0,1,2,3,4,5,6,7,8] [147,148]
2852.739060650886 [0,1,2,3,4,5,6,7] [124,125,126,127,128,129,130,131,132,133,134,135,136]
2848.7769451530617 [0,1,2,3,4,5,6,7] [124,125,126,127,128,129,130,131,132,133,134,135,136,137]
2844.9795971074386 [0,1,2,3,4,5,6,7] [130,131,132,133,134,135,136,137,138,139,140]
2844.4444444444457 [0,1,2,3,4,5,6,7,8] [146,147,148]
2840.8900000000012 [0,1,2,3,4,5,6,7,8,9] [110,111]
2840.426122448979 [0,1,2,3,4,5,6,7] [126,127,128,129,130,131,132]
2840.2439761248847 [0,1,2,3,4,5,6,7,9] [131,132,133,134,135,136,137,138,139,140,141]
2837.4658737244895 [0,1,2,3,4,5,6,7] [126,127,128,129,130,131,132,133,134,135,136,137,138,139]
2835.986328125 [0,1,2,3,4,5,6,7] [128,129,130,131]
2835.6725347222223 [0,1,2,3,4,5,6,7] [124,125,126,127,128,129,130,131,132,133,134,135]
2834.5071683673473 [0,1,2,3,4,5,6,7] [133,134,135,136,137,138,139]
2833.7901388888886 [0,1,2,3,4,5,6,7] [129,130,131]
2832.4390606508878 [0,1,2,3,4,5,6,7] [128,129,130,131,132,133,134,135,136,137,138,139,140]
2831.594800347223 [0,1,2,3,4,5,6,7] [129,130,131,132,133,134,135,136,137,138,139,140]
