[Score] [Station index] [Time slots] 
1690.0 [0,1,2,3,4,5,6,7,8,9] [247]
1679.616 [0,1,2,3,4,5,6,7,8,9] [225]
1592.644 [0,1,2,3,4,5,6,7,8,9] [225,226]
1575.0250000000003 [0,1,2,3,4,5,6,7,8,9] [225,226,227]
1567.5039999999997 [0,1,2,3,4,5,6,7,8,9] [247,248]
1560.0009999999997 [0,1,2,3,4,5,6,7,8,9] [246,247]
1555.8404444444445 [0,1,2,3,4,5,6,7,8,9] [245,246,247]
1547.5359999999998 [0,1,2,3,4,5,6,7,8,9] [245]
1545.6705624999997 [0,1,2,3,4,5,6,7,8,9] [225,226,227,228]
1540.081 [0,1,2,3,4,5,6,7,8,9] [242]
1532.6439999999998 [0,1,2,3,4,5,6,7,8,9] [224,225]
1532.14884 [0,1,2,3,4,5,6,7,8,9] [225,226,227,228,229]
1528.9322500000003 [0,1,2,3,4,5,6,7,8,9] [245,246,247,248]
1528.3140625 [0,1,2,3,4,5,6,7,8,9] [224,225,226,227]
1527.6960000000004 [0,1,2,3,4,5,6,7,8,9] [236]
1527.696 [0,1,2,3,4,5,6,7,8,9] [220]
1524.8133611111114 [0,1,2,3,4,5,6,7,8,9] [225,226,227,228,229,230]
1524.4017777777779 [0,1,2,3,4,5,6,7,8,9] [224,225,226]
1523.9902499999996 [0,1,2,3,4,5,6,7,8,9] [226,227]
1522.756 [0,1,2,3,4,5,6,7,8,9] [246,247,248]
1517.2080624999994 [0,1,2,3,4,5,6,7,8,9] [244,245,246,247]
1516.83856 [0,1,2,3,4,5,6,7,8,9] [223,224,225,226,227]
1514.5404444444443 [0,1,2,3,4,5,6,7,8,9] [247,248,249]
1514.37636 [0,1,2,3,4,5,6,7,8,9] [224,225,226,227,228]
1513.7201111111112 [0,1,2,3,4,5,6,7,8,9] [242,243,244,245,246,247]
1512.9000000000003 [0,1,2,3,4,5,6,7,8,9] [211]
1512.0801111111111 [0,1,2,3,4,5,6,7,8,9] [223,224,225]
1511.0555625 [0,1,2,3,4,5,6,7,8,9] [223,224,225,226]
1508.4752399999998 [0,1,2,3,4,5,6,7,8,9] [243,244,245,246,247]
1508.393361111111 [0,1,2,3,4,5,6,7,8,9] [224,225,226,227,228,229]
1507.984 [0,1,2,3,4,5,6,7,8,9] [226]
1507.9839999999997 [0,1,2,3,4,5,6,7,8,9] [216]
1507.1654444444441 [0,1,2,3,4,5,6,7,8,9] [223,224,225,226,227,228]
1506.75625 [0,1,2,3,4,5,6,7,8,9] [242,243]
1505.529 [0,1,2,3,4,5,6,7,8,9] [214]
1505.5289999999998 [0,1,2,3,4,5,6,7,8,9] [224,225,226,227,228,229,230]
1505.0382400000003 [0,1,2,3,4,5,6,7,8,9] [245,246,247,248,249]
1504.4774693877548 [0,1,2,3,4,5,6,7,8,9] [242,243,244,245,246,247,248]
1503.56644 [0,1,2,3,4,5,6,7,8,9] [244,245,246,247,248]
1503.0760000000002 [0,1,2,3,4,5,6,7,8,9] [223,224,225,226,227,228,229]
1502.2587777777776 [0,1,2,3,4,5,6,7,8,9] [226,227,228]
1501.2375625000004 [0,1,2,3,4,5,6,7,8,9] [223,224,225,226,227,228,229,230]
1499.4002499999997 [0,1,2,3,4,5,6,7,8,9] [227,228]
1498.584027777778 [0,1,2,3,4,5,6,7,8,9] [243,244,245,246,247,248]
1496.3405625000005 [0,1,2,3,4,5,6,7,8,9] [226,227,228,229]
1494.7507599999997 [0,1,2,3,4,5,6,7,8,9] [226,227,228,229,230]
1494.5062500000004 [0,1,2,3,4,5,6,7,8,9] [246,247,248,249]
1494.0987777777775 [0,1,2,3,4,5,6,7,8,9] [214,215,216]
1492.6730625 [0,1,2,3,4,5,6,7,8,9] [242,243,244,245,246,247,248,249]
1492.4694444444444 [0,1,2,3,4,5,6,7,8,9] [227,228,229]
1491.4515625 [0,1,2,3,4,5,6,7,8,9] [227,228,229,230]
1490.8410000000001 [0,1,2,3,4,5,6,7,8,9] [242,243,244,245]
1490.841 [0,1,2,3,4,5,6,7,8,9] [245,246]
1488.4 [0,1,2,3,4,5,6,7,8,9] [215,216]
1487.9933611111114 [0,1,2,3,4,5,6,7,8,9] [244,245,246,247,248,249]
1487.1802500000003 [0,1,2,3,4,5,6,7,8,9] [214,215]
1485.961 [0,1,2,3,4,5,6,7,8,9] [243,244,245,246,247,248,249]
1485.1484444444445 [0,1,2,3,4,5,6,7,8,9] [222,223,224,225,226,227]
1483.5240000000008 [0,1,2,3,4,5,6,7,8,9] [225,226,227,228,229,230,231]
1481.900444444445 [0,1,2,3,4,5,6,7,8,9] [222,223,224,225,226,227,228,229,230]
1481.4367346938775 [0,1,2,3,4,5,6,7,8,9] [222,223,224,225,226,227,228]
1481.0889999999997 [0,1,2,3,4,5,6,7,8,9] [222,223,224,225,226,227,228,229]
1479.6289600000005 [0,1,2,3,4,5,6,7,8,9] [242,243,244,245,246]
1476.225 [0,1,2,3,4,5,6,7,8,9] [203]
1476.2249999999997 [0,1,2,3,4,5,6,7,8,9] [225,226,227,228,229,230,231,232]
1475.415111111111 [0,1,2,3,4,5,6,7,8,9] [228,229,230]
1475.1837551020412 [0,1,2,3,4,5,6,7,8,9] [214,215,216,217,218,219,220]
1475.0102499999998 [0,1,2,3,4,5,6,7,8,9] [244,245]
1474.6054444444446 [0,1,2,3,4,5,6,7,8,9] [243,244,245]
1474.2816399999997 [0,1,2,3,4,5,6,7,8,9] [222,223,224,225,226]
1473.796 [0,1,2,3,4,5,6,7,8,9] [243]
1472.1777777777777 [0,1,2,3,4,5,6,7,8,9] [242,243,244]
1471.9755625000003 [0,1,2,3,4,5,6,7,8,9] [224,225,226,227,228,229,230,231]
1471.9081604938272 [0,1,2,3,4,5,6,7,8,9] [223,224,225,226,227,228,229,230,231]
1470.3987599999998 [0,1,2,3,4,5,6,7,8,9] [216,217,218,219,220]
1470.290975308642 [0,1,2,3,4,5,6,7,8,9] [242,243,244,245,246,247,248,249,250]
1470.15625 [0,1,2,3,4,5,6,7,8,9] [215,216,217,218,219,220]
1469.3480277777776 [0,1,2,3,4,5,6,7,8,9] [245,246,247,248,249,250]
1468.944 [0,1,2,3,4,5,6,7,8,9] [220,221,222,223,224,225,226,227,228,229,230]
1468.9439999999997 [0,1,2,3,4,5,6,7,8,9] [228,229]
1468.088595155709 [0,1,2,3,4,5,6,7,8,9] [214,215,216,217,218,219,220,221,222,223,224,225,226,227,228,229,230]
1467.24769 [0,1,2,3,4,5,6,7,8,9] [223,224,225,226,227,228,229,230,231,232]
1467.0054399999997 [0,1,2,3,4,5,6,7,8,9] [220,221,222,223,224,225,226,227,228,229]
1466.8237656250008 [0,1,2,3,4,5,6,7,8,9] [214,215,216,217,218,219,220,221,222,223,224,225,226,227,228,229]
1466.7901234567898 [0,1,2,3,4,5,6,7,8,9] [224,225,226,227,228,229,230,231,232]
1466.5210000000002 [0,1,2,3,4,5,6,7,8,9] [220,221,222,223,224,225,226,227]
1466.521 [0,1,2,3,4,5,6,7,8,9] [214,215,216,217,218,219]
1466.0366400000007 [0,1,2,3,4,5,6,7,8,9] [214,215,216,217,218,219,220,221,222,223,224,225,226,227,228]
1465.9155624999999 [0,1,2,3,4,5,6,7,8,9] [222,223,224,225]
1465.7642226562498 [0,1,2,3,4,5,6,7,8,9] [215,216,217,218,219,220,221,222,223,224,225,226,227,228,229,230]
1465.713777777778 [0,1,2,3,4,5,6,7,8,9] [220,221,222,223,224,225,226,227,228]
1465.5523599999997 [0,1,2,3,4,5,6,7,8,9] [216,217,218,219,220,221,222,223,224,225,226,227,228,229,230]
1464.7050625000002 [0,1,2,3,4,5,6,7,8,9] [243,244,245,246]
1464.261337777778 [0,1,2,3,4,5,6,7,8,9] [215,216,217,218,219,220,221,222,223,224,225,226,227,228,229]
1464.1000000000004 [0,1,2,3,4,5,6,7,8,9] [219,220,221,222,223,224,225,226,227,228,229,230]
1463.9271479591841 [0,1,2,3,4,5,6,7,8,9] [216,217,218,219,220,221,222,223,224,225,226,227,228,229]
1463.727715976332 [0,1,2,3,4,5,6,7,8,9] [218,219,220,221,222,223,224,225,226,227,228,229,230]
1463.5415917159767 [0,1,2,3,4,5,6,7,8,9] [215,216,217,218,219,220,221,222,223,224,225,226,227]
1463.2358418367344 [0,1,2,3,4,5,6,7,8,9] [215,216,217,218,219,220,221,222,223,224,225,226,227,228]
1463.1321599999999 [0,1,2,3,4,5,6,7,8,9] [221,222,223,224,225,226,227,228,229,230]
