[Score] [Station index] [Time slots] 
886.0544444444445 [0,1,2,3,4,6,7,8,9] [184]
875.7112500000001 [0,1,2,3,4,6,7,8,9] [183]
860.4444444444445 [0,1,2,3,4,6,7,8,9] [183,184]
850.78125 [0,1,2,3,4,6,7,8,9] [182,183]
835.2100000000004 [0,1,2,3,4,6,7,8,9] [182,183,184]
834.36125 [0,1,2,3,4,6,7,9] [204]
832.3199999999999 [0,1,2,3,4,6,7,9] [203,204]
831.6700000000002 [0,1,2,3,4,6,7] [203]
826.5624999999998 [0,1,2,3] [206]
826.21125 [0,1,2,3,4,6,7,8,9] [182]
814.1511111111113 [0,1,2,3,4,6,7,8,9] [183,184,185]
807.0334027777776 [0,1,2,3,4,6,7,8,9] [182,183,184,185]
803.7224999999996 [0,1,2,3,4,6,7,8,9] [184,185]
802.668888888889 [0,1,2,3,4,6,7,9] [202,203,204]
789.6100000000001 [0,1,2,3] [208]
787.7377777777779 [0,1,2,3,4,6,7,8,9] [202,203]
782.1012499999999 [0,1,2,3,4,6,7,9] [198]
780.125 [0,1,2,3,4,6,7,9] [198,199]
779.3352000000002 [0,1,2,3,4,6,7,9] [202,203,204,205,206]
778.1512500000001 [0,1,2,3,4,6,7,9] [199]
769.3003125000004 [0,1,2,3,4,6,7,9] [202,203,204,205]
767.013888888889 [0,1,2,3,4,6,7,8,9] [181,182,183]
765.9056249999999 [0,1,2,3,4,6,7,8,9] [181,182,183,184]
764.6843112244902 [0,1,2,3,4,6,7,9] [202,203,204,205,206,207,208]
763.9695999999998 [0,1,2,3,4,6,7,8,9] [182,183,184,185,186]
762.939453125 [0,1,2,3,4,6,7,8,9] [180,181,182,183]
759.2005555555556 [0,1,2,3,4,6,7,9] [202,203,204,205,206,207]
758.5434027777775 [0,1,2,3,4,6,7,8,9] [183,184,185,186]
757.717377777778 [0,1,2,3,4,6,7,8,9] [181,182,183,184,185]
755.1504 [0,1,2,3,4,6,7,8,9] [180,181,182,183,184]
754.875625 [0,1,2,3,4,6,7,8,9] [201,202,203,204]
752.5877777777778 [0,1,2,3] [206,207,208]
752.2829938271607 [0,1,2,3,4,6,7,8,9] [182,183,184,185,186,187]
751.611836734694 [0,1,2,3,4,6,7,9] [198,199,200,201,202,203,204]
750.151234567901 [0,1,2,3,4,6,7,8,9] [180,181,182,183,184,185]
750.1355555555558 [0,1,2,3,4,6,7,9] [198,199,200,201,202,203,204,205,206]
748.9344444444444 [0,1,2,3,4,6,7,8,9] [194]
748.8449999999998 [0,1,2,3,4,6,7,9] [198,199,200]
747.394453125 [0,1,2,3,4,6,7,9] [197,198,199,200,201,202,203,204]
747.1111111111111 [0,1,2,3,4,6,7,8,9] [182,183,184,185,186,187,188]
746.9112499999997 [0,1,2,3,4,6,7,9] [197,198,199,200,201,202,203,204,205,206]
746.5892013888888 [0,1,2,3,4,6,7,9] [199,200,201,202,203,204]
746.2086880165286 [0,1,2,3,4,6,7,9] [198,199,200,201,202,203,204,205,206,207,208]
746.1867382812503 [0,1,2,3,4,6,7,9] [199,200,201,202,203,204,205,206]
745.6540444444448 [0,1,2,3,4,6,7,8,9] [183,184,185,186,187]
743.8545920138889 [0,1,2,3,4,6,7,9] [197,198,199,200,201,202,203,204,205,206,207,208]
742.6658 [0,1,2,3,4,6,7,9] [199,200,201,202,203,204,205,206,207,208]
741.6751020408166 [0,1,2,3,4,6,7,9] [200,201,202,203,204,205,206]
741.6063281249999 [0,1,2,3,4,6,7,9] [198,199,200,201,202,203,204,205]
741.125 [0,1,2,3,4,6,7,9] [198,199,200,201,202,203,204,205,206,207]
740.7469444444446 [0,1,2,3,4,6,7,8,9] [183,184,185,186,187,188]
740.5655111111108 [0,1,2,3,4,6,7,8,9] [200,201,202,203,204]
740.0666840277777 [0,1,2,3,4,6,7,8,9] [182,183,184,185,186,187,188,189]
739.1148444444445 [0,1,2,3,4,6,7,8,9] [201,202,203,204,205]
739.026487603306 [0,1,2,3,4,6,7,9] [197,198,199,200,201,202,203,204,205,206,207]
738.9876543209876 [0,1,2,3,4,6,7,9] [197,198,199,200,201,202,203,204,205]
738.9609570312498 [0,1,2,3,4,6,7,9] [202,203,204,205,206,207,208,209]
738.7740895061729 [0,1,2,3,4,6,7,9] [200,201,202,203,204,205,206,207,208]
738.2403124999998 [0,1,2,3,4,6,7,9] [198,199,200,201,202,203]
738.15298553719 [0,1,2,3,4,6,7,9] [196,197,198,199,200,201,202,203,204,205,206]
737.4241975308645 [0,1,2,3,4,6,7,8,9] [193,194,195]
737.0057397959184 [0,1,2,3,4,6,7,9] [193,194,195,196,197,198,199,200,201,202,203,204,205,206]
736.6893491124258 [0,1,2,3,4,6,7,9] [196,197,198,199,200,201,202,203,204,205,206,207,208]
736.6401388888888 [0,1,2,3,4,6,7,9] [199,200,201,202,203,204,205,206,207]
736.6401388888886 [0,1,2,3,4,6,7,9] [196,197,198,199,200,201,202,203,204]
735.9605908203125 [0,1,2,3,4,6,7,9] [193,194,195,196,197,198,199,200,201,202,203,204,205,206,207,208]
735.9092091836732 [0,1,2,3,4,6,7,9] [199,200,201,202,203,204,205]
735.6808680555556 [0,1,2,3,4,6,7,9] [193,194,195,196,197,198,199,200,201,202,203,204]
735.3612500000004 [0,1,2,3,4,6,7,9] [197,198,199,200,201,202,203]
735.3136111111112 [0,1,2,3,4,6,7,8,9] [179,180,181,182,183,184]
734.4099999999999 [0,1,2,3] [206,207]
733.8939002267572 [0,1,2,3,4,6,7,8,9] [179,180,181,182,183,184,185]
733.8079012345679 [0,1,2,3,4,6,7,8,9] [184,185,186]
733.6359183673469 [0,1,2,3,4,6,7,8,9] [183,184,185,186,187,188,189]
732.8558875739645 [0,1,2,3,4,6,7,9] [194,195,196,197,198,199,200,201,202,203,204,205,206]
732.4878125000002 [0,1,2,3,4,6,7,9] [199,200]
732.4878124999997 [0,1,2,3,4,6,7,9] [195,196,197,198,199,200,201,202,203,204,205,206]
732.4039643347049 [0,1,2,3,4,6,7,8,9] [182,183,184,185,186,187,188,189,190]
732.3657142857145 [0,1,2,3,4,6,7] [202]
732.3511224489796 [0,1,2,3,4,6,7,9] [193,194,195,196,197,198,199]
732.2964499999998 [0,1,2,3,4,6,7,9] [194,195,196,197,198,199,200,201,202,203,204,205,206,207,208]
731.9411288265306 [0,1,2,3,4,6,7,9] [195,196,197,198,199,200,201,202,203,204,205,206,207,208]
731.9138000000002 [0,1,2,3,4,6,7,9] [193,194,195,196,197,198,199,200,201,202,203,204,205,206,207]
731.6906336805554 [0,1,2,3,4,6,7,9] [196,197,198,199,200,201,202,203,204,205,206,207]
731.53125 [0,1,2,3,4,6,7,9] [200,201,202,203,204,205,206,207]
731.401975308642 [0,1,2,3,4,6,7,8,9] [201,202,203]
730.8011111111113 [0,1,2,3,4,6,7,8,9] [181,182,183,184,185,186]
730.7958579881658 [0,1,2,3,4,6,7,9] [193,194,195,196,197,198,199,200,201,202,203,204,205]
730.7345920138888 [0,1,2,3,4,6,7,9] [198,199,200,201,202,203,204,205,206,207,208,209]
730.6621900826447 [0,1,2,3,4,6,7,9] [194,195,196,197,198,199,200,201,202,203,204]
730.1931124999999 [0,1,2,3,4,6,7,9] [196,197,198,199,200,201,202,203,204,205]
730.0020499999997 [0,1,2,3,4,6,7,9] [195,196,197,198,199,200,201,202,203,204]
729.900277777778 [0,1,2,3,4,6,7,8,9] [200,201,202,203,204,205]
729.7669304733727 [0,1,2,3,4,6,7,9] [197,198,199,200,201,202,203,204,205,206,207,208,209]
729.6199999999999 [0,1,2,3,4,6,7,9] [199,200,201,202,203]
728.2287755102041 [0,1,2,3,4,6,7,8,9] [180,181,182,183,184,185,186]
727.71125 [0,1,2,3,4,6,7,9] [194,195,196,197,198,199,200,201,202,203,204,205,206,207]
727.0755555555555 [0,1,2,3,4,6,7,9] [202,203,204,205,206,207,208,209,210]
727.0177789256198 [0,1,2,3,4,6,7,9] [193,194,195,196,197,198,199,200,201,202,203]
726.9777810650885 [0,1,2,3,4,6,7,9] [195,196,197,198,199,200,201,202,203,204,205,206,207]
