[Score] [Station index] [Time slots] 
401.8612499999999 [1,2,3,4,5,6,7,8,9] [213]
378.225 [0,1,2,3,4,5,6,7,8,9] [251]
371.2044444444444 [0,1,2,3,4,5,6,7,8,9] [233]
363.60900000000004 [0,1,2,3,4,5,6,7,8,9] [220]
347.20111111111123 [1,2,3,4,5,6,7,8,9] [198]
344.56899999999996 [0,1,2,3,4,5,6,7,8,9] [213,214]
342.25 [0,1,2,3,4,5,6,7,9] [268]
340.60499999999996 [0,1,2,3,4,6,7,8,9] [229]
340.47225000000014 [0,1,2,3,4,5,6,7,8,9] [220,221]
339.889 [0,1,2,3,4,5,6,7,8,9] [233,234]
337.17377777777784 [0,1,2,3,4,5,6,7,8,9] [213,214,215]
336.4 [0,1,2,3,4,5,6,7,8,9] [244]
334.3730625 [0,1,2,3,4,5,6,7,8,9] [213,214,215,216]
331.77599999999995 [0,1,2,3,4,5,6,7,8,9] [251,252]
330.24500000000006 [1,2,3,5,6,7,8,9] [227]
329.14285714285717 [2,3,4,5,6,7,8,9] [215]
327.56544444444455 [0,1,2,3,4,5,6,7,8,9] [251,252,253]
326.61225 [0,1,2,3,4,5,6,7,8,9] [212,213]
326.04100000000005 [0,1,2,3,4,5,6,7,8,9] [216]
324.33025000000004 [0,1,2,3,4,5,6,7,8,9] [215,216]
323.6799999999999 [0,1,2,3,4,5,6] [267]
320.96571428571417 [0,1,2,3,4,5,6] [267,268]
320.35599999999994 [0,1,2,3,4,5,6,7,8,9] [234]
319.45104 [0,1,2,3,4,5,6,7,8,9] [212,213,214,215,216]
319.2250000000001 [0,1,2,3,4,5,6,7,8,9] [253]
318.62249999999995 [1,2,3,4,5,6,7,8,9] [198,199]
318.09600000000006 [0,1,2,3,4,5,6,7,8,9] [221]
318.096 [0,1,2,3,4,5,6,7,8,9] [211,212,213]
318.02777777777766 [0,1,2,3,4,5,6,7,9] [267,268,269]
317.8140625 [0,1,2,3,4,5,6,7,8,9] [212,213,214,215]
316.4062499999999 [0,1,2,3,4,5,6,7,8,9] [211,212,213,214,215,216]
316.21877777777775 [0,1,2,3,4,5,6,7,8,9] [212,213,214]
314.72099999999995 [0,1,2,3,4,5,6,7,8,9] [214,215,216]
314.49663999999996 [0,1,2,3,4,5,6,7,8,9] [211,212,213,214,215]
313.29000000000013 [0,1,2,3,4,5,6,7,9] [268,269]
312.4810000000001 [0,1,2,3,4,5,6,7,8,9] [211,212,213,214]
312.445873015873 [0,1,2,3,4,5,6] [266,267,268]
311.58723999999995 [0,1,2,3,4,5,6,7,8,9] [213,214,215,216,217]
311.14084 [0,1,2,3,4,5,6,7,8,9] [220,221,222,223,224]
311.0850625 [0,1,2,3,4,5,6,7,8,9] [220,221,222,223]
310.93444444444435 [0,1,2,3,4,6,7,8,9] [241]
309.1359999999999 [0,1,2,3,4,5,6,7,8,9] [214,215]
308.5008979591836 [0,1,2,3,4,5,6,7,8,9] [210,211,212,213,214,215,216]
308.0250000000001 [0,1,2,3,4,5,6,7,8,9] [219,220]
306.1777777777778 [0,1,2,3,4,5,6,7,8,9] [213,214,215,216,217,218,219,220,221]
305.62469444444434 [0,1,2,3,4,5,6,7,8,9] [210,211,212,213,214,215]
304.9493827160494 [0,1,2,3,4,5,6,7,8,9] [208,209,210,211,212,213,214,215,216]
304.70399999999984 [0,1,2,3,4,5,6,7,8,9] [213,214,215,216,217,218,219,220]
303.8765625 [0,1,2,3,4,5,6,7,8,9] [210,211,212,213]
303.601 [0,1,2,3,4,5,6,7,8,9] [252,253]
303.60099999999994 [0,1,2,3,4,5,6,7,8,9] [209,210,211,212,213,214,215,216]
303.41736111111106 [0,1,2,3,4,5,6,7,8,9] [220,221,222,223,224,225]
303.27048999999994 [0,1,2,3,4,5,6,7,8,9] [213,214,215,216,217,218,219,220,221,222]
303.23377777777785 [0,1,2,3,4,5,6,7,8,9] [212,213,214,215,216,217]
302.971612244898 [0,1,2,3,4,5,6,7,8,9] [211,212,213,214,215,216,217]
302.8667777777778 [0,1,2,3,4,5,6,7,8,9] [233,234,235]
302.76 [0,1,2,3,4,5,6,7,9] [252]
302.68336111111114 [0,1,2,3,4,5,6,7,8,9] [213,214,215,216,217,218,219,220,221,222,223,224]
302.36251562499996 [0,1,2,3,4,5,6,7,8,9] [208,209,210,211,212,213,214,215]
302.28004 [0,1,2,3,4,5,6,7,8,9] [210,211,212,213,214]
301.95025 [0,1,2,3,4,5,6,7,8,9] [250,251,252,253]
301.90029752066107 [0,1,2,3,4,5,6,7,8,9] [213,214,215,216,217,218,219,220,221,222,223]
301.76711111111115 [0,1,2,3,4,5,6,7,8,9] [219,220,221,222,223,224]
301.73049000000003 [0,1,2,3,4,5,6,7,8,9] [212,213,214,215,216,217,218,219,220,221]
301.70052892561984 [0,1,2,3,4,5,6,7,8,9] [211,212,213,214,215,216,217,218,219,220,221]
301.6011111111112 [1,2,3,4,5,6,7,8,9] [231]
301.60111111111104 [1,2,3,4,5,6,7,8,9] [211]
301.6011111111109 [0,1,2,3,4,6,7,8,9] [271]
300.8297530864197 [1,2,3,4,5,6,7,8,9] [198,199,200]
300.46059183673475 [0,1,2,3,4,5,6,7,8,9] [209,210,211,212,213,214,215]
300.30400000000003 [0,1,2,3,4,5,6,7,8,9] [250,251]
300.12136111111107 [0,1,2,3,4,5,6,7,8,9] [208,209,210,211,212,213]
300.08484000000004 [0,1,2,3,4,5,6,7,8,9] [211,212,213,214,215,216,217,218,219,220]
299.9387777777778 [0,1,2,3,4,5,6,7,8,9] [212,213,214,215,216,217,218,219,220]
299.86576 [0,1,2,3,4,5,6,7,8,9] [219,220,221,222,223]
299.79836686390547 [0,1,2,3,4,5,6,7,8,9] [213,214,215,216,217,218,219,220,221,222,223,224,225]
299.75625 [0,1,2,3,4,5,6,7,8,9] [223,224]
299.6780408163266 [0,1,2,3,4,5,6,7,8,9] [211,212,213,214,215,216,217,218,219,220,221,222,223,224]
299.66500694444443 [0,1,2,3,4,5,6,7,8,9] [211,212,213,214,215,216,217,218,219,220,221,222]
299.5737777777779 [0,1,2,3,4,5,6,7,8,9] [232,233,234]
299.54571005917154 [0,1,2,3,4,5,6,7,8,9] [212,213,214,215,216,217,218,219,220,221,222,223,224]
299.52165306122447 [0,1,2,3,4,5,6,7,8,9] [208,209,210,211,212,213,214]
299.5074380165291 [0,1,2,3,4,5,6,7,8,9] [212,213,214,215,216,217,218,219,220,221,222]
299.209 [0,1,2,3,4,5,6,7,8,9] [249,250,251,252,253]
299.09961 [0,1,2,3,4,5,6,7,8,9] [207,208,209,210,211,212,213,214,215,216]
298.78837869822496 [0,1,2,3,4,5,6,7,8,9] [211,212,213,214,215,216,217,218,219,220,221,222,223]
298.71361111111105 [0,1,2,3,4,5,6,7,8,9] [229,230]
298.66225 [0,1,2,3,4,5,6,7,8,9] [221,222,223,224]
298.5711736111112 [0,1,2,3,4,5,6,7,8,9] [212,213,214,215,216,217,218,219,220,221,222,223]
298.3890625 [0,1,2,3,4,5,6,7,8,9] [210,211,212,213,214,215,216,217,218,219,220,221]
298.11599999999993 [0,1,2,3,4,5,6,7,8,9] [211,212,213,214,215,216,217,218]
297.93402777777777 [0,1,2,3,4,5,6,7,8,9] [248,249,250,251,252,253]
297.86260416666664 [0,1,2,3,4,6] [266,267,268,269]
297.8430625 [0,1,2,3,4,5,6,7,8,9] [210,211,212,213,214,215,216,217]
297.706640625 [0,1,2,3,4,5,6,7,8,9] [220,221,222,223,224,225,226,227]
297.6481836734693 [0,1,2,3,4,5,6,7,8,9] [212,213,214,215,216,217,218]
297.57025000000004 [0,1,2,3,4,5,6,7,8,9] [208,209,210,211,212,213,214,215,216,217,218,219,220,221]
297.57025 [0,1,2,3,4,5,6,7,8,9] [221,222]
297.5625 [1,2,3,4,5,6,7,8,9] [198,199,200,201]
297.3884444444446 [0,1,2,3,4,5,6,7,8,9] [211,212,213,214,215,216,217,218,219,220,221,222,223,224,225]
