[Score] [Station index] [Time slots] 
1198.3136111111107 [0,1,2,3,4,5,6,7,8] [223,224]
1196.8360000000005 [0,1,2,3,4,5,6,7,8,9] [223]
1192.551111111111 [0,1,2,3,4,5,6,7,8] [224]
1153.476 [0,1,2,3,4,5,6,7,8,9] [222,223,224]
1151.329 [0,1,2,3,4,5,6,7,8,9] [222,223]
1150.9056250000003 [0,1,2,3,4,5,6,7,8] [221,222,223,224]
1149.6012500000002 [0,1,2,3,4,5,7,8] [221]
1145.4016666666664 [0,1,2,3,4,5] [203]
1137.937777777778 [0,1,2,3,4,5,7,8,9] [222]
1130.5012499999996 [0,1,2,3,4,5,7,8] [221,222,223]
1128.96 [0] [273]
1122.25 [0,1,2,3,4,5,6,7,8] [223,224,225,226]
1121.8033777777778 [0,1,2,3,4,5,6,7,8] [221,222,223,224,225]
1120.7751111111113 [0,1,2,3,4,5,6,7,8,9] [223,224,225]
1118.9025000000001 [0] [273,274]
1117.249 [0,1,2,3,4,5,6,7,8,9] [222,223,224,225]
1116.3023456790127 [0,1,2,3,4,5,6,7,8] [221,222,223,224,225,226]
1112.6030400000002 [0,1,2,3,4,5,6,7,8,9] [220,221,222,223,224]
1112.3472222222222 [0,1,2,3,4,5,7,8] [203,204,205]
1112.000177777778 [0,1,2,3,4,5,6,7,8] [222,223,224,225,226]
1109.76 [0,1,2,3,4,5] [203,204]
1109.2050000000002 [0,1,2,3,4,5,7,8] [204]
1108.8899999999999 [0] [274]
1106.6711111111115 [0,1,2,3,4,5,6,7,8] [204,205]
1106.671111111111 [0,1,2,3,4,5,6,7,8] [205]
1101.45025 [0,1,2,3,4,5,6,7,8,9] [220,221,222,223]
1098.9224999999997 [0,1,2,3,4,5,6,7,8] [224,225]
1095.61 [0,1,2,3,4,5,6,7,8] [224,225,226]
1095.5111111111105 [0,1,2,3,4,5,6,7,8,9] [220,221,222,223,224,225]
1090.5326530612244 [0,1,2,3,4,5,6,7,8,9] [220,221,222,223,224,225,226]
1089.0000000000005 [0,1,2,3,4,5,6,7,8] [226]
1087.9002777777778 [0,1,2,3,4,5,6,7,8] [203,204,205,206]
1087.849 [0,1,2,3,4,5,6,7,8,9] [219,220,221,222,223,224]
1087.7432199546483 [0,1,2,3,4,5,6,7,8] [221,222,223,224,225,226,227]
1086.8011111111111 [0,1,2,3,4,5,6,7,8] [203,204,205,206,207]
1084.6044444444442 [0] [272,273,274]
1082.41 [0,1,2,3,4,5,6,7,8] [207]
1081.5999999999997 [0,1,2,3,4,5,6,7,8,9] [218,219,220,221,222,223,224]
1081.0944 [0,1,2,3,4,5,6,7,8] [223,224,225,226,227]
1079.4875308641974 [0,1,2,3,4,5,6,7,8] [222,223,224,225,226,227]
1077.36 [0,1,2,3,4,5] [221,222]
1076.8509387755103 [0,1,2,3,4,5,6,7,8,9] [219,220,221,222,223,224,225]
1075.111234567901 [0,1,2,3,4,5,7,8,9] [220,221,222]
1074.8505625 [0,1,2,3,4,5,6,7,8,9] [219,220,221,222,223,224,225,226]
1074.1249599999996 [0,1,2,3,4,5,6,7,8,9] [219,220,221,222,223]
1072.7780625 [0,1,2,3,4,5,6,7,8,9] [218,219,220,221,222,223,224,225]
1072.5625000000005 [0,1,2,3,4,5,6,7,8] [203,204,205,206,207,208]
1072.5625 [0] [272,273]
1072.0167361111114 [0,1,2,3,4,5,6,7,8] [204,205,206,207]
1071.4550123456786 [0,1,2,3,4,5,6,7,8,9] [218,219,220,221,222,223,224,225,226]
1070.225185185185 [0,1,2,3,4,5] [202,203,204]
1069.29 [0,1,2,3,4,5,6,7,8] [203,204,205,206,207,208,209]
1069.1559999999997 [0,1,2,3,4,5,6,7,8,9] [218,219,220,221,222,223]
1068.5634567901234 [0,1,2,3,4,5,6,7,8] [204,205,206]
1068.380640625 [0,1,2,3,4,5,6,7,8,9] [220,221,222,223,224,225,226,227]
1068.0004166666665 [0,1,2,3,4,5] [202,203]
1066.05625 [0,1,2,3,4,5,6,7,8,9] [217,218,219,220,221,222,223,224]
1064.9344444444441 [0,1,2,3,4,5,6,7,8] [202,203,204,205,206,207]
1061.4564 [0,1,2,3,4,5,6,7,8] [202,203,204,205,206]
1060.5877777777778 [0,1,2,3,4,5,6,7,8] [205,206,207]
1060.0761599999998 [0,1,2,3,4,5,6,7,8,9] [217,218,219,220,221,222,223,224,225,226]
1059.9846419753085 [0,1,2,3,4,5,6,7,8,9] [217,218,219,220,221,222,223,224,225]
1058.6816666666666 [1,2,3,4,5,6] [214]
1057.9840444444444 [0,1,2,3,4,5,6,7,8] [204,205,206,207,208]
1057.0124567901235 [0,1,2,3,4,5,6,7,8,9] [219,220,221,222,223,224,225,226,227]
1056.6111419753086 [0,1,2,3,4,5,6,7,8] [204,205,206,207,208,209]
1055.940498866213 [0,1,2,3,4,5,6,7,8] [202,203,204,205,206,207,208]
1055.7562499999997 [0,1,2,3,4,5,6,7,8,9] [218,219,220,221,222,223,224,225,226,227]
1055.2418000000002 [0,1,2,3,4,5,7,8] [201,202,203,204,205]
1055.1669444444444 [0,1,2,3,4,5,6,7,8] [202,203,204,205,206,207,208,209]
1054.896267361111 [0,1,2,3,4,5,6,7,8] [221,222,223,224,225,226,227,228]
1053.5434027777778 [0,1,2,3,4,5,6,7,8] [203,204,205,206,207,208,209,210]
1053.405 [1,2,3,4,5,6,7,8] [214,215]
1053.2623673469388 [0,1,2,3,4,5,6,7,8,9] [217,218,219,220,221,222,223]
1052.8479818594105 [0,1,2,3,4,5,6,7,8] [201,202,203,204,205,206,207]
1052.6760000000002 [0,1,2,3,4,5,6,7,8,9] [220,221]
1051.3806249999998 [0,1,2,3,4,5,6,7,8] [224,225,226,227]
1051.1112499999997 [0,1,2,3,4,5,7,8] [201,202,203,204]
1050.7202194787378 [0,1,2,3,4,5,6,7,8] [203,204,205,206,207,208,209,210,211]
1050.16949382716 [0,1,2,3,4,5,6,7,8,9] [216,217,218,219,220,221,222,223,224]
1049.7600000000004 [0,1,2,3,4,5,6,7,8] [209]
1049.76 [0,1,2,3,4,5,6,7,8] [205,206]
1048.680277777778 [0,1,2,3,4,5,6,7,8] [225,226]
1047.9607716049386 [0,1,2,3,4,5,6,7,8] [201,202,203,204,205,206]
1047.6452975206612 [0,1,2,3,4,5,6,7,8,9] [216,217,218,219,220,221,222,223,224,225,226]
1046.9010330578515 [0,1,2,3,4,5,6,7,8,9] [217,218,219,220,221,222,223,224,225,226,227]
1046.8819753086425 [0,1,2,3,4,5,6,7,8] [201,202,203,204,205,206,207,208,209]
1046.738177777778 [0,1,2,3,4,5,6,7,8] [205,206,207,208,209]
1046.5225 [0,1,2,3,4,5,6,7,8] [201,202,203,204,205,206,207,208]
1046.3244099999997 [0,1,2,3,4,5,6,7,8,9] [216,217,218,219,220,221,222,223,224,225]
1045.9834027777777 [0,1,2,3,4,5,6,7,8] [205,206,207,208]
1045.0972899999997 [0,1,2,3,4,5,6,7,8,9] [215,216,217,218,219,220,221,222,223,224]
1044.7260493827164 [0,1,2,3,4,5,6,7,8] [207,208,209]
1044.4840000000004 [0,1,2,3,4,5,6,7,8,9] [219,220,221,222]
1044.484 [0,1,2,3,4,5,6,7,8,9] [218]
1044.3669444444445 [0,1,2,3,4,5,6,7,8] [200,201,202,203,204,205,206,207]
1044.0298271604938 [0,1,2,3,4,5,6,7,8,9] [220,221,222,223,224,225,226,227,228]
1043.6325069444442 [0,1,2,3,4,5,6,7,8,9] [215,216,217,218,219,220,221,222,223,224,225,226]
1042.8115363511656 [0,1,2,3,4,5,6,7,8] [202,203,204,205,206,207,208,209,210]
1042.6266446280995 [0,1,2,3,4,5,6,7,8,9] [214,215,216,217,218,219,220,221,222,223,224]
