[Score] [Station index] [Time slots] 
2105.4010000000007 [0,1,2,3,4,5,6,7,8,9] [199]
2060.6602500000004 [0,1,2,3,4,5,6,7,8,9] [199,200]
2016.4 [0,1,2,3,4,5,6,7,8,9] [200]
1982.4640000000004 [0,1,2,3,4,5,6,7,8,9] [210]
1959.9999999999993 [0,1,2,3,4,5,6,7,8,9] [202]
1954.4039999999993 [0,1,2,3,4,5,6,7,8,9] [199,200,201,202]
1952.5404444444448 [0,1,2,3,4,5,6,7,8,9] [199,200,201]
1932.1000000000008 [0,1,2,3,4,5,6,7,8,9] [210,211]
1927.2100000000003 [0,1,2,3,4,5,6,7,8] [211]
1910.4768399999994 [0,1,2,3,4,5,6,7,8,9] [199,200,201,202,203]
1905.320111111111 [0,1,2,3,4,5,6,7,8,9] [200,201,202]
1878.2702500000003 [0,1,2,3,4,5,6,7,8,9] [200,201]
1873.248444444444 [0,1,2,3,4,5,6,7,8,9] [198,199,200]
1864.3171599999991 [0,1,2,3,4,5,6,7,8,9] [198,199,200,201,202]
1863.225 [0,1,2,3,4,5,6,7,8,9] [200,201,202,203]
1850.9602499999994 [0,1,2,3,4,5,6,7,8,9] [201,202]
1848.2402500000003 [0,1,2,3,4,5,6,7,8,9] [202,203]
1848.2402499999996 [0,1,2,3,4,5,6,7,8,9] [199,200,201,202,203,204]
1843.2711111111114 [0,1,2,3,4,5,6,7,9] [234]
1843.2587777777783 [0,1,2,3,4,5,6,7,8,9] [198,199,200,201,202,203]
1840.7705624999994 [0,1,2,3,4,5,6,7,8,9] [198,199,200,201]
1829.0630408163263 [0,1,2,3,4,5,6,7,8,9] [199,200,201,202,203,204,205]
1827.9039999999998 [0,1,2,3,4,5,6,7,8,9] [210,211,212]
1813.511111111111 [0,1,2,3,4,5,6,7,8,9] [201,202,203]
1803.6490000000001 [0,1,2,3,4,5,6,7,8,9] [198,199]
1803.417777777778 [0,1,2,3,4,5,6,7,9] [234,235]
1800.1972244897959 [0,1,2,3,4,5,6,7,8,9] [198,199,200,201,202,203,204]
1798.81744 [0,1,2,3,4,5,6,7,8,9] [200,201,202,203,204]
1798.2810000000004 [0,1,2,3,4,5,6,7,8,9] [214]
1791.1361111111114 [0,1,2,3,4,5,6,7,8,9] [197,198,199,200,201,202]
1789.5750624999994 [0,1,2,3,4,5,6,7,8,9] [198,199,200,201,202,203,204,205]
1785.7867777777778 [0,1,2,3,4,5,6,7,8,9] [209,210,211]
1784.896 [0,1,2,3,4,5,6,7,8,9] [200,201,202,203,204,205]
1783.7510408163264 [0,1,2,3,4,5,6,7,8,9] [197,198,199,200,201,202,203]
1766.8317160493825 [0,1,2,3,4,5,6,7,8,9] [198,199,200,201,202,203,204,205,206]
1765.9456790123463 [0,1,2,3,4,5,6,7,8,9] [199,200,201,202,203,204,205,206,207]
1764.1799999999998 [0,1,2,3,4,5,6,7,9] [235]
1761.5925625 [0,1,2,3,4,5,6,7,8,9] [197,198,199,200]
1758.2759999999998 [0,1,2,3,4,5,6,7,8,9] [197,198,199,200,201]
1758.0720059171595 [0,1,2,3,4,5,6,7,8,9] [199,200,201,202,203,204,205,206,207,208,209,210,211]
1756.382224489796 [0,1,2,3,4,5,6,7,8,9] [200,201,202,203,204,205,206]
1753.969140625 [0,1,2,3,4,5,6,7,8,9] [197,198,199,200,201,202,203,204]
1752.976 [0,1,2,3,4,5,6,7,8,9] [211,212]
1752.8177777777773 [0,1,2,3,4,5,7,8,9] [195]
1749.7998400000001 [0,1,2,3,4,5,6,7,8,9] [199,200,201,202,203,204,205,206,207,208]
1749.741049382716 [0,1,2,3,4,5,6,7,8,9] [197,198,199,200,201,202,203,204,205]
1748.6284132653066 [0,1,2,3,4,5,6,7,8,9] [199,200,201,202,203,204,205,206,207,208,209,210,211,212]
1747.9043402777775 [0,1,2,3,4,5,6,7,8,9] [199,200,201,202,203,204,205,206,207,208,209,210]
1746.8027777777781 [0,1,2,3,4,5,6,7,8,9] [202,203,204]
1746.551040816327 [0,1,2,3,4,5,6,7,8,9] [196,197,198,199,200,201,202]
1746.3622500000001 [0,1,2,3,4,5,6,7,8,9] [201,202,203,204]
1745.7015625 [0,1,2,3,4,5,6,7,8,9] [209,210,211,212]
1745.3712656250002 [0,1,2,3,4,5,6,7,8,9] [195,196,197,198,199,200,201,202]
1745.041 [0,1,2,3,4,5,6,7,8,9] [201]
1744.7474567901238 [0,1,2,3,4,5,6,7,8,9] [195,196,197,198,199,200,201,202,203]
1741.0802499999998 [0,1,2,3,4,5,6,7,8,9] [198,199,200,201,202,203,204,205,206,207]
1740.891755102041 [0,1,2,3,4,5,6,7,8,9] [198,199,200,201,202,203,204,205,206,207,208,209,210,211]
1740.4205624999995 [0,1,2,3,4,5,6,7,8,9] [208,209,210,211]
1740.2886400000002 [0,1,2,3,4,5,6,7,8,9] [201,202,203,204,205]
1739.761 [0,1,2,3,4,5,6,7,8,9] [203]
1739.23344 [0,1,2,3,4,5,6,7,8,9] [210,211,212,213,214]
1739.1015625 [0,1,2,3,4,5,6,7,8,9] [202,203,204,205]
1738.4422499999996 [0,1,2,3,4,5,6,7,8,9] [209,210]
1733.4355599999992 [0,1,2,3,4,5,6,7,8,9] [197,198,199,200,201,202,203,204,205,206]
1733.2600177777779 [0,1,2,3,4,5,6,7,8,9] [198,199,200,201,202,203,204,205,206,207,208,209,210,211,212]
1731.0335976562499 [0,1,2,3,4,5,6,7,8,9] [199,200,201,202,203,204,205,206,207,208,209,210,211,212,213,214]
1730.5600000000004 [0,1,2,3,4,5,6,7,9] [232]
1730.5402499999996 [0,1,2,3,4,5,6,7,8,9] [200,201,202,203,204,205,206,207,208,209,210,211]
1730.236686390533 [0,1,2,3,4,5,6,7,8,9] [198,199,200,201,202,203,204,205,206,207,208,209,210]
1728.74685123967 [0,1,2,3,4,5,6,7,8,9] [198,199,200,201,202,203,204,205,206,207,208]
1727.6473600000002 [0,1,2,3,4,5,6,7,8,9] [194,195,196,197,198,199,200,201,202,203]
1727.3128016528929 [0,1,2,3,4,5,6,7,8,9] [199,200,201,202,203,204,205,206,207,208,209]
1726.5960000000002 [0,1,2,3,4,5,6,7,8,9] [199,200,201,202,203,204,205,206,207,208,209,210,211,212,213]
1726.304012345679 [0,1,2,3,4,5,6,7,8,9] [194,195,196,197,198,199,200,201,202]
1725.6106406249996 [0,1,2,3,4,5,6,7,8,9] [200,201,202,203,204,205,206,207]
1725.0195599999993 [0,1,2,3,4,5,6,7,8,9] [195,196,197,198,199,200,201,202,203,204]
1724.6255625 [0,1,2,3,4,5,6,7,8,9] [210,211,212,213]
1724.20773553719 [0,1,2,3,4,5,6,7,8,9] [195,196,197,198,199,200,201,202,203,204,205]
1723.6772345679012 [0,1,2,3,4,5,6,7,8,9] [196,197,198,199,200,201,202,203,204]
1723.5056193771627 [0,1,2,3,4,5,6,7,8,9] [199,200,201,202,203,204,205,206,207,208,209,210,211,212,213,214,215]
1722.9187599999998 [0,1,2,3,4,5,6,7,8,9] [196,197,198,199,200,201,202,203,204,205]
1722.5552899408285 [0,1,2,3,4,5,6,7,8,9] [200,201,202,203,204,205,206,207,208,209,210,211,212]
1720.4694444444442 [0,1,2,3,4,5,6,7,8,9] [197,198,199,200,201,202,203,204,205,206,207,208,209,210,211]
1718.56676816609 [0,1,2,3,4,5,6,7,8,9] [198,199,200,201,202,203,204,205,206,207,208,209,210,211,212,213,214]
1717.67236 [0,1,2,3,4,5,6,7,8,9] [208,209,210,211,212]
1717.052859504132 [0,1,2,3,4,5,6,7,8,9] [200,201,202,203,204,205,206,207,208,209,210]
1716.5366944444443 [0,1,2,3,4,5,6,7,8,9] [210,211,212,213,214,215]
1715.725734693878 [0,1,2,3,4,5,6,7,8,9] [195,196,197,198,199,200,201]
1714.7902499999996 [0,1,2,3,4,5,6,7,8,9] [201,202,203,204,205,206]
1714.6265664062498 [0,1,2,3,4,5,6,7,8,9] [197,198,199,200,201,202,203,204,205,206,207,208,209,210,211,212]
1714.1950743801656 [0,1,2,3,4,5,6,7,8,9] [193,194,195,196,197,198,199,200,201,202,203]
1713.64462890625 [0,1,2,3,4,5,6,7,8,9] [198,199,200,201,202,203,204,205,206,207,208,209,210,211,212,213]
1713.243008264463 [0,1,2,3,4,5,6,7,8,9] [197,198,199,200,201,202,203,204,205,206,207]
1712.8265625 [0,1,2,3,4,5,6,7,8,9] [195,196,197,198,199,200,201,202,203,204,205,206]
1712.3176419753086 [0,1,2,3,4,5,6,7,8,9] [200,201,202,203,204,205,206,207,208]
1712.17225 [0,1,2,3,4,5,6,7,8,9] [198,199,200,201,202,203,204,205,206,207,208,209,210,211,212,213,214,215]
1711.7361111111106 [0,1,2,3,4,5,6,7,8,9] [194,195,196,197,198,199,200,201,202,203,204,205]
1711.6488900000004 [0,1,2,3,4,5,6,7,8,9] [193,194,195,196,197,198,199,200,201,202]
1711.3396694214875 [0,1,2,3,4,5,6,7,8,9] [194,195,196,197,198,199,200,201,202,203,204]
1710.8639999999996 [0,1,2,3,4,5,6,7,8,9] [195,196,197,198,199,200]
