[Score] [Station index] [Time slots] 
239.21777777777777 [1,2,3,4,5,6,7,8,9] [209]
231.54694444444442 [1,2,3,4,5,6,7,8,9] [208,209]
225.78125 [1,2,3,4,5,6,7,9] [208]
225.625 [0,1,2,3,4,5,6,7,8,9] [226]
223.7289999999999 [0,1,2,3,4,5,6,7,8,9] [225,226]
222.00999999999996 [1,2,3,4,5,6,7,8,9] [208,209,210]
221.84100000000004 [0,1,2,3,4,5,6,7,8,9] [225]
221.01777777777778 [1,2,3,4,5,6,7,8,9] [209,210]
220.89999999999995 [0,1,2,3,4,5,6,7,8,9] [203]
220.5 [2,3,4,5,6,7,8,9] [211]
220.02777777777777 [1,2,3,4,5,6,7,8,9] [208,209,210,211]
219.45125000000007 [0,1,2,3,4,5,6,7,9] [231]
218.71123456790122 [1,2,3,4,5,6,7,8,9] [209,210,211]
218.4014285714285 [3,4,5,6,7,8,9] [237]
213.44400000000002 [0,1,2,3,4,5,6,7,8,9] [230]
212.69531250000009 [2,3,4,5,6,7,8,9] [210,211]
211.21777777777774 [0,1,2,3,4,5,6,7,8,9] [231,232]
210.65142857142857 [3,4,5,6,7,8,9] [237,238]
210.25000000000009 [0,1,2,3,4,5,6,7,8,9] [232]
210.25 [0,1,2,3,4,5,6,7,8,9] [230,231,232]
209.15377777777772 [0,1,2,3,4,5,6,7,8,9] [225,226,227]
208.51360000000008 [1,2,3,4,5,6,7,8,9] [208,209,210,211,212]
208.1287111111111 [1,2,3,4,5,6,7,8,9] [207,208,209,210,211]
207.93599999999998 [0,1,2,3,4,5,6,7,8,9] [203,204]
207.68012345679014 [1,2,3,4,5,6,7,8,9] [207,208,209]
207.12006944444443 [0,1,2,3,4,5,6,7,8,9] [229,230,231,232]
206.640625 [1,2,3,4,5,6,7,8,9] [207,208,209,210]
206.081975308642 [0,1,2,3,4,5,6,7,8,9] [229,230,231]
205.20899999999997 [0,1,2,3,4,5,6,7,8,9] [203,204,205]
205.20142857142864 [3,4,5,6,7,8,9] [237,238,239]
205.03125000000009 [2,3,4,5,6,7,8,9] [210]
204.72840277777775 [1,2,3,4,5,6,7,8,9] [209,210,211,212]
204.49000000000007 [0,1,2,3,4,6,7,8,9] [204]
204.30399999999992 [0,1,2,3,4,5,6,7,8,9] [225,226,227,228,229,230,231,232]
204.1748775510204 [0,1,2,3,4,5,6,7,8,9] [225,226,227,228,229,230,231]
204.07806249999996 [0,1,2,3,4,5,6,7,8,9] [225,226,227,228]
203.70177777777778 [0,1,2,3,4,5,6,7,8,9] [225,226,227,228,229,230]
203.0625 [0,1,2,3,4,5,6,7,8,9] [229,230]
203.04142857142853 [3,4,5,6,7,8,9] [238]
202.95024999999998 [0,1,2,3,4,5,6,7,8,9] [226,227]
201.8576530612245 [0,1,2,3,4,5,6,7,8,9] [226,227,228,229,230,231,232]
201.42144000000002 [0,1,2,3,4,5,6,7,8,9] [228,229,230,231,232]
201.30177777777772 [0,1,2,3,4,5,6,7,8,9] [226,227,228,229,230,231]
200.69444444444446 [1,2,3,4,5,6,7,8,9] [207,208,209,210,211,212]
200.48006249999997 [0,1,2,3,4,5,6,7,8,9] [228,229,230,231]
200.30597530864202 [0,1,2,3,4,5,6,7,8,9] [224,225,226,227,228,229,230,231,232]
200.16676 [0,1,2,3,4,5,6,7,8,9] [226,227,228,229,230]
199.80900000000003 [0,1,2,3,4,5,6,7,8,9] [205]
198.96669753086417 [1,2,3,4,5,6,7,8,9] [208,209,210,211,212,213]
198.916 [0,1,2,3,4,5,6,7,8,9] [225,226,227,228,229,230,231,232,233]
198.75571428571425 [3,4,5,6,7,8,9] [238,239]
198.32177777777784 [0,1,2,3,4,5,6,7,8,9] [228,229,230]
198.32177777777775 [0,1,2,3,4,5,6,7,8,9] [226,227,228]
198.02500000000006 [0,1,2,3,4,5,6,7,8,9] [227,228,229,230,231,232]
198.025 [0,1,2,3,4,5,6,7,8,9] [202,203]
197.87111111111113 [0,1,2,3,4,5,6,7,8,9] [229]
197.80256249999996 [0,1,2,3,4,5,6,7,8,9] [202,203,204,205]
197.58024999999995 [0,1,2,3,4,5,6,7,8,9] [204,205]
197.136 [0,1,2,3,4,5,6,7,8,9] [202,203,204]
196.93444444444447 [0,1,2,3,4,5,6,7,8,9] [229,230,231,232,233]
196.9140625 [0,1,2,3,4,5,6,7,8,9] [226,227,228,229]
196.70062500000003 [0,1,2,3,4,5,6,7,8,9] [230,231,232,233]
196.60356000000004 [0,1,2,3,4,5,6,7,8,9] [227,228,229,230,231]
196.4002040816326 [1,2,3,4,5,6,7,8,9] [208,209,210,211,212,213,214]
196.13826562499995 [0,1,2,3,4,5,6,7,8,9] [226,227,228,229,230,231,232,233]
196.02 [2,3,4,5,6,7,8,9] [210,211,212]
196.0 [1,2,3,4,5,6,7,8,9] [219]
195.89475999999996 [0,1,2,3,4,5,6,7,8,9] [224,225,226,227,228,229,230,231,232,233]
195.71775999999994 [0,1,2,3,4,5,6,7,8,9] [223,224,225,226,227,228,229,230,231,232]
195.45240999999993 [0,1,2,3,4,5,6,7,8,9] [225,226,227,228,229,230,231,232,233,234]
195.36400000000003 [0,1,2,3,4,5,6,7,8,9] [242]
194.51571428571427 [3,4,5,6,7,8,9] [239]
194.30464000000003 [0,1,2,3,4,5,6,7,8,9] [209,210,211,212,213]
194.18711111111114 [0,1,2,3,4,5,6,7,8,9] [203,204,205,206,207,208,209,210,211]
194.04024999999996 [0,1,2,3,4,5,6,7,8,9] [227,228,229,230]
193.9889285714286 [3,4,5,6,7,8,9] [236,237,238,239]
193.89344444444444 [0,1,2,3,4,5,6,7,8,9] [228,229,230,231,232,233]
193.81349206349208 [3,4,5,6,7,8,9] [236,237,238]
193.7398866213153 [1,2,3,4,5,6,7,8,9] [207,208,209,210,211,212,213]
193.60000000000008 [0,1,2,3,4,5,6,7,8,9] [225,226,227,228,229,230,231,232,233,234,235,236,237,238,239]
193.55281250000002 [1,2,3,4,5,6,7,9] [207,208]
193.51901234567896 [1,2,3,4,5,6,7,8,9] [206,207,208,209,210,211]
193.474306122449 [0,1,2,3,4,5,6,7,8,9] [225,226,227,228,229,230,231,232,233,234,235,236,237,238]
193.3800625 [0,1,2,3,4,5,6,7,8,9] [225,226,227,228,229,230,231,232,233,234,235,236,237,238,239,240]
193.34240362811792 [1,2,3,4,5,6,7,8,9] [205,206,207,208,209,210,211]
193.25792901234564 [0,1,2,3,4,5,6,7,8,9] [225,226,227,228,229,230,231,232,233,234,235,236,237,238,239,240,241,242]
193.1343979238755 [0,1,2,3,4,5,6,7,8,9] [225,226,227,228,229,230,231,232,233,234,235,236,237,238,239,240,241]
193.04040495867764 [0,1,2,3,4,5,6,7,8,9] [224,225,226,227,228,229,230,231,232,233,234]
192.9012345679012 [0,1,2,3,4,5,6,7,8,9] [231,232,233]
192.86736111111117 [0,1,2,3,4,5,6,7,8,9] [209,210,211,212,213,214]
192.72100000000006 [0,1,2,3,4,5,6,7,8,9] [225,226,227,228,229,230,231,232,233,234,235,236,237]
192.6234567901234 [0,1,2,3,4,5,6,7,8,9] [226,227,228,229,230,231,232,233,234]
192.36996000000005 [0,1,2,3,4,5,6,7,8,9] [202,203,204,205,206,207,208,209,210,211]
192.32211570247932 [0,1,2,3,4,5,6,7,8,9] [225,226,227,228,229,230,231,232,233,234,235]
192.30532963988924 [0,1,2,3,4,5,6,7,8,9] [225,226,227,228,229,230,231,232,233,234,235,236,237,238,239,240,241,242,243]
192.28224999999995 [0,1,2,3,4,5,6,7,8,9] [241,242]
192.16890625000008 [1,2,3,4,5,6,7,8,9] [207,208,209,210,211,212,213,214]
192.16267768595043 [0,1,2,3,4,5,6,7,8,9] [223,224,225,226,227,228,229,230,231,232,233]
192.09436734693884 [0,1,2,3,4,5,6,7,8,9] [227,228,229,230,231,232,233]
192.0534027777778 [1,2,3,4,5,6,7,8,9] [204,205,206,207,208,209,210,211]
