[Score] [Station index] [Time slots] 
2812.3289999999997 [0,1,2,3,4,5,6,7,8,9] [266]
2787.2302499999996 [0,1,2,3,4,5,6,7,8,9] [266,267]
2782.2240000000006 [0,1,2,3,4,5,6,7,8,9] [265,266]
2777.7777777777783 [0,1,2,3,4,5,6,7,8,9] [266,267,268]
2775.5559999999996 [0,1,2,3,4,5,6,7,8,9] [265,266,267]
2771.3925625 [0,1,2,3,4,5,6,7,8,9] [265,266,267,268]
2766.7599999999993 [0,1,2,3,5,6,7,8,9] [265]
2762.2439999999997 [0,1,2,3,4,5,6,7,8,9] [267]
2760.5822500000004 [0,1,2,3,4,5,6,7,8,9] [267,268]
2758.9210000000007 [0,1,2,3,4,5,6,7,8,9] [268]
2743.6609599999997 [0,1,2,3,4,5,6,7,8,9] [265,266,267,268,269]
2741.5080625000005 [0,1,2,3,4,5,6,7,8,9] [266,267,268,269]
2730.425759999999 [0,1,2,3,4,5,6,7,8,9] [264,265,266,267,268]
2723.3250625 [0,1,2,3,4,5,6,7,8,9] [264,265,266,267]
2718.101777777778 [0,1,2,3,4,5,6,7,8,9] [267,268,269]
2714.25625 [0,1,2,3,4,5,6,7,8,9] [264,265,266,267,268,269]
2710.413444444444 [0,1,2,3,4,5,6,7,8,9] [264,265,266]
2702.7360000000012 [0,1,2,3,4,5,6,7,8,9] [263,264,265,266,267,268]
2696.1639999999998 [0,1,2,3,4,5,6,7,8,9] [268,269]
2692.8810000000008 [0,1,2,3,4,5,6,7,8,9] [263,264,265,266,267,268,269]
2691.568360000001 [0,1,2,3,4,5,6,7,8,9] [263,264,265,266,267]
2681.9521111111117 [0,1,2,3,4,5,6,7,8,9] [265,266,267,268,269,270]
2678.8336530612246 [0,1,2,3,4,5,6,7,8,9] [265,266,267,268,269,270,271]
2674.042562500001 [0,1,2,3,4,5,6,7,8,9] [263,264,265,266]
2669.0223673469395 [0,1,2,3,4,5,6,7,8,9] [262,263,264,265,266,267,268]
2667.995559999999 [0,1,2,3,4,5,6,7,8,9] [266,267,268,269,270]
2666.6889999999994 [0,1,2,3,4,5,6,7,8,9] [266,267,268,269,270,271]
2665.7559387755105 [0,1,2,3,4,5,6,7,8,9] [264,265,266,267,268,269,270]
2665.05625 [0,1,2,3,4,5,6,7,8,9] [264,265,266,267,268,269,270,271]
2664.6481406250005 [0,1,2,3,4,5,6,7,8,9] [262,263,264,265,266,267,268,269]
2660.1609999999996 [0,1,2,3,4,5,6,7,8,9] [271]
2660.160999999999 [0,1,2,3,4,5,6,7,8,9] [264,265]
2654.862890625 [0,1,2,3,4,5,6,7,8,9] [265,266,267,268,269,270,271,272]
2654.1840277777774 [0,1,2,3,4,5,6,7,8,9] [262,263,264,265,266,267]
2654.0030123456795 [0,1,2,3,4,5,6,7,8,9] [263,264,265,266,267,268,269,270,271]
2653.2337656250006 [0,1,2,3,4,5,6,7,8,9] [263,264,265,266,267,268,269,270]
2649.1631406249994 [0,1,2,3,4,5,6,7,8,9] [261,262,263,264,265,266,267,268]
2647.4905679012345 [0,1,2,3,4,5,6,7,8,9] [261,262,263,264,265,266,267,268,269]
2645.3215308641975 [0,1,2,3,4,5,6,7,8,9] [264,265,266,267,268,269,270,271,272]
2641.0893061224488 [0,1,2,3,4,5,6,7,8,9] [266,267,268,269,270,271,272]
2638.0256400000007 [0,1,2,3,4,5,6,7,8,9] [267,268,269,270,271]
2637.376 [0,1,2,3,4,5,6,7,8,9] [263,264,265,266,267,268,269,270,271,272]
2635.427560000001 [0,1,2,3,4,5,6,7,8,9] [262,263,264,265,266,267,268,269,270,271]
2634.1289999999995 [0,1,2,3,4,5,6,7,8,9] [269]
2633.665306122449 [0,1,2,3,4,5,6,7,8,9] [261,262,263,264,265,266,267]
2632.83076 [0,1,2,3,4,5,6,7,8,9] [262,263,264,265,266]
2632.6865308641977 [0,1,2,3,4,5,6,7,8,9] [262,263,264,265,266,267,268,269,270]
2632.50625 [0,1,2,3,4,5,6,7,8,9] [267,268,269,270]
2628.7217777777782 [0,1,2,3,4,5,6,7,8,9] [263,264,265]
2624.1054628099178 [0,1,2,3,4,5,6,7,8,9] [261,262,263,264,265,266,267,268,269,270,271]
2622.0441652892555 [0,1,2,3,4,5,6,7,8,9] [262,263,264,265,266,267,268,269,270,271,272]
2620.5134400000006 [0,1,2,3,4,5,6,7,8,9] [261,262,263,264,265,266,267,268,269,270]
2617.9239999999995 [0,1,2,3,4,5,6,7,8,9] [260,261,262,263,264,265,266,267,268,269]
2616.1265308641982 [0,1,2,3,4,5,6,7,8,9] [260,261,262,263,264,265,266,267,268]
2613.0722499999993 [0,1,2,3,4,5,6,7,8,9] [267,268,269,270,271,272]
2612.8028402777772 [0,1,2,3,4,5,6,7,8,9] [261,262,263,264,265,266,267,268,269,270,271,272]
2612.5334444444443 [0,1,2,3,4,5,6,7,8,9] [261,262,263,264,265,266]
2611.455999999999 [0,1,2,3,4,5,6,7,8,9] [265,266,267,268,269,270,271,272,273]
2607.417562499999 [0,1,2,3,4,5,6,7,8,9] [268,269,270,271]
2607.25609 [0,1,2,3,4,5,6,7,8,9] [264,265,266,267,268,269,270,271,272,273]
2603.528933884298 [0,1,2,3,4,5,6,7,8,9] [263,264,265,266,267,268,269,270,271,272,273]
2601.5001736111108 [0,1,2,3,4,5,6,7,8,9] [260,261,262,263,264,265,266,267,268,269,270,271]
2598.543999999999 [0,1,2,3,4,5,6,7,8,9] [260,261,262,263,264,265,266,267]
2596.1998016528914 [0,1,2,3,4,5,6,7,8,9] [260,261,262,263,264,265,266,267,268,269,270]
2594.112890625001 [0,1,2,3,4,5,6,7,8,9] [266,267,268,269,270,271,272,273]
2592.843130177515 [0,1,2,3,4,5,6,7,8,9] [260,261,262,263,264,265,266,267,268,269,270,271,272]
2592.368340277778 [0,1,2,3,4,5,6,7,8,9] [262,263,264,265,266,267,268,269,270,271,272,273]
2589.9537777777778 [0,1,2,3,4,5,6,7,8,9] [268,269,270]
2588.8809999999994 [0,1,2,3,4,5,6,7,8,9] [262,263,264,265]
2586.1587928994077 [0,1,2,3,4,5,6,7,8,9] [261,262,263,264,265,266,267,268,269,270,271,272,273]
2583.7347599999994 [0,1,2,3,4,5,6,7,8,9] [268,269,270,271,272]
2583.2525625 [0,1,2,3,4,5,6,7,8,9] [258,259,260,261,262,263,264,265,266,267,268,269]
2581.5725289256193 [0,1,2,3,4,5,6,7,8,9] [259,260,261,262,263,264,265,266,267,268,269]
2580.2244023668636 [0,1,2,3,4,5,6,7,8,9] [257,258,259,260,261,262,263,264,265,266,267,268,269]
2578.91481 [0,1,2,3,4,5,6,7,8,9] [265,266,267,268,269,270,271,272,273,274]
2578.6520330578505 [0,1,2,3,4,5,6,7,8,9] [258,259,260,261,262,263,264,265,266,267,268]
2578.068132231405 [0,1,2,3,4,5,6,7,8,9] [264,265,266,267,268,269,270,271,272,273,274]
2577.095111111111 [0,1,2,3,4,5,6,7,8,9] [263,264,265,266,267,268,269,270,271,272,273,274]
2576.3460099999998 [0,1,2,3,4,5,6,7,8,9] [259,260,261,262,263,264,265,266,267,268]
2575.757506944444 [0,1,2,3,4,5,6,7,8,9] [257,258,259,260,261,262,263,264,265,266,267,268]
2575.5664489795918 [0,1,2,3,4,5,6,7,8,9] [260,261,262,263,264,265,266]
2574.4202500000006 [0,1,2,3,4,5,6,7,8,9] [271,272]
2574.1910408163258 [0,1,2,3,4,5,6,7,8,9] [258,259,260,261,262,263,264,265,266,267,268,269,270,271]
2573.4576399999996 [0,1,2,3,4,5,6,7,8,9] [261,262,263,264,265]
2572.8159999999993 [0,1,2,3,4,5,6,7,8,9] [257,258]
2572.1744400000007 [0,1,2,3,4,5,6,7,8,9] [257,258,259,260,261,262,263,264,265,266,267,268,269,270,271]
2572.075745562131 [0,1,2,3,4,5,6,7,8,9] [259,260,261,262,263,264,265,266,267,268,269,270,271]
2569.6090000000004 [0,1,2,3,4,5,6,7,8,9] [260,261,262,263,264,265,266,267,268,269,270,271,272,273]
2568.8692071005908 [0,1,2,3,4,5,6,7,8,9] [262,263,264,265,266,267,268,269,270,271,272,273,274]
2568.540444444444 [0,1,2,3,4,5,6,7,8,9] [258,259,260,261,262,263,264,265,266,267,268,269,270,271,272]
2568.0062500000013 [0,1,2,3,4,5,6,7,8,9] [263,264]
2567.6364556213007 [0,1,2,3,4,5,6,7,8,9] [258,259,260,261,262,263,264,265,266,267,268,269,270]
2567.00478515625 [0,1,2,3,4,5,6,7,8,9] [257,258,259,260,261,262,263,264,265,266,267,268,269,270,271,272]
2566.4039999999995 [0,1,2,3,4,5,6,7,8,9] [263]
2566.175147959184 [0,1,2,3,4,5,6,7,8,9] [259,260,261,262,263,264,265,266,267,268,269,270,271,272]
2565.9463061224487 [0,1,2,3,4,5,6,7,8,9] [257,258,259,260,261,262,263,264,265,266,267,268,269,270]
2564.80225 [0,1,2,3,4,5,6,7,8,9] [261,262,263,264,265,266,267,268,269,270,271,272,273,274]
2563.6584489795923 [0,1,2,3,4,5,6,7,8,9] [267,268,269,270,271,272,273]
2560.96009 [0,1,2,3,4,5,6,7,8,9] [258,259,260,261,262,263,264,265,266,267]
2560.359999999999 [0,1,2,3,5,6,7,8,9] [258]
