[Score] [Station index] [Time slots] 
502.445 [0,1,2,3,4,6,7,8,9] [257]
500.8612499999999 [0,1,2,3,4,6,7,8,9] [262]
492.97999999999996 [0,1,2,3,4,6,7,8,9] [243]
490.6278125 [0,1,2,3,4,6,7,8,9] [262,263]
488.892857142857 [0,1,2,3,4,6,7,8,9] [259]
486.937777777778 [0,1,2,3,4,5,6,7,8,9] [235]
485.9403125000001 [0,1,2,3,4,6,7,8,9] [257,258]
482.8278125 [0,1,2,3,4,6,7,8,9] [261,262]
482.56888888888875 [0,1,2,3,4,6,7,8,9] [257,258,259]
482.0512499999999 [0,1,2,3,4,6,7,8,9] [261,262,263]
480.5 [0,1,2,3,4,6,7,8,9] [263]
479.61000000000007 [0,1,2,3,4,5,6,7,8,9] [250]
472.78125 [0,1,2,3,4,6,7,8,9] [258,259]
470.36826530612257 [0,1,2,3,4,6,7,8,9] [257,258,259,260,261,262,263]
469.71124999999995 [0,1,2,3,4,6,7,8,9] [258]
468.6901388888889 [0,1,2,3,4,6,7,8,9] [257,258,259,260,261,262]
468.562578125 [0,1,2,3,4,6,7,8,9] [256,257,258,259]
466.14222222222224 [0,1,2,3,4,6,7,8,9] [256,257,258]
465.125 [0,1,2,3,4,6,7,8,9] [258,259,260,261,262,263]
464.93439453124995 [0,1,2,3,4,6,7,8,9] [256,257,258,259,260,261,262,263]
464.3628125 [0,1,2,3,4,6,7,8,9] [256,257]
464.21045 [0,1,2,3,4,6,7,8,9] [259,260,261,262,263]
463.220703125 [0,1,2,3,4,6,7,8,9] [261,262,263,264]
462.7316581632653 [0,1,2,3,4,6,7,8,9] [256,257,258,259,260,261,262]
462.46007812500005 [0,1,2,3,4,6,7,8,9] [257,258,259,260,261,262,263,264]
462.3840500000001 [0,1,2,3,4,6,7,8,9] [257,258,259,260,261]
462.08000000000004 [0,1,2,3,4,6,7,8,9] [258,259,260,261,262]
461.70007812500006 [0,1,2,3,4,6,7,8,9] [257,258,259,260]
461.3203125 [0,1,2,3,4,6,7,8,9] [260,261,262,263]
460.18195312499995 [0,1,2,3,4,6,7,8,9] [259,260,261,262]
459.7185802469136 [0,1,2,3,4,6,7,8,9] [257,258,259,260,261,262,263,264,265]
459.04500000000013 [0,1,2,3,4,6,7,8,9] [267]
458.5401388888888 [0,1,2,3,4,6,7,8,9] [256,257,258,259,260,261,262,263,264]
456.88326530612244 [0,1,2,3,4,6,7,8,9] [258,259,260,261,262,263,264]
456.52347222222215 [0,1,2,3,4,6,7,8,9] [256,257,258,259,260,261]
456.4731125000001 [0,1,2,3,4,6,7,8,9] [256,257,258,259,260,261,262,263,264,265]
455.6082747933884 [0,1,2,3,4,6,7,8,9] [257,258,259,260,261,262,263,264,265,266,267]
455.2653125 [0,1,2,3,4,6,7,8,9] [257,258,259,260,261,262,263,264,265,266]
455.0138888888888 [0,1,2,3,4,6,7,8,9] [260,261,262]
454.8127999999999 [0,1,2,3,4,6,7,8,9] [256,257,258,259,260]
454.7625347222221 [0,1,2,3,4,6,7,8,9] [259,260,261,262,263,264]
454.51124999999985 [0,1,2,3,4,6,7,8,9] [258,259,260,261,262,263,264,265]
453.8414969135802 [0,1,2,3,4,6,7,8,9] [255,256,257,258,259,260,261,262,263]
453.2558680555555 [0,1,2,3,4,6,7,8,9] [256,257,258,259,260,261,262,263,264,265,266,267]
452.7314049586778 [0,1,2,3,4,6,7,8,9] [256,257,258,259,260,261,262,263,264,265,266]
452.628828125 [0,1,2,3,4,6,7,8,9] [258,259,260,261]
452.36022959183674 [0,1,2,3,4,6,7,8,9] [259,260,261,262,263,264,265]
452.2528125 [0,1,2,3,4,6,7,8,9] [243,244]
451.8769531250001 [0,1,2,3,4,6,7,8,9] [257,258,259,260,261,262,263,264,265,266,267,268]
451.65151249999997 [0,1,2,3,4,6,7,8,9] [254,255,256,257,258,259,260,261,262,263]
451.0506124999999 [0,1,2,3,4,6,7,8,9] [258,259,260,261,262,263,264,265,266,267]
450.6002000000001 [0,1,2,3,4,6,7,8,9] [260,261,262,263,264]
450.56267578124994 [0,1,2,3,4,6,7,8,9] [255,256,257,258,259,260,261,262]
450.16668209876536 [0,1,2,3,4,6,7,8,9] [258,259,260,261,262,263,264,265,266]
450.0 [0,1,2,3,4,6,7,8,9] [256,257,258,259,260,261,262,263,264,265,266,267,268]
449.25031249999995 [0,1,2,3,4,6,7,8,9] [255,256,257,258,259,260,261,262,263,264]
449.0005555555556 [0,1,2,3,4,6,7,8,9] [259,260,261,262,263,264,265,266,267]
448.50124999999997 [0,1,2,3,4,6,7,8,9] [258,259,260]
448.50124999999986 [0,1,2,3,4,6,7,8,9] [254,255,256,257,258,259,260,261,262]
448.2290185950412 [0,1,2,3,4,6,7,8,9] [255,256,257,258,259,260,261,262,263,264,265]
447.90245 [0,1,2,3,4,6,7,8,9] [255,256,257,258,259]
447.7528124999999 [0,1,2,3,4,6,7,8,9] [259,260,261,262,263,264,265,266]
447.68480371900824 [0,1,2,3,4,6,7,8,9] [254,255,256,257,258,259,260,261,262,263,264]
447.00499999999994 [0,1,2,3,4,6,7,8,9] [259,260,261]
446.8804253472223 [0,1,2,3,4,6,7,8,9] [254,255,256,257,258,259,260,261,262,263,264,265]
446.5451183431952 [0,1,2,3,4,6,7,8,9] [255,256,257,258,259,260,261,262,263,264,265,266,267]
445.51125 [0,1,2,3,4,6,7,8,9] [255,256,257,258,259,260,261,262,263,264,265,266]
445.51124999999996 [0,1,2,3,4,6,7,8,9] [254,255,256,257,258,259,260,261,262,263,264,265,266,267]
445.26253472222226 [0,1,2,3,4,6,7,8,9] [254,255,256,257,258,259]
444.47857988165663 [0,1,2,3,4,6,7,8,9] [254,255,256,257,258,259,260,261,262,263,264,265,266]
444.02000000000004 [0,1,2,3,4,6,7,8,9] [255,256,257,258,259,260,261,262,263,264,265,266,267,268]
443.80444444444447 [0,1,2,3,4,5,6,7,8,9] [235,236]
443.594387755102 [0,1,2,3,4,6,7,8,9] [255,256,257,258,259,260,261]
443.2256888888889 [0,1,2,3,4,6,7,8,9] [254,255,256,257,258,259,260,261,262,263,264,265,266,267,268]
442.225 [0,1,2,3,4,5,6,7,8,9] [231]
442.1594531249999 [0,1,2,3,4,6,7,8,9] [254,255,256,257,258,259,260,261]
441.45009297520664 [0,1,2,3,4,6,7,8,9] [253,254,255,256,257,258,259,260,261,262,263]
441.0450000000001 [0,1,2,3,4,6,7,8,9] [255,256,257,258]
440.94600555555564 [0,1,2,3,4,6,7,8,9] [255,256,257,258,259,260,261,262,263,264,265,266,267,268,269]
440.39555175781254 [0,1,2,3,4,6,7,8,9] [254,255,256,257,258,259,260,261,262,263,264,265,266,267,268,269]
440.0555555555556 [0,1,2,3,4,6,7,8,9] [255,256,257,258,259,260]
439.2996712802769 [0,1,2,3,4,6,7,8,9] [254,255,256,257,258,259,260,261,262,263,264,265,266,267,268,269,270]
439.2647999999999 [0,1,2,3,4,6,7,8,9] [254,255,256,257,258]
438.92612244897964 [0,1,2,3,4,6,7,8,9] [254,255,256,257,258,259,260]
438.8203125 [0,1,2,3,4,6,7,8,9] [254,255,256,257,258,259,260,261,262,263,264,265,266,267,268,269,270,271]
438.69688368055546 [0,1,2,3,4,6,7,8,9] [253,254,255,256,257,258,259,260,261,262,263,264]
438.64941568047334 [0,1,2,3,4,6,7,8,9] [253,254,255,256,257,258,259,260,261,262,263,264,265]
438.47475555555565 [0,1,2,3,4,6,7,8,9] [253,254,255,256,257,258,259,260,261,262,263,264,265,266,267]
438.08000000000004 [0,1,2,3,4,6,7,8,9] [259,260]
437.6361124999999 [0,1,2,3,4,6,7,8,9] [253,254,255,256,257,258,259,260,261,262]
437.3403125 [0,1,2,3,4,6,7,8,9] [266,267]
437.02349489795915 [0,1,2,3,4,6,7,8,9] [253,254,255,256,257,258,259,260,261,262,263,264,265,266]
436.78595703125006 [0,1,2,3,4,6,7,8,9] [253,254,255,256,257,258,259,260,261,262,263,264,265,266,267,268]
434.5178589965397 [0,1,2,3,4,6,7,8,9] [253,254,255,256,257,258,259,260,261,262,263,264,265,266,267,268,269]
434.3490304709141 [0,1,2,3,4,6,7,8,9] [254,255,256,257,258,259,260,261,262,263,264,265,266,267,268,269,270,271,272]
434.01945312500004 [0,1,2,3,4,6,7,8,9] [252,253,254,255,256,257,258,259,260,261,262,263]
433.8148765432099 [0,1,2,3,4,6,7,8,9] [253,254,255,256,257,258,259,260,261,262,263,264,265,266,267,268,269,270]
433.6512500000002 [0,1,2,3,4,6,7,8,9] [253,254,255,256,257,258,259,260,261,262,263,264,265,266,267,268,269,270,271]
433.09923828125017 [0,1,2,3,4,6,7,8,9] [252,253,254,255,256,257,258,259,260,261,262,263,264,265,266,267]
432.9153125 [0,1,2,3,4,6,7,8,9] [260,261]
