[Score] [Station index] [Time slots] 
389.4044444444445 [0,1,2,3,4,6,7,8,9] [234]
375.76899999999995 [0,1,2,3,4,5,6,7,8,9] [257]
350.46400000000006 [0,1,2,3,4,5,6,7,8,9] [257,258]
349.0669444444445 [0,1,2,3,4,5,6,7,8,9] [256,257]
342.6612345679013 [0,1,2,3,4,5,6,7,8,9] [256,257,258]
342.25 [0,1,2,3,4,5,6,7,8,9] [260]
341.9417361111111 [0,1,2,3,4,5,6,7,8,9] [257,258,259,260]
341.91124999999994 [0,1,2,3,4,6,7,8,9] [265]
341.83901234567907 [0,1,2,3,4,5,6,7,8,9] [257,258,259]
341.0177777777778 [0,1,2,3,4,5,6,7,8,9] [248]
338.0695111111111 [0,1,2,3,4,5,6,7,8,9] [256,257,258,259,260]
337.33444444444444 [0,1,2,3,4,5,6,7,8,9] [257,258,259,260,261]
337.0284027777778 [0,1,2,3,4,5,6,7,8,9] [256,257,258,259]
335.29679012345684 [0,1,2,3,4,5,6,7,8,9] [255,256,257]
335.29679012345673 [0,1,2,3,4,5,6,7,8,9] [264,265,266]
334.89 [0,1,2,3,4,5,6,7,8,9] [256,257,258,259,260,261]
334.58506944444446 [0,1,2,3,4,5,6,7,8,9] [254,255,256,257]
334.52409999999986 [0,1,2,3,4,5,6,7,8,9] [257,258,259,260,261,262,263,264,265,266]
334.28027777777777 [0,1,2,3,4,5,6,7,8,9] [264,265]
334.2125651577503 [0,1,2,3,4,5,6,7,8,9] [257,258,259,260,261,262,263,264,265]
334.1932199546484 [0,1,2,3,4,5,6,7,8,9] [257,258,259,260,261,262,263]
333.97562500000004 [0,1,2,3,4,5,6,7,8,9] [255,256,257,258]
333.67111111111114 [0,1,2,3,4,5,6,7,8,9] [257,258,259,260,261,262,263,264,265,266,267]
333.67111111111103 [0,1,2,3,4,5,6,7,8,9] [254,255,256,257,258]
333.4681790123457 [0,1,2,3,4,5,6,7,8,9] [257,258,259,260,261,262]
333.4497337006428 [0,1,2,3,4,5,6,7,8,9] [256,257,258,259,260,261,262,263,264,265,266]
333.0625000000001 [0,1,2,3,4,5,6,7,8,9] [256,257,258,259,260,261,262,263,264,265]
332.9756009070295 [0,1,2,3,4,5,6,7,8,9] [254,255,256,257,258,259,260]
332.75840277777786 [0,1,2,3,4,5,6,7,8,9] [256,257,258,259,260,261,262,263]
332.75840277777775 [0,1,2,3,4,5,6,7,8,9] [256,257,258,259,260,261,262,263,264,265,266,267]
332.3025173611112 [0,1,2,3,4,5,6,7,8,9] [257,258,259,260,261,262,263,264]
331.9336961451248 [0,1,2,3,4,5,6,7,8,9] [256,257,258,259,260,261,262]
331.4422530864197 [0,1,2,3,4,5,6,7,8,9] [254,255,256,257,258,259]
331.4266929651544 [0,1,2,3,4,5,6,7,8,9] [254,255,256,257,258,259,260,261,262,263,264,265,266]
331.4133560090703 [0,1,2,3,4,5,6,7,8,9] [260,261,262,263,264,265,266]
331.3411188271604 [0,1,2,3,4,5,6,7,8,9] [255,256,257,258,259,260,261,262,263,264,265,266]
331.24 [0,1,2,3,4,5,6,7,8,9] [256,257,258,259,260,261,262,263,264]
331.23999999999995 [0,1,2,3,4,5,6,7,8,9] [266,267]
331.06668934240366 [0,1,2,3,4,5,6,7,8,9] [255,256,257,258,259,260,261]
330.98005102040815 [0,1,2,3,4,5,6,7,8,9] [254,255,256,257,258,259,260,261,262,263,264,265,266,267]
330.93673611111103 [0,1,2,3,4,5,6,7,8,9] [254,255,256,257,258,259,260,261,262,263,264,265]
330.86677186061803 [0,1,2,3,4,5,6,7,8,9] [255,256,257,258,259,260,261,262,263,264,265,266,267]
330.8356790123458 [0,1,2,3,4,5,6,7,8,9] [258,259,260]
330.79893480257135 [0,1,2,3,4,5,6,7,8,9] [255,256,257,258,259,260,261,262,263,264,265]
330.6336111111111 [0,1,2,3,4,5,6,7,8,9] [260,261]
330.4316049382716 [0,1,2,3,4,5,6,7,8,9] [260,261,262,263,264,265]
330.2700444444444 [0,1,2,3,4,5,6,7,8,9] [254,255,256,257,258,259,260,261,262,263]
330.02777777777794 [0,1,2,3,4,5,6,7,8,9] [258,259,260,261,262,263,264,265,266]
330.02777777777777 [0,1,2,3,4,5,6,7,8,9] [255,256,257,258,259,260,261,262,263]
330.02777777777766 [0,1,2,3,4,5,6,7,8,9] [259,260,261,262,263,264,265,266]
329.62419753086414 [0,1,2,3,4,5,6,7,8,9] [257,258,259,260,261,262,263,264,265,266,267,268]
329.35528120713303 [0,1,2,3,4,5,6,7,8,9] [254,255,256,257,258,259,260,261,262]
329.25752066115706 [0,1,2,3,4,5,6,7,8,9] [254,255,256,257,258,259,260,261,262,263,264]
329.1200694444444 [0,1,2,3,4,5,6,7,8,9] [258,259,260,261,262,263,264,265]
329.0968113083497 [0,1,2,3,4,5,6,7,8,9] [256,257,258,259,260,261,262,263,264,265,266,267,268]
328.99049886621304 [0,1,2,3,4,5,6,7,8,9] [259,260,261,262,263,264,265]
328.96890625 [0,1,2,3,4,5,6,7,8,9] [255,256,257,258,259,260,261,262]
328.93867777777785 [0,1,2,3,4,5,6,7,8,9] [255,256,257,258,259,260,261,262,263,264]
328.51562499999983 [0,1,2,3,4,5,6,7,8,9] [260,261,262,263]
327.9318567901234 [0,1,2,3,4,5,6,7,8,9] [254,255,256,257,258,259,260,261,262,263,264,265,266,267,268]
327.91173611111094 [0,1,2,3,4,5,6,7,8,9] [258,259,260,261]
327.6099999999999 [0,1,2,3,4,5,6,7,8,9] [255,256,257,258,259,260,261,262,263,264,265,266,267,268]
327.40891975308637 [0,1,2,3,4,5,6,7,8,9] [258,259,260,261,262,263]
327.2079012345679 [0,1,2,3,4,5,6,7,8,9] [259,260,261]
326.8863999999999 [0,1,2,3,4,5,6,7,8,9] [259,260,261,262,263]
326.64537777777787 [0,1,2,3,4,5,6,7,8,9] [260,261,262,263,264]
326.2324036281179 [0,1,2,3,4,5,6,7,8,9] [258,259,260,261,262,263,264]
325.60197530864195 [0,1,2,3,4,5,6,7,8,9] [259,260,261,262,263,264]
325.2011111111111 [0,1,2,3,4,5,6,7,8,9] [267]
325.20111111111106 [0,1,2,3,4,5,6,7,8,9] [260,261,262]
324.8313017751478 [0,1,2,3,4,5,6,7,8,9] [257,258,259,260,261,262,263,264,265,266,267,268,269]
324.68607709750563 [0,1,2,3,4,5,6,7,8,9] [256,257,258,259,260,261,262,263,264,265,266,267,268,269]
324.40012345679014 [0,1,2,3,4,5,6,7,8,9] [253,254,255,256,257,258,259,260,261,262,263,264,265,266,267]
324.34294784580493 [0,1,2,3,4,5,6,7,8,9] [253,254,255,256,257,258,259,260,261,262,263,264,265,266]
324.15001736111117 [0,1,2,3,4,5,6,7,8,9] [254,255,256,257,258,259,260,261,262,263,264,265,266,267,268,269]
323.9999999999999 [0,1,2,3,4,5,6,7,8,9] [259,260,261,262]
323.68 [0,1,2,3,4,5,7,8,9] [235]
323.60012345679 [0,1,2,3,4,5,6,7,8,9] [255,256,257,258,259,260,261,262,263,264,265,266,267,268,269]
323.35416831032217 [0,1,2,3,4,5,6,7,8,9] [253,254,255,256,257,258,259,260,261,262,263,264,265]
322.80111111111114 [0,1,2,3,4,5,6,7,8,9] [261,262,263,264]
322.58 [0,1,2,3,4,6,7,8,9] [258]
321.97816406249996 [0,1,2,3,4,5,6,7,8,9] [253,254,255,256,257,258,259,260,261,262,263,264,265,266,267,268]
321.3871074380165 [0,1,2,3,4,5,6,7,8,9] [253,254,255,256,257,258,259,260,261,262,263]
321.206049382716 [0,1,2,3,4,5,6,7,8,9] [253,254,255,256,257,258,259,260,261,262,263,264]
320.4100000000001 [0,1,2,3,4,5,6,7,8,9] [253,254,255,256,257,258,259,260]
320.40999999999997 [0,1,2,3,4,5,6,7,8,9] [259]
320.2774211248285 [0,1,2,3,4,5,6,7,8,9] [253,254,255,256,257,258,259,260,261]
319.86780532598704 [0,1,2,3,4,5,6,7,8,9] [259,260,261,262,263,264,265,266,267,268,269]
319.8136111111111 [0,1,2,3,4,5,6,7,8,9] [260,261,262,263,264,265,266,267,268,269]
319.6943999999999 [0,1,2,3,4,5,6,7,8,9] [253,254,255,256,257,258,259,260,261,262]
319.2177777777779 [0,1,2,3,4,5,6,7,8,9] [264]
318.7975240292195 [0,1,2,3,4,5,6,7,8,9] [253,254,255,256,257,258,259,260,261,262,263,264,265,266,267,268,269]
318.54812934027785 [0,1,2,3,4,5,6,7,8,9] [252,253,254,255,256,257,258,259,260,261,262,263,264,265,266,267]
318.30757785467125 [0,1,2,3,4,5,6,7,8,9] [254,255,256,257,258,259,260,261,262,263,264,265,266,267,268,269,270]
318.10704197530856 [0,1,2,3,4,5,6,7,8,9] [252,253,254,255,256,257,258,259,260,261,262,263,264,265,266]
318.02777777777777 [0,1,2,3,4,5,6,7,8,9] [256,257,258,259,260,261,262,263,264,265,266,267,268,269,270]
317.688185941043 [0,1,2,3,4,5,6,7,8,9] [257,258,259,260,261,262,263,264,265,266,267,268,269,270]
317.43361111111113 [0,1,2,3,4,5,6,7,8,9] [255,256,257,258,259,260,261,262,263,264,265,266,267,268,269,270]
317.34877551020406 [0,1,2,3,4,5,6,7,8,9] [253,254,255,256,257,258,259]
316.84 [0,1,2,3,4,5,6,7,8,9] [253,254,255,256,257,258]
