[Score] [Station index] [Time slots] 
741.6544444444443 [0,1,2,3,4,5,6,7,8,9] [215]
720.0277777777778 [0,1,2,3,4,5,6,7,8,9] [214,215]
679.4711111111109 [0,1,2,3,5,6,7,8,9] [227]
677.1199999999999 [0,1,2,3,4,6,7,8] [229]
676.8669444444445 [0,1,2,3,5,6,7,8,9] [226,227]
652.5186419753086 [0,1,2,3,4,5,6,7,8,9] [213,214,215]
648.5511111111113 [0,1,2,3,4,5,6,7,8,9] [211,212,213,214,215,216]
648.0 [0,1,2,3,5,6,7,9] [226]
647.9999999999998 [0,1,2,3,5,6,7,8] [229,230,231]
643.4677777777779 [0,1,2,3,4,5,6,7,8,9] [244]
641.7777777777778 [0,1,2,3,4,5,6,7,8,9] [211]
638.1378125 [0,1,2,3,5,6,7,8] [230,231]
631.5458 [0,1,2,3,5,6,7,8] [229,230,231,232,233]
630.436 [0,1,2,3,4,5,6,7,8,9] [238]
630.0099999999999 [0,1,2,3,4,5,6,7,8,9] [210,211,212,213,214,215,216]
629.5319954648528 [0,1,2,3,5,6,7,8,9] [226,227,228,229,230,231,232]
628.35125 [0,1,2,3,5,6,7,8] [229,230,231,232]
626.47225 [0,1,2,3,4,5,6,7,8,9] [237,238]
626.3340444444443 [0,1,2,3,5,6,7,8,9] [227,228,229,230,231]
625.0 [0,1,2,3,4,5,6,7,8,9] [211,212,213,214,215]
622.5209999999998 [0,1,2,3,4,5,6,7,8,9] [237]
620.8402777777778 [0,1,2,3,4,5,6,7,8,9] [212,213,214,215]
615.8669444444442 [0,1,2,3,5,6,7,8,9] [226,227,228,229]
615.4201388888887 [0,1,2,3,5,6,7,8] [230,231,232]
612.5 [0,1,2,3,5,6,7,8] [229,230,231,232,233,234]
610.0899999999999 [0,1,2,3,4,5,6,7,8,9] [213,214]
607.6224999999998 [0,1,2,3,4,5,6,7,8,9] [210,211,212,213,214,215]
606.8011111111113 [0,1,2,3,4,5,6,7,8,9] [249]
606.6706349206348 [0,1,2,3,5,6,7,8,9] [231,232,233]
601.6980500000002 [0,1,2,3,5,6,7,8] [230,231,232,233,234]
601.3393827160494 [0,1,2,3,5,6,7,8,9] [226,227,228]
600.31125 [0,1,2,3,5,6,7,8] [228,229,230,231,232,233]
599.4336111111111 [0,1,2,3,4,5,6,7,8,9] [248,249]
599.0760000000001 [0,1,2,3,4,5,6,7,8,9] [211,212,213,214]
598.6177777777779 [0,1,2,3,4,5,6,7,8,9] [246]
598.2916 [0,1,2,3,5,6,7,8,9] [225,226,227,228,229]
597.8025000000002 [0,1,2,3,4,5,6,7,8,9] [209,210,211,212,213,214,215,216]
597.1425624999996 [0,1,2,3,4,5,6,7,8,9] [222,223,224,225,226,227,228,229]
596.8512499999999 [0,1,2,3,5,6,7,8] [228,229,230,231]
592.9 [0,1,2,3,4,5,6,7,8,9] [211,212]
592.2534722222222 [0,1,2,3,5,6,7,9] [225,226,227]
592.1111111111113 [0,1,2,3,4,5,6,7,8,9] [248]
591.6800000000002 [0,1,2,3,5,6,7,8] [228,229,230,231,232]
591.68 [0,1,2,3,5,6,7,8] [227,228,229]
590.4900000000001 [0,1,2,3,4,5,6,7,8,9] [209,210,211,212,213,214,215,216,217]
588.8004444444445 [0,1,2,3,4,5,6,7,8,9] [212,213,214]
588.7351020408164 [0,1,2,3,5,6,7,8] [228,229,230,231,232,233,234]
588.3319753086422 [0,1,2,3,5,6,7,8,9] [223,224,225,226,227,228,229,230,231]
584.2054444444445 [0,1,2,3,4,5,6,7,8,9] [236,237,238]
584.0277777777778 [0,1,2,3,4,5,6,7,8,9] [246,247,248,249]
583.9143061224491 [0,1,2,3,4,5,6,7,8,9] [222,223,224,225,226,227,228]
583.6698079561043 [0,1,2,3,4,5,6,7,8,9] [208,209,210,211,212,213,214,215,216]
583.4908641975309 [0,1,2,3,4,5,6,7,8,9] [247,248,249]
583.2225000000001 [0,1,2,3,5,6,7,8,9] [225,226,227,228]
583.0849599999999 [0,1,2,3,4,5,6,7,8,9] [210,211,212,213,214]
582.6234948979592 [0,1,2,3,5,6,7,8] [229,230,231,232,233,234,235]
581.6136111111113 [0,1,2,3,4,5,6,7,8,9] [210,211]
579.6421028466482 [0,1,2,3,5,6,7,8,9] [221,222,223,224,225,226,227,228,229,230,231]
579.4961983471072 [0,1,2,3,5,6,7,8,9] [222,223,224,225,226,227,228,229,230,231,232]
578.5628444444444 [0,1,2,3,4,5,6,7,8,9] [208,209,210,211,212,213,214,215,216,217]
578.0381634527091 [0,1,2,3,4,5,6,7,8,9] [208,209,210,211,212,213,214,215,216,217,218]
577.3341049382713 [0,1,2,3,5,6,7,8,9] [220,221,222,223,224,225,226,227,228,229,230,231]
577.280711111111 [0,1,2,3,5,6,7,8,9] [222,223,224,225,226,227,228,229,230,231]
574.629387755102 [0,1,2,3,4,5,6,7,8,9] [209,210,211,212,213,214,215]
573.8686419753088 [0,1,2,3,4,5,6,7,8,9] [248,249,250]
573.4428444444445 [0,1,2,3,4,5,6,7,8,9] [207,208,209,210,211,212,213,214,215,216]
572.4056249999999 [0,1,2,3,4,5,6,7,8,9] [244,245,246,247]
572.0069444444445 [0,1,2,3,4,5,6,7,8,9] [247,248]
571.8475111111113 [0,1,2,3,4,5,6,7,8,9] [244,245,246,247,248]
571.847511111111 [0,1,2,3,4,5,6,7,8,9] [246,247,248,249,250]
570.4136111111112 [0,1,2,3,4,5,6,7,8,9] [248,249,250,251]
570.3119999999998 [0,1,2,3,5,6,7,9] [231]
570.0249999999999 [0,1,2,3,4,5,6,7,8,9] [211,212,213]
570.015625 [0,1,2,3,4,5,6,7,8,9] [207,208,209,210,211,212,213,214,215,216,217,218]
569.8829938271606 [0,1,2,3,4,5,6,7,8,9] [246,247,248,249,250,251]
569.7624334251607 [0,1,2,3,4,5,6,7,8,9] [207,208,209,210,211,212,213,214,215,216,217]
568.968888888889 [0,1,2,3,5,6,7,8] [230,231,232,233,234,235]
568.5160000000001 [0,1,2,3,4,5,6,7,8,9] [210,211,212]
568.444192743764 [0,1,2,3,4,5,6,7,8,9] [229,230,231,232,233,234,235,236,237,238,239,240,241,242,243,244,245,246,247,248,249]
568.4250694444443 [0,1,2,3,4,5,6,7,8,9] [247,248,249,250]
568.0134444444443 [0,1,2,3,4,5,6,7,8,9] [229,230,231,232,233,234,235,236,237,238,239,240,241,242,243,244,245,246]
567.3855624999999 [0,1,2,3,4,5,6,7,8,9] [229,230,231,232,233,234,235,236,237,238,239,240,241,242,243,244,245,246,247,248]
566.9676041666668 [0,1,2,3,5,6,7,8] [230,231,232,233]
566.7712354570638 [0,1,2,3,4,5,6,7,8,9] [229,230,231,232,233,234,235,236,237,238,239,240,241,242,243,244,245,246,247]
566.7573777777775 [0,1,2,3,4,5,6,7,8,9] [247,248,249,250,251]
566.7432664359861 [0,1,2,3,4,5,6,7,8,9] [229,230,231,232,233,234,235,236,237,238,239,240,241,242,243,244,245]
566.16125 [0,1,2,3,4,5,7,8,9] [224]
566.0073553719009 [0,1,2,3,4,5,6,7,8,9] [206,207,208,209,210,211,212,213,214,215,216]
565.9668639053255 [0,1,2,3,4,5,6,7,8,9] [207,208,209,210,211,212,213,214,215,216,217,218,219]
565.9509570312501 [0,1,2,3,5,6,7,8] [228,229,230,231,232,233,234,235]
565.4356384297517 [0,1,2,3,4,5,6,7,8,9] [229,230,231,232,233,234,235,236,237,238,239,240,241,242,243,244,245,246,247,248,249,250]
564.8544444444444 [0,1,2,3,4,5,6,7,8,9] [249,250]
564.3476686390533 [0,1,2,3,4,5,6,7,8,9] [206,207,208,209,210,211,212,213,214,215,216,217,218]
564.0010000000001 [0,1,2,3,4,5,6,7,8,9] [229,230,231,232,233,234,235,236,237,238,239,240,241,242,243,244,245,246,247,248,249,250,251]
563.2711111111114 [0,1,2,3,4,5,6,7,8,9] [206,207,208,209,210,211,212,213,214,215,216,217]
563.2711111111112 [0,1,2,3,4,5,6,7,8,9] [249,250,251]
563.2502499999999 [0,1,2,3,4,5,6,7,8,9] [205,206,207,208,209,210,211,212,213,214,215,216,217,218,219,220]
563.1523629489603 [0,1,2,3,4,5,6,7,8,9] [228,229,230,231,232,233,234,235,236,237,238,239,240,241,242,243,244,245,246,247,248,249,250]
563.106291322314 [0,1,2,3,5,6,7,8] [226,227,228,229,230,231,232,233,234,235,236]
562.8012499999999 [0,1,2,3,5,6,7,8] [226,227,228,229,230,231,232,233,234,235,236,237,238]
