[Score] [Station index] [Time slots] 
950.6944444444445 [0,1,2,3,4,5,6,7,8,9] [231]
919.1002777777782 [0,1,2,3,4,5,6,7,8,9] [230,231]
913.9360000000003 [0,1,2,3,4,5,6,7,8,9] [233]
898.001111111111 [0,1,2,3,4,5,6,7,8,9] [227]
886.205 [0,1,2,3,4,5,6,7,9] [241]
885.3930864197531 [0,1,2,3,4,5,6,7,8,9] [229,230,231]
882.4860444444442 [0,1,2,3,4,5,6,7,8,9] [227,228,229,230,231]
878.6284027777778 [0,1,2,3,4,5,6,7,8,9] [228,229,230,231]
878.1344444444443 [0,1,2,3,4,5,6,7,8,9] [227,228]
876.1600000000003 [0,1,2,3,4,5,6,7,8,9] [224]
871.9716840277775 [0,1,2,3,4,5,6,7,8,9] [227,228,229,230,231,232,233,234]
870.25 [0,1,2,3,4,5,6,7,8,9] [226,227,228,229,230,231]
869.2669444444448 [0,1,2,3,4,5,6,7,8,9] [231,232]
869.1265532879814 [0,1,2,3,4,5,6,7,8,9] [227,228,229,230,231,232,233]
866.9753086419755 [0,1,2,3,4,5,6,7,8,9] [227,228,229,230,231,232]
865.830625 [0,1,2,3,4,5,6,7,8,9] [227,228,229,230]
864.9 [0,1,2,3,4,5,6,7,8,9] [239]
864.3599999999998 [0,1,2,3,4,5,6,7,8,9] [228,229,230,231,232,233]
860.8355999999999 [0,1,2,3,4,5,6,7,8,9] [228,229,230,231,232]
858.7690702947845 [0,1,2,3,4,5,6,7,8,9] [226,227,228,229,230,231,232]
858.4900000000001 [0,1,2,3,4,5,6,7,8,9] [227,228,229]
858.4899999999999 [0,1,2,3,4,5,6,7,8,9] [228]
857.4760000000002 [0,1,2,3,4,5,6,7,8,9] [223,224]
856.2939062499998 [0,1,2,3,4,5,6,7,8,9] [224,225,226,227,228,229,230,231]
855.2375308641975 [0,1,2,3,4,5,6,7,8,9] [228,229,230]
855.2375308641972 [0,1,2,3,4,5,6,7,8,9] [226,227,228]
854.5877777777775 [0,1,2,3,4,5,6,7,8,9] [226,227,228,229,230]
854.1547462277094 [0,1,2,3,4,5,6,7,8,9] [223,224,225,226,227,228,229,230,231]
853.6136111111109 [0,1,2,3,4,5,6,7,8,9] [226,227]
853.4744897959183 [0,1,2,3,4,5,6,7,8,9] [225,226,227,228,229,230,231]
850.0840000000001 [0,1,2,3,4,5,6,7,8,9] [223]
848.9669272976683 [0,1,2,3,4,5,6,7,8,9] [224,225,226,227,228,229,230,231,232]
847.7802777777777 [0,1,2,3,4,5,6,7,8,9] [223,224,225,226,227,228,229,230,231,232]
846.3250694444446 [0,1,2,3,4,5,6,7,8,9] [226,227,228,229]
843.2109750566896 [0,1,2,3,4,5,6,7,8,9] [224,225,226,227,228,229,230]
842.4506250000001 [0,1,2,3,4,5,6,7,8,9] [223,224,225,226,227,228,229,230]
841.1933444444445 [0,1,2,3,4,5,6,7,8,9] [222,223,224,225,226,227,228,229,230,231]
839.0677777777778 [0,1,2,3,4,5,6,7,8,9] [224,225,226,227,228]
839.0677777777777 [0,1,2,3,4,5,6,7,8,9] [228,229]
838.7459567901233 [0,1,2,3,4,5,6,7,8,9] [223,224,225,226,227,228]
836.0359183673468 [0,1,2,3,4,5,6,7,8,9] [223,224,225,226,227,228,229]
835.9511900065746 [0,1,2,3,4,5,6,7,8,9] [221,222,223,224,225,226,227,228,229,230,231,232,233]
835.9107529843893 [0,1,2,3,4,5,6,7,8,9] [221,222,223,224,225,226,227,228,229,230,231]
835.8523456790126 [0,1,2,3,4,5,6,7,8,9] [224,225,226,227,228,229]
834.8247111111112 [0,1,2,3,4,5,6,7,8,9] [223,224,225,226,227]
834.2469444444444 [0,1,2,3,4,5,6,7,8,9] [224,225,226,227]
832.1622299382714 [0,1,2,3,4,5,6,7,8,9] [221,222,223,224,225,226,227,228,229,230,231,232]
830.2630612244902 [0,1,2,3,4,5,6,7,8,9] [220,221,222,223,224,225,226,227,228,229,230,231,232,233]
829.9200694444444 [0,1,2,3,4,5,6,7,8,9] [225,226,227,228]
829.4400000000004 [0,1,2,3,4,5,6,7,8,9] [222,223,224,225,226,227,228,229,230]
829.2800077160491 [0,1,2,3,4,5,6,7,8,9] [220,221,222,223,224,225,226,227,228,229,230,231]
827.9047111111113 [0,1,2,3,4,5,6,7,8,9] [225,226,227,228,229]
826.3413609467456 [0,1,2,3,4,5,6,7,8,9] [220,221,222,223,224,225,226,227,228,229,230,231,232]
824.8384 [0,1,2,3,4,5,6,7,8,9] [221,222,223,224,225,226,227,228,229,230]
824.2003012345676 [0,1,2,3,4,5,6,7,8,9] [219,220,221,222,223,224,225,226,227,228,229,230,231,232,233]
822.597029478458 [0,1,2,3,4,5,6,7,8,9] [222,223,224,225,226,227,228]
822.4149382716046 [0,1,2,3,4,5,6,7,8,9] [223,224,225]
822.3659171597632 [0,1,2,3,4,5,6,7,8,9] [219,220,221,222,223,224,225,226,227,228,229,230,231]
822.2556249999996 [0,1,2,3,4,5,6,7,8,9] [222,223,224,225,226,227,228,229]
820.1404988662129 [0,1,2,3,4,5,6,7,8,9] [219,220,221,222,223,224,225,226,227,228,229,230,231,232]
819.867777777778 [0,1,2,3,4,5,6,7,8,9] [229]
818.6534802571167 [0,1,2,3,4,5,6,7,8,9] [220,221,222,223,224,225,226,227,228,229,230]
817.9599999999999 [0,1,2,3,4,5,6,7,8,9] [221,222,223,224,225,226,227,228,229]
817.8187777777777 [0,1,2,3,4,5,6,7,8,9] [222,223,224]
817.7216840277777 [0,1,2,3,4,5,6,7,8,9] [221,222,223,224,225,226,227,228]
816.6893827160494 [0,1,2,3,4,5,6,7,8,9] [222,223,224,225,226,227]
815.1024999999998 [0,1,2,3,4,5,6,7,8,9] [224,225]
812.1312543402777 [0,1,2,3,4,5,6,7,8,9] [218,219,220,221,222,223,224,225,226,227,228,229,230,231,232,233]
812.0916743827156 [0,1,2,3,4,5,6,7,8,9] [219,220,221,222,223,224,225,226,227,228,229,230]
811.9785941043083 [0,1,2,3,4,5,6,7,8,9] [221,222,223,224,225,226,227]
811.8700444444443 [0,1,2,3,4,5,6,7,8,9] [220,221,222,223,224,225,226,227,228,229]
810.9838271604939 [0,1,2,3,4,5,6,7,8,9] [220,221,222,223,224,225,226,227,228]
808.7252607709751 [0,1,2,3,4,5,6,7,8,9] [218,219,220,221,222,223,224,225,226,227,228,229,230,231]
807.5700938271607 [0,1,2,3,4,5,6,7,8,9] [218,219,220,221,222,223,224,225,226,227,228,229,230,231,232]
805.6136111111109 [0,1,2,3,4,5,6,7,8,9] [221,222,223,224]
805.3556014692376 [0,1,2,3,4,5,6,7,8,9] [219,220,221,222,223,224,225,226,227,228,229]
805.140625 [0,1,2,3,4,5,6,7,8,9] [220,221,222,223,224,225,226,227]
803.9115111111109 [0,1,2,3,4,5,6,7,8,9] [219,220,221,222,223,224,225,226,227,228]
803.0028125000001 [0,1,2,3,4,5,6,7,8] [232,233]
801.0249999999997 [0,1,2,3,4,5,6,7,8,9] [222,223,224,225]
799.9513599999999 [0,1,2,3,4,5,6,7,8,9] [220,221,222,223,224]
798.2798224852072 [0,1,2,3,4,5,6,7,8,9] [218,219,220,221,222,223,224,225,226,227,228,229,230]
798.2508444444443 [0,1,2,3,4,5,6,7,8,9] [217,218,219,220,221,222,223,224,225,226,227,228,229,230,231]
798.0625 [0,1,2,3,4,5,6,7,8,9] [221,222,223,224,225,226]
797.9578737997256 [0,1,2,3,4,5,6,7,8,9] [219,220,221,222,223,224,225,226,227]
797.8271006944444 [0,1,2,3,4,5,6,7,8,9] [217,218,219,220,221,222,223,224,225,226,227,228,229,230,231,232]
795.6160444444445 [0,1,2,3,4,5,6,7,8,9] [221,222,223,224,225]
795.0311248285321 [0,1,2,3,4,5,6,7,8,9] [216,217,218,219,220,221,222,223,224,225,226,227,228,229,230,231,232,233]
794.7722500000001 [0,1,2,3,4,5,6,7,8,9] [222,223]
792.8630408163264 [0,1,2,3,4,5,6,7,8,9] [220,221,222,223,224,225,226]
791.8033611111109 [0,1,2,3,4,5,6,7,8,9] [220,221,222,223,224,225]
791.015625 [0,1,2,3,4,5,6,7,8,9] [218,219,220,221,222,223,224,225,226,227,228,229]
790.0508458285276 [0,1,2,3,4,5,6,7,8,9] [216,217,218,219,220,221,222,223,224,225,226,227,228,229,230,231,232]
789.9612890625001 [0,1,2,3,4,5,6,7,8,9] [216,217,218,219,220,221,222,223,224,225,226,227,228,229,230,231]
788.4183287419648 [0,1,2,3,4,5,6,7,8,9] [218,219,220,221,222,223,224,225,226,227,228]
788.0450000000001 [0,1,2,3,4,5,6,7,8,9] [213]
787.8714342403628 [0,1,2,3,4,5,6,7,8,9] [217,218,219,220,221,222,223,224,225,226,227,228,229,230]
786.8025000000001 [0,1,2,3,4,5,6,7,8,9] [219,220,221,222,223,224]
786.1777777777778 [0,1,2,3,4,5,6,7,8,9] [221,222,223]
785.867777777778 [0,1,2,3,4,5,6,7,8,9] [219,220,221,222,223,224,225,226]
