[Score] [Station index] [Time slots] 
417.3159999999999 [0,1,2,3,4,5,6,7,8,9] [209]
393.40125 [1,2,3,5,6,7,8,9] [220]
376.3599999999999 [0,1,2,3,4,5,6,7,8,9] [235]
375.76900000000006 [0,1,2,3,4,5,6,7,8,9] [229]
375.1562499999999 [0,1,2,3,4,5,6,7,8,9] [219,220]
369.6640000000001 [0,1,2,3,4,5,6,7,8,9] [219]
368.64000000000004 [0,1,2,3,4,5,6,7,9] [233]
365.62177777777777 [0,1,2,3,4,5,6,7,8,9] [218,219,220]
364.816 [0,1,2,3,4,5,6,7,8,9] [208,209]
364.32142857142856 [3,4,5,6,7,8,9] [202]
362.40400000000005 [0,1,2,3,4,5,6,7,8,9] [235,236]
361.0 [0,1,2,3,4,5,6,7,8,9] [209,210]
357.20544444444454 [0,1,2,3,4,5,6,7,8,9] [233,234,235]
357.00625 [0,1,2,3,4,5,6,7,8,9] [234,235]
356.409 [0,1,2,3,4,5,6,7,8,9] [229,230]
355.81225000000006 [0,1,2,3,4,5,6,7,8,9] [233,234,235,236]
355.21599999999995 [0,1,2,3,4,5,6,7,8,9] [234,235,236]
351.649 [0,1,2,3,4,5,6,7,8,9] [236]
351.5625 [0,1,2,3,4,5,6,7,9] [233,234]
346.92100000000005 [0,1,2,3,4,5,6,7,8,9] [233,234,235,236,237]
346.68544 [0,1,2,3,4,5,6,7,8,9] [232,233,234,235,236]
345.45006250000006 [0,1,2,3,4,5,6,7,8,9] [232,233,234,235]
345.3521111111111 [0,1,2,3,4,5,6,7,8,9] [235,236,237]
344.2755625 [0,1,2,3,4,5,6,7,8,9] [234,235,236,237]
343.98224999999996 [0,1,2,3,4,5,6,7,8,9] [218,219,220,221]
343.0054444444446 [0,1,2,3,4,5,6,7,8,9] [219,220,221]
341.52335999999997 [0,1,2,3,4,5,6,7,8,9] [217,218,219,220,221]
341.0560000000001 [0,1,2,3,4,5,6,7,8,9] [234]
340.91001562499997 [0,1,2,3,4,5,6,7,8,9] [229,230,231,232,233,234,235,236]
340.8613611111111 [0,1,2,3,4,5,6,7,8,9] [232,233,234,235,236,237]
340.20571428571424 [3,4,5,6,7,8,9] [213]
339.889 [0,1,2,3,4,5,6,7,8,9] [207,208,209]
339.3894693877551 [0,1,2,3,4,5,6,7,8,9] [229,230,231,232,233,234,235]
339.3062500000001 [0,1,2,3,4,5,6,7,8,9] [228,229]
338.7240000000001 [0,1,2,3,4,5,6,7,8,9] [228,229,230]
337.69012345679016 [0,1,2,3,4,5,6,7,8,9] [229,230,231,232,233,234,235,236,237]
337.5609999999999 [0,1,2,3,4,5,6,7,8,9] [230]
336.78677777777784 [0,1,2,3,4,5,6,7,8,9] [228,229,230,231,232,233,234,235,236]
336.78677777777773 [0,1,2,3,4,5,6,7,8,9] [233,234,235,236,237,238]
336.4 [0,1,2,3,4,5,6,7,8,9] [232,233,234]
336.11111111111103 [0,1,2,3,4,5,6,7,8,9] [250]
336.06865306122455 [0,1,2,3,4,5,6,7,8,9] [230,231,232,233,234,235,236]
335.82025000000004 [0,1,2,3,4,5,6,7,8,9] [231,232,233,234,235,236]
335.40644897959186 [0,1,2,3,4,5,6,7,8,9] [233,234,235,236,237,238,239]
335.405 [0,1,2,3,4,6,7,8,9] [215]
334.9515625000001 [0,1,2,3,4,5,6,7,8,9] [228,229,230,231,232,233,234,235]
334.54655999999994 [0,1,2,3,4,5,6,7,8,9] [218,219,220,221,222]
334.31524 [0,1,2,3,4,5,6,7,8,9] [228,229,230,231,232,233,234,235,236,237]
334.11125000000004 [1,2,3,5,6,7,8,9] [232]
334.08399999999995 [0,1,2,3,4,5,6,7,8,9] [232,233]
333.8913611111111 [0,1,2,3,4,5,6,7,8,9] [229,230,231,232,233,234]
333.50625 [0,1,2,3,4,5,6,7,8,9] [230,231,232,233,234,235]
333.09387755102034 [0,1,2,3,4,5,6,7,8,9] [232,233,234,235,236,237,238]
333.07326562499986 [0,1,2,3,4,5,6,7,8,9] [230,231,232,233,234,235,236,237]
332.69824000000006 [0,1,2,3,4,5,6,7,8,9] [231,232,233,234,235]
332.69824 [0,1,2,3,4,5,6,7,8,9] [234,235,236,237,238]
332.58289 [0,1,2,3,4,5,6,7,8,9] [229,230,231,232,233,234,235,236,237,238]
332.46756000000005 [0,1,2,3,4,5,6,7,8,9] [229,230,231,232,233]
332.4346122448978 [0,1,2,3,4,5,6,7,8,9] [231,232,233,234,235,236,237]
332.35225 [0,1,2,3,4,5,6,7,8,9] [232,233,234,235,236,237,238,239]
332.0902561983471 [0,1,2,3,4,5,6,7,8,9] [229,230,231,232,233,234,235,236,237,238,239]
331.7760000000001 [0,1,2,3,4,5,6,7,8,9] [236,237]
331.77599999999995 [0,1,2,3,4,5,6,7,8,9] [234,235,236,237,238,239]
331.4880625 [0,1,2,3,4,5,6,7,8,9] [219,220,221,222]
331.3921111111111 [0,1,2,3,4,5,6,7,8,9] [229,230,231]
331.23999999999995 [2,3,5,6,7,9] [212]
331.0084444444444 [0,1,2,3,4,5,6,7,8,9] [216,217,218,219,220,221]
330.7687656250001 [0,1,2,3,4,5,6,7,8,9] [233,234,235,236,237,238,239,240]
330.625 [0,1,2,3,4,5,6,7,8,9] [235,236,237,238]
329.9980247933884 [0,1,2,3,4,5,6,7,8,9] [228,229,230,231,232,233,234,235,236,237,238]
329.93536 [0,1,2,3,4,5,6,7,8,9] [235,236,237,238,239]
329.7630625 [0,1,2,3,4,5,6,7,8,9] [228,229,230,231,232,233,234,235,236,237,238,239]
329.6400204081633 [0,1,2,3,4,5,6,7,8,9] [228,229,230,231,232,233,234]
329.3888888888888 [2,3,4,5,6,7,8,9] [208,209,210]
329.28469444444454 [0,1,2,3,4,5,6,7,8,9] [229,230,231,232,233,234,235,236,237,238,239,240]
328.5837160493827 [0,1,2,3,4,5,6,7,8,9] [233,234,235,236,237,238,239,240,241]
328.45750000000004 [2,3,4,6,7,8,9] [214,215]
328.44361000000004 [0,1,2,3,4,5,6,7,8,9] [233,234,235,236,237,238,239,240,241,242]
327.9471111111112 [0,1,2,3,4,5,6,7,8,9] [230,231,232,233,234,235,236,237,238]
327.88837869822487 [0,1,2,3,4,5,6,7,8,9] [229,230,231,232,233,234,235,236,237,238,239,240,241]
327.8707599999999 [0,1,2,3,4,5,6,7,8,9] [230,231,232,233,234,235,236,237,238,239]
327.83804081632655 [0,1,2,3,4,5,6,7,8,9] [229,230,231,232,233,234,235,236,237,238,239,240,241,242]
327.75625 [0,1,2,3,4,5,6,7,8,9] [228,229,230,231,232,233]
327.36002366863914 [0,1,2,3,4,5,6,7,8,9] [228,229,230,231,232,233,234,235,236,237,238,239,240]
327.184 [0,1,2,3,4,5,6,7,8,9] [242]
327.0205918367347 [0,1,2,3,4,5,6,7,8,9] [234,235,236,237,238,239,240]
326.87207438016526 [0,1,2,3,4,5,6,7,8,9] [232,233,234,235,236,237,238,239,240,241,242]
326.84088999999983 [0,1,2,3,4,5,6,7,8,9] [232,233,234,235,236,237,238,239,240,241]
326.80277777777775 [0,1,2,3,4,5,6,7,8,9] [231,232,233,234,235,236,237,238,239]
326.7551406249999 [0,1,2,3,4,5,6,7,8,9] [231,232,233,234,235,236,237,238]
326.5633333333333 [6,7,9] [218]
326.4217777777778 [0,1,2,3,4,5,6,7,8,9] [209,210,211]
326.3265625 [0,1,2,3,4,5,6,7,8,9] [229,230,231,232]
326.26944 [0,1,2,3,4,5,6,7,8,9] [228,229,230,231,232,233,234,235,236,237,238,239,240,241,242]
326.20416326530614 [0,1,2,3,4,5,6,7,8,9] [228,229,230,231,232,233,234,235,236,237,238,239,240,241]
325.81264000000016 [0,1,2,3,4,5,6,7,8,9] [230,231,232,233,234]
325.28011111111107 [0,1,2,3,4,5,6,7,8,9] [234,235,236,237,238,239,240,241,242]
325.21098347107437 [0,1,2,3,4,5,6,7,8,9] [230,231,232,233,234,235,236,237,238,239,240]
325.04251562499985 [0,1,2,3,4,5,6,7,8,9] [234,235,236,237,238,239,240,241]
324.7100277777777 [0,1,2,3,4,5,6,7,8,9] [235,236,237,238,239,240]
