[Score] [Station index] [Time slots] 
634.2002777777777 [0,1,2,3,4,5,6,7,8,9] [236,237]
611.7377777777779 [0,1,2,3,4,5,6,7,8,9] [236,237,238]
598.58 [0,1,2,3,4,6,7,8,9] [230]
598.418 [0,1,2,3,4,6] [236]
562.8012499999999 [0,1,2,3,4,6,7,8,9] [213]
558.6153125 [0,1,2,3,4,5,6,7,8] [236,237,238,239]
553.8177777777777 [0,1,2,3,4,5,6,7,8,9] [237]
551.25 [0,1,2,3,4,6,7,8] [227]
538.1933680555557 [0,1,2,3,4,6,7,8,9] [236,237,238,239,240,241]
534.1234567901233 [0,1,2,3,4,5,6,7,8,9] [235,236,237]
531.38 [0,1,2,3,5,7] [283]
528.125 [0,1,2,3,4,5,6,7,8] [235,236,237,238]
524.4099999999999 [0,1,2,3,4,5,6,7,8,9] [235,236]
515.205 [0,1,2,3,4,6,7,8,9] [229,230]
509.1240500000001 [0,1,2,3,4,5,6,7,8] [235,236,237,238,239]
507.21125000000006 [0,1,2,3,5,7] [283,284]
506.3016581632655 [0,1,2,3,4,6,7,8,9] [235,236,237,238,239,240,241]
504.1666666666667 [0,1,2,3,4,6,7] [241]
502.70920138888897 [0,1,2,3,4,5,6,7,8] [235,236,237,238,239,240]
502.0488281250001 [0,1,2,3,4,6,7,8,9] [235,236,237,238,239,240,241,242]
499.52250000000004 [0,1,2,3,4,6,7,8] [238]
497.70125000000013 [0,1,2,3,4,6,7,8,9] [216,217]
494.55125 [0,1,2,3,4,6,7,8,9] [217]
489.88444444444434 [0,1,2,3,5,6,7,8,9] [216]
486.0 [0,1,2,3,4,6,7] [236,237,238,239,240,241,242]
485.5074228395062 [0,1,2,3,4,6,7,8,9] [235,236,237,238,239,240,241,242,243]
483.605 [0,1,2,3,5,7] [284]
483.0227160493827 [0,1,2,3,5,6,7,8,9] [215,216,217]
482.5344444444445 [0,1,2,3,5,6,7,8,9] [215,216]
480.4999999999999 [0,1,2,3,4,6,7,8,9] [213,214]
478.9512500000001 [0,1,2,3,4,6,7,8,9] [222]
478.8266666666668 [0,1,2,3,4,6,7] [241,242]
477.01882812499997 [0,1,2,3,4,6,7,8,9] [234,235,236,237,238,239,240,241]
476.54705246913574 [0,1,2,3,4,6,7,8,9] [234,235,236,237,238,239,240,241,242]
476.32411250000007 [0,1,2,3,4,6,7,8,9] [235,236,237,238,239,240,241,242,243,244]
472.7812499999999 [0,1,2,3,4,6,7,8,9] [234,235,236,237,238]
472.3377777777778 [0,1,2,3,4,5,6,7,8,9] [215]
469.935 [0,1,2,3,4,6,7] [236,237,238,239,240,241,242,243]
469.71125000000006 [0,1,2,3,4,6,7,8,9] [219]
469.71124999999995 [0,1,2,3,4,6,7,8,9] [226,227,228,229,230]
469.55801249999996 [0,1,2,3,4,6,7,8,9] [233,234,235,236,237,238,239,240,241,242]
469.20055555555564 [0,1,2,3,4,6,7,8,9] [233,234,235,236,237,238,239,240,241]
467.1605555555557 [0,1,2,3,5,7] [282,283,284]
467.08778061224496 [0,1,2,3,4,6,7,8,9] [234,235,236,237,238,239,240]
466.56 [0,1,2,3,4,5,6,7,8,9] [213,214,215]
465.125 [0,1,2,3,5,7] [283,284,285]
464.8477685950414 [0,1,2,3,4,6,7,8,9] [235,236,237,238,239,240,241,242,243,244,245]
464.82005 [0,1,2,3,4,6,7,8,9] [213,214,215,216,217]
464.5152 [0,1,2,3,4,6,7,8,9] [234,235,236,237,238,239,240,241,242,243]
464.40249999999986 [0,1,2,3,4,6] [226]
461.3203125000001 [0,1,2,3,4,6,7,8,9] [226,227,228,229,230,231]
461.3203125 [0,1,2,3,4,6,7,8,9] [212,213]
460.8372004132232 [0,1,2,3,4,6,7,8,9] [232,233,234,235,236,237,238,239,240,241,242]
459.9585185185185 [0,1,2,3,4,6,7] [236,237,238,239,240,241,242,243,244]
459.6512 [0,1,2,3,4,6,7,8,9] [232,233,234,235,236,237,238,239,240,241]
459.61330078124996 [0,1,2,3,4,6,7,8,9] [233,234,235,236,237,238,239,240]
459.32049586776856 [0,1,2,3,4,6,7,8,9] [233,234,235,236,237,238,239,240,241,242,243]
459.045 [0,1,2,3,5,7] [282,283]
458.0634375 [0,1,2,3,4,6,7] [238,239,240,241]
457.6476035502958 [0,1,2,3,4,6,7,8,9] [230,231,232,233,234,235,236,237,238,239,240,241,242]
457.2774 [0,1,2,3,4,6,7] [238,239,240,241,242]
456.85927469135805 [0,1,2,3,4,6,7,8,9] [237,238,239,240,241,242,243,244,245]
456.57396825396825 [0,1,2,3,4,6,7,8,9] [234,235,236,237,238,239]
456.39757812500005 [0,1,2,3,4,6,7,8,9] [230,231,232,233,234,235,236,237,238,239,240,241]
455.82249999999993 [0,1,2,3,4,6,7,8,9] [216,217,218,219]
455.1575510204083 [0,1,2,3,4,6,7,8,9] [226,227,228,229,230,231,232]
455.15755102040816 [0,1,2,3,4,6,7,8,9] [213,214,215,216,217,218,219]
455.1111111111111 [0,1,2,3,4,6,7,8,9] [217,218,219]
454.4228571428572 [0,1,2,3,4,6,7,8,9] [233,234,235,236,237,238]
454.008888888889 [0,1,2,3,4,6,7,8,9] [233,234,235,236,237,238,239,240,241,242,243,244]
453.90844999999996 [0,1,2,3,4,6,7,8,9] [227,228,229,230,231]
453.1221777777778 [0,1,2,3,4,6,7,8,9] [215,216,217,218,219]
452.75420138888893 [0,1,2,3,4,6,7,8,9] [213,214,215,216,217,218]
452.62882812500004 [0,1,2,3,4,6,7,8,9] [213,214,215,216,217,218,219,220]
452.628828125 [0,1,2,3,4,6,7,8,9] [231,232,233,234,235,236,237,238,239,240,241,242]
452.2528125 [0,1,2,3,4,6,7,8,9] [219,220]
452.2528124999999 [0,1,2,3,4,6,7,8,9] [232,233,234,235,236,237,238,239,240,241,242,243]
452.2005000000001 [0,1,2,3,4,6,7] [240,241]
452.0982186948853 [0,1,2,3,4,6,7,8,9] [230,231,232,233,234,235,236,237,238]
451.50125 [0,1,2,3,4,6,7,8,9] [226,227,228,229,230,231,232,233]
450.9763556851312 [0,1,2,3,4,6,7,8,9] [233,234,235,236,237,238,239]
450.8185537190084 [0,1,2,3,4,6,7,8,9] [231,232,233,234,235,236,237,238,239,240,241]
450.6168888888889 [0,1,2,3,4,6] [237,238,239]
450.53587372448976 [0,1,2,3,4,6,7,8,9] [230,231,232,233,234,235,236,237,238,239,240,241,242,243]
450.16668209876536 [0,1,2,3,4,6,7,8,9] [232,233,234,235,236,237,238,239,240]
449.9220571428572 [0,1,2,3,4,6,7,8,9] [230,231,232,233,234,235,236,237,238,239]
449.42942176870764 [0,1,2,3,4,6,7] [237,238,239,240,241,242,243]
449.1432653061224 [0,1,2,3,4,6,7,8,9] [229,230,231,232,233,234,235,236,237,238,239,240,241,242]
448.0022222222223 [0,1,2,3,4,6,7,8,9] [227,228,229,230,231,232]
448.0 [0,1,2,3,4,6,7,8,9] [232,233,234,235,236,237,238]
447.92547337278114 [0,1,2,3,4,6,7,8,9] [232,233,234,235,236,237,238,239,240,241,242,243,244]
447.7528124999999 [0,1,2,3,4,6,7,8,9] [217,218,219,220]
447.2003571428572 [0,1,2,3,4,6,7,8,9] [234,235,236,237]
446.8996 [0,1,2,3,4,6,7,8,9] [216,217,218,219,220]
446.55806250000006 [0,1,2,3,4,5,6,7,8,9] [215,216,217,218]
446.2578125 [0,1,2,3,5,7] [282,283,284,285]
446.224 [0,1,2,3,4,5,6,7,8,9] [214,215,216,217]
446.0088888888889 [0,1,2,3,4,6,7,8,9] [225,226,227,228,229,230,231,232,233]
445.8027008928571 [0,1,2,3,4,6,7,8,9] [232,233,234,235,236,237,238,239]
445.39644970414224 [0,1,2,3,4,6,7,8,9] [231,232,233,234,235,236,237,238,239,240,241,242,243]
