[Score] [Station index] [Time slots] 
754.6612499999998 [0,1,2,3,5,7,8,9] [236]
737.28 [0,1,2,3,4,6,7,8,9] [251]
733.4450000000002 [0,1,2,3,4,6,7,8,9] [241]
729.6200000000001 [0,1,2,3,4,6,7,8,9] [245]
718.2050000000003 [0,1,2,3,4,6,7,8,9] [247]
716.3112500000001 [0,1,2,3,4,6,7,8,9] [244,245]
712.53125 [0,1,2,3,4,6,7,8,9] [254]
705.9403125000001 [0,1,2,3,4,6,7,8,9] [251,252]
704.0628125 [0,1,2,3,4,6,7,8,9] [247,248]
703.125 [0,1,2,3,4,6,7,8,9] [244]
702.1878125000001 [0,1,2,3,4,6,7,8,9] [251,252,253,254]
699.3799999999997 [0,1,2,3,4,6,7,8,9] [254,255]
699.0060499999997 [0,1,2,3,4,6,7,8,9] [251,252,253,254,255]
698.7568055555555 [0,1,2,3,4,6,7,8,9] [251,252,253]
698.4453125 [0,1,2,3,4,6,7,8,9] [253,254]
697.51125 [0,1,2,3,4,6,7,8,9] [243,244,245]
696.96 [0,1,2,3,5,6,7,8,9] [236,237]
694.4022222222222 [0,1,2,3,4,6,7,8,9] [253,254,255]
690.9903124999998 [0,1,2,3,4,6,7,8,9] [250,251]
690.8044499999997 [0,1,2,3,4,6,7,8,9] [250,251,252,253,254]
690.6805555555558 [0,1,2,3,4,6,7,8,9] [252,253,254]
690.0612500000002 [0,1,2,3,4,6,7,8,9] [250,251,252,253,254,255]
689.5969531250001 [0,1,2,3,4,6,7,8,9] [252,253,254,255]
687.97314453125 [0,1,2,3,4,6,7,8,9] [247,248,249,250,251,252,253,254]
687.7928395061729 [0,1,2,3,4,6,7,8,9] [247,248,249,250,251,252,253,254,255]
686.7218 [0,1,2,3,4,6,7,8,9] [244,245,246,247,248]
686.3512499999999 [0,1,2,3,4,6,7,8,9] [255]
686.3512499999996 [0,1,2,3,4,6,7,8,9] [247,248,249,250,251]
685.888203125 [0,1,2,3,4,6,7,8,9] [244,245,246,247]
685.733888888889 [0,1,2,3,4,6,7,8,9] [250,251,252]
685.4253124999999 [0,1,2,3,4,6,7,8,9] [250,251,252,253]
684.6541753472223 [0,1,2,3,4,6,7,8,9] [244,245,246,247,248,249,250,251,252,253,254,255]
684.5000000000002 [0,1,2,3,4,6,7,8,9] [244,245,246,247,248,249,250,251,252,253,254]
684.5 [0,1,2,3,4,6,7,8,9] [253]
684.0375781250002 [0,1,2,3,4,6,7,8,9] [248,249,250,251,252,253,254,255]
683.7073724489793 [0,1,2,3,4,6,7,8,9] [248,249,250,251,252,253,254]
683.2672222222222 [0,1,2,3,4,6,7,8,9] [247,248,249]
683.1792091836735 [0,1,2,3,4,6,7,8,9] [249,250,251,252,253,254,255]
682.9872004132229 [0,1,2,3,4,6,7,8,9] [245,246,247,248,249,250,251,252,253,254,255]
682.7933727810653 [0,1,2,3,4,6,7,8,9] [243,244,245,246,247,248,249,250,251,252,253,254,255]
682.6512500000001 [0,1,2,3,4,6,7,8,9] [245,246,247,248]
682.6512499999999 [0,1,2,3,4,6,7,8,9] [249,250,251,252,253,254]
682.4973003472222 [0,1,2,3,4,6,7,8,9] [243,244,245,246,247,248,249,250,251,252,253,254]
682.3433680555556 [0,1,2,3,4,6,7,8,9] [243,244,245,246,247,248]
682.189453125 [0,1,2,3,4,6,7,8,9] [244,245,246,247,248,249,250,251]
681.7278125000001 [0,1,2,3,4,6,7,8,9] [244,245,246,247,248,249,250,251,252,253]
681.7278124999999 [0,1,2,3,4,6,7,8,9] [243,244]
681.4201388888888 [0,1,2,3,4,6,7,8,9] [244,245,246,247,248,249,250,251,252]
680.805 [0,1,2,3,4,6,7,8,9] [243,244,245,246,247]
680.1901388888889 [0,1,2,3,4,6,7,8,9] [245,246,247]
679.8828125 [0,1,2,3,4,6,7,8,9] [251,252,253,254,255,256]
679.7990082644629 [0,1,2,3,4,6,7,8,9] [243,244,245,246,247,248,249,250,251,252,253]
679.7803858024694 [0,1,2,3,4,6,7,8,9] [243,244,245,246,247,248,249,250,251]
679.6984500000002 [0,1,2,3,4,6,7,8,9] [241,242,243,244,245]
679.3707561728396 [0,1,2,3,4,6,7,8,9] [245,246,247,248,249,250,251,252,253]
679.3298 [0,1,2,3,4,6,7,8,9] [243,244,245,246,247,248,249,250,251,252]
679.2683680555556 [0,1,2,3,4,6,7,8,9] [244,245,246,247,248,249]
679.2244897959185 [0,1,2,3,4,6,7,8,9] [245,246,247,248,249,250,251]
678.9612499999998 [0,1,2,3,4,6,7,8,9] [248,249,250,251,252,253]
678.8384222222221 [0,1,2,3,4,6,7,8,9] [241,242,243,244,245,246,247,248,249,250,251,252,253,254,255]
678.73095703125 [0,1,2,3,4,6,7,8,9] [245,246,247,248,249,250,251,252]
678.500703125 [0,1,2,3,4,6,7,8,9] [248,249,250,251]
678.4086125 [0,1,2,3,4,6,7,8,9] [246,247,248,249,250,251,252,253,254,255]
678.3033737244897 [0,1,2,3,4,6,7,8,9] [241,242,243,244,245,246,247,248,249,250,251,252,253,254]
677.8561999999997 [0,1,2,3,4,6,7,8,9] [248,249,250,251,252]
677.7344444444443 [0,1,2,3,5,6,7,8,9] [236,237,238]
677.528950617284 [0,1,2,3,4,6,7,8,9] [246,247,248,249,250,251,252,253,254]
677.4880499999998 [0,1,2,3,4,6,7,8,9] [247,248,249,250,251,252,253,254,255,256]
676.9784689349111 [0,1,2,3,4,6,7,8,9] [244,245,246,247,248,249,250,251,252,253,254,255,256]
676.7520500000003 [0,1,2,3,4,6,7,8,9] [249,250,251,252,253]
676.594387755102 [0,1,2,3,4,6,7,8,9] [243,244,245,246,247,248,249]
676.3316581632652 [0,1,2,3,4,6,7,8,9] [251,252,253,254,255,256,257]
675.8063520408163 [0,1,2,3,4,6,7,8,9] [243,244,245,246,247,248,249,250,251,252,253,254,255,256]
675.7053550295859 [0,1,2,3,4,6,7,8,9] [241,242,243,244,245,246,247,248,249,250,251,252,253]
675.448305785124 [0,1,2,3,4,6,7,8,9] [247,248,249,250,251,252,253,254,255,256,257]
675.4125063775507 [0,1,2,3,4,6,7,8,9] [244,245,246,247,248,249,250,251,252,253,254,255,256,257]
675.28125 [0,1,2,3,4,6,7,8,9] [252]
675.0515820312502 [0,1,2,3,4,6,7,8,9] [241,242,243,244,245,246,247,248]
675.0187755102043 [0,1,2,3,4,6,7,8,9] [242,243,244,245,246,247,248,249,250,251,252,253,254,255]
675.018775510204 [0,1,2,3,4,6,7,8,9] [250,251,252,253,254,255,256]
674.9750347222225 [0,1,2,3,4,6,7,8,9] [241,242,243,244,245,246,247,248,249,250,251,252]
674.9472004132234 [0,1,2,3,4,6,7,8,9] [241,242,243,244,245,246,247,248,249,250,251]
674.8219531250002 [0,1,2,3,4,6,7,8,9] [249,250,251,252]
674.8219531249999 [0,1,2,3,4,6,7,8,9] [245,246,247,248,249,250,251,252,253,254,255,256]
674.6688888888889 [0,1,2,3,4,6,7,8,9] [249,250,251]
674.5464499999999 [0,1,2,3,4,6,7,8,9] [245,246,247,248,249]
674.4939795918367 [0,1,2,3,4,6,7,8,9] [244,245,246,247,248,249,250]
674.4240222222224 [0,1,2,3,4,6,7,8,9] [243,244,245,246,247,248,249,250,251,252,253,254,255,256,257]
674.1509541420119 [0,1,2,3,4,6,7,8,9] [242,243,244,245,246,247,248,249,250,251,252,253,254]
673.9038281249997 [0,1,2,3,4,6,7,8,9] [247,248,249,250]
673.3038535502959 [0,1,2,3,4,6,7,8,9] [245,246,247,248,249,250,251,252,253,254,255,256,257]
673.2156445312501 [0,1,2,3,4,6,7,8,9] [246,247,248,249,250,251,252,253]
673.037283950617 [0,1,2,3,4,6,7,8,9] [248,249,250,251,252,253,254,255,256]
672.986328125 [0,1,2,3,4,6,7,8,9] [241,242,243,244,245,246,247,248,249,250,251,252,253,254,255,256]
672.9208163265308 [0,1,2,3,4,6,7,8,9] [241,242,243,244,245,246,247]
672.75705078125 [0,1,2,3,4,6,7,8,9] [243,244,245,246,247,248,249,250]
672.5278124999999 [0,1,2,3,4,6,7,8,9] [250,251,252,253,254,255,256,257]
672.1000055555555 [0,1,2,3,4,6,7,8,9] [240,241,242,243,244,245,246,247,248,249,250,251,252,253,254]
671.9346712802767 [0,1,2,3,4,6,7,8,9] [241,242,243,244,245,246,247,248,249,250,251,252,253,254,255,256,257]
671.7334222222221 [0,1,2,3,4,6,7,8,9] [244,245,246,247,248,249,250,251,252,253,254,255,256,257,258]
