[Score] [Station index] [Time slots] 
36529.936 [0,1,2,3,4,5,6,7,8,9] [235]
36372.961 [0,1,2,3,4,5,6,7,8,9] [228]
36354.87025000001 [0,1,2,3,4,5,6,7,8,9] [234,235]
36336.78400000001 [0,1,2,3,4,5,6,7,8,9] [230]
36324.72899999999 [0,1,2,3,4,5,6,7,8,9] [228,229,230]
36318.70225000002 [0,1,2,3,4,5,6,7,8,9] [228,229]
36318.702249999995 [0,1,2,3,4,5,6,7,8,9] [235,236]
36309.6630625 [0,1,2,3,4,5,6,7,8,9] [228,229,230,231]
36300.625 [0,1,2,3,4,5,6,7,8,9] [243]
36295.80516 [0,1,2,3,4,5,6,7,8,9] [228,229,230,231,232]
36288.575999999994 [0,1,2,3,4,5,6,7,8,9] [229,230,231]
36282.55224999999 [0,1,2,3,4,5,6,7,8,9] [228,229,230,231,232,233,234,235]
36280.54444444446 [0,1,2,3,4,5,6,7,8,9] [230,231,232]
36276.528999999995 [0,1,2,3,4,5,6,7,8,9] [229,230,231,232]
36272.51377777777 [0,1,2,3,4,5,6,7,8,9] [234,235,236]
36270.50625 [0,1,2,3,4,5,6,7,8,9] [230,231,232,233,234,235]
36269.645897959184 [0,1,2,3,4,5,6,7,8,9] [229,230,231,232,233,234,235]
36264.48400000001 [0,1,2,3,4,5,6,7,8,9] [235,236,237]
36264.48399999999 [0,1,2,3,4,5,6,7,8,9] [231]
36263.14579012344 [0,1,2,3,4,5,6,7,8,9] [228,229,230,231,232,233,234,235,236]
36260.46944444444 [0,1,2,3,4,5,6,7,8,9] [233,234,235]
36258.46225 [0,1,2,3,4,5,6,7,8,9] [228,229,230,231,232,233]
36257.25796000001 [0,1,2,3,4,5,6,7,8,9] [231,232,233,234,235]
36255.4515625 [0,1,2,3,4,5,6,7,8,9] [232,233,234,235]
36252.44099999999 [0,1,2,3,4,5,6,7,8,9] [228,229,230,231,232,233,234,235,236,237]
36250.032640000005 [0,1,2,3,4,5,6,7,8,9] [227,228,229,230,231]
36249.43056249999 [0,1,2,3,4,5,6,7,8,9] [229,230,231,232,233,234,235,236]
36248.4271111111 [0,1,2,3,4,5,6,7,8,9] [227,228,229,230,231,232]
36247.28032653062 [0,1,2,3,4,5,6,7,8,9] [230,231,232,233,234,235,236]
36247.28032653059 [0,1,2,3,4,5,6,7,8,9] [228,229,230,231,232,233,234]
36246.420249999996 [0,1,2,3,4,5,6,7,8,9] [227,228,229,230]
36243.4100625 [0,1,2,3,4,5,6,7,8,9] [234,235,236,237]
36240.4 [0,1,2,3,4,5,6,7,8,9] [232]
36239.06223456789 [0,1,2,3,4,5,6,7,8,9] [229,230,231,232,233,234,235,236,237]
36237.99204 [0,1,2,3,4,5,6,7,8,9] [227,228,229,230,231,232,233,234,235,236]
36235.88514062499 [0,1,2,3,4,5,6,7,8,9] [230,231,232,233,234,235,236,237]
36235.584160000006 [0,1,2,3,4,5,6,7,8,9] [229,230,231,232,233]
36232.37377777777 [0,1,2,3,4,5,6,7,8,9] [231,232,233,234,235,236]
36230.54976033057 [0,1,2,3,4,5,6,7,8,9] [227,228,229,230,231,232,233,234,235,236,237]
36228.361 [0,1,2,3,4,5,6,7,8,9] [230,231,232,233]
36226.35469444444 [0,1,2,3,4,5,6,7,8,9] [229,230,231,232,233,234]
36225.95344000001 [0,1,2,3,4,5,6,7,8,9] [232,233,234,235,236]
36225.95344 [0,1,2,3,4,5,6,7,8,9] [226,227,228,229,230,231,232,233,234,235]
36223.20204081633 [0,1,2,3,4,5,6,7,8,9] [227,228,229,230,231,232,233]
36222.34224999999 [0,1,2,3,4,5,6,7,8,9] [233,234,235,236]
36221.482469387745 [0,1,2,3,4,5,6,7,8,9] [231,232,233,234,235,236,237]
36218.731239999994 [0,1,2,3,4,5,6,7,8,9] [230,231,232,233,234]
36217.828515625 [0,1,2,3,4,5,6,7,8,9] [227,228,229,230,231,232,233,234]
36216.32400000001 [0,1,2,3,4,5,6,7,8,9] [227,228,229]
36215.22982644629 [0,1,2,3,4,5,6,7,8,9] [226,227,228,229,230,231,232,233,234,235,236]
36214.31802777777 [0,1,2,3,4,5,6,7,8,9] [232,233,234,235,236,237]
36211.165897959196 [0,1,2,3,4,5,6,7,8,9] [226,227,228,229,230,231,232]
36210.30625 [0,1,2,3,4,5,6,7,8,9] [226,227,228,229,230,231,232,233,234,235,236,237]
36209.75920661157 [0,1,2,3,4,5,6,7,8,9] [228,229,230,231,232,233,234,235,236,237,238]
36209.10276 [0,1,2,3,4,5,6,7,8,9] [233,234,235,236,237]
36206.29469444445 [0,1,2,3,4,5,6,7,8,9] [226,227,228,229,230,231]
36202.10103305786 [0,1,2,3,4,5,6,7,8,9] [225,226,227,228,229,230,231,232,233,234,235]
36194.66244 [0,1,2,3,4,5,6,7,8,9] [226,227,228,229,230]
36194.261361111116 [0,1,2,3,4,5,6,7,8,9] [225,226,227,228,229,230,231,232,233,234,235,236]
36193.760015625005 [0,1,2,3,4,5,6,7,8,9] [226,227,228,229,230,231,232,233]
36193.459209999986 [0,1,2,3,4,5,6,7,8,9] [229,230,231,232,233,234,235,236,237,238]
36193.25867361111 [0,1,2,3,4,5,6,7,8,9] [227,228,229,230,231,232,233,234,235,236,237,238]
36192.25600000001 [0,1,2,3,4,5,6,7,8,9] [227,228]
36192.25599999999 [0,1,2,3,4,5,6,7,8,9] [226,227,228,229,230,231,232,233,234]
36191.33046745563 [0,1,2,3,4,5,6,7,8,9] [225,226,227,228,229,230,231,232,233,234,235,236,237]
36190.25069444445 [0,1,2,3,4,5,6,7,8,9] [228,229,230,231,232,233,234,235,236,237,238,239]
36189.2480625 [0,1,2,3,4,5,6,7,8,9] [231,232,233,234]
36187.6284556213 [0,1,2,3,4,5,6,7,8,9] [228,229,230,231,232,233,234,235,236,237,238,239,240]
36186.24025000001 [0,1,2,3,4,5,6,7,8,9] [242,243]
36185.57186419752 [0,1,2,3,4,5,6,7,8,9] [230,231,232,233,234,235,236,237,238]
36180.22500000001 [0,1,2,3,4,5,6,7,8,9] [234]
36180.225 [0,1,2,3,4,5,6,7,8,9] [225,226,227,228,229,230,231,232]
36177.448899408286 [0,1,2,3,4,5,6,7,8,9] [226,227,228,229,230,231,232,233,234,235,236,237,238]
36176.52355621302 [0,1,2,3,4,5,6,7,8,9] [227,228,229,230,231,232,233,234,235,236,237,238,239]
36175.069469387745 [0,1,2,3,4,5,6,7,8,9] [227,228,229,230,231,232,233,234,235,236,237,238,239,240]
36173.66347933885 [0,1,2,3,4,5,6,7,8,9] [229,230,231,232,233,234,235,236,237,238,239]
36172.20544444442 [0,1,2,3,4,5,6,7,8,9] [229,230,231,232,233,234,235,236,237,238,239,240]
36171.63265306121 [0,1,2,3,4,5,6,7,8,9] [225,226,227,228,229,230,231]
36169.39881 [0,1,2,3,4,5,6,7,8,9] [225,226,227,228,229,230,231,232,233,234]
36168.195999999996 [0,1,2,3,4,5,6,7,8,9] [225,226,227,228,229,230,231,232,233]
36166.69251562501 [0,1,2,3,4,5,6,7,8,9] [231,232,233,234,235,236,237,238]
36164.587689999986 [0,1,2,3,4,5,6,7,8,9] [230,231,232,233,234,235,236,237,238,239]
36164.18677777778 [0,1,2,3,4,5,6,7,8,9] [232,233,234]
36163.82231404959 [0,1,2,3,4,5,6,7,8,9] [230,231,232,233,234,235,236,237,238,239,240]
36163.18450694446 [0,1,2,3,4,5,6,7,8,9] [224,225,226,227,228,229,230,231,232,233,234,235]
36163.04132653061 [0,1,2,3,4,5,6,7,8,9] [226,227,228,229,230,231,232,233,234,235,236,237,238,239]
36162.5831511111 [0,1,2,3,4,5,6,7,8,9] [226,227,228,229,230,231,232,233,234,235,236,237,238,239,240]
36162.18225 [0,1,2,3,4,5,6,7,8,9] [225,226,227,228,229,230,231,232,233,234,235,236,237,238]
36159.17556250001 [0,1,2,3,4,5,6,7,8,9] [226,227,228,229]
36158.944284023666 [0,1,2,3,4,5,6,7,8,9] [224,225,226,227,228,229,230,231,232,233,234,235,236]
36158.74604591838 [0,1,2,3,4,5,6,7,8,9] [224,225,226,227,228,229,230,231,232,233,234,235,236,237]
36156.16900000001 [0,1,2,3,4,5,6,7,8,9] [240]
36156.168999999994 [0,1,2,3,4,5,6,7,8,9] [232,233]
36155.417378906255 [0,1,2,3,4,5,6,7,8,9] [228,229,230,231,232,233,234,235,236,237,238,239,240,241,242,243]
36152.73308163266 [0,1,2,3,4,5,6,7,8,9] [232,233,234,235,236,237,238]
36151.35875999999 [0,1,2,3,4,5,6,7,8,9] [234,235,236,237,238]
36151.01518367347 [0,1,2,3,4,5,6,7,8,9] [228,229,230,231,232,233,234,235,236,237,238,239,240,241]
36150.15625 [0,1,2,3,4,5,6,7,8,9] [225,226,227,228,229,230,231,232,233,234,235,236,237,238,239,240]
36149.75541777778 [0,1,2,3,4,5,6,7,8,9] [225,226,227,228,229,230,231,232,233,234,235,236,237,238,239]
36146.97323183391 [0,1,2,3,4,5,6,7,8,9] [227,228,229,230,231,232,233,234,235,236,237,238,239,240,241,242,243]
