[Score] [Station index] [Time slots] 
58752.22500000001 [0,1,2,3,4,5,6,7,8,9] [245]
58752.225 [0,1,2,3,4,5,6,7,8,9] [244,245]
58675.60000000001 [0,1,2,3,4,5,6,7,8,9] [244,245,246]
58660.280999999995 [0,1,2,3,4,5,6,7,8,9] [243,244,245]
58637.30625 [0,1,2,3,4,5,6,7,8,9] [245,246]
58625.8205625 [0,1,2,3,4,5,6,7,8,9] [243,244,245,246]
58625.82056249997 [0,1,2,3,4,5,6,7,8,9] [244,245,246,247]
58614.33599999999 [0,1,2,3,4,5,6,7,8,9] [243,244]
58599.02500000001 [0,1,2,3,4,5,6,7,8,9] [244,245,246,247,248]
58595.96304 [0,1,2,3,4,5,6,7,8,9] [243,244,245,246,247]
58591.37025 [0,1,2,3,4,5,6,7,8,9] [242,243,244,245]
58583.716000000015 [0,1,2,3,4,5,6,7,8,9] [245,246,247]
58583.71599999999 [0,1,2,3,4,5,6,7,8,9] [220]
58578.61344444445 [0,1,2,3,4,5,6,7,8,9] [243,244,245,246,247,248]
58577.59296 [0,1,2,3,4,5,6,7,8,9] [242,243,244,245,246]
58568.409 [0,1,2,3,4,5,6,7,8,9] [244,245,246,247,248,249]
58560.75625 [0,1,2,3,4,5,6,7,8,9] [245,246,247,248]
58555.290306122464 [0,1,2,3,4,5,6,7,8,9] [243,244,245,246,247,248,249]
58550.91773469387 [0,1,2,3,4,5,6,7,8,9] [242,243,244,245,246,247,248]
58543.92195999999 [0,1,2,3,4,5,6,7,8,9] [241,242,243,244,245]
58540.3513611111 [0,1,2,3,4,5,6,7,8,9] [241,242,243,244,245,246]
58537.801 [0,1,2,3,4,5,6,7,8,9] [242,243,244]
58533.97556250001 [0,1,2,3,4,5,6,7,8,9] [242,243,244,245,246,247,248,249]
58531.680359999984 [0,1,2,3,4,5,6,7,8,9] [245,246,247,248,249]
58531.24318367346 [0,1,2,3,4,5,6,7,8,9] [241,242,243,244,245,246,247]
58526.32506249998 [0,1,2,3,4,5,6,7,8,9] [241,242,243,244,245,246,247,248]
58522.500000000015 [0,1,2,3,4,5,6,7,8,9] [244,245,246,247,248,249,250]
58522.5 [0,1,2,3,4,5,6,7,8,9] [246]
58516.76264062502 [0,1,2,3,4,5,6,7,8,9] [243,244,245,246,247,248,249,250]
58516.762640624984 [0,1,2,3,4,5,6,7,8,9] [240,241,242,243,244,245,246,247]
58514.00030864199 [0,1,2,3,4,5,6,7,8,9] [240,241,242,243,244,245,246,247,248]
58514.000308641975 [0,1,2,3,4,5,6,7,8,9] [241,242,243,244,245,246,247,248,249]
58504.14144 [0,1,2,3,4,5,6,7,8,9] [240,241,242,243,244,245,246,247,248,249]
58502.10177777776 [0,1,2,3,4,5,6,7,8,9] [242,243,244,245,246,247,248,249,250]
58499.55225000001 [0,1,2,3,4,5,6,7,8,9] [246,247]
58497.00277777779 [0,1,2,3,4,5,6,7,8,9] [246,247,248]
58491.90400000002 [0,1,2,3,4,5,6,7,8,9] [241,242,243,244]
58491.903999999995 [0,1,2,3,4,5,6,7,8,9] [248]
58487.31529000001 [0,1,2,3,4,5,6,7,8,9] [241,242,243,244,245,246,247,248,249,250]
58484.25625000001 [0,1,2,3,4,5,6,7,8,9] [245,246,247,248,249,250]
58484.25625 [0,1,2,3,4,5,6,7,8,9] [247,248]
58480.78016528926 [0,1,2,3,4,5,6,7,8,9] [240,241,242,243,244,245,246,247,248,249,250]
58478.52076562501 [0,1,2,3,4,5,6,7,8,9] [244,245,246,247,248,249,250,251]
58478.308345679034 [0,1,2,3,4,5,6,7,8,9] [243,244,245,246,247,248,249,250,251]
58478.13841 [0,1,2,3,4,5,6,7,8,9] [239,240,241,242,243,244,245,246,247,248]
58476.60900000001 [0,1,2,3,4,5,6,7,8,9] [246,247,248,249]
58476.60899999998 [0,1,2,3,4,5,6,7,8,9] [239,240,241,242,243,244,245,246,247]
58472.437983471085 [0,1,2,3,4,5,6,7,8,9] [239,240,241,242,243,244,245,246,247,248,249]
58470.0546122449 [0,1,2,3,4,5,6,7,8,9] [239,240,241,242,243,244,245]
58468.96225000002 [0,1,2,3,4,5,6,7,8,9] [242,243,244,245,246,247,248,249,250,251]
58461.316000000006 [0,1,2,3,4,5,6,7,8,9] [247,248,249]
58458.53566942147 [0,1,2,3,4,5,6,7,8,9] [241,242,243,244,245,246,247,248,249,250,251]
58454.94450694447 [0,1,2,3,4,5,6,7,8,9] [240,241,242,243,244,245,246,247,248,249,250,251]
58453.67025000001 [0,1,2,3,4,5,6,7,8,9] [239,240,241,242,243,244,245,246,247,248,249,250]
58446.025 [0,1,2,3,4,5,6,7,8,9] [218]
58444.635008264464 [0,1,2,3,4,5,6,7,8,9] [238,239,240,241,242,243,244,245,246,247,248]
58442.96704 [0,1,2,3,4,5,6,7,8,9] [243,244,245,246,247,248,249,250,251,252]
58442.202562500024 [0,1,2,3,4,5,6,7,8,9] [238,239,240,241,242,243,244,245,246,247,248,249]
58439.90916 [0,1,2,3,4,5,6,7,8,9] [238,239,240,241,242,243,244,245,246,247]
58439.472326530595 [0,1,2,3,4,5,6,7,8,9] [245,246,247,248,249,250,251]
58439.2296419753 [0,1,2,3,4,5,6,7,8,9] [244,245,246,247,248,249,250,251,252]
58437.68529752067 [0,1,2,3,4,5,6,7,8,9] [242,243,244,245,246,247,248,249,250,251,252]
58435.83211111112 [0,1,2,3,4,5,6,7,8,9] [238,239,240,241,242,243,244,245,246]
58431.912005917155 [0,1,2,3,4,5,6,7,8,9] [239,240,241,242,243,244,245,246,247,248,249,250,251]
58430.73600000001 [0,1,2,3,4,5,6,7,8,9] [237,238,239,240,241,242,243,244,245,246,247,248]
58430.736 [0,1,2,3,4,5,6,7,8,9] [241,242,243,244,245,246,247,248,249,250,251,252]
58429.560005917156 [0,1,2,3,4,5,6,7,8,9] [240,241,242,243,244,245,246,247,248,249,250,251,252]
58427.20805325443 [0,1,2,3,4,5,6,7,8,9] [238,239,240,241,242,243,244,245,246,247,248,249,250]
58425.176859504114 [0,1,2,3,4,5,6,7,8,9] [237,238,239,240,241,242,243,244,245,246,247]
58425.003140625005 [0,1,2,3,4,5,6,7,8,9] [238,239,240,241,242,243,244,245]
58423.09225 [0,1,2,3,4,5,6,7,8,9] [239,240,241,242,243,244]
58420.03488999999 [0,1,2,3,4,5,6,7,8,9] [237,238,239,240,241,242,243,244,245,246]
58416.54086224489 [0,1,2,3,4,5,6,7,8,9] [237,238,239,240,241,242,243,244,245,246,247,248,249,250]
58415.44900000001 [0,1,2,3,4,5,6,7,8,9] [249]
58415.448999999986 [0,1,2,3,4,5,6,7,8,9] [240]
58413.26530612244 [0,1,2,3,4,5,6,7,8,9] [236,237,238,239,240,241,242,243,244,245,246,247,248,249]
58413.09733136096 [0,1,2,3,4,5,6,7,8,9] [236,237,238,239,240,241,242,243,244,245,246,247,248]
58409.98984183674 [0,1,2,3,4,5,6,7,8,9] [239,240,241,242,243,244,245,246,247,248,249,250,251,252]
58408.89804081632 [0,1,2,3,4,5,6,7,8,9] [238,239,240,241,242,243,244,245,246,247,248,249,250,251]
58408.65541975309 [0,1,2,3,4,5,6,7,8,9] [237,238,239,240,241,242,243,244,245]
58407.80625 [0,1,2,3,4,5,6,7,8,9] [247,248,249,250]
58407.11147933884 [0,1,2,3,4,5,6,7,8,9] [243,244,245,246,247,248,249,250,251,252,253]
58406.53250694442 [0,1,2,3,4,5,6,7,8,9] [236,237,238,239,240,241,242,243,244,245,246,247]
58405.25877777776 [0,1,2,3,4,5,6,7,8,9] [242,243,244,245,246,247,248,249,250,251,252,253]
58402.34744897956 [0,1,2,3,4,5,6,7,8,9] [240,241,242,243,244,245,246,247,248,249,250,251,252,253]
58402.201884444454 [0,1,2,3,4,5,6,7,8,9] [236,237,238,239,240,241,242,243,244,245,246,247,248,249,250]
58401.33969822487 [0,1,2,3,4,5,6,7,8,9] [241,242,243,244,245,246,247,248,249,250,251,252,253]
58400.164000000004 [0,1,2,3,4,5,6,7,8,9] [244,245,246,247,248,249,250,251,252,253]
58400.16399999999 [0,1,2,3,4,5,6,7,8,9] [219,220]
58400.16399999997 [0,1,2,3,4,5,6,7,8,9] [236,237,238,239,240,241,242,243,244,245,246]
58393.03168444444 [0,1,2,3,4,5,6,7,8,9] [235,236,237,238,239,240,241,242,243,244,245,246,247,248,249]
58391.43061224491 [0,1,2,3,4,5,6,7,8,9] [235,236,237,238,239,240,241,242,243,244,245,246,247,248]
58389.97511111111 [0,1,2,3,4,5,6,7,8,9] [238,239,240,241,242,243,244,245,246,247,248,249,250,251,252]
58387.937439999994 [0,1,2,3,4,5,6,7,8,9] [236,237,238,239,240,241,242,243,244,245]
58387.74641015625 [0,1,2,3,4,5,6,7,8,9] [236,237,238,239,240,241,242,243,244,245,246,247,248,249,250,251]
58387.428027777794 [0,1,2,3,4,5,6,7,8,9] [246,247,248,249,250,251]
58385.899804444445 [0,1,2,3,4,5,6,7,8,9] [239,240,241,242,243,244,245,246,247,248,249,250,251,252,253]
58384.881000000016 [0,1,2,3,4,5,6,7,8,9] [240,241,242]
58384.88100000001 [0,1,2,3,4,5,6,7,8,9] [248,249,250]
58383.92587890626 [0,1,2,3,4,5,6,7,8,9] [235,236,237,238,239,240,241,242,243,244,245,246,247,248,249,250]
