[Score] [Station index] [Time slots] 
17330.568999999996 [0,1,2,3,4,5,6,7,8,9] [272]
17297.280999999995 [0,1,2,3,4,5,6,7,8,9] [272,273]
17288.963999999996 [0,1,2,3,4,5,6,7,8,9] [272,273,274]
17272.336000000003 [0,1,2,3,4,5,6,7,8,9] [274]
17268.180250000012 [0,1,2,3,4,5,6,7,8,9] [271,272,273,274]
17268.18025 [0,1,2,3,4,5,6,7,8,9] [271,272]
17268.180249999998 [0,1,2,3,4,5,6,7,8,9] [273,274]
17266.79511111111 [0,1,2,3,4,5,6,7,8,9] [271,272,273]
17266.102562500004 [0,1,2,3,4,5,6,7,8,9] [272,273,274,275]
17264.024999999994 [0,1,2,3,4,5,6,7,8,9] [273]
17254.05444 [0,1,2,3,4,5,6,7,8,9] [271,272,273,274,275]
17244.64044444444 [0,1,2,3,4,5,6,7,8,9] [273,274,275]
17244.08675999999 [0,1,2,3,4,5,6,7,8,9] [272,273,274,275,276]
17237.720027777777 [0,1,2,3,4,5,6,7,8,9] [271,272,273,274,275,276]
17234.95225 [0,1,2,3,4,5,6,7,8,9] [274,275]
17222.5 [0,1,2,3,4,5,6,7,8,9] [273,274,275,276]
17219.180160000007 [0,1,2,3,4,5,6,7,8,9] [270,271,272,273,274]
17215.584027777775 [0,1,2,3,4,5,6,7,8,9] [270,271,272,273,274,275]
17212.81802777778 [0,1,2,3,4,5,6,7,8,9] [272,273,274,275,276,277]
17211.830224489797 [0,1,2,3,4,5,6,7,8,9] [271,272,273,274,275,276,277]
17208.669444444444 [0,1,2,3,4,5,6,7,8,9] [274,275,276]
17207.089163265304 [0,1,2,3,4,5,6,7,8,9] [270,271,272,273,274,275,276]
17205.904000000002 [0,1,2,3,4,5,6,7,8,9] [271]
17205.903999999995 [0,1,2,3,4,5,6,7,8,9] [270,271,272,273]
17197.609000000004 [0,1,2,3,4,5,6,7,8,9] [275]
17189.316 [0,1,2,3,4,5,6,7,8,9] [273,274,275,276,277]
17188.279515625007 [0,1,2,3,4,5,6,7,8,9] [271,272,273,274,275,276,277,278]
17188.279515625003 [0,1,2,3,4,5,6,7,8,9] [270,271,272,273,274,275,276,277]
17186.552111111116 [0,1,2,3,4,5,6,7,8,9] [270,271,272]
17185.76246938775 [0,1,2,3,4,5,6,7,8,9] [272,273,274,275,276,277,278]
17176.880250000006 [0,1,2,3,4,5,6,7,8,9] [275,276]
17176.288183673467 [0,1,2,3,4,5,6,7,8,9] [269,270,271,272,273,274,275]
17173.772015625003 [0,1,2,3,4,5,6,7,8,9] [269,270,271,272,273,274,275,276]
17172.736 [0,1,2,3,4,5,6,7,8,9] [269,270,271,272,273,274]
17170.664062499993 [0,1,2,3,4,5,6,7,8,9] [274,275,276,277]
17169.973444444444 [0,1,2,3,4,5,6,7,8,9] [270,271,272,273,274,275,276,277,278]
17163.528345679013 [0,1,2,3,4,5,6,7,8,9] [271,272,273,274,275,276,277,278,279]
17161.687111111103 [0,1,2,3,4,5,6,7,8,9] [273,274,275,276,277,278]
17160.76653086419 [0,1,2,3,4,5,6,7,8,9] [269,270,271,272,273,274,275,276,277]
17158.235062500004 [0,1,2,3,4,5,6,7,8,9] [272,273,274,275,276,277,278,279]
17156.164000000004 [0,1,2,3,4,5,6,7,8,9] [276]
17152.850560000006 [0,1,2,3,4,5,6,7,8,9] [269,270,271,272,273]
17149.537440000007 [0,1,2,3,4,5,6,7,8,9] [270,271,272,273,274,275,276,277,278,279]
17147.05281 [0,1,2,3,4,5,6,7,8,9] [269,270,271,272,273,274,275,276,277,278]
17142.91216 [0,1,2,3,4,5,6,7,8,9] [271,272,273,274,275,276,277,278,279,280]
17141.256039999993 [0,1,2,3,4,5,6,7,8,9] [274,275,276,277,278]
17136.840111111112 [0,1,2,3,4,5,6,7,8,9] [275,276,277]
17135.92019753087 [0,1,2,3,4,5,6,7,8,9] [268,269,270,271,272,273,274,275,276]
17135.92019753086 [0,1,2,3,4,5,6,7,8,9] [272,273,274,275,276,277,278,279,280]
17133.686224489793 [0,1,2,3,4,5,6,7,8,9] [273,274,275,276,277,278,279]
17133.3905625 [0,1,2,3,4,5,6,7,8,9] [268,269,270,271,272,273,274,275]
17132.073553719012 [0,1,2,3,4,5,6,7,8,9] [270,271,272,273,274,275,276,277,278,279,280]
17130.56846280992 [0,1,2,3,4,5,6,7,8,9] [269,270,271,272,273,274,275,276,277,278,279]
17128.009960000003 [0,1,2,3,4,5,6,7,8,9] [268,269,270,271,272,273,274,275,276,277]
17125.113062499993 [0,1,2,3,4,5,6,7,8,9] [269,270,271,272]
17124.226306122444 [0,1,2,3,4,5,6,7,8,9] [268,269,270,271,272,273,274]
17123.796371900826 [0,1,2,3,4,5,6,7,8,9] [271,272,273,274,275,276,277,278,279,280,281]
17118.53011570248 [0,1,2,3,4,5,6,7,8,9] [268,269,270,271,272,273,274,275,276,277,278]
17116.148027777777 [0,1,2,3,4,5,6,7,8,9] [269,270,271,272,273,274,275,276,277,278,279,280]
17115.59641 [0,1,2,3,4,5,6,7,8,9] [272,273,274,275,276,277,278,279,280,281]
17115.458506944447 [0,1,2,3,4,5,6,7,8,9] [270,271,272,273,274,275,276,277,278,279,280,281]
17114.768999999993 [0,1,2,3,4,5,6,7,8,9] [270,271]
17112.01111111111 [0,1,2,3,4,5,6,7,8,9] [274,275,276,277,278,279]
17111.666390625003 [0,1,2,3,4,5,6,7,8,9] [273,274,275,276,277,278,279,280]
17111.321673611103 [0,1,2,3,4,5,6,7,8,9] [271,272,273,274,275,276,277,278,279,280,281,282]
17108.5640625 [0,1,2,3,4,5,6,7,8,9] [275,276,277,278]
17106.495999999996 [0,1,2,3,4,5,6,7,8,9] [276,277]
17105.806673611114 [0,1,2,3,4,5,6,7,8,9] [268,269,270,271,272,273,274,275,276,277,278,279]
17105.668809999996 [0,1,2,3,4,5,6,7,8,9] [267,268,269,270,271,272,273,274,275,276]
17104.587130177515 [0,1,2,3,4,5,6,7,8,9] [270,271,272,273,274,275,276,277,278,279,280,281,282]
17102.736206611567 [0,1,2,3,4,5,6,7,8,9] [272,273,274,275,276,277,278,279,280,281,282]
17102.042136094682 [0,1,2,3,4,5,6,7,8,9] [269,270,271,272,273,274,275,276,277,278,279,280,281]
17101.232404958675 [0,1,2,3,4,5,6,7,8,9] [267,268,269,270,271,272,273,274,275,276,277]
17100.06282716049 [0,1,2,3,4,5,6,7,8,9] [267,268,269,270,271,272,273,274,275]
17099.60336111112 [0,1,2,3,4,5,6,7,8,9] [268,269,270,271,272,273]
17094.779340277782 [0,1,2,3,4,5,6,7,8,9] [267,268,269,270,271,272,273,274,275,276,277,278]
17094.408289940835 [0,1,2,3,4,5,6,7,8,9] [268,269,270,271,272,273,274,275,276,277,278,279,280]
17092.908984693884 [0,1,2,3,4,5,6,7,8,9] [269,270,271,272,273,274,275,276,277,278,279,280,281,282]
17091.79338271605 [0,1,2,3,4,5,6,7,8,9] [273,274,275,276,277,278,279,280,281]
17089.95600000001 [0,1,2,3,4,5,6,7,8,9] [274,275,276,277,278,279,280]
17087.8890625 [0,1,2,3,4,5,6,7,8,9] [267,268,269,270,271,272,273,274]
17084.868378698226 [0,1,2,3,4,5,6,7,8,9] [271,272,273,274,275,276,277,278,279,280,281,282,283]
17084.868378698222 [0,1,2,3,4,5,6,7,8,9] [267,268,269,270,271,272,273,274,275,276,277,278,279]
17082.86987755102 [0,1,2,3,4,5,6,7,8,9] [268,269,270,271,272,273,274,275,276,277,278,279,280,281]
17080.508163265313 [0,1,2,3,4,5,6,7,8,9] [270,271,272,273,274,275,276,277,278,279,280,281,282,283]
17080.035839999997 [0,1,2,3,4,5,6,7,8,9] [273,274,275,276,277,278,279,280,281,282]
17078.933777777776 [0,1,2,3,4,5,6,7,8,9] [276,277,278]
17075.7852244898 [0,1,2,3,4,5,6,7,8,9] [267,268,269,270,271,272,273,274,275,276,277,278,279,280]
17075.677892561984 [0,1,2,3,4,5,6,7,8,9] [266,267,268,269,270,271,272,273,274,275,276]
17075.627804444444 [0,1,2,3,4,5,6,7,8,9] [268,269,270,271,272,273,274,275,276,277,278,279,280,281,282]
17074.801361111102 [0,1,2,3,4,5,6,7,8,9] [272,273,274,275,276,277,278,279,280,281,282,283]
17074.11267361111 [0,1,2,3,4,5,6,7,8,9] [266,267,268,269,270,271,272,273,274,275,276,277]
17071.220337777773 [0,1,2,3,4,5,6,7,8,9] [269,270,271,272,273,274,275,276,277,278,279,280,281,282,283]
17070.325140625 [0,1,2,3,4,5,6,7,8,9] [274,275,276,277,278,279,280,281]
17070.24568639053 [0,1,2,3,4,5,6,7,8,9] [266,267,268,269,270,271,272,273,274,275,276,277,278]
17067.63969 [0,1,2,3,4,5,6,7,8,9] [266,267,268,269,270,271,272,273,274,275]
17066.81344 [0,1,2,3,4,5,6,7,8,9] [268,269,270,271,272]
17066.26261777778 [0,1,2,3,4,5,6,7,8,9] [267,268,269,270,271,272,273,274,275,276,277,278,279,280,281]
17062.800510204077 [0,1,2,3,4,5,6,7,8,9] [266,267,268,269,270,271,272,273,274,275,276,277,278,279]
17061.62032653061 [0,1,2,3,4,5,6,7,8,9] [271,272,273,274,275,276,277,278,279,280,281,282,283,284]
