[Score] [Station index] [Time slots] 
56460.19600000001 [0,1,2,3,4,5,6,7,8,9] [254]
56272.50224999998 [0,1,2,3,4,5,6,7,8,9] [253,254]
56265.001000000026 [0,1,2,3,4,5,6,7,8,9] [254,255]
56260.000444444435 [0,1,2,3,4,5,6,7,8,9] [252,253,254]
56235.000999999975 [0,1,2,3,4,5,6,7,8,9] [252]
56220.00399999999 [0,1,2,3,4,5,6,7,8,9] [251,252,253,254]
56212.50625 [0,1,2,3,4,5,6,7,8,9] [252,253,254,255]
56205.008999999984 [0,1,2,3,4,5,6,7,8,9] [253,254,255]
56190.016 [0,1,2,3,4,5,6,7,8,9] [251,252,253,254,255]
56175.02500000001 [0,1,2,3,4,5,6,7,8,9] [250,251,252,253,254]
56172.52669444445 [0,1,2,3,4,5,6,7,8,9] [249,250,251,252,253,254]
56170.02844444445 [0,1,2,3,4,5,6,7,8,9] [254,255,256]
56168.600897959186 [0,1,2,3,4,5,6,7,8,9] [248,249,250,251,252,253,254]
56167.530249999974 [0,1,2,3,4,5,6,7,8,9] [251,252]
56166.03136000001 [0,1,2,3,4,5,6,7,8,9] [252,253,254,255,256]
56160.036 [0,1,2,3,4,5,6,7,8,9] [252,253]
56157.89487755103 [0,1,2,3,4,5,6,7,8,9] [249,250,251,252,253,254,255]
56157.53802777776 [0,1,2,3,4,5,6,7,8,9] [250,251,252,253,254,255]
56156.289062499985 [0,1,2,3,4,5,6,7,8,9] [248,249,250,251,252,253,254,255]
56155.04011111109 [0,1,2,3,4,5,6,7,8,9] [251,252,253,254,255,256]
56152.54225 [0,1,2,3,4,5,6,7,8,9] [248,249]
56148.79556250003 [0,1,2,3,4,5,6,7,8,9] [253,254,255,256]
56145.048999999985 [0,1,2,3,4,5,6,7,8,9] [248]
56143.175765625005 [0,1,2,3,4,5,6,7,8,9] [247,248,249,250,251,252,253,254]
56140.05377777778 [0,1,2,3,4,5,6,7,8,9] [251,252,253]
56136.72375308639 [0,1,2,3,4,5,6,7,8,9] [248,249,250,251,252,253,254,255,256]
56135.68314062499 [0,1,2,3,4,5,6,7,8,9] [249,250,251,252,253,254,255,256]
56135.058777777784 [0,1,2,3,4,5,6,7,8,9] [247,248,249,250,251,252,253,254,255]
56135.058777777755 [0,1,2,3,4,5,6,7,8,9] [252,253,254,255,256,257]
56132.20459183672 [0,1,2,3,4,5,6,7,8,9] [250,251,252,253,254,255,256]
56130.064 [0,1,2,3,4,5,6,7,8,9] [262]
56130.06399999999 [0,1,2,3,4,5,6,7,8,9] [260]
56130.06399999998 [0,1,2,3,4,5,6,7,8,9] [259,260]
56127.06723999999 [0,1,2,3,4,5,6,7,8,9] [248,249,250,251,252]
56122.57224999999 [0,1,2,3,4,5,6,7,8,9] [249,250,251,252]
56122.57224999998 [0,1,2,3,4,5,6,7,8,9] [254,255,256,257]
56121.07395999999 [0,1,2,3,4,5,6,7,8,9] [248,249,250,251,252,253,254,255,256,257]
56120.07511111109 [0,1,2,3,4,5,6,7,8,9] [248,249,250,251,252,253]
56119.575690000005 [0,1,2,3,4,5,6,7,8,9] [247,248,249,250,251,252,253,254,255,256]
56118.41038271604 [0,1,2,3,4,5,6,7,8,9] [249,250,251,252,253,254,255,256,257]
56115.081000000006 [0,1,2,3,4,5,6,7,8,9] [253,254,255,256,257]
56113.208265625 [0,1,2,3,4,5,6,7,8,9] [250,251,252,253,254,255,256,257]
56110.087111111105 [0,1,2,3,4,5,6,7,8,9] [250,251,252]
56108.42253086421 [0,1,2,3,4,5,6,7,8,9] [246,247,248,249,250,251,252,253,254]
56106.90929752066 [0,1,2,3,4,5,6,7,8,9] [247,248,249,250,251,252,253,254,255,256,257]
56105.09344444443 [0,1,2,3,4,5,6,7,8,9] [252,253,254,255,256,257,258,259,260]
56104.59408999999 [0,1,2,3,4,5,6,7,8,9] [251,252,253,254,255,256,257,258,259,260]
56103.8450625 [0,1,2,3,4,5,6,7,8,9] [250,251,252,253]
56103.55697633136 [0,1,2,3,4,5,6,7,8,9] [248,249,250,251,252,253,254,255,256,257,258,259,260]
56101.972515625006 [0,1,2,3,4,5,6,7,8,9] [252,253,254,255,256,257,258,259]
56101.76445679014 [0,1,2,3,4,5,6,7,8,9] [251,252,253,254,255,256,257,258,259]
56101.34834027778 [0,1,2,3,4,5,6,7,8,9] [248,249,250,251,252,253,254,255,256,257,258,259]
56100.10000000001 [0,1,2,3,4,5,6,7,8,9] [249,250,251,252,253,254,255,256,257,258,259,260]
56100.1 [0,1,2,3,4,5,6,7,8,9] [251]
56098.738190082644 [0,1,2,3,4,5,6,7,8,9] [248,249,250,251,252,253,254,255,256,257,258]
56098.22751562499 [0,1,2,3,4,5,6,7,8,9] [251,252,253,254,255,256,257,258]
56097.96002040817 [0,1,2,3,4,5,6,7,8,9] [252,253,254,255,256,257,258]
56097.960020408165 [0,1,2,3,4,5,6,7,8,9] [247,248,249,250,251,252,253]
56097.37639669422 [0,1,2,3,4,5,6,7,8,9] [249,250,251,252,253,254,255,256,257,258,259]
56097.10403999997 [0,1,2,3,4,5,6,7,8,9] [248,249,250,251,252,253,254,255,256,257,258,259,260,261,262]
56096.35506250001 [0,1,2,3,4,5,6,7,8,9] [251,252,253,254,255,256,257,258,259,260,261,262]
56096.01461983471 [0,1,2,3,4,5,6,7,8,9] [252,253,254,255,256,257,258,259,260,261,262]
56094.750127551015 [0,1,2,3,4,5,6,7,8,9] [248,249,250,251,252,253,254,255,256,257,258,259,260,261]
56094.6528595041 [0,1,2,3,4,5,6,7,8,9] [250,251,252,253,254,255,256,257,258,259,260]
56094.10815999999 [0,1,2,3,4,5,6,7,8,9] [249,250,251,252,253,254,255,256,257,258]
56093.680183673496 [0,1,2,3,4,5,6,7,8,9] [247,248,249,250,251,252,253,254,255,256,257,258,259,260]
56093.68018367347 [0,1,2,3,4,5,6,7,8,9] [249,250,251,252,253,254,255,256,257,258,259,260,261,262]
56093.291115702465 [0,1,2,3,4,5,6,7,8,9] [251,252,253,254,255,256,257,258,259,260,261]
56092.610250000005 [0,1,2,3,4,5,6,7,8,9] [259,260,261,262]
56091.11236000001 [0,1,2,3,4,5,6,7,8,9] [250,251,252,253,254,255,256,257,258,259]
56090.88191715976 [0,1,2,3,4,5,6,7,8,9] [249,250,251,252,253,254,255,256,257,258,259,260,261]
56090.11377777778 [0,1,2,3,4,5,6,7,8,9] [247,248,249]
56089.80172265626 [0,1,2,3,4,5,6,7,8,9] [248,249,250,251,252,253,254,255,256,257,258,259,260,261,262,263]
56089.40051020412 [0,1,2,3,4,5,6,7,8,9] [254,255,256,257,258,259,260]
56088.86556250001 [0,1,2,3,4,5,6,7,8,9] [247,248,249,250,251,252,253,254,255,256,257,258,259,260,261,262]
56088.577514792894 [0,1,2,3,4,5,6,7,8,9] [250,251,252,253,254,255,256,257,258,259,260,261,262]
56087.764207612454 [0,1,2,3,4,5,6,7,8,9] [248,249,250,251,252,253,254,255,256,257,258,259,260,261,262,263,264]
56087.6173611111 [0,1,2,3,4,5,6,7,8,9] [247,248,249,250,251,252,253,254,255,256,257,258]
56087.42533136094 [0,1,2,3,4,5,6,7,8,9] [251,252,253,254,255,256,257,258,259,260,261,262,263]
56086.7852345679 [0,1,2,3,4,5,6,7,8,9] [250,251,252,253,254,255,256,257,258]
56086.36917361112 [0,1,2,3,4,5,6,7,8,9] [252,253,254,255,256,257,258,259,260,261,262,263]
56086.11953777779 [0,1,2,3,4,5,6,7,8,9] [247,248,249,250,251,252,253,254,255,256,257,258,259,260,261]
56086.11953777777 [0,1,2,3,4,5,6,7,8,9] [249,250,251,252,253,254,255,256,257,258,259,260,261,262,263]
56085.12100000001 [0,1,2,3,4,5,6,7,8,9] [251,252,253,254,255,256,257,258,259,260,261,262,263,264]
56085.121 [0,1,2,3,4,5,6,7,8,9] [250,251,252,253,254,255,256,257,258,259,260,261]
56084.18487890622 [0,1,2,3,4,5,6,7,8,9] [249,250,251,252,253,254,255,256,257,258,259,260,261,262,263,264]
56083.96885207099 [0,1,2,3,4,5,6,7,8,9] [252,253,254,255,256,257,258,259,260,261,262,263,264]
56083.87284027778 [0,1,2,3,4,5,6,7,8,9] [246,247,248,249,250,251,252,253,254,255,256,257]
56082.98130612244 [0,1,2,3,4,5,6,7,8,9] [253,254,255,256,257,258,259]
56082.62469444443 [0,1,2,3,4,5,6,7,8,9] [254,255,256,257,258,259]
56082.477854671284 [0,1,2,3,4,5,6,7,8,9] [247,248,249,250,251,252,253,254,255,256,257,258,259,260,261,262,263]
56082.12544000002 [0,1,2,3,4,5,6,7,8,9] [253,254,255,256,257,258,259,260,261,262]
56082.125439999996 [0,1,2,3,4,5,6,7,8,9] [245,246,247,248,249,250,251,252,253,254]
56081.79260493828 [0,1,2,3,4,5,6,7,8,9] [254,255,256,257,258,259,260,261,262]
56081.036165289275 [0,1,2,3,4,5,6,7,8,9] [245,246,247,248,249,250,251,252,253,254,255]
56080.960521604946 [0,1,2,3,4,5,6,7,8,9] [247,248,249,250,251,252,253,254,255,256,257,258,259,260,261,262,263,264]
56080.841653061194 [0,1,2,3,4,5,6,7,8,9] [250,251,252,253,254,255,256,257,258,259,260,261,262,263]
56080.12844444446 [0,1,2,3,4,5,6,7,8,9] [260,261,262]
56080.128444444425 [0,1,2,3,4,5,6,7,8,9] [259,260,261]
56079.129960000006 [0,1,2,3,4,5,6,7,8,9] [250,251,252,253,254,255,256,257,258,259,260,261,262,263,264]
