[Score] [Station index] [Time slots] 
35129.32899999999 [0,1,2,3,4,5,6,7,8,9] [244]
35064.16225 [0,1,2,3,4,5,6,7,8,9] [243,244]
35028.64224999999 [0,1,2,3,4,5,6,7,8,9] [244,245]
35018.778777777785 [0,1,2,3,4,5,6,7,8,9] [243,244,245]
34999.056000000004 [0,1,2,3,4,5,6,7,8,9] [243]
34975.39599999999 [0,1,2,3,4,5,6,7,8,9] [242,243,244]
34963.569 [0,1,2,3,4,5,6,7,8,9] [242,243,244,245]
34957.65625 [0,1,2,3,4,5,6,7,8,9] [241,242,243,244]
34951.744000000006 [0,1,2,3,4,5,6,7,8,9] [241,242,243,244,245]
34942.8765625 [0,1,2,3,4,5,6,7,8,9] [243,244,245,246]
34935.192359999994 [0,1,2,3,4,5,6,7,8,9] [240,241,242,243,244]
34934.01024999999 [0,1,2,3,4,5,6,7,8,9] [240,241,242,243,244,245]
34928.09999999999 [0,1,2,3,4,5,6,7,8,9] [245]
34924.160111111116 [0,1,2,3,4,5,6,7,8,9] [244,245,246]
34913.91743999998 [0,1,2,3,4,5,6,7,8,9] [242,243,244,245,246]
34912.34177777778 [0,1,2,3,4,5,6,7,8,9] [241,242,243,244,245,246]
34904.46399999999 [0,1,2,3,4,5,6,7,8,9] [241]
34902.77602040817 [0,1,2,3,4,5,6,7,8,9] [240,241,242,243,244,245,246]
34900.52544444444 [0,1,2,3,4,5,6,7,8,9] [241,242,243]
34899.40018367346 [0,1,2,3,4,5,6,7,8,9] [239,240,241,242,243,244,245]
34898.55625 [0,1,2,3,4,5,6,7,8,9] [242,243]
34894.61802777777 [0,1,2,3,4,5,6,7,8,9] [239,240,241,242,243,244]
34886.74225000001 [0,1,2,3,4,5,6,7,8,9] [240,241,242,243]
34885.56096000002 [0,1,2,3,4,5,6,7,8,9] [243,244,245,246,247]
34876.406640625 [0,1,2,3,4,5,6,7,8,9] [239,240,241,242,243,244,245,246]
34875.77389795918 [0,1,2,3,4,5,6,7,8,9] [241,242,243,244,245,246,247]
34874.93025000001 [0,1,2,3,4,5,6,7,8,9] [240,241]
34871.9775625 [0,1,2,3,4,5,6,7,8,9] [240,241,242,243,244,245,246,247]
34870.99336111113 [0,1,2,3,4,5,6,7,8,9] [242,243,244,245,246,247]
34857.216 [0,1,2,3,4,5,6,7,8,9] [244,245,246,247]
34855.74001562501 [0,1,2,3,4,5,6,7,8,9] [238,239,240,241,242,243,244,245]
34851.96819753087 [0,1,2,3,4,5,6,7,8,9] [239,240,241,242,243,244,245,246,247]
34851.31225 [0,1,2,3,4,5,6,7,8,9] [241,242]
34849.34444444445 [0,1,2,3,4,5,6,7,8,9] [240,241,242]
34847.77024 [0,1,2,3,4,5,6,7,8,9] [239,240,241,242,243]
34845.409 [0,1,2,3,4,5,6,7,8,9] [238,239,240,241,242,243,244]
34840.162086419754 [0,1,2,3,4,5,6,7,8,9] [238,239,240,241,242,243,244,245,246]
34829.66944444444 [0,1,2,3,4,5,6,7,8,9] [240,241,242,243,244,245,246,247,248]
34827.70225000001 [0,1,2,3,4,5,6,7,8,9] [241,242,243,244,245,246,247,248]
34821.801 [0,1,2,3,4,5,6,7,8,9] [238,239,240,241,242,243,244,245,246,247]
34819.83402777777 [0,1,2,3,4,5,6,7,8,9] [243,244,245,246,247,248]
34819.17838271605 [0,1,2,3,4,5,6,7,8,9] [237,238,239,240,241,242,243,244,245]
34816.74318367346 [0,1,2,3,4,5,6,7,8,9] [242,243,244,245,246,247,248]
34815.900250000006 [0,1,2,3,4,5,6,7,8,9] [239,240,241,242,243,244,245,246,247,248]
34813.93344444444 [0,1,2,3,4,5,6,7,8,9] [239,240,241]
34810.0 [0,1,2,3,4,5,6,7,8,9] [239,240,241,242]
34808.82001 [0,1,2,3,4,5,6,7,8,9] [237,238,239,240,241,242,243,244,245,246]
34805.57514062501 [0,1,2,3,4,5,6,7,8,9] [237,238,239,240,241,242,243,244]
34798.200999999994 [0,1,2,3,4,5,6,7,8,9] [238,239,240,241,242,243]
34794.98343801653 [0,1,2,3,4,5,6,7,8,9] [237,238,239,240,241,242,243,244,245,246,247]
34791.766024793375 [0,1,2,3,4,5,6,7,8,9] [238,239,240,241,242,243,244,245,246,247,248]
34784.04484000001 [0,1,2,3,4,5,6,7,8,9] [244,245,246,247,248]
34773.42961000001 [0,1,2,3,4,5,6,7,8,9] [240,241,242,243,244,245,246,247,248,249]
34769.69500694444 [0,1,2,3,4,5,6,7,8,9] [237,238,239,240,241,242,243,244,245,246,247,248]
34768.71225000001 [0,1,2,3,4,5,6,7,8,9] [239,240]
34766.74677777778 [0,1,2,3,4,5,6,7,8,9] [245,246,247]
34766.03207438016 [0,1,2,3,4,5,6,7,8,9] [239,240,241,242,243,244,245,246,247,248,249]
34765.436493827154 [0,1,2,3,4,5,6,7,8,9] [241,242,243,244,245,246,247,248,249]
34763.99520999999 [0,1,2,3,4,5,6,7,8,9] [236,237,238,239,240,241,242,243,244,245]
34759.600074380156 [0,1,2,3,4,5,6,7,8,9] [236,237,238,239,240,241,242,243,244,245,246]
34759.44693877551 [0,1,2,3,4,5,6,7,8,9] [237,238,239,240,241,242,243]
34758.09936000001 [0,1,2,3,4,5,6,7,8,9] [238,239,240,241,242]
34751.025 [0,1,2,3,4,5,6,7,8,9] [236,237,238,239,240,241,242,243,244,245,246,247]
34748.07756250002 [0,1,2,3,4,5,6,7,8,9] [238,239,240,241]
34748.0775625 [0,1,2,3,4,5,6,7,8,9] [242,243,244,245,246,247,248,249]
34748.07756249999 [0,1,2,3,4,5,6,7,8,9] [238,239,240,241,242,243,244,245,246,247,248,249]
34745.78519753086 [0,1,2,3,4,5,6,7,8,9] [236,237,238,239,240,241,242,243,244]
34740.92002040816 [0,1,2,3,4,5,6,7,8,9] [243,244,245,246,247,248,249]
34731.075556213014 [0,1,2,3,4,5,6,7,8,9] [237,238,239,240,241,242,243,244,245,246,247,248,249]
34727.44899999999 [0,1,2,3,4,5,6,7,8,9] [240,241,242,243,244,245,246,247,248,249,250]
34724.5025625 [0,1,2,3,4,5,6,7,8,9] [239,240,241,242,243,244,245,246,247,248,249,250]
34719.94922314051 [0,1,2,3,4,5,6,7,8,9] [235,236,237,238,239,240,241,242,243,244,245]
34719.59211111111 [0,1,2,3,4,5,6,7,8,9] [235,236,237,238,239,240,241,242,243,244,245,246]
34715.664000000004 [0,1,2,3,4,5,6,7,8,9] [241,242,243,244,245,246,247,248,249,250]
34714.75754437869 [0,1,2,3,4,5,6,7,8,9] [235,236,237,238,239,240,241,242,243,244,245,246,247]
34711.131840236674 [0,1,2,3,4,5,6,7,8,9] [238,239,240,241,242,243,244,245,246,247,248,249,250]
34703.88100000001 [0,1,2,3,4,5,6,7,8,9] [237,238,239,240,241]
34699.168359999996 [0,1,2,3,4,5,6,7,8,9] [235,236,237,238,239,240,241,242,243,244]
34698.83175510204 [0,1,2,3,4,5,6,7,8,9] [235,236,237,238,239,240,241,242,243,244,245,246,247,248]
34697.99025000001 [0,1,2,3,4,5,6,7,8,9] [244,245,246,247,248,249]
34697.990249999995 [0,1,2,3,4,5,6,7,8,9] [237,238,239,240,241,242,243,244,245,246,247,248,249,250]
34696.02677777778 [0,1,2,3,4,5,6,7,8,9] [238,239,240]
34694.71782716049 [0,1,2,3,4,5,6,7,8,9] [242,243,244,245,246,247,248,249,250]
34692.1 [0,1,2,3,4,5,6,7,8,9] [239]
34686.66328994083 [0,1,2,3,4,5,6,7,8,9] [239,240,241,242,243,244,245,246,247,248,249,250,251]
34686.210250000004 [0,1,2,3,4,5,6,7,8,9] [240,241,242,243,244,245,246,247,248,249,250,251]
34686.21024999999 [0,1,2,3,4,5,6,7,8,9] [246,247]
34681.793265625005 [0,1,2,3,4,5,6,7,8,9] [243,244,245,246,247,248,249,250]
34676.955938775514 [0,1,2,3,4,5,6,7,8,9] [238,239,240,241,242,243,244,245,246,247,248,249,250,251]
34676.69709467456 [0,1,2,3,4,5,6,7,8,9] [234,235,236,237,238,239,240,241,242,243,244,245,246]
34675.27346938776 [0,1,2,3,4,5,6,7,8,9] [234,235,236,237,238,239,240,241,242,243,244,245,246,247]
34673.450840277765 [0,1,2,3,4,5,6,7,8,9] [234,235,236,237,238,239,240,241,242,243,244,245]
34671.755710743804 [0,1,2,3,4,5,6,7,8,9] [241,242,243,244,245,246,247,248,249,250,251]
34670.11415111112 [0,1,2,3,4,5,6,7,8,9] [235,236,237,238,239,240,241,242,243,244,245,246,247,248,249]
34669.329071111104 [0,1,2,3,4,5,6,7,8,9] [236,237,238,239,240,241,242,243,244,245,246,247,248,249,250]
34666.97388444444 [0,1,2,3,4,5,6,7,8,9] [237,238,239,240,241,242,243,244,245,246,247,248,249,250,251]
34663.04875111111 [0,1,2,3,4,5,6,7,8,9] [234,235,236,237,238,239,240,241,242,243,244,245,246,247,248]
34656.76900000001 [0,1,2,3,4,5,6,7,8,9] [247]
34655.08702040815 [0,1,2,3,4,5,6,7,8,9] [236,237,238,239,240,241,242]
34653.82556250001 [0,1,2,3,4,5,6,7,8,9] [237,238,239,240]
