[Score] [Station index] [Time slots] 
33965.583999999995 [0,1,2,3,4,5,6,7,8,9] [234]
33918.97600000001 [0,1,2,3,4,5,6,7,8,9] [234,235]
33911.211111111115 [0,1,2,3,4,5,6,7,8,9] [234,235,236]
33907.32900000001 [0,1,2,3,4,5,6,7,8,9] [228]
33895.684 [0,1,2,3,4,5,6,7,8,9] [236]
33889.86225 [0,1,2,3,4,5,6,7,8,9] [233,234]
33886.9515625 [0,1,2,3,4,5,6,7,8,9] [233,234,235,236]
33884.041000000005 [0,1,2,3,4,5,6,7,8,9] [235,236]
33881.712640000005 [0,1,2,3,4,5,6,7,8,9] [232,233,234,235,236]
33880.16044444445 [0,1,2,3,4,5,6,7,8,9] [232,233,234]
33878.22025 [0,1,2,3,4,5,6,7,8,9] [232,233,234,235]
33872.4 [0,1,2,3,4,5,6,7,8,9] [235]
33864.64044444444 [0,1,2,3,4,5,6,7,8,9] [231,232,233,234,235,236]
33860.76100000001 [0,1,2,3,4,5,6,7,8,9] [232]
33860.761 [0,1,2,3,4,5,6,7,8,9] [227,228]
33858.43344 [0,1,2,3,4,5,6,7,8,9] [231,232,233,234,235]
33854.94225000001 [0,1,2,3,4,5,6,7,8,9] [231,232,233,234]
33849.12399999998 [0,1,2,3,4,5,6,7,8,9] [223]
33843.30625000001 [0,1,2,3,4,5,6,7,8,9] [234,235,236,237]
33841.36711111111 [0,1,2,3,4,5,6,7,8,9] [232,233,234,235,236,237]
33837.48900000001 [0,1,2,3,4,5,6,7,8,9] [225]
33837.48899999999 [0,1,2,3,4,5,6,7,8,9] [233,234,235,236,237]
33836.19634567901 [0,1,2,3,4,5,6,7,8,9] [228,229,230,231,232,233,234,235,236]
33834.58056250001 [0,1,2,3,4,5,6,7,8,9] [225,226,227,228]
33833.998889999995 [0,1,2,3,4,5,6,7,8,9] [227,228,229,230,231,232,233,234,235,236]
33833.61111111112 [0,1,2,3,4,5,6,7,8,9] [226,227,228]
33832.50318367347 [0,1,2,3,4,5,6,7,8,9] [231,232,233,234,235,236,237]
33831.672249999996 [0,1,2,3,4,5,6,7,8,9] [228,229]
33829.73344444443 [0,1,2,3,4,5,6,7,8,9] [225,226,227,228,229,230,231,232,233,234,235,236]
33829.028438016525 [0,1,2,3,4,5,6,7,8,9] [226,227,228,229,230,231,232,233,234,235,236]
33828.76406250001 [0,1,2,3,4,5,6,7,8,9] [228,229,230,231,232,233,234,235]
33827.794694444434 [0,1,2,3,4,5,6,7,8,9] [230,231,232,233,234,235]
33827.31001562499 [0,1,2,3,4,5,6,7,8,9] [229,230,231,232,233,234,235,236]
33827.14845679012 [0,1,2,3,4,5,6,7,8,9] [227,228,229,230,231,232,233,234,235]
33825.856 [0,1,2,3,4,5,6,7,8,9] [227,228,229]
33825.02514795918 [0,1,2,3,4,5,6,7,8,9] [223,224,225,226,227,228,229,230,231,232,233,234,235,236]
33823.741123966945 [0,1,2,3,4,5,6,7,8,9] [225,226,227,228,229,230,231,232,233,234,235]
33823.17174556213 [0,1,2,3,4,5,6,7,8,9] [224,225,226,227,228,229,230,231,232,233,234,235,236]
33822.53265306121 [0,1,2,3,4,5,6,7,8,9] [228,229,230,231,232,233,234]
33822.36648999999 [0,1,2,3,4,5,6,7,8,9] [226,227,228,229,230,231,232,233,234,235]
33821.97877777777 [0,1,2,3,4,5,6,7,8,9] [223,224,225,226,227,228]
33821.494140625 [0,1,2,3,4,5,6,7,8,9] [227,228,229,230,231,232,233,234]
33820.04025 [0,1,2,3,4,5,6,7,8,9] [231,232]
33819.65255111112 [0,1,2,3,4,5,6,7,8,9] [222,223,224,225,226,227,228,229,230,231,232,233,234,235,236]
33819.592905325444 [0,1,2,3,4,5,6,7,8,9] [223,224,225,226,227,228,229,230,231,232,233,234,235]
33818.87716000001 [0,1,2,3,4,5,6,7,8,9] [225,226,227,228,229]
33818.87716 [0,1,2,3,4,5,6,7,8,9] [230,231,232,233,234]
33818.10177777779 [0,1,2,3,4,5,6,7,8,9] [231,232,233]
33817.547938775504 [0,1,2,3,4,5,6,7,8,9] [229,230,231,232,233,234,235]
33817.1325625 [0,1,2,3,4,5,6,7,8,9] [224,225,226,227,228,229,230,231,232,233,234,235]
33816.80949382716 [0,1,2,3,4,5,6,7,8,9] [226,227,228,229,230,231,232,233,234]
33816.55104 [0,1,2,3,4,5,6,7,8,9] [228,229,230,231,232,233,234,235,236,237]
33816.339578512394 [0,1,2,3,4,5,6,7,8,9] [227,228,229,230,231,232,233,234,235,236,237]
33815.19417361111 [0,1,2,3,4,5,6,7,8,9] [223,224,225,226,227,228,229,230,231,232,233,234]
33815.119621301776 [0,1,2,3,4,5,6,7,8,9] [225,226,227,228,229,230,231,232,233,234,235,236,237]
33814.225 [0,1,2,3,4,5,6,7,8,9] [222,223,224,225,226,227,228,229,230,231,232,233,234,235]
33813.255840277794 [0,1,2,3,4,5,6,7,8,9] [226,227,228,229,230,231,232,233,234,235,236,237]
33812.77126562501 [0,1,2,3,4,5,6,7,8,9] [230,231,232,233,234,235,236,237]
33812.67435111111 [0,1,2,3,4,5,6,7,8,9] [223,224,225,226,227,228,229,230,231,232,233,234,235,236,237]
33812.56359183673 [0,1,2,3,4,5,6,7,8,9] [223,224,225,226,227,228,229]
33812.1104876033 [0,1,2,3,4,5,6,7,8,9] [224,225,226,227,228,229,230,231,232,233,234]
33810.90222448979 [0,1,2,3,4,5,6,7,8,9] [222,223,224,225,226,227,228]
33810.34844444445 [0,1,2,3,4,5,6,7,8,9] [225,226,227]
33810.34844444443 [0,1,2,3,4,5,6,7,8,9] [223,224,225]
33810.07155612244 [0,1,2,3,4,5,6,7,8,9] [224,225,226,227,228,229,230,231,232,233,234,235,236,237]
33809.75207100592 [0,1,2,3,4,5,6,7,8,9] [222,223,224,225,226,227,228,229,230,231,232,233,234]
33808.41025 [0,1,2,3,4,5,6,7,8,9] [229,230,231,232,233,234]
33808.41024999999 [0,1,2,3,4,5,6,7,8,9] [222,223,224,225,226,227,228,229,230,231,232,233,234,235,236,237]
33806.472111111114 [0,1,2,3,4,5,6,7,8,9] [224,225,226,227,228,229]
33806.47211111111 [0,1,2,3,4,5,6,7,8,9] [229,230,231,232,233,234,235,236,237]
33805.50306250001 [0,1,2,3,4,5,6,7,8,9] [221,222,223,224,225,226,227,228,229,230,231,232,233,234,235,236]
33804.92164 [0,1,2,3,4,5,6,7,8,9] [223,224,225,226,227]
33804.049515625 [0,1,2,3,4,5,6,7,8,9] [222,223,224,225,226,227,228,229]
33802.596 [0,1,2,3,4,5,6,7,8,9] [232,233,234,235,236,237,238]
33801.53891735537 [0,1,2,3,4,5,6,7,8,9] [223,224,225,226,227,228,229,230,231,232,233]
33801.142515625004 [0,1,2,3,4,5,6,7,8,9] [225,226,227,228,229,230,231,232]
33800.934877551015 [0,1,2,3,4,5,6,7,8,9] [227,228,229,230,231,232,233]
33800.27044 [0,1,2,3,4,5,6,7,8,9] [223,224,225,226,227,228,229,230,231,232]
33799.68906249999 [0,1,2,3,4,5,6,7,8,9] [231,232,233,234,235,236,237,238]
33799.49527111111 [0,1,2,3,4,5,6,7,8,9] [221,222,223,224,225,226,227,228,229,230,231,232,233,234,235]
33798.720111111106 [0,1,2,3,4,5,6,7,8,9] [228,229,230,231,232,233]
33798.23564062499 [0,1,2,3,4,5,6,7,8,9] [226,227,228,229,230,231,232,233]
33797.61275510205 [0,1,2,3,4,5,6,7,8,9] [225,226,227,228,229,230,231,232,233,234,235,236,237,238]
33797.50894140625 [0,1,2,3,4,5,6,7,8,9] [223,224,225,226,227,228,229,230,231,232,233,234,235,236,237,238]
33796.78225000002 [0,1,2,3,4,5,6,7,8,9] [224,225,226,227,228,229,230,231,232,233]
33796.782250000004 [0,1,2,3,4,5,6,7,8,9] [222,223,224,225,226,227,228,229,230,231,232,233]
33795.95175510204 [0,1,2,3,4,5,6,7,8,9] [226,227,228,229,230,231,232]
33795.81334027777 [0,1,2,3,4,5,6,7,8,9] [227,228,229,230,231,232,233,234,235,236,237,238]
33795.75634602077 [0,1,2,3,4,5,6,7,8,9] [221,222,223,224,225,226,227,228,229,230,231,232,233,234,235,236,237]
33795.61956000001 [0,1,2,3,4,5,6,7,8,9] [228,229,230,231,232]
33795.32889062501 [0,1,2,3,4,5,6,7,8,9] [223,224,225,226,227,228,229,230]
33795.196768595044 [0,1,2,3,4,5,6,7,8,9] [222,223,224,225,226,227,228,229,230,231,232]
33794.84444444445 [0,1,2,3,4,5,6,7,8,9] [222,223,224,225,226,227]
33794.84444444444 [0,1,2,3,4,5,6,7,8,9] [224,225,226,227,228,229,230,231,232]
33794.54632544379 [0,1,2,3,4,5,6,7,8,9] [226,227,228,229,230,231,232,233,234,235,236,237,238]
33794.3884982699 [0,1,2,3,4,5,6,7,8,9] [222,223,224,225,226,227,228,229,230,231,232,233,234,235,236,237,238]
33794.29079591836 [0,1,2,3,4,5,6,7,8,9] [221,222,223,224,225,226,227,228,229,230,231,232,233,234]
33794.139801652884 [0,1,2,3,4,5,6,7,8,9] [228,229,230,231,232,233,234,235,236,237,238]
33794.06933777778 [0,1,2,3,4,5,6,7,8,9] [224,225,226,227,228,229,230,231,232,233,234,235,236,237,238]
33793.875562500005 [0,1,2,3,4,5,6,7,8,9] [222,223,224,225]
