[Score] [Station index] [Time slots] 
68434.56 [0,1,2,3,4,6,7,8,9] [238]
68112.30027777777 [0,1,2,3,4,6,7,8,9] [238,239]
68077.50694444444 [0,1,2,3,4,6,7,8,9] [237,238]
68063.01234567903 [0,1,2,3,4,6,7,8,9] [238,239,240]
68016.64 [0,1,2,3,4,6,7,8,9] [244]
67981.87111111112 [0,1,2,3,4,6,7,8,9] [237,238,239]
67977.52562499997 [0,1,2,3,4,6,7,8,9] [237,238,239,240]
67964.49 [0,1,2,3,4,6,7,8,9] [238,239,240,241]
67938.42249999999 [0,1,2,3,4,6,7,8,9] [243,244]
67915.83471111112 [0,1,2,3,4,6,7,8,9] [237,238,239,240,241]
67900.77827160494 [0,1,2,3,4,6,7,8,9] [236,237,238]
67891.5136 [0,1,2,3,4,6,7,8,9] [236,237,238,239,240]
67887.54321995465 [0,1,2,3,4,6,7,8,9] [238,239,240,241,242,243,244]
67886.30250000002 [0,1,2,3,4,6,7,8,9] [229,230]
67883.40753086419 [0,1,2,3,4,6,7,8,9] [228,229,230]
67877.61777777778 [0,1,2,3,4,6,7,8,9] [239,240]
67877.61777777776 [0,1,2,3,4,6,7,8,9] [228]
67873.27562499997 [0,1,2,3,4,6,7,8,9] [236,237,238,239]
67868.93361111112 [0,1,2,3,4,6,7,8,9] [244,245]
67867.19684444442 [0,1,2,3,4,6,7,8,9] [238,239,240,241,242]
67866.76265625002 [0,1,2,3,4,6,7,8,9] [238,239,240,241,242,243,244,245]
67866.76265625 [0,1,2,3,4,6,7,8,9] [237,238,239,240,241,242,243,244]
67866.03901234569 [0,1,2,3,4,6,7,8,9] [243,244,245]
67866.03901234567 [0,1,2,3,4,6,7,8,9] [238,239,240,241,242,243]
67860.25 [0,1,2,3,4,6,7,8,9] [243]
67854.4612345679 [0,1,2,3,4,6,7,8,9] [236,237,238,239,240,241]
67850.60219478741 [0,1,2,3,4,6,7,8,9] [237,238,239,240,241,242,243,244,245]
67845.36510204081 [0,1,2,3,4,6,7,8,9] [237,238,239,240,241,242,243]
67842.88444444447 [0,1,2,3,4,6,7,8,9] [237,238,239,240,241,242]
67842.88444444444 [0,1,2,3,4,6,7,8,9] [228,229]
67833.23787379972 [0,1,2,3,4,6,7,8,9] [238,239,240,241,242,243,244,245,246]
67831.3086419753 [0,1,2,3,4,6,7,8,9] [236,237,238,239,240,241,242,243,244]
67825.5211111111 [0,1,2,3,4,6,7,8,9] [238,239,240,241,242,243,244,245,246,247]
67822.04871111111 [0,1,2,3,4,6,7,8,9] [237,238,239,240,241,242,243,244,245,246]
67820.31254444444 [0,1,2,3,4,6,7,8,9] [236,237,238,239,240,241,242,243,244,245]
67816.84027777778 [0,1,2,3,4,6,7,8,9] [240,241]
67816.05113865931 [0,1,2,3,4,6,7,8,9] [237,238,239,240,241,242,243,244,245,246,247]
67808.16 [0,1,2,3,4,6,7,8,9] [229]
67808.15999999999 [0,1,2,3,4,6,7,8,9] [236,237,238,239,240,241,242,243]
67805.6800226757 [0,1,2,3,4,6,7,8,9] [234,235,236,237,238,239,240]
67805.26669753084 [0,1,2,3,4,6,7,8,9] [235,236,237,238,239,240]
67800.72020408168 [0,1,2,3,4,6,7,8,9] [236,237,238,239,240,241,242]
67797.74440000003 [0,1,2,3,4,6,7,8,9] [240,241,242,243,244]
67797.1131772268 [0,1,2,3,4,6,7,8,9] [236,237,238,239,240,241,242,243,244,245,246]
67796.58716049384 [0,1,2,3,4,6,7,8,9] [239,240,241,242,243,244]
67795.53513314965 [0,1,2,3,4,6,7,8,9] [238,239,240,241,242,243,244,245,246,247,248]
67793.69410493829 [0,1,2,3,4,6,7,8,9] [236,237,238,239,240,241,242,243,244,245,246,247]
67790.80111111113 [0,1,2,3,4,6,7,8,9] [243,244,245,246]
67790.8011111111 [0,1,2,3,4,6,7,8,9] [239]
67789.35463734566 [0,1,2,3,4,6,7,8,9] [237,238,239,240,241,242,243,244,245,246,247,248]
67788.63140625002 [0,1,2,3,4,6,7,8,9] [234,235,236,237,238,239,240,241]
67787.6451882461 [0,1,2,3,4,6,7,8,9] [234,235,236,237,238,239,240,241,242,243,244]
67785.84183673469 [0,1,2,3,4,6,7,8,9] [239,240,241,242,243,244,245]
67785.59387777776 [0,1,2,3,4,6,7,8,9] [235,236,237,238,239,240,241,242,243,244]
67785.01530864199 [0,1,2,3,4,6,7,8,9] [240,241,242,243,244,245]
67785.01530864197 [0,1,2,3,4,6,7,8,9] [242,243,244]
67783.8581777778 [0,1,2,3,4,6,7,8,9] [243,244,245,246,247]
67782.1225 [0,1,2,3,4,6,7,8,9] [234,235,236,237,238,239,240,241,242,243,244,245]
67779.75570247935 [0,1,2,3,4,6,7,8,9] [235,236,237,238,239,240,241,242,243,244,245]
67779.2297530864 [0,1,2,3,4,6,7,8,9] [234,235,236,237,238,239]
67776.91560000001 [0,1,2,3,4,6,7,8,9] [234,235,236,237,238]
67773.44444444442 [0,1,2,3,4,6,7,8,9] [235,236,237,238,239]
67770.77438527282 [0,1,2,3,4,6,7,8,9] [236,237,238,239,240,241,242,243,244,245,246,247,248]
67769.10562500003 [0,1,2,3,4,6,7,8,9] [242,243,244,245]
67769.10562500001 [0,1,2,3,4,6,7,8,9] [235,236,237,238]
67767.65938271605 [0,1,2,3,4,6,7,8,9] [244,245,246]
67765.43442472057 [0,1,2,3,4,6,7,8,9] [234,235,236,237,238,239,240,241,242,243,244,245,246]
67764.76694444445 [0,1,2,3,4,6,7,8,9] [244,245,246,247]
67764.76694444443 [0,1,2,3,4,6,7,8,9] [234,235,236,237,238,239,240,241,242,243]
67762.59765625 [0,1,2,3,4,6,7,8,9] [233,234,235,236,237,238,239,240]
67761.87456790125 [0,1,2,3,4,6,7,8,9] [235,236,237,238,239,240,241,242,243,244,245,246]
67761.42959237346 [0,1,2,3,4,6,7,8,9] [235,236,237,238,239,240,241,242,243,244,245,246,247]
67760.42840277779 [0,1,2,3,4,6,7,8,9] [233,234,235,236,237,238,239,240,241,242,243,244]
67759.94635116597 [0,1,2,3,4,6,7,8,9] [235,236,237,238,239,240,241,242,243]
67758.25918402777 [0,1,2,3,4,6,7,8,9] [239,240,241,242,243,244,245,246]
67758.01816186558 [0,1,2,3,4,6,7,8,9] [239,240,241,242,243,244,245,246,247]
67757.53611882715 [0,1,2,3,4,6,7,8,9] [238,239,240,241,242,243,244,245,246,247,248,249]
67757.4248783695 [0,1,2,3,4,6,7,8,9] [233,234,235,236,237,238,239,240,241,242,243,244,245]
67756.09000000003 [0,1,2,3,4,6,7,8,9] [247]
67756.09 [0,1,2,3,4,6,7,8,9] [241,242,243,244]
67754.75513477974 [0,1,2,3,4,6,7,8,9] [237,238,239,240,241,242,243,244,245,246,247,248,249]
67754.16186556927 [0,1,2,3,4,6,7,8,9] [234,235,236,237,238,239,240,241,242]
67753.92085069444 [0,1,2,3,4,6,7,8,9] [240,241,242,243,244,245,246,247]
67753.61097505668 [0,1,2,3,4,6,7,8,9] [240,241,242,243,244,245,246]
67752.61937777774 [0,1,2,3,4,6,7,8,9] [239,240,241,242,243]
67752.23375857336 [0,1,2,3,4,6,7,8,9] [233,234,235,236,237,238,239,240,241]
67749.14884444443 [0,1,2,3,4,6,7,8,9] [241,242,243,244,245]
67747.41361111114 [0,1,2,3,4,6,7,8,9] [228,229,230,231]
67747.41361111111 [0,1,2,3,4,6,7,8,9] [235,236,237,238,239,240,241,242]
67746.83520493827 [0,1,2,3,4,6,7,8,9] [234,235,236,237,238,239,240,241,242,243,244,245,246,247,248]
67744.52160493827 [0,1,2,3,4,6,7,8,9] [233,234,235,236,237,238,239,240,241,242,243,244,245,246,247]
67743.69532879817 [0,1,2,3,4,6,7,8,9] [233,234,235,236,237,238,239,240,241,242,243,244,245,246]
67743.075625 [0,1,2,3,4,6,7,8,9] [240,241,242,243]
67742.45592403629 [0,1,2,3,4,6,7,8,9] [235,236,237,238,239,240,241,242,243,244,245,246,247,248]
67739.97714852607 [0,1,2,3,4,6,7,8,9] [236,237,238,239,240,241,242,243,244,245,246,247,248,249]
67737.16041322314 [0,1,2,3,4,6,7,8,9] [233,234,235,236,237,238,239,240,241,242,243]
67735.84595679012 [0,1,2,3,4,6,7,8,9] [243,244,245,246,247,248]
67733.78040816325 [0,1,2,3,4,6,7,8,9] [233,234,235,236,237,238,239]
67732.95419753087 [0,1,2,3,4,6,7,8,9] [242,243,244,245,246,247]
67731.7975111111 [0,1,2,3,4,6,7,8,9] [239,240,241,242,243,244,245,246,247,248]
