[Score] [Station index] [Time slots] 
50965.32100000001 [0,1,2,3,4,5,6,7,8,9] [245]
50886.82224999998 [0,1,2,3,4,5,6,7,8,9] [245,246]
50858.29225 [0,1,2,3,4,5,6,7,8,9] [244,245]
50841.653444444455 [0,1,2,3,4,5,6,7,8,9] [244,245,246]
50822.640999999996 [0,1,2,3,4,5,6,7,8,9] [245,246,247]
50808.384000000005 [0,1,2,3,4,5,6,7,8,9] [246]
50804.820062499995 [0,1,2,3,4,5,6,7,8,9] [244,245,246,247]
50787.00225000001 [0,1,2,3,4,5,6,7,8,9] [243,244,245,246]
50779.876000000004 [0,1,2,3,4,5,6,7,8,9] [242,243,244,245,246]
50779.87599999999 [0,1,2,3,4,5,6,7,8,9] [243,244,245]
50776.313062500005 [0,1,2,3,4,5,6,7,8,9] [245,246,247,248]
50772.75025 [0,1,2,3,4,5,6,7,8,9] [242,243,244,245]
50771.325160000015 [0,1,2,3,4,5,6,7,8,9] [244,245,246,247,248]
50770.37511111109 [0,1,2,3,4,5,6,7,8,9] [241,242,243,244,245,246]
50768.47504 [0,1,2,3,4,5,6,7,8,9] [243,244,245,246,247]
50765.624999999985 [0,1,2,3,4,5,6,7,8,9] [242,243,244,245,246,247]
50762.775039999986 [0,1,2,3,4,5,6,7,8,9] [241,242,243,244,245]
50759.518040816314 [0,1,2,3,4,5,6,7,8,9] [241,242,243,244,245,246,247]
50751.37600000001 [0,1,2,3,4,5,6,7,8,9] [246,247]
50751.376 [0,1,2,3,4,5,6,7,8,9] [244]
50747.305224489806 [0,1,2,3,4,5,6,7,8,9] [242,243,244,245,246,247,248]
50746.62677777778 [0,1,2,3,4,5,6,7,8,9] [243,244,245,246,247,248]
50744.252250000005 [0,1,2,3,4,5,6,7,8,9] [241,242,243,244,245,246,247,248]
50737.12899999999 [0,1,2,3,4,5,6,7,8,9] [241,242]
50733.058795918376 [0,1,2,3,4,5,6,7,8,9] [240,241,242,243,244,245,246]
50728.225640624994 [0,1,2,3,4,5,6,7,8,9] [240,241,242,243,244,245,246,247]
50722.884000000005 [0,1,2,3,4,5,6,7,8,9] [241]
50722.88399999999 [0,1,2,3,4,5,6,7,8,9] [236,237]
50720.51002777779 [0,1,2,3,4,5,6,7,8,9] [240,241,242,243,244,245]
50718.136111111126 [0,1,2,3,4,5,6,7,8,9] [244,245,246,247,248,249]
50718.136111111104 [0,1,2,3,4,5,6,7,8,9] [240,241,242,243,244,245,246,247,248]
50713.38844444446 [0,1,2,3,4,5,6,7,8,9] [246,247,248]
50712.2015625 [0,1,2,3,4,5,6,7,8,9] [241,242,243,244]
50711.805938271595 [0,1,2,3,4,5,6,7,8,9] [241,242,243,244,245,246,247,248,249]
50711.48944 [0,1,2,3,4,5,6,7,8,9] [245,246,247,248,249]
50710.42126562501 [0,1,2,3,4,5,6,7,8,9] [242,243,244,245,246,247,248,249]
50708.641 [0,1,2,3,4,5,6,7,8,9] [242,243,244]
50704.57193877551 [0,1,2,3,4,5,6,7,8,9] [243,244,245,246,247,248,249]
50699.14677777777 [0,1,2,3,4,5,6,7,8,9] [241,242,243]
50694.4 [0,1,2,3,4,5,6,7,8,9] [247]
50691.55203999999 [0,1,2,3,4,5,6,7,8,9] [240,241,242,243,244,245,246,247,248,249]
50689.65344444445 [0,1,2,3,4,5,6,7,8,9] [235,236,237]
50687.28025 [0,1,2,3,4,5,6,7,8,9] [243,244]
50687.28024999999 [0,1,2,3,4,5,6,7,8,9] [242,243]
50681.74301234567 [0,1,2,3,4,5,6,7,8,9] [239,240,241,242,243,244,245,246,247]
50681.45537190084 [0,1,2,3,4,5,6,7,8,9] [237,238,239,240,241,242,243,244,245,246,247]
50681.347506944454 [0,1,2,3,4,5,6,7,8,9] [236,237,238,239,240,241,242,243,244,245,246,247]
50680.16100000001 [0,1,2,3,4,5,6,7,8,9] [237,238,239,240,241,242,243,244,245,246]
50680.161 [0,1,2,3,4,5,6,7,8,9] [239,240,241,242,243,244,245,246]
50680.16099999998 [0,1,2,3,4,5,6,7,8,9] [237,238]
50678.73721 [0,1,2,3,4,5,6,7,8,9] [241,242,243,244,245,246,247,248,249,250]
50677.97056213017 [0,1,2,3,4,5,6,7,8,9] [236,237,238,239,240,241,242,243,244,245,246,247,248]
50677.78802777778 [0,1,2,3,4,5,6,7,8,9] [237,238,239,240,241,242,243,244,245,246,247,248]
50677.31343999998 [0,1,2,3,4,5,6,7,8,9] [239,240,241,242,243,244,245,246,247,248]
50676.87536094676 [0,1,2,3,4,5,6,7,8,9] [235,236,237,238,239,240,241,242,243,244,245,246,247]
50675.41511111111 [0,1,2,3,4,5,6,7,8,9] [235,236,237,238,239,240,241,242,243,244,245,246]
50674.059183673475 [0,1,2,3,4,5,6,7,8,9] [235,236,237,238,239,240,241,242,243,244,245,246,247,248]
50673.83319753087 [0,1,2,3,4,5,6,7,8,9] [242,243,244,245,246,247,248,249,250]
50673.04225000002 [0,1,2,3,4,5,6,7,8,9] [238,239,240,241,242,243,244,245,246,247]
50671.61856 [0,1,2,3,4,5,6,7,8,9] [240,241,242,243,244]
50670.66944444445 [0,1,2,3,4,5,6,7,8,9] [238,239,240,241,242,243,244,245,246]
50669.9915102041 [0,1,2,3,4,5,6,7,8,9] [244,245,246,247,248,249,250]
50669.8066198347 [0,1,2,3,4,5,6,7,8,9] [238,239,240,241,242,243,244,245,246,247,248]
50667.34761000001 [0,1,2,3,4,5,6,7,8,9] [236,237,238,239,240,241,242,243,244,245]
50665.92399999999 [0,1,2,3,4,5,6,7,8,9] [247,248]
50664.144515625005 [0,1,2,3,4,5,6,7,8,9] [243,244,245,246,247,248,249,250]
50663.33566942152 [0,1,2,3,4,5,6,7,8,9] [235,236,237,238,239,240,241,242,243,244,245]
50663.33566942149 [0,1,2,3,4,5,6,7,8,9] [240,241,242,243,244,245,246,247,248,249,250]
50662.041528925634 [0,1,2,3,4,5,6,7,8,9] [241,242,243,244,245,246,247,248,249,250,251]
50661.85665306123 [0,1,2,3,4,5,6,7,8,9] [236,237,238,239,240,241,242,243,244,245,246,247,248,249]
50661.17877777778 [0,1,2,3,4,5,6,7,8,9] [240,241,242]
50660.4487633136 [0,1,2,3,4,5,6,7,8,9] [237,238,239,240,241,242,243,244,245,246,247,248,249]
50659.28075111111 [0,1,2,3,4,5,6,7,8,9] [235,236,237,238,239,240,241,242,243,244,245,246,247,248,249]
50656.865132231396 [0,1,2,3,4,5,6,7,8,9] [239,240,241,242,243,244,245,246,247,248,249]
50656.433777777784 [0,1,2,3,4,5,6,7,8,9] [245,246,247,248,249,250]
50655.95929000001 [0,1,2,3,4,5,6,7,8,9] [242,243,244,245,246,247,248,249,250,251]
50653.722448979606 [0,1,2,3,4,5,6,7,8,9] [234,235,236,237,238,239,240,241,242,243,244,245,246,247]
50653.46826562499 [0,1,2,3,4,5,6,7,8,9] [238,239,240,241,242,243,244,245]
50652.6379377778 [0,1,2,3,4,5,6,7,8,9] [234,235,236,237,238,239,240,241,242,243,244,245,246,247,248]
50651.689000000006 [0,1,2,3,4,5,6,7,8,9] [238,239,240,241,242,243,244,245,246,247,248,249]
50651.68899999999 [0,1,2,3,4,5,6,7,8,9] [235,236]
50650.59408284023 [0,1,2,3,4,5,6,7,8,9] [234,235,236,237,238,239,240,241,242,243,244,245,246]
50649.31669444445 [0,1,2,3,4,5,6,7,8,9] [240,241,242,243,244,245,246,247,248,249,250,251]
50648.130562500024 [0,1,2,3,4,5,6,7,8,9] [244,245,246,247,248,249,250,251]
50648.13056250001 [0,1,2,3,4,5,6,7,8,9] [246,247,248,249]
50645.36297530864 [0,1,2,3,4,5,6,7,8,9] [243,244,245,246,247,248,249,250,251]
50643.14896 [0,1,2,3,4,5,6,7,8,9] [236,237,238,239,240,241,242,243,244,245,246,247,248,249,250]
50641.90359765627 [0,1,2,3,4,5,6,7,8,9] [235,236,237,238,239,240,241,242,243,244,245,246,247,248,249,250]
50640.50576020409 [0,1,2,3,4,5,6,7,8,9] [237,238,239,240,241,242,243,244,245,246,247,248,249,250]
50640.12453515625 [0,1,2,3,4,5,6,7,8,9] [234,235,236,237,238,239,240,241,242,243,244,245,246,247,248,249]
50637.456000000006 [0,1,2,3,4,5,6,7,8,9] [234,235,236,237,238,239,240,241,242,243,244,245]
50637.45599999999 [0,1,2,3,4,5,6,7,8,9] [248]
50634.29338271607 [0,1,2,3,4,5,6,7,8,9] [236,237,238,239,240,241,242,243,244]
50633.89806250001 [0,1,2,3,4,5,6,7,8,9] [236,237,238,239,240,241,242,243,244,245,246,247,248,249,250,251]
50633.89806249999 [0,1,2,3,4,5,6,7,8,9] [239,240,241,242,243,244,245,246,247,248,249,250]
50633.38979591835 [0,1,2,3,4,5,6,7,8,9] [245,246,247,248,249,250,251]
50633.27020415226 [0,1,2,3,4,5,6,7,8,9] [235,236,237,238,239,240,241,242,243,244,245,246,247,248,249,250,251]
50633.18648999999 [0,1,2,3,4,5,6,7,8,9] [235,236,237,238,239,240,241,242,243,244]
50630.887597633126 [0,1,2,3,4,5,6,7,8,9] [238,239,240,241,242,243,244,245,246,247,248,249,250]
50630.81461777778 [0,1,2,3,4,5,6,7,8,9] [237,238,239,240,241,242,243,244,245,246,247,248,249,250,251]
