[Score] [Station index] [Time slots] 
55785.960999999996 [0,1,2,3,4,5,6,7,8,9] [222]
55711.29600000001 [0,1,2,3,4,5,6,7,8,9] [221,222]
55706.32011111111 [0,1,2,3,4,5,6,7,8,9] [220,221,222]
55696.369000000006 [0,1,2,3,4,5,6,7,8,9] [220]
55681.444 [0,1,2,3,4,5,6,7,8,9] [219,220,221,222]
55681.443999999996 [0,1,2,3,4,5,6,7,8,9] [218]
55666.52100000001 [0,1,2,3,4,5,6,7,8,9] [214]
55666.520999999986 [0,1,2,3,4,5,6,7,8,9] [220,221]
55661.5471111111 [0,1,2,3,4,5,6,7,8,9] [218,219,220]
55655.33006249999 [0,1,2,3,4,5,6,7,8,9] [218,219,220,221]
55651.59999999999 [0,1,2,3,4,5,6,7,8,9] [219,220]
55646.62677777778 [0,1,2,3,4,5,6,7,8,9] [219,220,221]
55644.14025000001 [0,1,2,3,4,5,6,7,8,9] [220,221,222,223]
55644.14024999998 [0,1,2,3,4,5,6,7,8,9] [218,219,220,221,222,223]
55636.681 [0,1,2,3,4,5,6,7,8,9] [219,220,221,222,223]
55626.73611111111 [0,1,2,3,4,5,6,7,8,9] [221,222,223]
55621.76399999999 [0,1,2,3,4,5,6,7,8,9] [222,223]
55606.84900000001 [0,1,2,3,4,5,6,7,8,9] [228]
55606.84899999999 [0,1,2,3,4,5,6,7,8,9] [219]
55586.96544444443 [0,1,2,3,4,5,6,7,8,9] [217,218,219,220,221,222]
55578.681679012356 [0,1,2,3,4,5,6,7,8,9] [214,215,216,217,218,219,220,221,222]
55572.76508163265 [0,1,2,3,4,5,6,7,8,9] [218,219,220,221,222,223,224]
55568.50532653064 [0,1,2,3,4,5,6,7,8,9] [217,218,219,220,221,222,223]
55567.706640625 [0,1,2,3,4,5,6,7,8,9] [215,216,217,218,219,220,221,222]
55567.085444444456 [0,1,2,3,4,5,6,7,8,9] [213,214,215]
55566.58849000001 [0,1,2,3,4,5,6,7,8,9] [214,215,216,217,218,219,220,221,222,223]
55562.11599999998 [0,1,2,3,4,5,6,7,8,9] [214,215,216]
55555.490419753085 [0,1,2,3,4,5,6,7,8,9] [215,216,217,218,219,220,221,222,223]
55554.66225000001 [0,1,2,3,4,5,6,7,8,9] [219,220,221,222,223,224]
55552.79889062501 [0,1,2,3,4,5,6,7,8,9] [214,215,216,217,218,219,220,221]
55549.338448979586 [0,1,2,3,4,5,6,7,8,9] [216,217,218,219,220,221,222]
55547.208999999995 [0,1,2,3,4,5,6,7,8,9] [227,228]
55545.85391735537 [0,1,2,3,4,5,6,7,8,9] [213,214,215,216,217,218,219,220,221,222,223]
55544.22783999999 [0,1,2,3,4,5,6,7,8,9] [220,221,222,223,224]
55541.619390625 [0,1,2,3,4,5,6,7,8,9] [218,219,220,221,222,223,224,225]
55540.82089795919 [0,1,2,3,4,5,6,7,8,9] [214,215,216,217,218,219,220]
55537.89314062501 [0,1,2,3,4,5,6,7,8,9] [216,217,218,219,220,221,222,223]
55536.562367346916 [0,1,2,3,4,5,6,7,8,9] [215,216,217,218,219,220,221]
55528.99204938273 [0,1,2,3,4,5,6,7,8,9] [213,214,215,216,217,218,219,220,221]
55528.23934710743 [0,1,2,3,4,5,6,7,8,9] [214,215,216,217,218,219,220,221,222,223,224]
55524.85224999998 [0,1,2,3,4,5,6,7,8,9] [217,218,219,220]
55522.36844444445 [0,1,2,3,4,5,6,7,8,9] [212,213,214,215,216,217,218,219,220,221,222,223]
55521.65879591836 [0,1,2,3,4,5,6,7,8,9] [219,220,221,222,223,224,225]
55519.884694444445 [0,1,2,3,4,5,6,7,8,9] [215,216,217,218,219,220]
55515.538265625015 [0,1,2,3,4,5,6,7,8,9] [217,218,219,220,221,222,223,224]
55515.53826562499 [0,1,2,3,4,5,6,7,8,9] [213,214,215,216,217,218,219,220]
55514.91736111111 [0,1,2,3,4,5,6,7,8,9] [214,215,216,217,218,219]
55514.42063999999 [0,1,2,3,4,5,6,7,8,9] [215,216,217,218,219,220,221,222,223,224]
55512.43377777777 [0,1,2,3,4,5,6,7,8,9] [213,214,215,216,217,218,219,220,221,222,223,224]
55511.19200694443 [0,1,2,3,4,5,6,7,8,9] [214,215,216,217,218,219,220,221,222,223,224,225]
55509.95025000001 [0,1,2,3,4,5,6,7,8,9] [216,217,218,219,220,221]
55507.91831404958 [0,1,2,3,4,5,6,7,8,9] [218,219,220,221,222,223,224,225,226,227,228]
55507.46677777778 [0,1,2,3,4,5,6,7,8,9] [220,221,222,223,224,225]
55506.2250625 [0,1,2,3,4,5,6,7,8,9] [221,222,223,224]
55502.5 [0,1,2,3,4,5,6,7,8,9] [212,213,214,215,216,217,218,219,220,221]
55502.499999999985 [0,1,2,3,4,5,6,7,8,9] [213,214]
55499.1889382716 [0,1,2,3,4,5,6,7,8,9] [218,219,220,221,222,223,224,225,226]
55498.03008999999 [0,1,2,3,4,5,6,7,8,9] [218,219,220,221,222,223,224,225,226,227]
55497.915479289935 [0,1,2,3,4,5,6,7,8,9] [213,214,215,216,217,218,219,220,221,222,223,224,225]
55497.081950413216 [0,1,2,3,4,5,6,7,8,9] [215,216,217,218,219,220,221,222,223,224,225]
55496.54016000002 [0,1,2,3,4,5,6,7,8,9] [214,215,216,217,218]
55496.29184027779 [0,1,2,3,4,5,6,7,8,9] [218,219,220,221,222,223,224,225,226,227,228,229]
55494.2225308642 [0,1,2,3,4,5,6,7,8,9] [217,218,219,220,221,222,223,224,225]
55494.22253086418 [0,1,2,3,4,5,6,7,8,9] [216,217,218,219,220,221,222,223,224]
55493.33114792898 [0,1,2,3,4,5,6,7,8,9] [212,213,214,215,216,217,218,219,220,221,222,223,224]
55492.567111111086 [0,1,2,3,4,5,6,7,8,9] [214,215,216,217,218,219,220,221,222,223,224,225,226,227,228]
55491.32556249999 [0,1,2,3,4,5,6,7,8,9] [212,213,214,215]
55490.580639999986 [0,1,2,3,4,5,6,7,8,9] [219,220,221,222,223,224,225,226,227,228]
55489.72930612245 [0,1,2,3,4,5,6,7,8,9] [213,214,215,216,217,218,219]
55487.60100000001 [0,1,2,3,4,5,6,7,8,9] [227,228,229]
55487.601 [0,1,2,3,4,5,6,7,8,9] [228,229]
55486.35950694444 [0,1,2,3,4,5,6,7,8,9] [211,212,213,214,215,216,217,218,219,220,221,222]
55484.80766015626 [0,1,2,3,4,5,6,7,8,9] [214,215,216,217,218,219,220,221,222,223,224,225,226,227,228,229]
55484.621439999995 [0,1,2,3,4,5,6,7,8,9] [215,216,217,218,219]
55484.62143999998 [0,1,2,3,4,5,6,7,8,9] [216,217,218,219,220]
55484.40861734693 [0,1,2,3,4,5,6,7,8,9] [214,215,216,217,218,219,220,221,222,223,224,225,226,227]
55484.163053254444 [0,1,2,3,4,5,6,7,8,9] [211,212,213,214,215,216,217,218,219,220,221,222,223]
55484.16305325444 [0,1,2,3,4,5,6,7,8,9] [214,215,216,217,218,219,220,221,222,223,224,225,226]
55482.945472656225 [0,1,2,3,4,5,6,7,8,9] [213,214,215,216,217,218,219,220,221,222,223,224,225,226,227,228]
55481.216326530615 [0,1,2,3,4,5,6,7,8,9] [212,213,214,215,216,217,218,219,220,221,222,223,224,225]
55480.15225000002 [0,1,2,3,4,5,6,7,8,9] [215,216,217,218,219,220,221,222,223,224,225,226,227,228]
55479.47511570249 [0,1,2,3,4,5,6,7,8,9] [219,220,221,222,223,224,225,226,227,228,229]
55477.66944444445 [0,1,2,3,4,5,6,7,8,9] [220,221,222,223,224,225,226,227,228]
55477.17288999999 [0,1,2,3,4,5,6,7,8,9] [216,217,218,219,220,221,222,223,224,225]
55476.4280625 [0,1,2,3,4,5,6,7,8,9] [219,220,221,222,223,224,225,226]
55476.20899653976 [0,1,2,3,4,5,6,7,8,9] [213,214,215,216,217,218,219,220,221,222,223,224,225,226,227,228,229]
55475.18669444445 [0,1,2,3,4,5,6,7,8,9] [217,218,219,220,221,222,223,224,225,226,227,228]
55474.69015111111 [0,1,2,3,4,5,6,7,8,9] [213,214,215,216,217,218,219,220,221,222,223,224,225,226,227]
55473.768005102036 [0,1,2,3,4,5,6,7,8,9] [213,214,215,216,217,218,219,220,221,222,223,224,225,226]
55472.70400000001 [0,1,2,3,4,5,6,7,8,9] [215,216,217,218,219,220,221,222,223,224,225,226,227,228,229]
55471.558159763306 [0,1,2,3,4,5,6,7,8,9] [218,219,220,221,222,223,224,225,226,227,228,229,230]
55470.41233136095 [0,1,2,3,4,5,6,7,8,9] [215,216,217,218,219,220,221,222,223,224,225,226,227]
55470.22136111111 [0,1,2,3,4,5,6,7,8,9] [213,214,215,216,217,218]
55470.07532525951 [0,1,2,3,4,5,6,7,8,9] [212,213,214,215,216,217,218,219,220,221,222,223,224,225,226,227,228]
55469.72484000002 [0,1,2,3,4,5,6,7,8,9] [221,222,223,224,225]
55468.98006250001 [0,1,2,3,4,5,6,7,8,9] [215,216,217,218,219,220,221,222,223,224,225,226]
55467.7387777778 [0,1,2,3,4,5,6,7,8,9] [217,218,219]
55466.97491715978 [0,1,2,3,4,5,6,7,8,9] [217,218,219,220,221,222,223,224,225,226,227,228,229]
55466.74576 [0,1,2,3,4,5,6,7,8,9] [220,221,222,223,224,225,226,227,228,229]
55466.57052249134 [0,1,2,3,4,5,6,7,8,9] [214,215,216,217,218,219,220,221,222,223,224,225,226,227,228,229,230]
