[Score] [Station index] [Time slots] 
36228.361 [0,1,2,3,4,5,6,7,8,9] [0]
36144.14399999999 [0,1,2,3,4,5,6,7,8,9] [0,1]
36132.121 [0,1,2,3,4,5,6,7,8,9] [0,1,2]
36108.081 [0,1,2,3,4,5,6,7,8,9] [2]
36102.072250000005 [0,1,2,3,4,5,6,7,8,9] [0,1,2,3]
36084.049000000006 [0,1,2,3,4,5,6,7,8,9] [1,2]
36060.025 [0,1,2,3,4,5,6,7,8,9] [2,3]
36060.02499999999 [0,1,2,3,4,5,6,7,8,9] [1]
36055.22116 [0,1,2,3,4,5,6,7,8,9] [0,1,2,3,4]
36012.00099999999 [0,1,2,3,4,5,6,7,8,9] [1,2,3,4]
36006.00025 [0,1,2,3,4,5,6,7,8,9] [0,1,2,3,4,5]
35996.00011111111 [0,1,2,3,4,5,6,7,8,9] [2,3,4]
35961.61024000001 [0,1,2,3,4,5,6,7,8,9] [1,2,3,4,5]
35946.87675510205 [0,1,2,3,4,5,6,7,8,9] [0,1,2,3,4,5,6]
35940.025 [0,1,2,3,4,5,6,7,8,9] [3,4]
35937.0275625 [0,1,2,3,4,5,6,7,8,9] [2,3,4,5]
35900.06944444445 [0,1,2,3,4,5,6,7,8,9] [1,2,3,4,5,6]
35884.592640625015 [0,1,2,3,4,5,6,7,8,9] [0,1,2,3,4,5,6,7]
35880.10000000001 [0,1,2,3,4,5,6,7,8,9] [3,4,5]
35868.121000000014 [0,1,2,3,4,5,6,7,8,9] [4]
35868.121 [0,1,2,3,4,5,6,7,8,9] [2,3,4,5,6]
35835.61665306123 [0,1,2,3,4,5,6,7,8,9] [1,2,3,4,5,6,7]
35818.89501234568 [0,1,2,3,4,5,6,7,8,9] [0,1,2,3,4,5,6,7,8]
35814.24025 [0,1,2,3,4,5,6,7,8,9] [4,5]
35808.25600000001 [0,1,2,3,4,5,6,7,8,9] [3,4,5,6]
35798.28336111111 [0,1,2,3,4,5,6,7,8,9] [2,3,4,5,6,7]
35767.875390625 [0,1,2,3,4,5,6,7,8,9] [1,2,3,4,5,6,7,8]
35760.4 [0,1,2,3,4,5,6,7,8,9] [5]
35749.63681000001 [0,1,2,3,4,5,6,7,8,9] [0,1,2,3,4,5,6,7,8,9]
35740.46944444445 [0,1,2,3,4,5,6,7,8,9] [4,5,6]
35736.484 [0,1,2,3,4,5,6,7,8,9] [3,4,5,6,7]
35726.236734693885 [0,1,2,3,4,5,6,7,8,9] [2,3,4,5,6,7,8]
35696.64177777778 [0,1,2,3,4,5,6,7,8,9] [1,2,3,4,5,6,7,8,9]
35679.98707438017 [0,1,2,3,4,5,6,7,8,9] [0,1,2,3,4,5,6,7,8,9,10]
35676.72899999999 [0,1,2,3,4,5,6,7,8,9] [5,6]
35667.77006250001 [0,1,2,3,4,5,6,7,8,9] [4,5,6,7]
35662.79336111112 [0,1,2,3,4,5,6,7,8,9] [3,4,5,6,7,8]
35651.34826562501 [0,1,2,3,4,5,6,7,8,9] [2,3,4,5,6,7,8,9]
35625.37969 [0,1,2,3,4,5,6,7,8,9] [1,2,3,4,5,6,7,8,9,10]
35601.11111111111 [0,1,2,3,4,5,6,7,8,9] [5,6,7]
35593.156 [0,1,2,3,4,5,6,7,8,9] [4,5,6,7,8]
35592.16167361112 [0,1,2,3,4,5,6,7,8,9] [0,1,2,3,4,5,6,7,8,9,10,11]
35586.33804081632 [0,1,2,3,4,5,6,7,8,9] [3,4,5,6,7,8,9]
35577.248444444434 [0,1,2,3,4,5,6,7,8,9] [2,3,4,5,6,7,8,9,10]
35534.60482644629 [0,1,2,3,4,5,6,7,8,9] [1,2,3,4,5,6,7,8,9,10,11]
35524.5800625 [0,1,2,3,4,5,6,7,8,9] [5,6,7,8]
35521.6 [0,1,2,3,4,5,6,7,8,9] [6,7]
35515.640250000004 [0,1,2,3,4,5,6,7,8,9] [4,5,6,7,8,9]
35512.43136094674 [0,1,2,3,4,5,6,7,8,9] [0,1,2,3,4,5,6,7,8,9,10,11,12]
35511.170765625015 [0,1,2,3,4,5,6,7,8,9] [3,4,5,6,7,8,9,10]
35482.27489000001 [0,1,2,3,4,5,6,7,8,9] [2,3,4,5,6,7,8,9,10,11]
35453.09306250001 [0,1,2,3,4,5,6,7,8,9] [1,2,3,4,5,6,7,8,9,10,11,12]
35450.115999999995 [0,1,2,3,4,5,6,7,8,9] [7]
35446.146777777765 [0,1,2,3,4,5,6,7,8,9] [6,7,8]
35445.352960000004 [0,1,2,3,4,5,6,7,8,9] [5,6,7,8,9]
35445.01275510205 [0,1,2,3,4,5,6,7,8,9] [0,1,2,3,4,5,6,7,8,9,10,11,12,13]
35439.90987755101 [0,1,2,3,4,5,6,7,8,9] [4,5,6,7,8,9,10]
35413.07856790123 [0,1,2,3,4,5,6,7,8,9] [3,4,5,6,7,8,9,10,11]
35398.17285950412 [0,1,2,3,4,5,6,7,8,9] [2,3,4,5,6,7,8,9,10,11,12]
35385.10982840236 [0,1,2,3,4,5,6,7,8,9] [1,2,3,4,5,6,7,8,9,10,11,12,13]
35372.75625 [0,1,2,3,4,5,6,7,8,9] [7,8]
35372.35975111112 [0,1,2,3,4,5,6,7,8,9] [0,1,2,3,4,5,6,7,8,9,10,11,12,13,14]
35368.791361111114 [0,1,2,3,4,5,6,7,8,9] [5,6,7,8,9,10]
35366.808999999994 [0,1,2,3,4,5,6,7,8,9] [6,7,8,9]
35338.566390625 [0,1,2,3,4,5,6,7,8,9] [4,5,6,7,8,9,10,11]
35329.154694444456 [0,1,2,3,4,5,6,7,8,9] [2,3,4,5,6,7,8,9,10,11,12,13]
35327.56969 [0,1,2,3,4,5,6,7,8,9] [3,4,5,6,7,8,9,10,11,12]
35311.608413265305 [0,1,2,3,4,5,6,7,8,9] [1,2,3,4,5,6,7,8,9,10,11,12,13,14]
35299.19422265625 [0,1,2,3,4,5,6,7,8,9] [0,1,2,3,4,5,6,7,8,9,10,11,12,13,14,15]
35295.48100000001 [0,1,2,3,4,5,6,7,8,9] [8]
35291.52044444444 [0,1,2,3,4,5,6,7,8,9] [7,8,9]
35290.72836000001 [0,1,2,3,4,5,6,7,8,9] [6,7,8,9,10]
35263.23722448979 [0,1,2,3,4,5,6,7,8,9] [5,6,7,8,9,10,11]
35258.76437190082 [0,1,2,3,4,5,6,7,8,9] [3,4,5,6,7,8,9,10,11,12,13]
35254.362982248516 [0,1,2,3,4,5,6,7,8,9] [2,3,4,5,6,7,8,9,10,11,12,13,14]
35251.927111111116 [0,1,2,3,4,5,6,7,8,9] [4,5,6,7,8,9,10,11,12]
35237.67895111113 [0,1,2,3,4,5,6,7,8,9] [1,2,3,4,5,6,7,8,9,10,11,12,13,14,15]
35226.31973702422 [0,1,2,3,4,5,6,7,8,9] [0,1,2,3,4,5,6,7,8,9,10,11,12,13,14,15,16]
35215.3230625 [0,1,2,3,4,5,6,7,8,9] [7,8,9,10]
35212.355999999985 [0,1,2,3,4,5,6,7,8,9] [8,9]
35183.87856000001 [0,1,2,3,4,5,6,7,8,9] [4,5,6,7,8,9,10,11,12,13]
35183.680840277775 [0,1,2,3,4,5,6,7,8,9] [3,4,5,6,7,8,9,10,11,12,13,14]
35180.71511111111 [0,1,2,3,4,5,6,7,8,9] [6,7,8,9,10,11]
35179.30290306123 [0,1,2,3,4,5,6,7,8,9] [2,3,4,5,6,7,8,9,10,11,12,13,14,15]
35175.278265625 [0,1,2,3,4,5,6,7,8,9] [5,6,7,8,9,10,11,12]
35164.158753906246 [0,1,2,3,4,5,6,7,8,9] [1,2,3,4,5,6,7,8,9,10,11,12,13,14,15,16]
35147.11224999999 [0,1,2,3,4,5,6,7,8,9] [0,1,2,3,4,5,6,7,8,9,10,11,12,13,14,15,16,17]
35137.23211111111 [0,1,2,3,4,5,6,7,8,9] [8,9,10]
35129.32899999999 [0,1,2,3,4,5,6,7,8,9] [9]
35108.856892561984 [0,1,2,3,4,5,6,7,8,9] [4,5,6,7,8,9,10,11,12,13,14]
35108.35966863905 [0,1,2,3,4,5,6,7,8,9] [3,4,5,6,7,8,9,10,11,12,13,14,15]
35108.258382716056 [0,1,2,3,4,5,6,7,8,9] [5,6,7,8,9,10,11,12,13]
35104.835004444445 [0,1,2,3,4,5,6,7,8,9] [2,3,4,5,6,7,8,9,10,11,12,13,14,15,16]
35098.51535999999 [0,1,2,3,4,5,6,7,8,9] [7,8,9,10,11]
35092.08344897958 [0,1,2,3,4,5,6,7,8,9] [6,7,8,9,10,11,12]
35084.019501730116 [0,1,2,3,4,5,6,7,8,9] [1,2,3,4,5,6,7,8,9,10,11,12,13,14,15,16,17]
35070.084 [0,1,2,3,4,5,6,7,8,9] [0,1,2,3,4,5,6,7,8,9,10,11,12,13,14,15,16,17,18]
35058.240999999995 [0,1,2,3,4,5,6,7,8,9] [9,10]
35033.71543367348 [0,1,2,3,4,5,6,7,8,9] [3,4,5,6,7,8,9,10,11,12,13,14,15,16]
35033.57450694446 [0,1,2,3,4,5,6,7,8,9] [4,5,6,7,8,9,10,11,12,13,14,15]
