[Score] [Station index] [Time slots] 
24196.561000000005 [0,1,2,3,4,5,6,7,8,9] [244]
24196.560999999998 [0,1,2,3,4,5,6,7,8,9] [245]
24190.00277777778 [0,1,2,3,4,5,6,7,8,9] [243,244,245]
24186.724000000002 [0,1,2,3,4,5,6,7,8,9] [243,244]
24176.889000000003 [0,1,2,3,4,5,6,7,8,9] [243]
24171.97225 [0,1,2,3,4,5,6,7,8,9] [243,244,245,246]
24170.333444444448 [0,1,2,3,4,5,6,7,8,9] [244,245,246]
24169.514062500006 [0,1,2,3,4,5,6,7,8,9] [242,243,244,245]
24161.157160000002 [0,1,2,3,4,5,6,7,8,9] [241,242,243,244,245]
24160.50177777778 [0,1,2,3,4,5,6,7,8,9] [242,243,244]
24159.191040000005 [0,1,2,3,4,5,6,7,8,9] [242,243,244,245,246]
24157.225 [0,1,2,3,4,5,6,7,8,9] [250]
24153.948444444442 [0,1,2,3,4,5,6,7,8,9] [241,242,243,244,245,246]
24152.310250000002 [0,1,2,3,4,5,6,7,8,9] [241,242,243,244]
24145.430439999993 [0,1,2,3,4,5,6,7,8,9] [243,244,245,246,247]
24142.482249999997 [0,1,2,3,4,5,6,7,8,9] [242,243]
24139.20669444445 [0,1,2,3,4,5,6,7,8,9] [240,241,242,243,244,245]
24139.206694444445 [0,1,2,3,4,5,6,7,8,9] [242,243,244,245,246,247]
24137.569 [0,1,2,3,4,5,6,7,8,9] [244,245,246,247]
24136.165306122453 [0,1,2,3,4,5,6,7,8,9] [240,241,242,243,244,245,246]
24132.65625 [0,1,2,3,4,5,6,7,8,9] [250,251]
24129.381361111107 [0,1,2,3,4,5,6,7,8,9] [243,244,245,246,247,248]
24127.744 [0,1,2,3,4,5,6,7,8,9] [243,244,245,246,247,248,249,250]
24126.516015625 [0,1,2,3,4,5,6,7,8,9] [241,242,243,244,245,246,247,248]
24126.34059183673 [0,1,2,3,4,5,6,7,8,9] [242,243,244,245,246,247,248]
24125.779240000007 [0,1,2,3,4,5,6,7,8,9] [241,242,243,244,245,246,247,248,249,250]
24125.560938271607 [0,1,2,3,4,5,6,7,8,9] [243,244,245,246,247,248,249,250,251]
24124.171768595035 [0,1,2,3,4,5,6,7,8,9] [241,242,243,244,245,246,247,248,249,250,251]
24124.060140625 [0,1,2,3,4,5,6,7,8,9] [240,241,242,243,244,245,246,247]
24123.814560000003 [0,1,2,3,4,5,6,7,8,9] [242,243,244,245,246,247,248,249,250,251]
24123.533897959183 [0,1,2,3,4,5,6,7,8,9] [243,244,245,246,247,248,249]
24122.83225 [0,1,2,3,4,5,6,7,8,9] [249,250]
24122.286530864192 [0,1,2,3,4,5,6,7,8,9] [241,242,243,244,245,246,247,248,249]
24121.604390624998 [0,1,2,3,4,5,6,7,8,9] [242,243,244,245,246,247,248,249]
24120.72736734694 [0,1,2,3,4,5,6,7,8,9] [244,245,246,247,248,249,250]
24119.885440000005 [0,1,2,3,4,5,6,7,8,9] [244,245,246,247,248]
24119.148765625003 [0,1,2,3,4,5,6,7,8,9] [244,245,246,247,248,249,250,251]
24117.92100000001 [0,1,2,3,4,5,6,7,8,9] [261]
24117.921000000002 [0,1,2,3,4,5,6,7,8,9] [245,246,247]
24117.920999999995 [0,1,2,3,4,5,6,7,8,9] [249,250,251]
24117.028099173545 [0,1,2,3,4,5,6,7,8,9] [240,241,242,243,244,245,246,247,248,249,250]
24116.28402777778 [0,1,2,3,4,5,6,7,8,9] [241,242,243,244,245,246,247,248,249,250,251,252]
24115.956639999993 [0,1,2,3,4,5,6,7,8,9] [243,244,245,246,247,248,249,250,251,252]
24115.73838271605 [0,1,2,3,4,5,6,7,8,9] [240,241,242,243,244,245,246,247,248]
24115.242347107443 [0,1,2,3,4,5,6,7,8,9] [242,243,244,245,246,247,248,249,250,251,252]
24114.64711111111 [0,1,2,3,4,5,6,7,8,9] [244,245,246,247,248,249]
24113.010249999996 [0,1,2,3,4,5,6,7,8,9] [240,241,242,243,244,245,246,247,248,249]
24111.782640625 [0,1,2,3,4,5,6,7,8,9] [239,240,241,242,243,244,245,246]
24110.90579591837 [0,1,2,3,4,5,6,7,8,9] [239,240,241,242,243,244,245]
24110.555062499996 [0,1,2,3,4,5,6,7,8,9] [240,241,242,243]
24109.610792899402 [0,1,2,3,4,5,6,7,8,9] [240,241,242,243,244,245,246,247,248,249,250,251,252]
24109.19112345679 [0,1,2,3,4,5,6,7,8,9] [244,245,246,247,248,249,250,251,252]
24108.100000000006 [0,1,2,3,4,5,6,7,8,9] [242]
24108.1 [0,1,2,3,4,5,6,7,8,9] [245,246,247,248,249,250,251]
24108.099999999995 [0,1,2,3,4,5,6,7,8,9] [241,242,243,244,245,246,247,248,249,250,251,252,253]
24106.463361111113 [0,1,2,3,4,5,6,7,8,9] [242,243,244,245,246,247,248,249,250,251,252,253]
24106.314578512392 [0,1,2,3,4,5,6,7,8,9] [243,244,245,246,247,248,249,250,251,252,253]
24103.735753086417 [0,1,2,3,4,5,6,7,8,9] [239,240,241,242,243,244,245,246,247]
24102.812597633143 [0,1,2,3,4,5,6,7,8,9] [239,240,241,242,243,244,245,246,247,248,249,250,251]
24102.488897959185 [0,1,2,3,4,5,6,7,8,9] [240,241,242,243,244,245,246,247,248,249,250,251,252,253]
24102.37200694445 [0,1,2,3,4,5,6,7,8,9] [239,240,241,242,243,244,245,246,247,248,249,250]
24101.787556122446 [0,1,2,3,4,5,6,7,8,9] [241,242,243,244,245,246,247,248,249,250,251,252,253,254]
24100.735562500005 [0,1,2,3,4,5,6,7,8,9] [245,246,247,248]
24100.735562500002 [0,1,2,3,4,5,6,7,8,9] [248,249,250,251]
24099.791485207104 [0,1,2,3,4,5,6,7,8,9] [242,243,244,245,246,247,248,249,250,251,252,253,254]
24099.262810000004 [0,1,2,3,4,5,6,7,8,9] [244,245,246,247,248,249,250,251,252,253]
24099.09917361111 [0,1,2,3,4,5,6,7,8,9] [243,244,245,246,247,248,249,250,251,252,253,254]
24098.281000000003 [0,1,2,3,4,5,6,7,8,9] [250,251,252]
24098.280999999995 [0,1,2,3,4,5,6,7,8,9] [245,246,247,248,249,250,251,252]
24097.57971938776 [0,1,2,3,4,5,6,7,8,9] [239,240,241,242,243,244,245,246,247,248,249,250,251,252]
24097.388462809926 [0,1,2,3,4,5,6,7,8,9] [239,240,241,242,243,244,245,246,247,248,249]
24096.971951111103 [0,1,2,3,4,5,6,7,8,9] [240,241,242,243,244,245,246,247,248,249,250,251,252,253,254]
24096.644694444443 [0,1,2,3,4,5,6,7,8,9] [239,240,241,242,243,244]
24095.826562499995 [0,1,2,3,4,5,6,7,8,9] [249,250,251,252]
24093.372250000004 [0,1,2,3,4,5,6,7,8,9] [246,247,248,249,250,251]
24092.033586776863 [0,1,2,3,4,5,6,7,8,9] [244,245,246,247,248,249,250,251,252,253,254]
24091.73611111111 [0,1,2,3,4,5,6,7,8,9] [239,240,241,242,243,244,245,246,247,248,249,250,251,252,253]
24090.427240000005 [0,1,2,3,4,5,6,7,8,9] [241,242,243,244,245,246,247,248,249,250,251,252,253,254,255]
24088.464000000007 [0,1,2,3,4,5,6,7,8,9] [260,261]
24088.464 [0,1,2,3,4,5,6,7,8,9] [247,248,249,250,251]
24088.463999999996 [0,1,2,3,4,5,6,7,8,9] [245,246,247,248,249,250,251,252,253]
24087.76286224489 [0,1,2,3,4,5,6,7,8,9] [242,243,244,245,246,247,248,249,250,251,252,253,254,255]
24087.237015625004 [0,1,2,3,4,5,6,7,8,9] [239,240,241,242,243,244,245,246,247,248,249,250,251,252,253,254]
24086.62353515625 [0,1,2,3,4,5,6,7,8,9] [240,241,242,243,244,245,246,247,248,249,250,251,252,253,254,255]
24086.500839999997 [0,1,2,3,4,5,6,7,8,9] [248,249,250,251,252]
24086.198822485203 [0,1,2,3,4,5,6,7,8,9] [243,244,245,246,247,248,249,250,251,252,253,254,255]
24084.257326530605 [0,1,2,3,4,5,6,7,8,9] [246,247,248,249,250,251,252]
24083.556250000005 [0,1,2,3,4,5,6,7,8,9] [247,248,249,250]
24082.855183673477 [0,1,2,3,4,5,6,7,8,9] [238,239,240,241,242,243,244,245,246,247,248,249,250,251]
24081.59329 [0,1,2,3,4,5,6,7,8,9] [245,246,247,248,249,250,251,252,253,254]
24080.913822485214 [0,1,2,3,4,5,6,7,8,9] [238,239,240,241,242,243,244,245,246,247,248,249,250]
24079.73945679013 [0,1,2,3,4,5,6,7,8,9] [238,239,240,241,242,243,244,245,246]
24079.303271111115 [0,1,2,3,4,5,6,7,8,9] [238,239,240,241,242,243,244,245,246,247,248,249,250,251,252]
24079.262378906256 [0,1,2,3,4,5,6,7,8,9] [241,242,243,244,245,246,247,248,249,250,251,252,253,254,255,256]
24078.649000000005 [0,1,2,3,4,5,6,7,8,9] [240,241]
24078.648999999998 [0,1,2,3,4,5,6,7,8,9] [249,250,251,252,253]
24078.648999999994 [0,1,2,3,4,5,6,7,8,9] [244,245,246,247,248,249,250,251,252,253,254,255]
24078.07170934256 [0,1,2,3,4,5,6,7,8,9] [239,240,241,242,243,244,245,246,247,248,249,250,251,252,253,254,255]
24076.686240000003 [0,1,2,3,4,5,6,7,8,9] [239,240,241,242,243]
24076.339878892737 [0,1,2,3,4,5,6,7,8,9] [240,241,242,243,244,245,246,247,248,249,250,251,252,253,254,255,256]
