[Score] [Station index] [Time slots] 
46280.808999999994 [0,1,2,3,4,5,6,7,8,9] [166]
46267.204000000005 [0,1,2,3,4,5,6,7,8,9] [165,166]
46253.601 [0,1,2,3,4,5,6,7,8,9] [165]
46239.999999999985 [0,1,2,3,4,5,6,7,8,9] [165,166,167]
46233.20025000002 [0,1,2,3,4,5,6,7,8,9] [166,167]
46212.80400000001 [0,1,2,3,4,5,6,7,8,9] [165,166,167,168]
46199.20900000001 [0,1,2,3,4,5,6,7,8,9] [166,167,168]
46185.61599999999 [0,1,2,3,4,5,6,7,8,9] [167]
46158.436 [0,1,2,3,4,5,6,7,8,9] [167,168]
46131.26400000002 [0,1,2,3,4,5,6,7,8,9] [164,165,166,167]
46131.26400000001 [0,1,2,3,4,5,6,7,8,9] [168]
46131.26399999999 [0,1,2,3,4,5,6,7,8,9] [164,165,166,167,168]
46123.11396000001 [0,1,2,3,4,5,6,7,8,9] [165,166,167,168,169]
46113.153777777756 [0,1,2,3,4,5,6,7,8,9] [164,165,166]
46090.521000000015 [0,1,2,3,4,5,6,7,8,9] [166,167,168,169]
46070.15625 [0,1,2,3,4,5,6,7,8,9] [164,165,166,167,168,169]
46043.01024999999 [0,1,2,3,4,5,6,7,8,9] [163,164,165,166,167,168]
46029.44024999999 [0,1,2,3,4,5,6,7,8,9] [164,165]
46027.17877777775 [0,1,2,3,4,5,6,7,8,9] [167,168,169]
46025.36964 [0,1,2,3,4,5,6,7,8,9] [163,164,165,166,167]
46022.656 [0,1,2,3,4,5,6,7,8,9] [165,166,167,168,169,170]
46003.27518367347 [0,1,2,3,4,5,6,7,8,9] [163,164,165,166,167,168,169]
45991.64865306123 [0,1,2,3,4,5,6,7,8,9] [164,165,166,167,168,169,170]
45985.351562500015 [0,1,2,3,4,5,6,7,8,9] [163,164,165,166]
45976.53636000001 [0,1,2,3,4,5,6,7,8,9] [166,167,168,169,170]
45954.841 [0,1,2,3,4,5,6,7,8,9] [162,163,164,165,166,167,168]
45948.06224999999 [0,1,2,3,4,5,6,7,8,9] [168,169]
45942.978515625015 [0,1,2,3,4,5,6,7,8,9] [163,164,165,166,167,168,169,170]
45931.1175625 [0,1,2,3,4,5,6,7,8,9] [162,163,164,165,166,167,168,169]
45925.47002777779 [0,1,2,3,4,5,6,7,8,9] [162,163,164,165,166,167]
45918.048081632645 [0,1,2,3,4,5,6,7,8,9] [165,166,167,168,169,170,171]
45904.0125625 [0,1,2,3,4,5,6,7,8,9] [164,165,166,167,168,169,170,171]
45900.625000000015 [0,1,2,3,4,5,6,7,8,9] [167,168,169,170]
45893.85025 [0,1,2,3,4,5,6,7,8,9] [161,162,163,164,165,166,167,168]
45887.07599999999 [0,1,2,3,4,5,6,7,8,9] [163,164,165]
45885.57067901235 [0,1,2,3,4,5,6,7,8,9] [162,163,164,165,166,167,168,169,170]
45879.54964197529 [0,1,2,3,4,5,6,7,8,9] [161,162,163,164,165,166,167,168,169]
45873.528999999995 [0,1,2,3,4,5,6,7,8,9] [162,163,164,165,166]
45870.5188271605 [0,1,2,3,4,5,6,7,8,9] [163,164,165,166,167,168,169,170,171]
45862.2413611111 [0,1,2,3,4,5,6,7,8,9] [166,167,168,169,170,171]
45859.98400000001 [0,1,2,3,4,5,6,7,8,9] [161,162,163,164,165,166,167]
45847.945679012344 [0,1,2,3,4,5,6,7,8,9] [160,161,162,163,164,165,166,167,168]
45843.73263999999 [0,1,2,3,4,5,6,7,8,9] [161,162,163,164,165,166,167,168,169,170]
45839.67025000001 [0,1,2,3,4,5,6,7,8,9] [160,161,162,163,164,165,166,167,168,169]
45826.13025 [0,1,2,3,4,5,6,7,8,9] [162,163,164,165,166,167,168,169,170,171]
45819.361 [0,1,2,3,4,5,6,7,8,9] [165,166,167,168,169,170,171,172]
45817.85679012344 [0,1,2,3,4,5,6,7,8,9] [164,165,166,167,168,169,170,171,172]
45812.59225 [0,1,2,3,4,5,6,7,8,9] [160,161,162,163,164,165,166,167]
45810.746314049604 [0,1,2,3,4,5,6,7,8,9] [160,161,162,163,164,165,166,167,168,169,170]
45805.82400000001 [0,1,2,3,4,5,6,7,8,9] [161,162,163,164,165,166]
45805.82399999999 [0,1,2,3,4,5,6,7,8,9] [168,169,170]
45796.34929 [0,1,2,3,4,5,6,7,8,9] [163,164,165,166,167,168,169,170,171,172]
45793.51937190083 [0,1,2,3,4,5,6,7,8,9] [161,162,163,164,165,166,167,168,169,170,171]
45784.168959999995 [0,1,2,3,4,5,6,7,8,9] [159,160,161,162,163,164,165,166,167,168]
45782.44661983471 [0,1,2,3,4,5,6,7,8,9] [159,160,161,162,163,164,165,166,167,168,169]
45778.75599999999 [0,1,2,3,4,5,6,7,8,9] [167,168,169,170,171]
45771.99024999998 [0,1,2,3,4,5,6,7,8,9] [162,163,164,165]
45767.480027777776 [0,1,2,3,4,5,6,7,8,9] [160,161,162,163,164,165,166,167,168,169,170,171]
45765.225 [0,1,2,3,4,5,6,7,8,9] [169]
45762.765033057854 [0,1,2,3,4,5,6,7,8,9] [162,163,164,165,166,167,168,169,170,171,172]
45760.71511111113 [0,1,2,3,4,5,6,7,8,9] [159,160,161,162,163,164,165,166,167,168,169,170]
45759.42661224489 [0,1,2,3,4,5,6,7,8,9] [160,161,162,163,164,165,166]
45757.49389795919 [0,1,2,3,4,5,6,7,8,9] [166,167,168,169,170,171,172]
45745.68375308643 [0,1,2,3,4,5,6,7,8,9] [159,160,161,162,163,164,165,166,167]
45738.168999999994 [0,1,2,3,4,5,6,7,8,9] [161,162,163,164,165,166,167,168,169,170,171,172]
45734.11128999999 [0,1,2,3,4,5,6,7,8,9] [164,165,166,167,168,169,170,171,172,173]
45726.14667901236 [0,1,2,3,4,5,6,7,8,9] [165,166,167,168,169,170,171,172,173]
45724.643999999986 [0,1,2,3,4,5,6,7,8,9] [159,160,161,162,163,164,165,166,167,168,169,170,171]
45722.18512396695 [0,1,2,3,4,5,6,7,8,9] [163,164,165,166,167,168,169,170,171,172,173]
45718.4023668639 [0,1,2,3,4,5,6,7,8,9] [160,161,162,163,164,165,166,167,168,169,170,171,172]
45711.12100000002 [0,1,2,3,4,5,6,7,8,9] [161,162,163,164,165]
45704.36025000001 [0,1,2,3,4,5,6,7,8,9] [158,159,160,161,162,163,164,165,166,167,168,169]
45704.36024999999 [0,1,2,3,4,5,6,7,8,9] [163,164]
45698.829099173556 [0,1,2,3,4,5,6,7,8,9] [158,159,160,161,162,163,164,165,166,167,168]
45697.599999999984 [0,1,2,3,4,5,6,7,8,9] [162,163,164,165,166,167,168,169,170,171,172,173]
45690.84024999997 [0,1,2,3,4,5,6,7,8,9] [159,160,161,162,163,164,165,166]
45690.32028994083 [0,1,2,3,4,5,6,7,8,9] [158,159,160,161,162,163,164,165,166,167,168,169,170]
45682.14987755102 [0,1,2,3,4,5,6,7,8,9] [159,160,161,162,163,164,165,166,167,168,169,170,171,172]
45679.92171005918 [0,1,2,3,4,5,6,7,8,9] [161,162,163,164,165,166,167,168,169,170,171,172,173]
45677.32224999998 [0,1,2,3,4,5,6,7,8,9] [168,169,170,171]
45672.81669444445 [0,1,2,3,4,5,6,7,8,9] [160,161,162,163,164,165]
45670.564 [0,1,2,3,4,5,6,7,8,9] [167,168,169,170,171,172]
45665.7369846939 [0,1,2,3,4,5,6,7,8,9] [160,161,162,163,164,165,166,167,168,169,170,171,172,173]
45661.87555612243 [0,1,2,3,4,5,6,7,8,9] [158,159,160,161,162,163,164,165,166,167,168,169,170,171]
45660.4275625 [0,1,2,3,4,5,6,7,8,9] [166,167,168,169,170,171,172,173]
45657.049000000006 [0,1,2,3,4,5,6,7,8,9] [164,165,166,167,168,169,170,171,172,173,174]
45655.69760999999 [0,1,2,3,4,5,6,7,8,9] [158,159,160,161,162,163,164,165,166,167]
45652.54444444444 [0,1,2,3,4,5,6,7,8,9] [163,164,165,166,167,168,169,170,171,172,173,174]
45643.53600000001 [0,1,2,3,4,5,6,7,8,9] [169,170]
45642.18480999999 [0,1,2,3,4,5,6,7,8,9] [165,166,167,168,169,170,171,172,173,174]
45635.42915999999 [0,1,2,3,4,5,6,7,8,9] [159,160,161,162,163,164,165,166,167,168,169,170,171,172,173]
45635.221301775164 [0,1,2,3,4,5,6,7,8,9] [162,163,164,165,166,167,168,169,170,171,172,173,174]
45630.025 [0,1,2,3,4,5,6,7,8,9] [157,158,159,160,161,162,163,164,165,166,167,168,169]
45626.422404444435 [0,1,2,3,4,5,6,7,8,9] [158,159,160,161,162,163,164,165,166,167,168,169,170,171,172]
45623.27025000001 [0,1,2,3,4,5,6,7,8,9] [161,162,163,164,165,166,167,168,169,170,171,172,173,174]
45622.305326530615 [0,1,2,3,4,5,6,7,8,9] [157,158,159,160,161,162,163,164,165,166,167,168,169,170]
45618.76736111111 [0,1,2,3,4,5,6,7,8,9] [157,158,159,160,161,162,163,164,165,166,167,168]
45613.81444000002 [0,1,2,3,4,5,6,7,8,9] [160,161,162,163,164,165,166,167,168,169,170,171,172,173,174]
45612.01344444444 [0,1,2,3,4,5,6,7,8,9] [162,163,164]
45606.86793877551 [0,1,2,3,4,5,6,7,8,9] [159,160,161,162,163,164,165]
