[Score] [Station index] [Time slots] 
30151.081 [0,1,2,3,4,5,6,7,8,9] [234]
30096.196000000004 [0,1,2,3,4,5,6,7,8,9] [233,234]
30041.360999999994 [0,1,2,3,4,5,6,7,8,9] [233]
30008.484000000008 [0,1,2,3,4,5,6,7,8,9] [232,233,234]
29997.52899999999 [0,1,2,3,4,5,6,7,8,9] [239]
29975.625 [0,1,2,3,4,5,6,7,8,9] [248]
29975.62499999999 [0,1,2,3,4,5,6,7,8,9] [237,238,239]
29966.24002040816 [0,1,2,3,4,5,6,7,8,9] [233,234,235,236,237,238,239]
29964.675999999996 [0,1,2,3,4,5,6,7,8,9] [237,238]
29962.48644 [0,1,2,3,4,5,6,7,8,9] [233,234,235,236,237]
29961.02677777778 [0,1,2,3,4,5,6,7,8,9] [233,234,235,236,237,238]
29959.202250000002 [0,1,2,3,4,5,6,7,8,9] [233,234,235,236]
29956.46556250001 [0,1,2,3,4,5,6,7,8,9] [232,233,234,235]
29955.097265625 [0,1,2,3,4,5,6,7,8,9] [233,234,235,236,237,238,239,240]
29953.72900000001 [0,1,2,3,4,5,6,7,8,9] [234,235,236,237,238,239]
29953.729 [0,1,2,3,4,5,6,7,8,9] [230,231,232,233,234]
29950.99256250001 [0,1,2,3,4,5,6,7,8,9] [237,238,239,240]
29950.992562499996 [0,1,2,3,4,5,6,7,8,9] [231,232,233,234]
29949.624390625006 [0,1,2,3,4,5,6,7,8,9] [232,233,234,235,236,237,238,239]
29944.972840000002 [0,1,2,3,4,5,6,7,8,9] [234,235,236,237,238]
29942.784000000003 [0,1,2,3,4,5,6,7,8,9] [236,237,238,239]
29942.783999999992 [0,1,2,3,4,5,6,7,8,9] [238,239,240]
29941.568012345677 [0,1,2,3,4,5,6,7,8,9] [232,233,234,235,236,237,238,239,240]
29940.960027777783 [0,1,2,3,4,5,6,7,8,9] [232,233,234,235,236,237]
29939.136111111107 [0,1,2,3,4,5,6,7,8,9] [229,230,231,232,233,234]
29937.31225 [0,1,2,3,4,5,6,7,8,9] [239,240]
29934.967367346933 [0,1,2,3,4,5,6,7,8,9] [228,229,230,231,232,233,234]
29934.029440000002 [0,1,2,3,4,5,6,7,8,9] [232,233,234,235,236]
29934.02943999999 [0,1,2,3,4,5,6,7,8,9] [230,231,232,233,234,235,236,237,238,239]
29933.056790123454 [0,1,2,3,4,5,6,7,8,9] [233,234,235,236,237,238,239,240,241]
29932.935210000003 [0,1,2,3,4,5,6,7,8,9] [233,234,235,236,237,238,239,240,241,242]
29931.841000000004 [0,1,2,3,4,5,6,7,8,9] [234,235,236]
29931.840999999993 [0,1,2,3,4,5,6,7,8,9] [242]
29930.6252345679 [0,1,2,3,4,5,6,7,8,9] [231,232,233,234,235,236,237,238,239]
29929.652639999993 [0,1,2,3,4,5,6,7,8,9] [236,237,238,239,240]
29928.856892561977 [0,1,2,3,4,5,6,7,8,9] [230,231,232,233,234,235,236,237,238,239,240]
29928.193777777786 [0,1,2,3,4,5,6,7,8,9] [230,231,232,233,234,235]
29927.862223140488 [0,1,2,3,4,5,6,7,8,9] [229,230,231,232,233,234,235,236,237,238,239]
29926.978086419753 [0,1,2,3,4,5,6,7,8,9] [230,231,232,233,234,235,236,237,238]
29926.370250000007 [0,1,2,3,4,5,6,7,8,9] [228,229,230,231,232,233,234,235,236,237,238,239]
29925.27616000001 [0,1,2,3,4,5,6,7,8,9] [231,232,233,234,235,236,237,238,239,240]
29924.546777777774 [0,1,2,3,4,5,6,7,8,9] [236,237,238]
29923.8837107438 [0,1,2,3,4,5,6,7,8,9] [232,233,234,235,236,237,238,239,240,241,242]
29923.635062499998 [0,1,2,3,4,5,6,7,8,9] [230,231,232,233,234,235,236,237]
29923.635062499983 [0,1,2,3,4,5,6,7,8,9] [229,230,231,232,233,234,235,236,237,238,239,240]
29923.088039999995 [0,1,2,3,4,5,6,7,8,9] [232,233,234,235,236,237,238,239,240,241]
29922.583100591706 [0,1,2,3,4,5,6,7,8,9] [228,229,230,231,232,233,234,235,236,237,238,239,240]
29922.267515625008 [0,1,2,3,4,5,6,7,8,9] [231,232,233,234,235,236,237,238]
29922.26751562499 [0,1,2,3,4,5,6,7,8,9] [227,228,229,230,231,232,233,234]
29920.9 [0,1,2,3,4,5,6,7,8,9] [234,235,236,237,238,239,240,241,242]
29919.90546280992 [0,1,2,3,4,5,6,7,8,9] [228,229,230,231,232,233,234,235,236,237,238]
29919.532515624996 [0,1,2,3,4,5,6,7,8,9] [234,235,236,237,238,239,240,241]
29919.337163265307 [0,1,2,3,4,5,6,7,8,9] [229,230,231,232,233,234,235]
29919.21694674556 [0,1,2,3,4,5,6,7,8,9] [227,228,229,230,231,232,233,234,235,236,237,238,239]
29918.1650625 [0,1,2,3,4,5,6,7,8,9] [228,229,230,231,232,233,234,235]
29917.774367346945 [0,1,2,3,4,5,6,7,8,9] [231,232,233,234,235,236,237]
29917.253444444446 [0,1,2,3,4,5,6,7,8,9] [229,230,231,232,233,234,235,236,237]
29916.921950413227 [0,1,2,3,4,5,6,7,8,9] [233,234,235,236,237,238,239,240,241,242,243]
29916.52415999999 [0,1,2,3,4,5,6,7,8,9] [228,229,230,231,232,233,234,235,236,237]
29916.211612244904 [0,1,2,3,4,5,6,7,8,9] [227,228,229,230,231,232,233,234,235,236,237,238,239,240]
29915.85098224852 [0,1,2,3,4,5,6,7,8,9] [230,231,232,233,234,235,236,237,238,239,240,241,242]
29915.430250000005 [0,1,2,3,4,5,6,7,8,9] [237,238,239,240,241,242]
29915.430249999994 [0,1,2,3,4,5,6,7,8,9] [229,230]
29914.518673611106 [0,1,2,3,4,5,6,7,8,9] [230,231,232,233,234,235,236,237,238,239,240,241]
29914.336360000005 [0,1,2,3,4,5,6,7,8,9] [235,236,237,238,239]
29913.60711111112 [0,1,2,3,4,5,6,7,8,9] [228,229,230]
29912.695562500005 [0,1,2,3,4,5,6,7,8,9] [233,234,235,236,237,238,239,240,241,242,243,244]
29912.304903061227 [0,1,2,3,4,5,6,7,8,9] [229,230,231,232,233,234,235,236,237,238,239,240,241,242]
29912.148640000007 [0,1,2,3,4,5,6,7,8,9] [237,238,239,240,241]
29912.148639999992 [0,1,2,3,4,5,6,7,8,9] [228,229,230,231,232,233,234,235,236,237,238,239,240,241,242]
29911.784027777776 [0,1,2,3,4,5,6,7,8,9] [231,232,233,234,235,236,237,238,239,240,241,242]
29910.802390532546 [0,1,2,3,4,5,6,7,8,9] [229,230,231,232,233,234,235,236,237,238,239,240,241]
29910.74229081632 [0,1,2,3,4,5,6,7,8,9] [228,229,230,231,232,233,234,235,236,237,238,239,240,241]
29909.96100000001 [0,1,2,3,4,5,6,7,8,9] [232,233,234,235,236,237,238,239,240,241,242,243]
29909.961 [0,1,2,3,4,5,6,7,8,9] [231,232,233,234,235,236,237,238,239,240,241]
29909.96099999999 [0,1,2,3,4,5,6,7,8,9] [229,230,231,232,233,234,235,236]
29908.966644628083 [0,1,2,3,4,5,6,7,8,9] [227,228,229,230,231,232,233,234,235,236,237]
29908.745679012347 [0,1,2,3,4,5,6,7,8,9] [227,228,229,230,231,232,233,234,235]
29908.13802777778 [0,1,2,3,4,5,6,7,8,9] [235,236,237,238,239,240]
29907.617188775515 [0,1,2,3,4,5,6,7,8,9] [226,227,228,229,230,231,232,233,234,235,236,237,238,239]
29907.22656249999 [0,1,2,3,4,5,6,7,8,9] [227,228,229,230,231,232,233,234,235,236,237,238,239,240,241,242]
29906.595556213015 [0,1,2,3,4,5,6,7,8,9] [232,233,234,235,236,237,238,239,240,241,242,243,244]
29905.585960000004 [0,1,2,3,4,5,6,7,8,9] [227,228,229,230,231,232,233,234,235,236,237,238,239,240,241]
29905.273469387757 [0,1,2,3,4,5,6,7,8,9] [236,237,238,239,240,241,242]
29904.492250000003 [0,1,2,3,4,5,6,7,8,9] [234,235,236,237,238,239,240,241,242,243]
29903.88464197531 [0,1,2,3,4,5,6,7,8,9] [226,227,228,229,230,231,232,233,234]
29903.39855999999 [0,1,2,3,4,5,6,7,8,9] [238,239,240,241,242]
29902.44159765625 [0,1,2,3,4,5,6,7,8,9] [228,229,230,231,232,233,234,235,236,237,238,239,240,241,242,243]
29902.389017751477 [0,1,2,3,4,5,6,7,8,9] [233,234,235,236,237,238,239,240,241,242,243,244,245]
29902.304890000007 [0,1,2,3,4,5,6,7,8,9] [227,228,229,230,231,232,233,234,235,236]
29902.148653061224 [0,1,2,3,4,5,6,7,8,9] [233,234,235,236,237,238,239,240,241,242,243,244,245,246]
29901.940337777785 [0,1,2,3,4,5,6,7,8,9] [230,231,232,233,234,235,236,237,238,239,240,241,242,243,244]
29901.94033777777 [0,1,2,3,4,5,6,7,8,9] [229,230,231,232,233,234,235,236,237,238,239,240,241,242,243]
29901.01239669422 [0,1,2,3,4,5,6,7,8,9] [234,235,236,237,238,239,240,241,242,243,244]
29900.84669444445 [0,1,2,3,4,5,6,7,8,9] [236,237,238,239,240,241]
29900.706485207094 [0,1,2,3,4,5,6,7,8,9] [226,227,228,229,230,231,232,233,234,235,236,237,238]
29900.31060207612 [0,1,2,3,4,5,6,7,8,9] [228,229,230,231,232,233,234,235,236,237,238,239,240,241,242,243,244]
29899.865236686397 [0,1,2,3,4,5,6,7,8,9] [231,232,233,234,235,236,237,238,239,240,241,242,243]
29899.707503906247 [0,1,2,3,4,5,6,7,8,9] [229,230,231,232,233,234,235,236,237,238,239,240,241,242,243,244]
29899.024000000005 [0,1,2,3,4,5,6,7,8,9] [228,229,230,231,232,233]
