[Score] [Station index] [Time slots] 
53363.025 [0,1,2,3,4,5,6,7,8,9] [232]
53297.30024999999 [0,1,2,3,4,5,6,7,8,9] [231,232]
53246.20900000001 [0,1,2,3,4,5,6,7,8,9] [232,233]
53241.34444444444 [0,1,2,3,4,5,6,7,8,9] [231,232,233]
53231.616000000016 [0,1,2,3,4,5,6,7,8,9] [231]
53231.616 [0,1,2,3,4,5,6,7,8,9] [236]
53224.32024999999 [0,1,2,3,4,5,6,7,8,9] [236,237]
53217.025 [0,1,2,3,4,5,6,7,8,9] [237]
53212.16177777779 [0,1,2,3,4,5,6,7,8,9] [230,231,232]
53192.7111111111 [0,1,2,3,4,5,6,7,8,9] [235,236,237]
53191.49556250001 [0,1,2,3,4,5,6,7,8,9] [230,231,232,233]
53182.98711111109 [0,1,2,3,4,5,6,7,8,9] [236,237,238]
53180.55625 [0,1,2,3,4,5,6,7,8,9] [235,236]
53179.09776000002 [0,1,2,3,4,5,6,7,8,9] [229,230,231,232,233]
53173.26399999999 [0,1,2,3,4,5,6,7,8,9] [231,232,233,234,235,236,237]
53169.61806250001 [0,1,2,3,4,5,6,7,8,9] [235,236,237,238]
53165.97225000001 [0,1,2,3,4,5,6,7,8,9] [231,232,233,234,235,236]
53164.14939062501 [0,1,2,3,4,5,6,7,8,9] [231,232,233,234,235,236,237,238]
53163.54177777778 [0,1,2,3,4,5,6,7,8,9] [232,233,234,235,236,237]
53158.68100000002 [0,1,2,3,4,5,6,7,8,9] [231,232,233,234]
53158.681000000004 [0,1,2,3,4,5,6,7,8,9] [237,238]
53156.858265625 [0,1,2,3,4,5,6,7,8,9] [230,231,232,233,234,235,236,237]
53154.51479591837 [0,1,2,3,4,5,6,7,8,9] [232,233,234,235,236,237,238]
53153.82044444444 [0,1,2,3,4,5,6,7,8,9] [229,230,231,232,233,234,235,236,237]
53152.84836 [0,1,2,3,4,5,6,7,8,9] [231,232,233,234,235]
53152.84835999999 [0,1,2,3,4,5,6,7,8,9] [232,233,234,235,236]
53150.58019753087 [0,1,2,3,4,5,6,7,8,9] [230,231,232,233,234,235,236,237,238]
53148.474089999996 [0,1,2,3,4,5,6,7,8,9] [229,230,231,232,233,234,235,236,237,238]
53148.26579591837 [0,1,2,3,4,5,6,7,8,9] [230,231,232,233,234,235,236]
53147.34004938272 [0,1,2,3,4,5,6,7,8,9] [231,232,233,234,235,236,237,238,239]
53145.922515624996 [0,1,2,3,4,5,6,7,8,9] [229,230,231,232,233,234,235,236]
53141.184039999986 [0,1,2,3,4,5,6,7,8,9] [228,229,230,231,232]
53140.45506250001 [0,1,2,3,4,5,6,7,8,9] [236,237,238,239]
53139.24011111112 [0,1,2,3,4,5,6,7,8,9] [228,229,230,231,232,233]
53138.26816 [0,1,2,3,4,5,6,7,8,9] [235,236,237,238,239]
53136.81025 [0,1,2,3,4,5,6,7,8,9] [232,233,234,235,236,237,238,239]
53136.14757024794 [0,1,2,3,4,5,6,7,8,9] [229,230,231,232,233,234,235,236,237,238,239]
53135.352359999975 [0,1,2,3,4,5,6,7,8,9] [230,231,232,233,234]
53134.38044444445 [0,1,2,3,4,5,6,7,8,9] [230,231,232,233,234,235]
53133.89449000001 [0,1,2,3,4,5,6,7,8,9] [231,232,233,234,235,236,237,238,239,240]
53133.6862244898 [0,1,2,3,4,5,6,7,8,9] [229,230,231,232,233,234,235]
53133.16556250001 [0,1,2,3,4,5,6,7,8,9] [232,233,234,235]
53132.43663999999 [0,1,2,3,4,5,6,7,8,9] [228,229,230,231,232,233,234,235,236,237]
53129.52100000001 [0,1,2,3,4,5,6,7,8,9] [235]
53129.52099999999 [0,1,2,3,4,5,6,7,8,9] [228,229,230,231,232,233,234,235,236,237,238]
53125.87656249999 [0,1,2,3,4,5,6,7,8,9] [229,230,231,232,233,234,235,236,237,238,239,240]
53125.54525619835 [0,1,2,3,4,5,6,7,8,9] [230,231,232,233,234,235,236,237,238,239,240]
53123.68995999999 [0,1,2,3,4,5,6,7,8,9] [233,234,235,236,237]
53123.042086419766 [0,1,2,3,4,5,6,7,8,9] [228,229,230,231,232,233,234,235,236]
53123.042086419744 [0,1,2,3,4,5,6,7,8,9] [232,233,234,235,236,237,238,239,240]
53122.23225 [0,1,2,3,4,5,6,7,8,9] [234,235,236,237]
53119.80277777779 [0,1,2,3,4,5,6,7,8,9] [228,229,230,231,232,233,234,235,236,237,238,239]
53117.859240000005 [0,1,2,3,4,5,6,7,8,9] [234,235,236,237,238]
53117.37336111113 [0,1,2,3,4,5,6,7,8,9] [235,236,237,238,239,240]
53116.26909917354 [0,1,2,3,4,5,6,7,8,9] [227,228,229,230,231,232,233,234,235,236,237]
53114.944 [0,1,2,3,4,5,6,7,8,9] [236,237,238,239,240]
53114.943999999974 [0,1,2,3,4,5,6,7,8,9] [227,228,229,230,231,232,233,234,235,236,237,238]
53112.861734693885 [0,1,2,3,4,5,6,7,8,9] [227,228,229,230,231,232,233]
53111.580360946755 [0,1,2,3,4,5,6,7,8,9] [228,229,230,231,232,233,234,235,236,237,238,239,240]
53110.08544444444 [0,1,2,3,4,5,6,7,8,9] [237,238,239]
53109.47814062501 [0,1,2,3,4,5,6,7,8,9] [228,229,230,231,232,233,234,235]
53107.656250000015 [0,1,2,3,4,5,6,7,8,9] [223,224]
53107.09567455623 [0,1,2,3,4,5,6,7,8,9] [227,228,229,230,231,232,233,234,235,236,237,238,239]
53106.61518367347 [0,1,2,3,4,5,6,7,8,9] [228,229,230,231,232,233,234]
53106.19876 [0,1,2,3,4,5,6,7,8,9] [227,228,229,230,231,232,233,234,235,236]
53104.533081632646 [0,1,2,3,4,5,6,7,8,9] [233,234,235,236,237,238,239]
53101.69391735536 [0,1,2,3,4,5,6,7,8,9] [231,232,233,234,235,236,237,238,239,240,241]
53101.58350694444 [0,1,2,3,4,5,6,7,8,9] [226,227,228,229,230,231,232,233,234,235,236,237]
53101.49008284022 [0,1,2,3,4,5,6,7,8,9] [226,227,228,229,230,231,232,233,234,235,236,237,238]
53100.369000000006 [0,1,2,3,4,5,6,7,8,9] [227,228,229,230,231,232,233,234,235,236,237,238,239,240]
53100.36899999999 [0,1,2,3,4,5,6,7,8,9] [223]
53099.24792899405 [0,1,2,3,4,5,6,7,8,9] [229,230,231,232,233,234,235,236,237,238,239,240,241]
53096.72556250001 [0,1,2,3,4,5,6,7,8,9] [230,231,232,233,234,235,236,237,238,239,240,241]
53095.16412755102 [0,1,2,3,4,5,6,7,8,9] [226,227,228,229,230,231,232,233,234,235,236,237,238,239]
53093.08225 [0,1,2,3,4,5,6,7,8,9] [233,234,235,236,237,238,239,240]
53092.2726419753 [0,1,2,3,4,5,6,7,8,9] [227,228,229,230,231,232,233,234,235]
53092.17144140626 [0,1,2,3,4,5,6,7,8,9] [223,224,225,226,227,228,229,230,231,232,233,234,235,236,237,238]
53091.62496 [0,1,2,3,4,5,6,7,8,9] [224,225,226,227,228,229,230,231,232,233,234,235,236,237,238]
53091.26064062499 [0,1,2,3,4,5,6,7,8,9] [226,227,228,229,230,231,232,233]
53091.09504132231 [0,1,2,3,4,5,6,7,8,9] [226,227,228,229,230,231,232,233,234,235,236]
53091.00041326529 [0,1,2,3,4,5,6,7,8,9] [224,225,226,227,228,229,230,231,232,233,234,235,236,237]
53090.653444444426 [0,1,2,3,4,5,6,7,8,9] [234,235,236]
53089.95951020409 [0,1,2,3,4,5,6,7,8,9] [225,226,227,228,229,230,231,232,233,234,235,236,237,238]
53089.68193777777 [0,1,2,3,4,5,6,7,8,9] [226,227,228,229,230,231,232,233,234,235,236,237,238,239,240]
53089.15882248521 [0,1,2,3,4,5,6,7,8,9] [225,226,227,228,229,230,231,232,233,234,235,236,237]
53088.710439999995 [0,1,2,3,4,5,6,7,8,9] [232,233,234,235,236,237,238,239,240,241]
53087.87773469389 [0,1,2,3,4,5,6,7,8,9] [234,235,236,237,238,239,240]
53087.87773469386 [0,1,2,3,4,5,6,7,8,9] [228,229,230,231,232,233,234,235,236,237,238,239,240,241]
53087.61751562501 [0,1,2,3,4,5,6,7,8,9] [227,228,229,230,231,232,233,234]
53087.510366781986 [0,1,2,3,4,5,6,7,8,9] [223,224,225,226,227,228,229,230,231,232,233,234,235,236,237,238,239]
53086.706753906234 [0,1,2,3,4,5,6,7,8,9] [224,225,226,227,228,229,230,231,232,233,234,235,236,237,238,239]
53085.79600000002 [0,1,2,3,4,5,6,7,8,9] [226,227,228,229,230,231,232]
53085.79600000001 [0,1,2,3,4,5,6,7,8,9] [237,238,239,240]
53084.82453777779 [0,1,2,3,4,5,6,7,8,9] [225,226,227,228,229,230,231,232,233,234,235,236,237,238,239]
53083.367361111115 [0,1,2,3,4,5,6,7,8,9] [223,224,225,226,227,228,229,230,231,232,233,234,235,236,237,238,239,240]
53082.67347448979 [0,1,2,3,4,5,6,7,8,9] [223,224,225,226,227,228,229,230,231,232,233,234,235,236]
53082.367349480955 [0,1,2,3,4,5,6,7,8,9] [224,225,226,227,228,229,230,231,232,233,234,235,236,237,238,239,240]
53081.31240236685 [0,1,2,3,4,5,6,7,8,9] [224,225,226,227,228,229,230,231,232,233,234,235,236]
53080.49722314048 [0,1,2,3,4,5,6,7,8,9] [223,224,225,226,227,228,229,230,231,232,233]
53080.331640625 [0,1,2,3,4,5,6,7,8,9] [225,226,227,228,229,230,231,232,233,234,235,236,237,238,239,240]
