[Score] [Station index] [Time slots] 
57632.004444444436 [0,1,2,3,4,6,7,8,9] [245]
57584.00111111111 [0,1,2,3,4,6,7,8,9] [249]
57552.01000000001 [0,1,2,3,4,6,7,8,9] [252]
57536.01777777778 [0,1,2,3,4,6,7,8,9] [249,250]
57528.02249999999 [0,1,2,3,4,6,7,8,9] [245,246]
57520.02777777776 [0,1,2,3,4,6,7,8,9] [256]
57512.03361111112 [0,1,2,3,4,6,7,8,9] [244,245]
57488.05444444444 [0,1,2,3,4,6,7,8,9] [241,242]
57488.05444444442 [0,1,2,3,4,6,7,8,9] [250]
57482.72641975308 [0,1,2,3,4,6,7,8,9] [245,246,247]
57480.0625 [0,1,2,3,4,6,7,8,9] [256,257]
57474.734845679035 [0,1,2,3,4,6,7,8,9] [245,246,247,248,249,250]
57472.071111111116 [0,1,2,3,4,6,7,8,9] [245,246,247,248,249]
57472.0711111111 [0,1,2,3,4,6,7,8,9] [249,250,251,252]
57466.743827160484 [0,1,2,3,4,6,7,8,9] [248,249,250]
57462.9387755102 [0,1,2,3,4,6,7,8,9] [244,245,246,247,248,249,250]
57460.08506944442 [0,1,2,3,4,6,7,8,9] [244,245,246,247]
57458.753364197546 [0,1,2,3,4,6,7,8,9] [244,245,246,247,248,249]
57458.08751736113 [0,1,2,3,4,6,7,8,9] [245,246,247,248,249,250,251,252]
57456.090000000004 [0,1,2,3,4,6,7,8,9] [248,249]
57456.08999999999 [0,1,2,3,4,6,7,8,9] [242,243,244,245]
57450.76345679011 [0,1,2,3,4,6,7,8,9] [244,245,246,247,248,249,250,251,252]
57450.7634567901 [0,1,2,3,4,6,7,8,9] [240,241,242]
57449.698177777784 [0,1,2,3,4,6,7,8,9] [242,243,244,245,246]
57448.98799725652 [0,1,2,3,4,6,7,8,9] [242,243,244,245,246,247,248,249,250]
57448.10027777777 [0,1,2,3,4,6,7,8,9] [247,248,249,250]
57445.43716049383 [0,1,2,3,4,6,7,8,9] [249,250,251]
57444.67628117915 [0,1,2,3,4,6,7,8,9] [245,246,247,248,249,250,251]
57444.105625 [0,1,2,3,4,6,7,8,9] [242,243,244,245,246,247,248,249]
57444.10562499998 [0,1,2,3,4,6,7,8,9] [245,246,247,248]
57443.30671111113 [0,1,2,3,4,6,7,8,9] [246,247,248,249,250]
57443.30671111111 [0,1,2,3,4,6,7,8,9] [248,249,250,251,252]
57443.30671111109 [0,1,2,3,4,6,7,8,9] [241,242,243,244,245]
57441.56364554637 [0,1,2,3,4,6,7,8,9] [242,243,244,245,246,247,248,249,250,251,252]
57440.11111111113 [0,1,2,3,4,6,7,8,9] [242,243,244,245,246,247]
57440.11111111111 [0,1,2,3,4,6,7,8,9] [257]
57438.33581618655 [0,1,2,3,4,6,7,8,9] [245,246,247,248,249,250,251,252,253]
57438.11390625003 [0,1,2,3,4,6,7,8,9] [244,245,246,247,248,249,250,251]
57437.44817901235 [0,1,2,3,4,6,7,8,9] [241,242,243,244,245,246,247,248,249,250,251,252]
57437.20609733699 [0,1,2,3,4,6,7,8,9] [240,241,242,243,244,245,246,247,248,249,250]
57434.785308641985 [0,1,2,3,4,6,7,8,9] [247,248,249,250,251,252]
57434.785308641964 [0,1,2,3,4,6,7,8,9] [255,256,257]
57433.72017777778 [0,1,2,3,4,6,7,8,9] [244,245,246,247,248,249,250,251,252,253]
57433.72017777777 [0,1,2,3,4,6,7,8,9] [249,250,251,252,253]
57433.26369614513 [0,1,2,3,4,6,7,8,9] [246,247,248,249,250,251,252]
57432.73698882314 [0,1,2,3,4,6,7,8,9] [240,241,242,243,244,245,246,247,248,249,250,251,252]
57432.12250000003 [0,1,2,3,4,6,7,8,9] [255,256]
57432.122500000005 [0,1,2,3,4,6,7,8,9] [240,241,242,243,244,245,246,247,248,249]
57432.12249999999 [0,1,2,3,4,6,7,8,9] [246,247,248,249]
57432.12249999997 [0,1,2,3,4,6,7,8,9] [243,244,245,246,247,248,249,250]
57430.981315192745 [0,1,2,3,4,6,7,8,9] [240,241,242,243,244,245,246]
57430.52484444445 [0,1,2,3,4,6,7,8,9] [242,243,244,245,246,247,248,249,250,251]
57428.12840277779 [0,1,2,3,4,6,7,8,9] [242,243,244,245,246,247,248,249,250,251,252,253]
57427.32959999999 [0,1,2,3,4,6,7,8,9] [243,244,245,246,247,248,249,250,251,252]
57427.03912764003 [0,1,2,3,4,6,7,8,9] [241,242,243,244,245,246,247,248,249,250,251]
57426.131406250024 [0,1,2,3,4,6,7,8,9] [240,241,242,243,244,245,246,247]
57425.36333990795 [0,1,2,3,4,6,7,8,9] [241,242,243,244,245,246,247,248,249,250,251,252,253]
57424.13444444444 [0,1,2,3,4,6,7,8,9] [243,244,245,246,247,248,249]
57424.13444444442 [0,1,2,3,4,6,7,8,9] [242,243,244,245,246,247,248]
57422.803155864196 [0,1,2,3,4,6,7,8,9] [240,241,242,243,244,245,246,247,248,249,250,251]
57421.85224489797 [0,1,2,3,4,6,7,8,9] [240,241,242,243,244,245,246,247,248,249,250,251,252,253]
57420.140625 [0,1,2,3,4,6,7,8,9] [241,242,243,244,245,246,247,248]
57416.146944444445 [0,1,2,3,4,6,7,8,9] [252,253]
57415.259478738015 [0,1,2,3,4,6,7,8,9] [240,241,242,243,244,245,246,247,248]
57414.15015625002 [0,1,2,3,4,6,7,8,9] [246,247,248,249,250,251,252,253]
57413.96863177225 [0,1,2,3,4,6,7,8,9] [243,244,245,246,247,248,249,250,251,252,253]
57413.48456790124 [0,1,2,3,4,6,7,8,9] [243,244,245,246,247,248,249,250,251]
57413.48456790122 [0,1,2,3,4,6,7,8,9] [246,247,248,249,250,251]
57412.72390022674 [0,1,2,3,4,6,7,8,9] [247,248,249,250,251,252,253]
57411.35471111112 [0,1,2,3,4,6,7,8,9] [243,244,245,246,247]
57411.3547111111 [0,1,2,3,4,6,7,8,9] [247,248,249,250,251]
57408.16000000001 [0,1,2,3,4,6,7,8,9] [251,252]
57408.159999999996 [0,1,2,3,4,6,7,8,9] [246,247]
57405.87811791384 [0,1,2,3,4,6,7,8,9] [239,240,241,242,243,244,245,246,247,248,249,250,251,252]
57405.497808641965 [0,1,2,3,4,6,7,8,9] [239,240,241,242,243,244,245,246,247,248,249,250]
57400.17361111111 [0,1,2,3,4,6,7,8,9] [242,243]
57397.995601469236 [0,1,2,3,4,6,7,8,9] [239,240,241,242,243,244,245,246,247,248,249]
57397.51160493829 [0,1,2,3,4,6,7,8,9] [241,242,243]
57397.51160493828 [0,1,2,3,4,6,7,8,9] [242,243,244]
57397.511604938256 [0,1,2,3,4,6,7,8,9] [239,240,241,242,243,244,245,246,247,248,249,250,251,252,253]
57397.17885850695 [0,1,2,3,4,6,7,8,9] [242,243,244,245,246,247,248,249,250,251,252,253,254,255,256,257]
57397.10207100591 [0,1,2,3,4,6,7,8,9] [245,246,247,248,249,250,251,252,253,254,255,256,257]
57396.88525951558 [0,1,2,3,4,6,7,8,9] [241,242,243,244,245,246,247,248,249,250,251,252,253,254,255,256,257]
57396.75104308392 [0,1,2,3,4,6,7,8,9] [244,245,246,247,248,249,250,251,252,253,254,255,256,257]
57396.18062500002 [0,1,2,3,4,6,7,8,9] [241,242,243,244]
57396.18062500001 [0,1,2,3,4,6,7,8,9] [250,251,252,253]
57395.73696844994 [0,1,2,3,4,6,7,8,9] [240,241,242,243,244,245,246,247,248,249,250,251,252,253,254,255,256,257]
57394.64489809337 [0,1,2,3,4,6,7,8,9] [239,240,241,242,243,244,245,246,247,248,249,250,251]
57394.31727901237 [0,1,2,3,4,6,7,8,9] [242,243,244,245,246,247,248,249,250,251,252,253,254,255,256]
57394.18418402777 [0,1,2,3,4,6,7,8,9] [241,242,243,244,245,246,247,248,249,250,251,252,253,254,255,256]
57393.518711419754 [0,1,2,3,4,6,7,8,9] [245,246,247,248,249,250,251,252,253,254,255,256]
57393.41633136094 [0,1,2,3,4,6,7,8,9] [244,245,246,247,248,249,250,251,252,253,254,255,256]
57393.127258746645 [0,1,2,3,4,6,7,8,9] [240,241,242,243,244,245,246,247,248,249,250,251,252,253,254,255,256]
57392.187777777785 [0,1,2,3,4,6,7,8,9] [247]
57392.18777777776 [0,1,2,3,4,6,7,8,9] [240,241,242,243,244]
57391.12304197528 [0,1,2,3,4,6,7,8,9] [238,239,240,241,242,243,244,245,246,247,248,249,250,251,252]
57388.76544784579 [0,1,2,3,4,6,7,8,9] [241,242,243,244,245,246,247,248,249,250,251,252,253,254]
57388.502195923735 [0,1,2,3,4,6,7,8,9] [242,243,244,245,246,247,248,249,250,251,252,253,254]
57387.92889382716 [0,1,2,3,4,6,7,8,9] [240,241,242,243,244,245,246,247,248,249,250,251,252,253,254]
57386.3802479339 [0,1,2,3,4,6,7,8,9] [244,245,246,247,248,249,250,251,252,253,254]
