[Score] [Station index] [Time slots] 
43349.056 [0,1,2,3,4,5,6,7,8,9] [1]
43342.472249999984 [0,1,2,3,4,5,6,7,8,9] [0,1]
43335.888999999996 [0,1,2,3,4,5,6,7,8,9] [0]
43322.724 [0,1,2,3,4,5,6,7,8,9] [0,1,2]
43316.14225 [0,1,2,3,4,5,6,7,8,9] [1,2]
43283.240999999995 [0,1,2,3,4,5,6,7,8,9] [2]
43181.326562499984 [0,1,2,3,4,5,6,7,8,9] [0,1,2,3]
43129.8671111111 [0,1,2,3,4,5,6,7,8,9] [1,2,3]
43020.481000000014 [0,1,2,3,4,5,6,7,8,9] [2,3]
43004.740839999984 [0,1,2,3,4,5,6,7,8,9] [0,1,2,3,4]
42922.15225 [0,1,2,3,4,5,6,7,8,9] [1,2,3,4]
42819.57344444443 [0,1,2,3,4,5,6,7,8,9] [0,1,2,3,4,5]
42780.32044444445 [0,1,2,3,4,5,6,7,8,9] [2,3,4]
42758.521000000015 [0,1,2,3,4,5,6,7,8,9] [3]
42716.68163999999 [0,1,2,3,4,5,6,7,8,9] [1,2,3,4,5]
42559.3140625 [0,1,2,3,4,5,6,7,8,9] [2,3,4,5]
42553.25651020408 [0,1,2,3,4,5,6,7,8,9] [0,1,2,3,4,5,6]
42529.96225 [0,1,2,3,4,5,6,7,8,9] [3,4]
42423.511111111104 [0,1,2,3,4,5,6,7,8,9] [1,2,3,4,5,6]
42396.37656249998 [0,1,2,3,4,5,6,7,8,9] [0,1,2,3,4,5,6,7]
42319.36177777777 [0,1,2,3,4,5,6,7,8,9] [3,4,5]
42302.015999999996 [0,1,2,3,4,5,6,7,8,9] [4]
42280.33877777778 [0,1,2,3,4,5,6,7,8,9] [0,1,2,3,4,5,6,7,8]
42263.00099999999 [0,1,2,3,4,5,6,7,8,9] [1,2,3,4,5,6,7]
42239.60064 [0,1,2,3,4,5,6,7,8,9] [2,3,4,5,6]
42151.25776 [0,1,2,3,4,5,6,7,8,9] [0,1,2,3,4,5,6,7,8,9]
42149.31006250002 [0,1,2,3,4,5,6,7,8,9] [1,2,3,4,5,6,7,8]
42100.63224999999 [0,1,2,3,4,5,6,7,8,9] [4,5]
42083.331361111115 [0,1,2,3,4,5,6,7,8,9] [2,3,4,5,6,7]
42032.82525619834 [0,1,2,3,4,5,6,7,8,9] [0,1,2,3,4,5,6,7,8,9,10]
42020.64544444446 [0,1,2,3,4,5,6,7,8,9] [1,2,3,4,5,6,7,8,9]
41980.68056249999 [0,1,2,3,4,5,6,7,8,9] [3,4,5,6]
41979.29216326532 [0,1,2,3,4,5,6,7,8,9] [2,3,4,5,6,7,8]
41903.61288999999 [0,1,2,3,4,5,6,7,8,9] [1,2,3,4,5,6,7,8,9,10]
41899.72899999999 [0,1,2,3,4,5,6,7,8,9] [5]
41879.23367361111 [0,1,2,3,4,5,6,7,8,9] [0,1,2,3,4,5,6,7,8,9,10,11]
41856.047640624995 [0,1,2,3,4,5,6,7,8,9] [2,3,4,5,6,7,8,9]
41845.37344000001 [0,1,2,3,4,5,6,7,8,9] [3,4,5,6,7]
41763.90625 [0,1,2,3,4,5,6,7,8,9] [3,4,5,6,7,8]
41748.04525619836 [0,1,2,3,4,5,6,7,8,9] [1,2,3,4,5,6,7,8,9,10,11]
41744.521 [0,1,2,3,4,5,6,7,8,9] [2,3,4,5,6,7,8,9,10]
41741.53905325444 [0,1,2,3,4,5,6,7,8,9] [0,1,2,3,4,5,6,7,8,9,10,11,12]
41722.98711111112 [0,1,2,3,4,5,6,7,8,9] [4,5,6]
41654.115999999995 [0,1,2,3,4,5,6,7,8,9] [3,4,5,6,7,8,9]
41618.6265625 [0,1,2,3,4,5,6,7,8,9] [4,5,6,7]
41610.025340277774 [0,1,2,3,4,5,6,7,8,9] [1,2,3,4,5,6,7,8,9,10,11,12]
41589.60100000001 [0,1,2,3,4,5,6,7,8,9] [2,3,4,5,6,7,8,9,10,11]
41577.62514795917 [0,1,2,3,4,5,6,7,8,9] [0,1,2,3,4,5,6,7,8,9,10,11,12,13]
41566.38784 [0,1,2,3,4,5,6,7,8,9] [4,5,6,7,8]
41554.13906250002 [0,1,2,3,4,5,6,7,8,9] [3,4,5,6,7,8,9,10]
41471.4533611111 [0,1,2,3,4,5,6,7,8,9] [4,5,6,7,8,9]
41453.696933884305 [0,1,2,3,4,5,6,7,8,9] [2,3,4,5,6,7,8,9,10,11,12]
41443.882248520706 [0,1,2,3,4,5,6,7,8,9] [1,2,3,4,5,6,7,8,9,10,11,12,13]
41434.969000000005 [0,1,2,3,4,5,6,7,8,9] [5,6]
41403.505197530874 [0,1,2,3,4,5,6,7,8,9] [3,4,5,6,7,8,9,10,11]
41392.06677777778 [0,1,2,3,4,5,6,7,8,9] [5,6,7]
41383.48900000001 [0,1,2,3,4,5,6,7,8,9] [4,5,6,7,8,9,10]
41369.76640444444 [0,1,2,3,4,5,6,7,8,9] [0,1,2,3,4,5,6,7,8,9,10,11,12,13,14]
41357.761000000006 [0,1,2,3,4,5,6,7,8,9] [8]
41332.041 [0,1,2,3,4,5,6,7,8,9] [7,8]
41306.329000000005 [0,1,2,3,4,5,6,7,8,9] [5,6,7,8,9]
41287.05025000001 [0,1,2,3,4,5,6,7,8,9] [2,3,4,5,6,7,8,9,10,11,12,13]
41272.915360000006 [0,1,2,3,4,5,6,7,8,9] [3,4,5,6,7,8,9,10,11,12]
41235.66225000001 [0,1,2,3,4,5,6,7,8,9] [4,5,6,7,8,9,10,11]
41231.38136111111 [0,1,2,3,4,5,6,7,8,9] [5,6,7,8,9,10]
41231.07559183672 [0,1,2,3,4,5,6,7,8,9] [1,2,3,4,5,6,7,8,9,10,11,12,13,14]
41220.680111111105 [0,1,2,3,4,5,6,7,8,9] [7,8,9]
41212.120111111115 [0,1,2,3,4,5,6,7,8,9] [6,7,8]
41202.75862890626 [0,1,2,3,4,5,6,7,8,9] [0,1,2,3,4,5,6,7,8,9,10,11,12,13,14,15]
41177.88899999999 [0,1,2,3,4,5,6,7,8,9] [8,9]
41158.64025000001 [0,1,2,3,4,5,6,7,8,9] [6,7,8,9]
41139.39599999999 [0,1,2,3,4,5,6,7,8,9] [6,7]
41129.775562500006 [0,1,2,3,4,5,6,7,8,9] [7,8,9,10]
41109.46944444444 [0,1,2,3,4,5,6,7,8,9] [4,5,6,7,8,9,10,11,12]
41107.91511570246 [0,1,2,3,4,5,6,7,8,9] [3,4,5,6,7,8,9,10,11,12,13]
41098.356640000005 [0,1,2,3,4,5,6,7,8,9] [6,7,8,9,10]
41084.437224489804 [0,1,2,3,4,5,6,7,8,9] [5,6,7,8,9,10,11]
41071.00844444444 [0,1,2,3,4,5,6,7,8,9] [8,9,10]
41070.351147929 [0,1,2,3,4,5,6,7,8,9] [2,3,4,5,6,7,8,9,10,11,12,13,14]
41062.46400000001 [0,1,2,3,4,5,6,7,8,9] [1,2,3,4,5,6,7,8,9,10,11,12,13,14,15]
41043.619103806224 [0,1,2,3,4,5,6,7,8,9] [0,1,2,3,4,5,6,7,8,9,10,11,12,13,14,15,16]
40998.40900000001 [0,1,2,3,4,5,6,7,8,9] [9]
40972.801 [0,1,2,3,4,5,6,7,8,9] [6]
40961.60001562501 [0,1,2,3,4,5,6,7,8,9] [5,6,7,8,9,10,11,12]
40949.33402777779 [0,1,2,3,4,5,6,7,8,9] [6,7,8,9,10,11]
40944.641440000014 [0,1,2,3,4,5,6,7,8,9] [7,8,9,10,11]
40944.64144 [0,1,2,3,4,5,6,7,8,9] [4,5,6,7,8,9,10,11,12,13]
40928.00624999999 [0,1,2,3,4,5,6,7,8,9] [9,10]
40902.420249999996 [0,1,2,3,4,5,6,7,8,9] [1,2,3,4,5,6,7,8,9,10,11,12,13,14,15,16]
40901.50661224489 [0,1,2,3,4,5,6,7,8,9] [2,3,4,5,6,7,8,9,10,11,12,13,14,15]
40888.564506944436 [0,1,2,3,4,5,6,7,8,9] [3,4,5,6,7,8,9,10,11,12,13,14]
40883.94644753086 [0,1,2,3,4,5,6,7,8,9] [0,1,2,3,4,5,6,7,8,9,10,11,12,13,14,15,16,17]
40857.664000000004 [0,1,2,3,4,5,6,7,8,9] [10]
40854.46806249999 [0,1,2,3,4,5,6,7,8,9] [8,9,10,11]
40828.448653061234 [0,1,2,3,4,5,6,7,8,9] [6,7,8,9,10,11,12]
40804.41469444444 [0,1,2,3,4,5,6,7,8,9] [7,8,9,10,11,12]
40795.18834567901 [0,1,2,3,4,5,6,7,8,9] [5,6,7,8,9,10,11,12,13]
40743.36089750691 [0,1,2,3,4,5,6,7,8,9] [0,1,2,3,4,5,6,7,8,9,10,11,12,13,14,15,16,17,18]
40741.938062283734 [0,1,2,3,4,5,6,7,8,9] [1,2,3,4,5,6,7,8,9,10,11,12,13,14,15,16,17]
40741.837937777775 [0,1,2,3,4,5,6,7,8,9] [2,3,4,5,6,7,8,9,10,11,12,13,14,15,16]
