[Score] [Station index] [Time slots] 
45360.224999999984 [0,1,2,3,4,5,6,7,8,9] [247]
45292.9 [0,1,2,3,4,5,6,7,8,9] [246,247]
45265.984 [0,1,2,3,4,5,6,7,8,9] [247,248]
45262.620062499984 [0,1,2,3,4,5,6,7,8,9] [244,245,246,247]
45252.528999999995 [0,1,2,3,4,5,6,7,8,9] [246,247,248]
45252.52899999997 [0,1,2,3,4,5,6,7,8,9] [243,244,245,246,247]
45244.456959999996 [0,1,2,3,4,5,6,7,8,9] [244,245,246,247,248]
45239.07599999999 [0,1,2,3,4,5,6,7,8,9] [243,244,245,246,247,248]
45232.350249999996 [0,1,2,3,4,5,6,7,8,9] [245,246,247,248]
45230.10844444446 [0,1,2,3,4,5,6,7,8,9] [244,245,246]
45225.625000000015 [0,1,2,3,4,5,6,7,8,9] [246]
45225.625 [0,1,2,3,4,5,6,7,8,9] [243,244,245]
45214.417361111104 [0,1,2,3,4,5,6,7,8,9] [242,243,244,245,246,247]
45212.17599999999 [0,1,2,3,4,5,6,7,8,9] [243]
45208.33379591837 [0,1,2,3,4,5,6,7,8,9] [242,243,244,245,246,247,248]
45198.72900000001 [0,1,2,3,4,5,6,7,8,9] [245,246]
45171.841 [0,1,2,3,4,5,6,7,8,9] [248]
45166.464360000005 [0,1,2,3,4,5,6,7,8,9] [245,246,247,248,249]
45040.8765625 [0,1,2,3,4,5,6,7,8,9] [227,228,229,230]
45010.681 [0,1,2,3,4,5,6,7,8,9] [234]
44970.436000000016 [0,1,2,3,4,5,6,7,8,9] [228]
44970.436 [0,1,2,3,4,5,6,7,8,9] [230,231]
44957.02499999998 [0,1,2,3,4,5,6,7,8,9] [227,228]
44954.79002777778 [0,1,2,3,4,5,6,7,8,9] [225,226,227,228,229,230]
44950.320250000004 [0,1,2,3,4,5,6,7,8,9] [228,229,230,231]
44948.97936000001 [0,1,2,3,4,5,6,7,8,9] [227,228,229,230,231]
44943.615999999995 [0,1,2,3,4,5,6,7,8,9] [227]
44940.2640625 [0,1,2,3,4,5,6,7,8,9] [227,228,229,230,231,232,233,234]
44939.14677777778 [0,1,2,3,4,5,6,7,8,9] [226,227,228,229,230,231]
44934.67777777778 [0,1,2,3,4,5,6,7,8,9] [226,227,228]
44934.67777777777 [0,1,2,3,4,5,6,7,8,9] [226,227,228,229,230,231,232,233,234]
44930.20900000001 [0,1,2,3,4,5,6,7,8,9] [228,229]
44930.208999999995 [0,1,2,3,4,5,6,7,8,9] [227,228,229,230,231,232,233]
44926.85756250001 [0,1,2,3,4,5,6,7,8,9] [230,231,232,233]
44925.181890624975 [0,1,2,3,4,5,6,7,8,9] [226,227,228,229,230,231,232,233]
44923.50625 [0,1,2,3,4,5,6,7,8,9] [226,227,228,229]
44916.804000000004 [0,1,2,3,4,5,6,7,8,9] [227,228,229,230,231,232]
44912.97436734694 [0,1,2,3,4,5,6,7,8,9] [226,227,228,229,230,231,232]
44911.44256000001 [0,1,2,3,4,5,6,7,8,9] [228,229,230,231,232]
44908.761959999996 [0,1,2,3,4,5,6,7,8,9] [225,226,227,228,229,230,231,232,233,234]
44901.486448979595 [0,1,2,3,4,5,6,7,8,9] [225,226,227,228,229,230,231]
44898.93377777777 [0,1,2,3,4,5,6,7,8,9] [230,231,232]
44897.444753086405 [0,1,2,3,4,5,6,7,8,9] [225,226,227,228,229,230,231,232,233]
44890.0 [0,1,2,3,4,5,6,7,8,9] [226]
44883.300249999986 [0,1,2,3,4,5,6,7,8,9] [225,226,227,228,229,230,231,232]
44883.30024999998 [0,1,2,3,4,5,6,7,8,9] [232,233]
44873.92144000002 [0,1,2,3,4,5,6,7,8,9] [225,226,227,228,229]
44869.90224999999 [0,1,2,3,4,5,6,7,8,9] [225,226,227,228]
44863.20400000001 [0,1,2,3,4,5,6,7,8,9] [224,225,226,227,228,229,230,231,232,233,234,235]
44857.46304081633 [0,1,2,3,4,5,6,7,8,9] [224,225,226,227,228,229,230]
44851.02664462809 [0,1,2,3,4,5,6,7,8,9] [224,225,226,227,228,229,230,231,232,233,234]
44839.76406250002 [0,1,2,3,4,5,6,7,8,9] [231,232,233,234]
44836.41599999998 [0,1,2,3,4,5,6,7,8,9] [225,226,227]
44835.076810000006 [0,1,2,3,4,5,6,7,8,9] [224,225,226,227,228,229,230,231,232,233]
44831.63327040817 [0,1,2,3,4,5,6,7,8,9] [223,224,225,226,227,228,229,230,231,232,233,234,235,236]
44823.025 [0,1,2,3,4,5,6,7,8,9] [224,225,226,227,228,229,230,231]
44815.586419753075 [0,1,2,3,4,5,6,7,8,9] [224,225,226,227,228,229,230,231,232]
44806.5465147929 [0,1,2,3,4,5,6,7,8,9] [223,224,225,226,227,228,229,230,231,232,233,234,235]
44790.67167361113 [0,1,2,3,4,5,6,7,8,9] [223,224,225,226,227,228,229,230,231,232,233,234]
44789.110084444445 [0,1,2,3,4,5,6,7,8,9] [222,223,224,225,226,227,228,229,230,231,232,233,234,235,236]
44782.86400000001 [0,1,2,3,4,5,6,7,8,9] [231,232,233]
44782.86399999999 [0,1,2,3,4,5,6,7,8,9] [225,226]
44773.94177777778 [0,1,2,3,4,5,6,7,8,9] [224,225,226,227,228,229]
44770.697553718994 [0,1,2,3,4,5,6,7,8,9] [223,224,225,226,227,228,229,230,231,232,233]
44766.13556250001 [0,1,2,3,4,5,6,7,8,9] [223,224,225,226,227,228,229,230]
44762.790250000005 [0,1,2,3,4,5,6,7,8,9] [222,223,224,225,226,227,228,229,230,231,232,233,234,235]
44750.74816 [0,1,2,3,4,5,6,7,8,9] [224,225,226,227,228]
44746.73449000001 [0,1,2,3,4,5,6,7,8,9] [223,224,225,226,227,228,229,230,231,232]
44745.6939382716 [0,1,2,3,4,5,6,7,8,9] [223,224,225,226,227,228,229,230,231]
44744.77917751478 [0,1,2,3,4,5,6,7,8,9] [222,223,224,225,226,227,228,229,230,231,232,233,234]
44724.32814062501 [0,1,2,3,4,5,6,7,8,9] [221,222,223,224,225,226,227,228,229,230,231,232,233,234,235,236]
44722.65625 [0,1,2,3,4,5,6,7,8,9] [222,223,224,225,226,227,228,229,230,231,232,233]
44702.596000000005 [0,1,2,3,4,5,6,7,8,9] [222,223,224,225,226,227,228,229,230]
44696.51802479338 [0,1,2,3,4,5,6,7,8,9] [222,223,224,225,226,227,228,229,230,231,232]
44695.91025000001 [0,1,2,3,4,5,6,7,8,9] [224,225,226,227]
44695.46455111111 [0,1,2,3,4,5,6,7,8,9] [221,222,223,224,225,226,227,228,229,230,231,232,233,234,235]
44695.16741975308 [0,1,2,3,4,5,6,7,8,9] [220,221,222,223,224,225,226,227,228,229,230,231,232,233,234,235,236,237]
44690.56201000003 [0,1,2,3,4,5,6,7,8,9] [222,223,224,225,226,227,228,229,230,231]
44681.585326530614 [0,1,2,3,4,5,6,7,8,9] [223,224,225,226,227,228,229]
44675.856 [0,1,2,3,4,5,6,7,8,9] [225]
44673.94630612242 [0,1,2,3,4,5,6,7,8,9] [221,222,223,224,225,226,227,228,229,230,231,232,233,234]
44669.17225 [0,1,2,3,4,5,6,7,8,9] [231,232]
44655.41316262976 [0,1,2,3,4,5,6,7,8,9] [220,221,222,223,224,225,226,227,228,229,230,231,232,233,234,235,236]
44648.09600591716 [0,1,2,3,4,5,6,7,8,9] [221,222,223,224,225,226,227,228,229,230,231,232,233]
44646.89669444444 [0,1,2,3,4,5,6,7,8,9] [223,224,225,226,227,228]
44624.070015624995 [0,1,2,3,4,5,6,7,8,9] [220,221,222,223,224,225,226,227,228,229,230,231,232,233,234,235]
44620.730015625006 [0,1,2,3,4,5,6,7,8,9] [222,223,224,225,226,227,228,229]
44617.94677777778 [0,1,2,3,4,5,6,7,8,9] [221,222,223,224,225,226,227,228,229,230,231,232]
44613.493777777774 [0,1,2,3,4,5,6,7,8,9] [224,225,226]
44607.70521 [0,1,2,3,4,5,6,7,8,9] [221,222,223,224,225,226,227,228,229,230]
44605.39798347108 [0,1,2,3,4,5,6,7,8,9] [221,222,223,224,225,226,227,228,229,230,231]
44599.245671111115 [0,1,2,3,4,5,6,7,8,9] [220,221,222,223,224,225,226,227,228,229,230,231,232,233,234]
44582.32900000002 [0,1,2,3,4,5,6,7,8,9] [223,224,225,226,227]
44582.329000000005 [0,1,2,3,4,5,6,7,8,9] [231]
44582.32899999999 [0,1,2,3,4,5,6,7,8,9] [222,223,224,225,226,227,228]
44580.845234567896 [0,1,2,3,4,5,6,7,8,9] [219,220,221,222,223,224,225,226,227,228,229,230,231,232,233,234,235,236]
44569.92971938774 [0,1,2,3,4,5,6,7,8,9] [220,221,222,223,224,225,226,227,228,229,230,231,232,233]
44546.98718339103 [0,1,2,3,4,5,6,7,8,9] [219,220,221,222,223,224,225,226,227,228,229,230,231,232,233,234,235]
44536.115597633136 [0,1,2,3,4,5,6,7,8,9] [220,221,222,223,224,225,226,227,228,229,230,231,232]
44524.480444444474 [0,1,2,3,4,5,6,7,8,9] [221,222,223,224,225,226,227,228,229]
