[Score] [Station index] [Time slots] 
58048.87111111112 [0,1,2,3,4,6,7,8,9] [243]
58016.75111111111 [0,1,2,3,4,6,7,8,9] [241]
57941.83901234568 [0,1,2,3,4,6,7,8,9] [241,242,243]
57920.444444444445 [0,1,2,3,4,6,7,8,9] [246]
57904.40111111111 [0,1,2,3,4,6,7,8,9] [242,243]
57888.360000000015 [0,1,2,3,4,6,7,8,9] [240,241,242,243]
57888.35999999999 [0,1,2,3,4,6,7,8,9] [241,242]
57872.3211111111 [0,1,2,3,4,6,7,8,9] [240,241]
57869.64817901236 [0,1,2,3,4,6,7,8,9] [241,242,243,244,245,246]
57860.29340277778 [0,1,2,3,4,6,7,8,9] [243,244,245,246]
57859.4916 [0,1,2,3,4,6,7,8,9] [241,242,243,244,245]
57849.41226757367 [0,1,2,3,4,6,7,8,9] [240,241,242,243,244,245,246]
57844.25840277777 [0,1,2,3,4,6,7,8,9] [241,242,243,244]
57840.25000000002 [0,1,2,3,4,6,7,8,9] [242,243,244,245,246]
57840.24999999998 [0,1,2,3,4,6,7,8,9] [243,244,245]
57837.577808641974 [0,1,2,3,4,6,7,8,9] [240,241,242,243,244,245]
57834.90567901235 [0,1,2,3,4,6,7,8,9] [240,241,242]
57821.01159999998 [0,1,2,3,4,6,7,8,9] [240,241,242,243,244]
57820.210069444445 [0,1,2,3,4,6,7,8,9] [242,243,244,245]
57812.767551020406 [0,1,2,3,4,6,7,8,9] [241,242,243,244,245,246,247]
57802.17710069443 [0,1,2,3,4,6,7,8,9] [240,241,242,243,244,245,246,247]
57800.17361111111 [0,1,2,3,4,6,7,8,9] [243,244]
57797.502345679015 [0,1,2,3,4,6,7,8,9] [244,245,246]
57792.15999999997 [0,1,2,3,4,6,7,8,9] [239,240,241,242,243,244,245,246]
57788.9547111111 [0,1,2,3,4,6,7,8,9] [239,240,241,242,243]
57786.81790123458 [0,1,2,3,4,6,7,8,9] [242,243,244]
57782.5444 [0,1,2,3,4,6,7,8,9] [243,244,245,246,247]
57778.80521604938 [0,1,2,3,4,6,7,8,9] [242,243,244,245,246,247]
57774.35396433472 [0,1,2,3,4,6,7,8,9] [238,239,240,241,242,243,244,245,246]
57773.84526077098 [0,1,2,3,4,6,7,8,9] [239,240,241,242,243,244,245]
57770.79308641974 [0,1,2,3,4,6,7,8,9] [245,246,247]
57768.12249999999 [0,1,2,3,4,6,7,8,9] [241,242,243,244,245,246,247,248]
57763.67165980796 [0,1,2,3,4,6,7,8,9] [240,241,242,243,244,245,246,247,248]
57762.78151234568 [0,1,2,3,4,6,7,8,9] [238,239,240,241,242,243]
57760.111111111095 [0,1,2,3,4,6,7,8,9] [242]
57756.55067215363 [0,1,2,3,4,6,7,8,9] [239,240,241,242,243,244,245,246,247]
57756.105625000004 [0,1,2,3,4,6,7,8,9] [238,239,240,241,242,243,244,245]
57753.7024 [0,1,2,3,4,6,7,8,9] [237,238,239,240,241,242,243,244,245,246]
57749.43012345678 [0,1,2,3,4,6,7,8,9] [239,240,241,242,243,244]
57745.87001371741 [0,1,2,3,4,6,7,8,9] [241,242,243,244,245,246,247,248,249]
57744.08999999998 [0,1,2,3,4,6,7,8,9] [240,241,242,243,244,245,246,247,248,249]
57739.72099173552 [0,1,2,3,4,6,7,8,9] [236,237,238,239,240,241,242,243,244,245,246]
57736.08027777778 [0,1,2,3,4,6,7,8,9] [244,245]
57735.19034293551 [0,1,2,3,4,6,7,8,9] [237,238,239,240,241,242,243,244,245]
57734.93607709751 [0,1,2,3,4,6,7,8,9] [237,238,239,240,241,242,243]
57732.64770975056 [0,1,2,3,4,6,7,8,9] [238,239,240,241,242,243,244]
57732.64770975054 [0,1,2,3,4,6,7,8,9] [242,243,244,245,246,247,248]
57728.071111111116 [0,1,2,3,4,6,7,8,9] [243,244,245,246,247,248]
57728.07111111111 [0,1,2,3,4,6,7,8,9] [237,238,239,240,241,242,243,244,245,246,247]
57728.07111111109 [0,1,2,3,4,6,7,8,9] [240]
57726.46934444442 [0,1,2,3,4,6,7,8,9] [239,240,241,242,243,244,245,246,247,248]
57724.066736111105 [0,1,2,3,4,6,7,8,9] [239,240,241,242]
57721.66417777778 [0,1,2,3,4,6,7,8,9] [236,237,238,239,240,241,242,243,244,245]
57718.060434027786 [0,1,2,3,4,6,7,8,9] [236,237,238,239,240,241,242,243]
57717.87842975205 [0,1,2,3,4,6,7,8,9] [238,239,240,241,242,243,244,245,246,247,248]
57717.39308641976 [0,1,2,3,4,6,7,8,9] [236,237,238,239,240,241,242,243,244,245,246,247]
57716.422405876954 [0,1,2,3,4,6,7,8,9] [240,241,242,243,244,245,246,247,248,249,250]
57716.05840277778 [0,1,2,3,4,6,7,8,9] [244,245,246,247]
57715.25759999998 [0,1,2,3,4,6,7,8,9] [241,242,243,244,245,246,247,248,249,250]
57712.05444444445 [0,1,2,3,4,6,7,8,9] [237,238,239,240,241,242,243,244]
57712.05444444443 [0,1,2,3,4,6,7,8,9] [242,243,244,245,246,247,248,249]
57705.64840000001 [0,1,2,3,4,6,7,8,9] [238,239,240,241,242]
57705.38148919751 [0,1,2,3,4,6,7,8,9] [238,239,240,241,242,243,244,245,246,247,248,249]
57705.190839002265 [0,1,2,3,4,6,7,8,9] [243,244,245,246,247,248,249]
57699.59857338819 [0,1,2,3,4,6,7,8,9] [236,237,238,239,240,241,242,243,244]
57697.271801446404 [0,1,2,3,4,6,7,8,9] [236,237,238,239,240,241,242,243,244,245,246,247,248]
57696.04000000001 [0,1,2,3,4,6,7,8,9] [246,247]
57694.808211702824 [0,1,2,3,4,6,7,8,9] [237,238,239,240,241,242,243,244,245,246,247,248,249]
57692.03673611112 [0,1,2,3,4,6,7,8,9] [238,239,240,241]
57692.0367361111 [0,1,2,3,4,6,7,8,9] [245,246,247,248]
57689.367970678984 [0,1,2,3,4,6,7,8,9] [240,241,242,243,244,245,246,247,248,249,250,251]
57688.0336111111 [0,1,2,3,4,6,7,8,9] [236,237,238,239,240,241,242,243,244,245,246,247,248,249]
57687.417758053896 [0,1,2,3,4,6,7,8,9] [235,236,237,238,239,240,241,242,243,244,245,246,247]
57685.850146923774 [0,1,2,3,4,6,7,8,9] [241,242,243,244,245,246,247,248,249,250,251]
57685.85014692376 [0,1,2,3,4,6,7,8,9] [235,236,237,238,239,240,241,242,243,244,245]
57684.95437869821 [0,1,2,3,4,6,7,8,9] [238,239,240,241,242,243,244,245,246,247,248,249,250]
57683.72270874425 [0,1,2,3,4,6,7,8,9] [234,235,236,237,238,239,240,241,242,243,244,245,246]
57682.69632716049 [0,1,2,3,4,6,7,8,9] [237,238,239,240,241,242]
57681.80680384089 [0,1,2,3,4,6,7,8,9] [242,243,244,245,246,247,248,249,250]
57676.59687641723 [0,1,2,3,4,6,7,8,9] [237,238,239,240,241,242,243,244,245,246,247,248,249,250]
57674.69086419752 [0,1,2,3,4,6,7,8,9] [235,236,237,238,239,240,241,242,243]
57672.02250000001 [0,1,2,3,4,6,7,8,9] [243,244,245,246,247,248,249,250]
57671.48883456789 [0,1,2,3,4,6,7,8,9] [236,237,238,239,240,241,242,243,244,245,246,247,248,249,250]
57670.87893424037 [0,1,2,3,4,6,7,8,9] [236,237,238,239,240,241,242]
57670.87893424035 [0,1,2,3,4,6,7,8,9] [235,236,237,238,239,240,241,242,243,244,245,246,247,248]
57670.17520710059 [0,1,2,3,4,6,7,8,9] [240,241,242,243,244,245,246,247,248,249,250,251,252]
57668.5918367347 [0,1,2,3,4,6,7,8,9] [234,235,236,237,238,239,240,241,242,243,244,245,246,247]
57667.21960000001 [0,1,2,3,4,6,7,8,9] [245,246,247,248,249]
57666.48071005915 [0,1,2,3,4,6,7,8,9] [239,240,241,242,243,244,245,246,247,248,249,250,251]
57665.35185956788 [0,1,2,3,4,6,7,8,9] [241,242,243,244,245,246,247,248,249,250,251,252]
57664.01777777777 [0,1,2,3,4,6,7,8,9] [238,239,240,241,242,243,244,245,246,247,248,249,250,251]
57662.4169 [0,1,2,3,4,6,7,8,9] [235,236,237,238,239,240,241,242,243,244]
57657.6144 [0,1,2,3,4,6,7,8,9] [237,238,239,240,241,242,243,244,245,246,247,248,249,250,251]
57656.01361111112 [0,1,2,3,4,6,7,8,9] [236,237,238,239,240,241]
57654.41284444443 [0,1,2,3,4,6,7,8,9] [234,235,236,237,238,239,240,241,242,243,244,245,246,247,248]
57654.01265625 [0,1,2,3,4,6,7,8,9] [236,237,238,239,240,241,242,243,244,245,246,247,248,249,250,251]
57652.81209999999 [0,1,2,3,4,6,7,8,9] [242,243,244,245,246,247,248,249,250,251]
57650.296689342395 [0,1,2,3,4,6,7,8,9] [239,240,241,242,243,244,245,246,247,248,249,250,251,252]
57650.010850694445 [0,1,2,3,4,6,7,8,9] [235,236,237,238,239,240,241,242,243,244,245,246,247,248,249,250]
57649.61067777777 [0,1,2,3,4,6,7,8,9] [234,235,236,237,238,239,240,241,242,243]
