[Score] [Station index] [Time slots] 
65025.000000000015 [0,1,2,3,4,6,7,8,9] [249]
64991.004444444436 [0,1,2,3,4,6,7,8,9] [247,248,249]
64974.00999999998 [0,1,2,3,4,6,7,8,9] [247,248]
64961.265625 [0,1,2,3,4,6,7,8,9] [246,247,248,249]
64940.02777777778 [0,1,2,3,4,6,7,8,9] [244]
64940.02777777777 [0,1,2,3,4,6,7,8,9] [246,247,248]
64923.04 [0,1,2,3,4,6,7,8,9] [247]
64903.2237345679 [0,1,2,3,4,6,7,8,9] [244,245,246,247,248,249]
64897.5625 [0,1,2,3,4,6,7,8,9] [246,247]
64895.86417777778 [0,1,2,3,4,6,7,8,9] [245,246,247,248,249]
64878.88217777777 [0,1,2,3,4,6,7,8,9] [244,245,246,247,248]
64876.94151927439 [0,1,2,3,4,6,7,8,9] [243,244,245,246,247,248,249]
64872.08999999998 [0,1,2,3,4,6,7,8,9] [246]
64863.600277777776 [0,1,2,3,4,6,7,8,9] [245,246,247,248]
64852.281512345704 [0,1,2,3,4,6,7,8,9] [243,244,245,246,247,248]
64851.71560000001 [0,1,2,3,4,6,7,8,9] [246,247,248,249,250]
64848.74460069446 [0,1,2,3,4,6,7,8,9] [242,243,244,245,246,247,248,249]
64846.622500000005 [0,1,2,3,4,6,7,8,9] [247,248,249,250]
64845.67935528122 [0,1,2,3,4,6,7,8,9] [241,242,243,244,245,246,247,248,249]
64842.378402777766 [0,1,2,3,4,6,7,8,9] [244,245,246,247]
64833.28437641725 [0,1,2,3,4,6,7,8,9] [244,245,246,247,248,249,250]
64829.64694444443 [0,1,2,3,4,6,7,8,9] [243,244]
64823.58478458051 [0,1,2,3,4,6,7,8,9] [242,243,244,245,246,247,248]
64823.28168402777 [0,1,2,3,4,6,7,8,9] [241,242,243,244,245,246,247,248]
64821.16 [0,1,2,3,4,6,7,8,9] [241]
64821.159999999996 [0,1,2,3,4,6,7,8,9] [248,249,250]
64819.03835069445 [0,1,2,3,4,6,7,8,9] [243,244,245,246,247,248,249,250]
64817.76537777776 [0,1,2,3,4,6,7,8,9] [243,244,245,246,247]
64815.50234567903 [0,1,2,3,4,6,7,8,9] [245,246,247,248,249,250]
64810.97640000001 [0,1,2,3,4,6,7,8,9] [240,241,242,243,244,245,246,247,248,249]
64809.8449382716 [0,1,2,3,4,6,7,8,9] [245,246,247]
64802.49067777778 [0,1,2,3,4,6,7,8,9] [241,242,243,244,245,246,247,248,249,250]
64801.35929012342 [0,1,2,3,4,6,7,8,9] [246,247,248,249,250,251]
64800.416474622776 [0,1,2,3,4,6,7,8,9] [242,243,244,245,246,247,248,249,250]
64797.823767361115 [0,1,2,3,4,6,7,8,9] [244,245,246,247,248,249,250,251]
64794.49036281178 [0,1,2,3,4,6,7,8,9] [241,242,243,244,245,246,247]
64791.460069444445 [0,1,2,3,4,6,7,8,9] [243,244,245,246]
64790.04595679015 [0,1,2,3,4,6,7,8,9] [242,243,244,245,246,247]
64789.10322359399 [0,1,2,3,4,6,7,8,9] [243,244,245,246,247,248,249,250,251]
64787.21777777778 [0,1,2,3,4,6,7,8,9] [240,241,242,243,244,245,246,247,248]
64787.21777777776 [0,1,2,3,4,6,7,8,9] [247,248,249,250,251]
64782.975625 [0,1,2,3,4,6,7,8,9] [241,242,243,244]
64779.50487603307 [0,1,2,3,4,6,7,8,9] [241,242,243,244,245,246,247,248,249,250,251]
64777.52163265305 [0,1,2,3,4,6,7,8,9] [245,246,247,248,249,250,251]
64775.340099999994 [0,1,2,3,4,6,7,8,9] [242,243,244,245,246,247,248,249,250,251]
64774.8773553719 [0,1,2,3,4,6,7,8,9] [240,241,242,243,244,245,246,247,248,249,250]
64773.077808641996 [0,1,2,3,4,6,7,8,9] [241,242,243,244,245,246]
64770.250000000015 [0,1,2,3,4,6,7,8,9] [242,243,244]
64764.59456790124 [0,1,2,3,4,6,7,8,9] [243,244,245]
64763.463511111135 [0,1,2,3,4,6,7,8,9] [242,243,244,245,246]
64757.52562500001 [0,1,2,3,4,6,7,8,9] [240,241,242,243,244,245,246,247]
64756.11188271604 [0,1,2,3,4,6,7,8,9] [240,241,242,243,244,245,246,247,248,249,250,251]
64753.28444444446 [0,1,2,3,4,6,7,8,9] [248,249,250,251]
64753.284444444434 [0,1,2,3,4,6,7,8,9] [241,242,243,244,245]
64745.74491083675 [0,1,2,3,4,6,7,8,9] [244,245,246,247,248,249,250,251,252]
64743.10617777779 [0,1,2,3,4,6,7,8,9] [243,244,245,246,247,248,249,250,251,252]
64741.97530864199 [0,1,2,3,4,6,7,8,9] [241,242,243,244,245,246,247,248,249,250,251,252]
64739.4051882461 [0,1,2,3,4,6,7,8,9] [239,240,241,242,243,244,245,246,247,248,249]
64736.32111111112 [0,1,2,3,4,6,7,8,9] [242,243,244,245]
64734.779100091844 [0,1,2,3,4,6,7,8,9] [242,243,244,245,246,247,248,249,250,251,252]
64733.89795918367 [0,1,2,3,4,6,7,8,9] [246,247,248,249,250,251,252]
64730.667160493824 [0,1,2,3,4,6,7,8,9] [241,242,243]
64726.14417777776 [0,1,2,3,4,6,7,8,9] [240,241,242,243,244]
64723.27390532543 [0,1,2,3,4,6,7,8,9] [240,241,242,243,244,245,246,247,248,249,250,251,252]
64721.4800173611 [0,1,2,3,4,6,7,8,9] [245,246,247,248,249,250,251,252]
64719.360000000015 [0,1,2,3,4,6,7,8,9] [249,250]
64712.293526234585 [0,1,2,3,4,6,7,8,9] [239,240,241,242,243,244,245,246,247,248,249,250]
64710.88027777779 [0,1,2,3,4,6,7,8,9] [240,241,242,243,244,245]
64710.880277777775 [0,1,2,3,4,6,7,8,9] [239,240,241,242,243,244,245,246,247,248]
64710.88027777775 [0,1,2,3,4,6,7,8,9] [247,248,249,250,251,252]
64703.705562130184 [0,1,2,3,4,6,7,8,9] [241,242,243,244,245,246,247,248,249,250,251,252,253]
64699.79224852072 [0,1,2,3,4,6,7,8,9] [239,240,241,242,243,244,245,246,247,248,249,250,251]
64698.16173611114 [0,1,2,3,4,6,7,8,9] [238,239,240,241,242,243,244,245,246,247,248,249]
64697.77634527088 [0,1,2,3,4,6,7,8,9] [243,244,245,246,247,248,249,250,251,252,253]
64695.61817777779 [0,1,2,3,4,6,7,8,9] [244,245,246,247,248,249,250,251,252,253]
64693.922500000015 [0,1,2,3,4,6,7,8,9] [242,243,244,245,246,247,248,249,250,251,252,253]
64689.077828798196 [0,1,2,3,4,6,7,8,9] [240,241,242,243,244,245,246,247,248,249,250,251,252,253]
64685.44444444443 [0,1,2,3,4,6,7,8,9] [242,243]
64676.314852071024 [0,1,2,3,4,6,7,8,9] [238,239,240,241,242,243,244,245,246,247,248,249,250]
64676.02503429356 [0,1,2,3,4,6,7,8,9] [239,240,241,242,243,244,245,246,247]
64673.33390022676 [0,1,2,3,4,6,7,8,9] [239,240,241,242,243,244,245,246,247,248,249,250,251,252]
64672.72840277777 [0,1,2,3,4,6,7,8,9] [246,247,248,249,250,251,252,253]
64672.72840277776 [0,1,2,3,4,6,7,8,9] [240,241,242,243]
64669.794109138726 [0,1,2,3,4,6,7,8,9] [237,238,239,240,241,242,243,244,245,246,247,248,249]
64668.48999999999 [0,1,2,3,4,6,7,8,9] [245,246,247,248,249,250,251,252,253]
64668.489999999976 [0,1,2,3,4,6,7,8,9] [248,249,250,251,252]
64667.279053287995 [0,1,2,3,4,6,7,8,9] [238,239,240,241,242,243,244,245,246,247,248,249,250,251]
64667.27905328798 [0,1,2,3,4,6,7,8,9] [241,242,243,244,245,246,247,248,249,250,251,252,253,254]
64662.8390123457 [0,1,2,3,4,6,7,8,9] [249,250,251]
64660.01361111112 [0,1,2,3,4,6,7,8,9] [240,241]
64657.188271604944 [0,1,2,3,4,6,7,8,9] [240,241,242]
64656.05815308643 [0,1,2,3,4,6,7,8,9] [240,241,242,243,244,245,246,247,248,249,250,251,252,253,254]
64655.77562500001 [0,1,2,3,4,6,7,8,9] [243,244,245,246,247,248,249,250,251,252,253,254]
64655.44963182118 [0,1,2,3,4,6,7,8,9] [242,243,244,245,246,247,248,249,250,251,252,253,254]
64651.537777777776 [0,1,2,3,4,6,7,8,9] [237,238,239,240,241,242,243,244,245,246,247,248,249,250]
64649.99677685952 [0,1,2,3,4,6,7,8,9] [244,245,246,247,248,249,250,251,252,253,254]
64648.1476 [0,1,2,3,4,6,7,8,9] [241,242,243,244,245,246,247,248,249,250,251,252,253,254,255]
64645.181267361106 [0,1,2,3,4,6,7,8,9] [239,240,241,242,243,244,245,246]
64644.75751111111 [0,1,2,3,4,6,7,8,9] [239,240,241,242,243,244,245,246,247,248,249,250,251,252,253]
64644.27321995464 [0,1,2,3,4,6,7,8,9] [247,248,249,250,251,252,253]
