[Score] [Station index] [Time slots] 
49829.48099999999 [0,1,2,3,4,5,6,7,8,9] [0]
49392.78400000001 [0,1,2,3,4,5,6,7,8,9] [0,1]
48962.673777777774 [0,1,2,3,4,5,6,7,8,9] [0,1,2]
48958.00899999999 [0,1,2,3,4,5,6,7,8,9] [1]
48640.16306250001 [0,1,2,3,4,5,6,7,8,9] [0,1,2,3]
48532.12224999998 [0,1,2,3,4,5,6,7,8,9] [1,2]
48246.91599999998 [0,1,2,3,4,5,6,7,8,9] [1,2,3]
48216.35844000002 [0,1,2,3,4,5,6,7,8,9] [0,1,2,3,4]
48108.09599999998 [0,1,2,3,4,5,6,7,8,9] [2]
47893.320250000004 [0,1,2,3,4,5,6,7,8,9] [2,3]
47817.225 [0,1,2,3,4,5,6,7,8,9] [1,2,3,4]
47679.025 [0,1,2,3,4,5,6,7,8,9] [3]
47653.71002777777 [0,1,2,3,4,5,6,7,8,9] [0,1,2,3,4,5]
47439.95211111111 [0,1,2,3,4,5,6,7,8,9] [2,3,4]
47224.384000000005 [0,1,2,3,4,5,6,7,8,9] [1,2,3,4,5]
47110.57379591839 [0,1,2,3,4,5,6,7,8,9] [0,1,2,3,4,5,6]
47107.63224999999 [0,1,2,3,4,5,6,7,8,9] [3,4]
46795.860562500005 [0,1,2,3,4,5,6,7,8,9] [2,3,4,5]
46664.8380277778 [0,1,2,3,4,5,6,7,8,9] [1,2,3,4,5,6]
46590.86306249999 [0,1,2,3,4,5,6,7,8,9] [0,1,2,3,4,5,6,7]
46539.683999999994 [0,1,2,3,4,5,6,7,8,9] [4]
46362.481 [0,1,2,3,4,5,6,7,8,9] [3,4,5]
46212.80399999999 [0,1,2,3,4,5,6,7,8,9] [2,3,4,5,6]
46137.0858979592 [0,1,2,3,4,5,6,7,8,9] [1,2,3,4,5,6,7]
46122.208444444426 [0,1,2,3,4,5,6,7,8,9] [0,1,2,3,4,5,6,7,8]
46090.52099999998 [0,1,2,3,4,5,6,7,8,9] [194]
45941.28400000001 [0,1,2,3,4,5,6,7,8,9] [194,195]
45920.952249999995 [0,1,2,3,4,5,6,7,8,9] [193,194]
45878.04444444445 [0,1,2,3,4,5,6,7,8,9] [193,194,195]
45846.441000000006 [0,1,2,3,4,5,6,7,8,9] [192,193,194]
45832.900000000016 [0,1,2,3,4,5,6,7,8,9] [192,193,194,195]
45805.82399999999 [0,1,2,3,4,5,6,7,8,9] [191,192,193,194]
45803.11684000002 [0,1,2,3,4,5,6,7,8,9] [191,192,193,194,195]
45792.289000000004 [0,1,2,3,4,5,6,7,8,9] [195]
45790.35559183674 [0,1,2,3,4,5,6,7,8,9] [189,190,191,192,193,194,195]
45790.033361111105 [0,1,2,3,4,5,6,7,8,9] [189,190,191,192,193,194]
45787.777777777774 [0,1,2,3,4,5,6,7,8,9] [190,191,192,193,194,195]
45786.87556000001 [0,1,2,3,4,5,6,7,8,9] [190,191,192,193,194]
45760.715111111116 [0,1,2,3,4,5,6,7,8,9] [194,195,196]
45758.460250000004 [0,1,2,3,4,5,6,7,8,9] [193,194,195,196]
45753.62859183675 [0,1,2,3,4,5,6,7,8,9] [188,189,190,191,192,193,194]
45751.69600000001 [0,1,2,3,4,5,6,7,8,9] [193]
45746.284960000005 [0,1,2,3,4,5,6,7,8,9] [192,193,194,195,196]
45744.93225 [0,1,2,3,4,5,6,7,8,9] [3,4,5,6]
45741.55056249999 [0,1,2,3,4,5,6,7,8,9] [189,190,191,192,193,194,195,196]
45735.91469444444 [0,1,2,3,4,5,6,7,8,9] [191,192,193,194,195,196]
45733.66044444444 [0,1,2,3,4,5,6,7,8,9] [189,190,191]
45732.372326530596 [0,1,2,3,4,5,6,7,8,9] [190,191,192,193,194,195,196]
45730.05376000002 [0,1,2,3,4,5,6,7,8,9] [189,190,191,192,193]
45724.64400000001 [0,1,2,3,4,5,6,7,8,9] [192,193]
45724.643999999986 [0,1,2,3,4,5,6,7,8,9] [189,190,191,192]
45718.6335308642 [0,1,2,3,4,5,6,7,8,9] [188,189,190,191,192,193,194,195,196]
45711.121 [0,1,2,3,4,5,6,7,8,9] [190,191,192,193]
45711.12099999999 [0,1,2,3,4,5,6,7,8,9] [191,192,193]
45697.60000000002 [0,1,2,3,4,5,6,7,8,9] [187,188,189,190,191,192,193,194,195]
45697.6 [0,1,2,3,4,5,6,7,8,9] [192]
45690.84025000001 [0,1,2,3,4,5,6,7,8,9] [191,192]
45686.78463999999 [0,1,2,3,4,5,6,7,8,9] [188,189,190,191,192]
45685.770765625006 [0,1,2,3,4,5,6,7,8,9] [187,188,189,190,191,192,193,194]
45684.08100000001 [0,1,2,3,4,5,6,7,8,9] [188,189,190]
45684.081 [0,1,2,3,4,5,6,7,8,9] [191]
45677.322250000005 [0,1,2,3,4,5,6,7,8,9] [0,1,2,3,4,5,6,7,8,9]
45675.06944444443 [0,1,2,3,4,5,6,7,8,9] [2,3,4,5,6,7]
45670.564000000006 [0,1,2,3,4,5,6,7,8,9] [189,190,191,192,193,194,195,196,197]
45670.564 [0,1,2,3,4,5,6,7,8,9] [188,189]
45668.874515625 [0,1,2,3,4,5,6,7,8,9] [1,2,3,4,5,6,7,8]
45667.860840000016 [0,1,2,3,4,5,6,7,8,9] [187,188,189,190,191,192,193,194,195,196]
45657.04899999999 [0,1,2,3,4,5,6,7,8,9] [188,189,190,191,192,193,194,195,196,197]
45653.670562499996 [0,1,2,3,4,5,6,7,8,9] [190,191,192,193,194,195,196,197]
45645.46630612246 [0,1,2,3,4,5,6,7,8,9] [191,192,193,194,195,196,197]
45639.03211111112 [0,1,2,3,4,5,6,7,8,9] [192,193,194,195,196,197]
45628.095020408146 [0,1,2,3,4,5,6,7,8,9] [187,188,189,190,191,192,193]
45627.32304000002 [0,1,2,3,4,5,6,7,8,9] [193,194,195,196,197]
45620.56848999999 [0,1,2,3,4,5,6,7,8,9] [189,190,191,192,193,194,195,196,197,198]
45616.515999999996 [0,1,2,3,4,5,6,7,8,9] [187,188,189,190,191,192,193,194,195,196,197]
45613.81443999998 [0,1,2,3,4,5,6,7,8,9] [186,187,188,189,190,191,192,193,194,195]
45612.83207438018 [0,1,2,3,4,5,6,7,8,9] [188,189,190,191,192,193,194,195,196,197,198]
45607.511111111104 [0,1,2,3,4,5,6,7,8,9] [187,188,189,190,191,192]
45600.00771604939 [0,1,2,3,4,5,6,7,8,9] [190,191,192,193,194,195,196,197,198]
45596.25625000002 [0,1,2,3,4,5,6,7,8,9] [194,195,196,197]
45596.25625 [0,1,2,3,4,5,6,7,8,9] [195,196]
45594.414677685956 [0,1,2,3,4,5,6,7,8,9] [186,187,188,189,190,191,192,193,194,195,196]
45594.00544444443 [0,1,2,3,4,5,6,7,8,9] [186,187,188,189,190,191,192,193,194]
45589.504 [0,1,2,3,4,5,6,7,8,9] [187,188,189,190,191]
45586.12806250002 [0,1,2,3,4,5,6,7,8,9] [191,192,193,194,195,196,197,198]
45579.376562500016 [0,1,2,3,4,5,6,7,8,9] [187,188,189,190,191,192,193,194,195,196,197,198]
45572.14336734694 [0,1,2,3,4,5,6,7,8,9] [192,193,194,195,196,197,198]
45566.181892561995 [0,1,2,3,4,5,6,7,8,9] [185,186,187,188,189,190,191,192,193,194,195]
45565.87506249998 [0,1,2,3,4,5,6,7,8,9] [187,188,189,190]
45553.50044444446 [0,1,2,3,4,5,6,7,8,9] [186,187,188,189,190,191,192,193,194,195,196,197]
45552.37556249999 [0,1,2,3,4,5,6,7,8,9] [185,186,187,188,189,190,191,192,193,194,195,196]
45551.250694444454 [0,1,2,3,4,5,6,7,8,9] [193,194,195,196,197,198]
45543.60196 [0,1,2,3,4,5,6,7,8,9] [185,186,187,188,189,190,191,192,193,194]
45535.50399999999 [0,1,2,3,4,5,6,7,8,9] [188]
45532.1300625 [0,1,2,3,4,5,6,7,8,9] [186,187,188,189,190,191,192,193]
45524.085023668646 [0,1,2,3,4,5,6,7,8,9] [186,187,188,189,190,191,192,193,194,195,196,197,198]
45517.85709467456 [0,1,2,3,4,5,6,7,8,9] [185,186,187,188,189,190,191,192,193,194,195,196,197]
45517.511111111104 [0,1,2,3,4,5,6,7,8,9] [187,188,189]
45511.21443999999 [0,1,2,3,4,5,6,7,8,9] [194,195,196,197,198]
45510.76469444444 [0,1,2,3,4,5,6,7,8,9] [188,189,190,191,192,193,194,195,196,197,198,199]
