[Score] [Station index] [Time slots] 
32626.944000000007 [0,1,2,3,4,5,6,7,8,9] [252]
32558.435999999987 [0,1,2,3,4,5,6,7,8,9] [251,252]
32550.82844444444 [0,1,2,3,4,5,6,7,8,9] [250,251,252]
32535.615999999998 [0,1,2,3,4,5,6,7,8,9] [250]
32512.803999999993 [0,1,2,3,4,5,6,7,8,9] [250,251]
32501.401 [0,1,2,3,4,5,6,7,8,9] [250,251,252,253]
32490.00000000001 [0,1,2,3,4,5,6,7,8,9] [252,253]
32490.0 [0,1,2,3,4,5,6,7,8,9] [251,252,253]
32433.025 [0,1,2,3,4,5,6,7,8,9] [249,250,251,252]
32430.747039999987 [0,1,2,3,4,5,6,7,8,9] [250,251,252,253,254]
32417.080959999985 [0,1,2,3,4,5,6,7,8,9] [249,250,251,252,253]
32404.556249999987 [0,1,2,3,4,5,6,7,8,9] [251,252,253,254]
32376.1 [0,1,2,3,4,5,6,7,8,9] [252,253,254]
32372.30677777778 [0,1,2,3,4,5,6,7,8,9] [249,250,251,252,253,254]
32368.513777777785 [0,1,2,3,4,5,6,7,8,9] [249,250,251]
32359.03225 [0,1,2,3,4,5,6,7,8,9] [250,251,252,253,254,255]
32353.343999999994 [0,1,2,3,4,5,6,7,8,9] [253]
32323.773159999993 [0,1,2,3,4,5,6,7,8,9] [251,252,253,254,255]
32319.224999999988 [0,1,2,3,4,5,6,7,8,9] [249,250,251,252,253,254,255]
32307.856 [0,1,2,3,4,5,6,7,8,9] [249,250]
32282.283062499995 [0,1,2,3,4,5,6,7,8,9] [252,253,254,255]
32268.89175510204 [0,1,2,3,4,5,6,7,8,9] [250,251,252,253,254,255,256]
32260.506694444444 [0,1,2,3,4,5,6,7,8,9] [248,249,250,251,252,253]
32251.04100000001 [0,1,2,3,4,5,6,7,8,9] [253,254]
32245.36225 [0,1,2,3,4,5,6,7,8,9] [249,250,251,252,253,254,255,256]
32244.551040816343 [0,1,2,3,4,5,6,7,8,9] [248,249,250,251,252,253,254]
32241.955240000003 [0,1,2,3,4,5,6,7,8,9] [248,249,250,251,252]
32224.544444444455 [0,1,2,3,4,5,6,7,8,9] [251,252,253,254,255,256]
32214.138062500006 [0,1,2,3,4,5,6,7,8,9] [248,249,250,251,252,253,254,255]
32187.18389062501 [0,1,2,3,4,5,6,7,8,9] [250,251,252,253,254,255,256,257]
32175.36544444446 [0,1,2,3,4,5,6,7,8,9] [249,250,251,252,253,254,255,256,257]
32171.584000000003 [0,1,2,3,4,5,6,7,8,9] [252,253,254,255,256]
32167.802777777786 [0,1,2,3,4,5,6,7,8,9] [253,254,255]
32160.241 [0,1,2,3,4,5,6,7,8,9] [248,249,250,251,252,253,254,255,256]
32150.520020408167 [0,1,2,3,4,5,6,7,8,9] [247,248,249,250,251,252,253]
32150.31751562499 [0,1,2,3,4,5,6,7,8,9] [247,248,249,250,251,252,253,254]
32148.899999999987 [0,1,2,3,4,5,6,7,8,9] [254]
32146.0650625 [0,1,2,3,4,5,6,7,8,9] [248,249,250,251]
32137.560999999987 [0,1,2,3,4,5,6,7,8,9] [251,252,253,254,255,256,257]
32133.781777777767 [0,1,2,3,4,5,6,7,8,9] [247,248,249,250,251,252,253,254,255]
32116.778027777782 [0,1,2,3,4,5,6,7,8,9] [247,248,249,250,251,252]
32105.82244 [0,1,2,3,4,5,6,7,8,9] [248,249,250,251,252,253,254,255,256,257]
32104.8151234568 [0,1,2,3,4,5,6,7,8,9] [250,251,252,253,254,255,256,257,258]
32102.42281 [0,1,2,3,4,5,6,7,8,9] [249,250,251,252,253,254,255,256,257,258]
32093.358009999996 [0,1,2,3,4,5,6,7,8,9] [247,248,249,250,251,252,253,254,255,256]
32080.895999999997 [0,1,2,3,4,5,6,7,8,9] [249]
32079.008027777763 [0,1,2,3,4,5,6,7,8,9] [252,253,254,255,256,257]
32075.23225 [0,1,2,3,4,5,6,7,8,9] [254,255]
32073.34444444445 [0,1,2,3,4,5,6,7,8,9] [246,247,248,249,250,251,252,253,254]
32066.17129 [0,1,2,3,4,5,6,7,8,9] [246,247,248,249,250,251,252,253,254,255]
32063.90625 [0,1,2,3,4,5,6,7,8,9] [246,247,248,249,250,251,252,253]
32058.244000000006 [0,1,2,3,4,5,6,7,8,9] [253,254,255,256]
32051.166890625005 [0,1,2,3,4,5,6,7,8,9] [251,252,253,254,255,256,257,258]
32050.008892561986 [0,1,2,3,4,5,6,7,8,9] [247,248,249,250,251,252,253,254,255,256,257]
32045.891735537192 [0,1,2,3,4,5,6,7,8,9] [248,249,250,251,252,253,254,255,256,257,258]
32035.599999999988 [0,1,2,3,4,5,6,7,8,9] [246,247,248,249,250,251,252,253,254,255,256]
32031.82677777778 [0,1,2,3,4,5,6,7,8,9] [248,249,250]
32026.338851239678 [0,1,2,3,4,5,6,7,8,9] [249,250,251,252,253,254,255,256,257,258,259]
32022.6641632653 [0,1,2,3,4,5,6,7,8,9] [246,247,248,249,250,251,252]
32020.885690000003 [0,1,2,3,4,5,6,7,8,9] [250,251,252,253,254,255,256,257,258,259]
32015.227240000007 [0,1,2,3,4,5,6,7,8,9] [247,248,249,250,251]
32008.43776 [0,1,2,3,4,5,6,7,8,9] [245,246,247,248,249,250,251,252,253,254]
32007.820570247935 [0,1,2,3,4,5,6,7,8,9] [245,246,247,248,249,250,251,252,253,254,255]
32001.649000000005 [0,1,2,3,4,5,6,7,8,9] [255]
32000.706173611117 [0,1,2,3,4,5,6,7,8,9] [246,247,248,249,250,251,252,253,254,255,256,257]
31999.76336111112 [0,1,2,3,4,5,6,7,8,9] [247,248,249,250,251,252,253,254,255,256,257,258]
31992.8498271605 [0,1,2,3,4,5,6,7,8,9] [245,246,247,248,249,250,251,252,253]
31988.720020408167 [0,1,2,3,4,5,6,7,8,9] [252,253,254,255,256,257,258]
31984.680250000005 [0,1,2,3,4,5,6,7,8,9] [245,246,247,248,249,250,251,252,253,254,255,256]
31980.910027777776 [0,1,2,3,4,5,6,7,8,9] [248,249,250,251,252,253,254,255,256,257,258,259]
31969.977639999997 [0,1,2,3,4,5,6,7,8,9] [253,254,255,256,257]
31963.946777777783 [0,1,2,3,4,5,6,7,8,9] [251,252,253,254,255,256,257,258,259]
31960.177777777768 [0,1,2,3,4,5,6,7,8,9] [254,255,256]
31958.148408284032 [0,1,2,3,4,5,6,7,8,9] [246,247,248,249,250,251,252,253,254,255,256,257,258]
31956.408999999996 [0,1,2,3,4,5,6,7,8,9] [245,246,247,248,249,250,251,252,253,254,255,256,257]
31952.64044444444 [0,1,2,3,4,5,6,7,8,9] [249,250,251,252,253,254,255,256,257,258,259,260]
31947.930062500003 [0,1,2,3,4,5,6,7,8,9] [245,246,247,248,249,250,251,252]
31946.04600694445 [0,1,2,3,4,5,6,7,8,9] [244,245,246,247,248,249,250,251,252,253,254,255]
31943.36494674557 [0,1,2,3,4,5,6,7,8,9] [247,248,249,250,251,252,253,254,255,256,257,258,259]
31940.993586776873 [0,1,2,3,4,5,6,7,8,9] [250,251,252,253,254,255,256,257,258,259,260]
31940.993586776854 [0,1,2,3,4,5,6,7,8,9] [244,245,246,247,248,249,250,251,252,253,254]
31929.45422485207 [0,1,2,3,4,5,6,7,8,9] [244,245,246,247,248,249,250,251,252,253,254,255,256]
31922.5 [0,1,2,3,4,5,6,7,8,9] [246,247,248,249,250,251]
31920.240039999986 [0,1,2,3,4,5,6,7,8,9] [244,245,246,247,248,249,250,251,252,253]
31920.07861734693 [0,1,2,3,4,5,6,7,8,9] [245,246,247,248,249,250,251,252,253,254,255,256,257,258]
31916.41567455621 [0,1,2,3,4,5,6,7,8,9] [248,249,250,251,252,253,254,255,256,257,258,259,260]
31908.780045918375 [0,1,2,3,4,5,6,7,8,9] [246,247,248,249,250,251,252,253,254,255,256,257,258,259]
31907.166127551016 [0,1,2,3,4,5,6,7,8,9] [244,245,246,247,248,249,250,251,252,253,254,255,256,257]
31898.49201562499 [0,1,2,3,4,5,6,7,8,9] [252,253,254,255,256,257,258,259]
31897.080062499997 [0,1,2,3,4,5,6,7,8,9] [247,248,249,250]
31886.188903061226 [0,1,2,3,4,5,6,7,8,9] [247,248,249,250,251,252,253,254,255,256,257,258,259,260]
31884.26530177515 [0,1,2,3,4,5,6,7,8,9] [243,244,245,246,247,248,249,250,251,252,253,254,255]
31882.96225 [0,1,2,3,4,5,6,7,8,9] [253,254,255,256,257,258]
31881.83296000001 [0,1,2,3,4,5,6,7,8,9] [251,252,253,254,255,256,257,258,259,260]
31876.56320444445 [0,1,2,3,4,5,6,7,8,9] [244,245,246,247,248,249,250,251,252,253,254,255,256,257,258]
31876.563204444432 [0,1,2,3,4,5,6,7,8,9] [245,246,247,248,249,250,251,252,253,254,255,256,257,258,259]
31874.49306249999 [0,1,2,3,4,5,6,7,8,9] [254,255,256,257]
31873.28327040816 [0,1,2,3,4,5,6,7,8,9] [243,244,245,246,247,248,249,250,251,252,253,254,255,256]
31872.297530864198 [0,1,2,3,4,5,6,7,8,9] [244,245,246,247,248,249,250,251,252]
31869.498940828402 [0,1,2,3,4,5,6,7,8,9] [249,250,251,252,253,254,255,256,257,258,259,260,261]
