[Score] [Station index] [Time slots] 
9229.444 [0,1,2,3,4,5,6,7,8,9] [248]
9205.155999999999 [0,1,2,3,4,5,6,7,8,9] [248,249]
9199.088999999996 [0,1,2,3,4,5,6,7,8,9] [247,248]
9197.067111111111 [0,1,2,3,4,5,6,7,8,9] [248,249,250]
9193.023999999996 [0,1,2,3,4,5,6,7,8,9] [247,248,249]
9189.99225 [0,1,2,3,4,5,6,7,8,9] [247,248,249,250]
9180.9 [0,1,2,3,4,5,6,7,8,9] [249,250]
9180.899999999998 [0,1,2,3,4,5,6,7,8,9] [250]
9171.206559999999 [0,1,2,3,4,5,6,7,8,9] [246,247,248,249,250]
9168.783999999996 [0,1,2,3,4,5,6,7,8,9] [245,246,247,248,249,250]
9167.572839999997 [0,1,2,3,4,5,6,7,8,9] [247,248,249,250,251]
9167.270062499998 [0,1,2,3,4,5,6,7,8,9] [248,249,250,251]
9166.361759999996 [0,1,2,3,4,5,6,7,8,9] [245,246,247,248,249]
9166.18875510204 [0,1,2,3,4,5,6,7,8,9] [244,245,246,247,248,249,250]
9164.747111111108 [0,1,2,3,4,5,6,7,8,9] [246,247,248]
9163.738027777776 [0,1,2,3,4,5,6,7,8,9] [244,245,246,247,248,249]
9162.729000000003 [0,1,2,3,4,5,6,7,8,9] [245,246,247,248]
9160.307560000001 [0,1,2,3,4,5,6,7,8,9] [244,245,246,247,248]
9157.432515625002 [0,1,2,3,4,5,6,7,8,9] [243,244,245,246,247,248,249,250]
9156.675999999998 [0,1,2,3,4,5,6,7,8,9] [245]
9155.811448979588 [0,1,2,3,4,5,6,7,8,9] [245,246,247,248,249,250,251]
9155.66736111111 [0,1,2,3,4,5,6,7,8,9] [246,247,248,249,250,251]
9155.163062500003 [0,1,2,3,4,5,6,7,8,9] [244,245,246,247,248,249,250,251]
9154.082469387757 [0,1,2,3,4,5,6,7,8,9] [243,244,245,246,247,248,249]
9153.65025 [0,1,2,3,4,5,6,7,8,9] [244,245]
9150.625 [0,1,2,3,4,5,6,7,8,9] [242,243,244,245,246,247,248,249,250]
9149.616694444445 [0,1,2,3,4,5,6,7,8,9] [243,244,245,246,247,248]
9148.608444444442 [0,1,2,3,4,5,6,7,8,9] [243,244,245,246,247,248,249,250,251]
9146.844140625 [0,1,2,3,4,5,6,7,8,9] [242,243,244,245,246,247,248,249]
9146.592111111111 [0,1,2,3,4,5,6,7,8,9] [249,250,251]
9145.584027777782 [0,1,2,3,4,5,6,7,8,9] [247,248,249,250,251,252]
9144.575999999997 [0,1,2,3,4,5,6,7,8,9] [240]
9143.36644 [0,1,2,3,4,5,6,7,8,9] [242,243,244,245,246,247,248,249,250,251]
9143.0640625 [0,1,2,3,4,5,6,7,8,9] [244,245,246,247]
9141.984183673467 [0,1,2,3,4,5,6,7,8,9] [242,243,244,245,246,247,248]
9141.888197530867 [0,1,2,3,4,5,6,7,8,9] [244,245,246,247,248,249,250,251,252]
9140.947559999999 [0,1,2,3,4,5,6,7,8,9] [248,249,250,251,252]
9140.796390625002 [0,1,2,3,4,5,6,7,8,9] [245,246,247,248,249,250,251,252]
9140.544444444444 [0,1,2,3,4,5,6,7,8,9] [245,246,247]
9140.177983471072 [0,1,2,3,4,5,6,7,8,9] [240,241,242,243,244,245,246,247,248,249,250]
9139.73824 [0,1,2,3,4,5,6,7,8,9] [241,242,243,244,245,246,247,248,249,250]
9138.529 [0,1,2,3,4,5,6,7,8,9] [247,248,249,250,251,252,253]
9137.319840000002 [0,1,2,3,4,5,6,7,8,9] [244,245,246,247,248,249,250,251,252,253]
9137.319839999998 [0,1,2,3,4,5,6,7,8,9] [243,244,245,246,247,248,249,250,251,252]
9136.110760000003 [0,1,2,3,4,5,6,7,8,9] [240,241,242,243,244,245,246,247,248,249]
9135.84208641975 [0,1,2,3,4,5,6,7,8,9] [245,246,247,248,249,250,251,252,253]
9135.170419753089 [0,1,2,3,4,5,6,7,8,9] [241,242,243,244,245,246,247,248,249]
9135.002506944445 [0,1,2,3,4,5,6,7,8,9] [240,241,242,243,244,245,246,247,248,249,250,251]
9134.498777777779 [0,1,2,3,4,5,6,7,8,9] [244,245,246]
9134.13243801653 [0,1,2,3,4,5,6,7,8,9] [241,242,243,244,245,246,247,248,249,250,251]
9133.692840000002 [0,1,2,3,4,5,6,7,8,9] [243,244,245,246,247]
9133.582942148762 [0,1,2,3,4,5,6,7,8,9] [242,243,244,245,246,247,248,249,250,251,252]
9133.58294214876 [0,1,2,3,4,5,6,7,8,9] [243,244,245,246,247,248,249,250,251,252,253]
9133.491361111113 [0,1,2,3,4,5,6,7,8,9] [239,240,241,242,243,244,245,246,247,248,249,250]
9133.491361111106 [0,1,2,3,4,5,6,7,8,9] [248,249,250,251,252,253]
9133.239515625002 [0,1,2,3,4,5,6,7,8,9] [246,247,248,249,250,251,252,253]
9132.484 [0,1,2,3,4,5,6,7,8,9] [258]
9131.728515624996 [0,1,2,3,4,5,6,7,8,9] [247,248,249,250,251,252,253,254]
9131.476694444445 [0,1,2,3,4,5,6,7,8,9] [244,245,246,247,248,249,250,251,252,253,254,255]
9131.140938271607 [0,1,2,3,4,5,6,7,8,9] [240,241,242,243,244,245,246,247,248]
9130.670889999998 [0,1,2,3,4,5,6,7,8,9] [245,246,247,248,249,250,251,252,253,254]
9130.624402366866 [0,1,2,3,4,5,6,7,8,9] [238,239,240,241,242,243,244,245,246,247,248,249,250]
9130.469444444443 [0,1,2,3,4,5,6,7,8,9] [247,248,249,250,251,252,253,254,255]
9129.736933884295 [0,1,2,3,4,5,6,7,8,9] [245,246,247,248,249,250,251,252,253,254,255]
9129.462250000002 [0,1,2,3,4,5,6,7,8,9] [243,244,245,246,247,248,249,250,251,252,253,254]
9129.462249999999 [0,1,2,3,4,5,6,7,8,9] [250,251]
9129.229828402365 [0,1,2,3,4,5,6,7,8,9] [239,240,241,242,243,244,245,246,247,248,249,250,251]
9129.187570247934 [0,1,2,3,4,5,6,7,8,9] [239,240,241,242,243,244,245,246,247,248,249]
9128.764994082838 [0,1,2,3,4,5,6,7,8,9] [243,244,245,246,247,248,249,250,251,252,253,254,255]
9128.59898469388 [0,1,2,3,4,5,6,7,8,9] [237,238,239,240,241,242,243,244,245,246,247,248,249,250]
9127.783716049385 [0,1,2,3,4,5,6,7,8,9] [246,247,248,249,250,251,252,253,254]
9127.44802777778 [0,1,2,3,4,5,6,7,8,9] [242,243,244,245,246,247]
9127.37056213018 [0,1,2,3,4,5,6,7,8,9] [244,245,246,247,248,249,250,251,252,253,254,255,256]
9127.04521 [0,1,2,3,4,5,6,7,8,9] [246,247,248,249,250,251,252,253,254,255]
9126.90577514793 [0,1,2,3,4,5,6,7,8,9] [242,243,244,245,246,247,248,249,250,251,252,253,254]
9126.872576530614 [0,1,2,3,4,5,6,7,8,9] [238,239,240,241,242,243,244,245,246,247,248,249,250,251]
9126.843804444448 [0,1,2,3,4,5,6,7,8,9] [244,245,246,247,248,249,250,251,252,253,254,255,256,257,258]
9126.441000000004 [0,1,2,3,4,5,6,7,8,9] [244,245,246,247,248,249,250,251,252,253,254,255,256,257]
9126.441000000003 [0,1,2,3,4,5,6,7,8,9] [242,243,244,245,246,247,248,249,250,251,252,253,254,255]
9125.937506944447 [0,1,2,3,4,5,6,7,8,9] [241,242,243,244,245,246,247,248,249,250,251,252]
9125.685765625003 [0,1,2,3,4,5,6,7,8,9] [248,249,250,251,252,253,254,255]
9125.43402777778 [0,1,2,3,4,5,6,7,8,9] [245,246,247,248,249,250,251,252,253,254,255,256]
9125.232639999998 [0,1,2,3,4,5,6,7,8,9] [247,248,249,250,251,252,253,254,255,256]
9125.232639999997 [0,1,2,3,4,5,6,7,8,9] [237,238,239,240,241,242,243,244,245,246,247,248,249,250,251]
9125.146331632652 [0,1,2,3,4,5,6,7,8,9] [245,246,247,248,249,250,251,252,253,254,255,256,257,258]
9124.930562500002 [0,1,2,3,4,5,6,7,8,9] [244,245,246,247,248,249,250,251,252,253,254,255,256,257,258,259]
9124.9305625 [0,1,2,3,4,5,6,7,8,9] [243,244,245,246,247,248,249,250,251,252,253,254,255,256,257,258]
9124.582017751483 [0,1,2,3,4,5,6,7,8,9] [245,246,247,248,249,250,251,252,253,254,255,256,257]
9124.582017751476 [0,1,2,3,4,5,6,7,8,9] [237,238,239,240,241,242,243,244,245,246,247,248,249]
9124.427111111112 [0,1,2,3,4,5,6,7,8,9] [243,244,245,246,247,248,249,250,251,252,253,254,255,256,257]
9124.244041322314 [0,1,2,3,4,5,6,7,8,9] [247,248,249,250,251,252,253,254,255,256,257]
9124.02436 [0,1,2,3,4,5,6,7,8,9] [239,240,241,242,243,244,245,246,247,248]
9123.652597633136 [0,1,2,3,4,5,6,7,8,9] [241,242,243,244,245,246,247,248,249,250,251,252,253]
9123.420250000001 [0,1,2,3,4,5,6,7,8,9] [243,244]
9123.242574394466 [0,1,2,3,4,5,6,7,8,9] [242,243,244,245,246,247,248,249,250,251,252,253,254,255,256,257,258]
9123.24257439446 [0,1,2,3,4,5,6,7,8,9] [243,244,245,246,247,248,249,250,251,252,253,254,255,256,257,258,259]
9123.21888444445 [0,1,2,3,4,5,6,7,8,9] [245,246,247,248,249,250,251,252,253,254,255,256,257,258,259]
9123.218884444443 [0,1,2,3,4,5,6,7,8,9] [242,243,244,245,246,247,248,249,250,251,252,253,254,255,256]
9122.72322485207 [0,1,2,3,4,5,6,7,8,9] [247,248,249,250,251,252,253,254,255,256,257,258,259]
9122.665140625002 [0,1,2,3,4,5,6,7,8,9] [242,243,244,245,246,247,248,249,250,251,252,253,254,255,256,257]
