[Score] [Station index] [Time slots] 
44448.88900000001 [0,1,2,3,4,5,6,7,8,9] [259]
44448.88899999999 [0,1,2,3,4,5,6,7,8,9] [257]
44431.1121111111 [0,1,2,3,4,5,6,7,8,9] [257,258,259]
44428.89025 [0,1,2,3,4,5,6,7,8,9] [259,260]
44425.5575625 [0,1,2,3,4,5,6,7,8,9] [257,258,259,260]
44422.22500000003 [0,1,2,3,4,5,6,7,8,9] [257,258,259,260,261]
44422.225 [0,1,2,3,4,5,6,7,8,9] [258,259]
44422.224999999984 [0,1,2,3,4,5,6,7,8,9] [259,260,261]
44420.003361111114 [0,1,2,3,4,5,6,7,8,9] [256,257,258,259,260,261]
44417.78177777778 [0,1,2,3,4,5,6,7,8,9] [258,259,260]
44415.56025 [0,1,2,3,4,5,6,7,8,9] [258,259,260,261]
44413.33877777778 [0,1,2,3,4,5,6,7,8,9] [257,258,259,260,261,262]
44412.704081632655 [0,1,2,3,4,5,6,7,8,9] [256,257,258,259,260,261,262]
44408.896000000015 [0,1,2,3,4,5,6,7,8,9] [259,260,261,262]
44408.89599999999 [0,1,2,3,4,5,6,7,8,9] [261]
44406.99202040814 [0,1,2,3,4,5,6,7,8,9] [255,256,257,258,259,260,261]
44406.674694444424 [0,1,2,3,4,5,6,7,8,9] [255,256,257,258,259,260]
44406.23044 [0,1,2,3,4,5,6,7,8,9] [258,259,260,261,262]
44403.898140624995 [0,1,2,3,4,5,6,7,8,9] [256,257,258,259,260,261,262,263]
44403.184183673475 [0,1,2,3,4,5,6,7,8,9] [257,258,259,260,261,262,263]
44402.232250000015 [0,1,2,3,4,5,6,7,8,9] [255,256,257,258,259,260,261,262]
44395.56900000001 [0,1,2,3,4,5,6,7,8,9] [255,256,257,258,259,260,261,262,263]
44395.568999999996 [0,1,2,3,4,5,6,7,8,9] [259,260,261,262,263]
44395.568999999974 [0,1,2,3,4,5,6,7,8,9] [254,255,256,257,258,259,260,261]
44393.66530612246 [0,1,2,3,4,5,6,7,8,9] [254,255,256,257,258,259,260]
44392.90384000001 [0,1,2,3,4,5,6,7,8,9] [252,253,254,255,256,257,258,259,260,261]
44392.60771604937 [0,1,2,3,4,5,6,7,8,9] [254,255,256,257,258,259,260,261,262]
44391.12711111112 [0,1,2,3,4,5,6,7,8,9] [254,255,256,257,258,259]
44391.12711111111 [0,1,2,3,4,5,6,7,8,9] [253,254,255,256,257,258,259,260,261]
44390.7233140496 [0,1,2,3,4,5,6,7,8,9] [252,253,254,255,256,257,258,259,260,261,262]
44389.6465308642 [0,1,2,3,4,5,6,7,8,9] [256,257,258,259,260,261,262,263,264]
44388.906250000015 [0,1,2,3,4,5,6,7,8,9] [253,254,255,256,257,258,259,260,261,262]
44388.90625 [0,1,2,3,4,5,6,7,8,9] [261,262]
44388.906249999985 [0,1,2,3,4,5,6,7,8,9] [253,254,255,256,257,258,259,260]
44387.573760000014 [0,1,2,3,4,5,6,7,8,9] [254,255,256,257,258,259,260,261,262,263]
44387.240640624994 [0,1,2,3,4,5,6,7,8,9] [257,258,259,260,261,262,263,264]
44386.68544444446 [0,1,2,3,4,5,6,7,8,9] [252,253,254,255,256,257,258,259,260,261,262,263]
44386.05093877552 [0,1,2,3,4,5,6,7,8,9] [253,254,255,256,257,258,259]
44385.877892561984 [0,1,2,3,4,5,6,7,8,9] [251,252,253,254,255,256,257,258,259,260,261]
44385.3188224852 [0,1,2,3,4,5,6,7,8,9] [249,250,251,252,253,254,255,256,257,258,259,260,261]
44384.66657851242 [0,1,2,3,4,5,6,7,8,9] [253,254,255,256,257,258,259,260,261,262,263]
44384.46469444443 [0,1,2,3,4,5,6,7,8,9] [251,252,253,254,255,256,257,258,259,260,261,262]
44384.1474489796 [0,1,2,3,4,5,6,7,8,9] [249,250,251,252,253,254,255,256,257,258,259,260,261,262]
44383.57641 [0,1,2,3,4,5,6,7,8,9] [255,256,257,258,259,260,261,262,263,264]
44383.35434027778 [0,1,2,3,4,5,6,7,8,9] [250,251,252,253,254,255,256,257,258,259,260,261]
44382.244000000006 [0,1,2,3,4,5,6,7,8,9] [252,253]
44382.24399999999 [0,1,2,3,4,5,6,7,8,9] [260,261,262,263]
44381.35573777777 [0,1,2,3,4,5,6,7,8,9] [249,250,251,252,253,254,255,256,257,258,259,260,261,262,263]
44381.21908284023 [0,1,2,3,4,5,6,7,8,9] [251,252,253,254,255,256,257,258,259,260,261,262,263]
44381.0327355372 [0,1,2,3,4,5,6,7,8,9] [249,250,251,252,253,254,255,256,257,258,259]
44381.032735537185 [0,1,2,3,4,5,6,7,8,9] [250,251,252,253,254,255,256,257,258,259,260]
44380.763567901246 [0,1,2,3,4,5,6,7,8,9] [251,252,253,254,255,256,257,258,259]
44380.340591836735 [0,1,2,3,4,5,6,7,8,9] [252,253,254,255,256,257,258]
44379.57923999999 [0,1,2,3,4,5,6,7,8,9] [254,255,256,257,258]
44379.388903061226 [0,1,2,3,4,5,6,7,8,9] [250,251,252,253,254,255,256,257,258,259,260,261,262,263]
44378.4372244898 [0,1,2,3,4,5,6,7,8,9] [258,259,260,261,262,263,264]
44378.24688999998 [0,1,2,3,4,5,6,7,8,9] [250,251,252,253,254,255,256,257,258,259]
44378.14440236685 [0,1,2,3,4,5,6,7,8,9] [252,253,254,255,256,257,258,259,260,261,262,263,264]
44377.802777777775 [0,1,2,3,4,5,6,7,8,9] [252,253,254,255,256,257]
44377.39904132231 [0,1,2,3,4,5,6,7,8,9] [254,255,256,257,258,259,260,261,262,263,264]
44375.582250000014 [0,1,2,3,4,5,6,7,8,9] [259,260,261,262,263,264]
44375.58224999999 [0,1,2,3,4,5,6,7,8,9] [254,255,256,257]
44374.749566406244 [0,1,2,3,4,5,6,7,8,9] [249,250,251,252,253,254,255,256,257,258,259,260,261,262,263,264]
44374.24996 [0,1,2,3,4,5,6,7,8,9] [249,250,251,252,253,254,255,256,257,258]
44373.678984693885 [0,1,2,3,4,5,6,7,8,9] [251,252,253,254,255,256,257,258,259,260,261,262,263,264]
44373.361777777776 [0,1,2,3,4,5,6,7,8,9] [261,262,263]
44372.47360444443 [0,1,2,3,4,5,6,7,8,9] [250,251,252,253,254,255,256,257,258,259,260,261,262,263,264]
44372.2515625 [0,1,2,3,4,5,6,7,8,9] [251,252,253,254,255,256,257,258]
44371.88149382717 [0,1,2,3,4,5,6,7,8,9] [249,250,251,252,253,254,255,256,257]
44371.58543999998 [0,1,2,3,4,5,6,7,8,9] [253,254,255,256,257]
44370.8241632653 [0,1,2,3,4,5,6,7,8,9] [248,249,250,251,252,253,254,255,256,257,258,259,260,261]
44370.697284444446 [0,1,2,3,4,5,6,7,8,9] [248,249,250,251,252,253,254,255,256,257,258,259,260,261,262]
44370.4012345679 [0,1,2,3,4,5,6,7,8,9] [250,251,252,253,254,255,256,257,258]
44368.92100000002 [0,1,2,3,4,5,6,7,8,9] [248,249,250,251,252,253,254,255,256,257,258,259,260,261,262,263]
44368.921 [0,1,2,3,4,5,6,7,8,9] [251,252,253,254,255,256,257]
44367.89623668641 [0,1,2,3,4,5,6,7,8,9] [248,249,250,251,252,253,254,255,256,257,258,259,260]
44367.255765625014 [0,1,2,3,4,5,6,7,8,9] [250,251,252,253,254,255,256,257]
44364.48044444447 [0,1,2,3,4,5,6,7,8,9] [248,249,250,251,252,253,254,255,256,257,258,259]
44363.592359999995 [0,1,2,3,4,5,6,7,8,9] [252,253,254,255,256]
44363.4356401384 [0,1,2,3,4,5,6,7,8,9] [248,249,250,251,252,253,254,255,256,257,258,259,260,261,262,263,264]
44362.26024999999 [0,1,2,3,4,5,6,7,8,9] [251,252]
44362.26024999998 [0,1,2,3,4,5,6,7,8,9] [249,250,251,252,253,254,255,256]
44360.928159999996 [0,1,2,3,4,5,6,7,8,9] [260,261,262,263,264]
44360.04011111112 [0,1,2,3,4,5,6,7,8,9] [249,250,251,252,253,254]
44360.040111111106 [0,1,2,3,4,5,6,7,8,9] [252,253,254]
44358.930062499996 [0,1,2,3,4,5,6,7,8,9] [250,251,252,253]
44356.93201000001 [0,1,2,3,4,5,6,7,8,9] [256,257,258,259,260,261,262,263,264,265]
44356.81091735537 [0,1,2,3,4,5,6,7,8,9] [248,249,250,251,252,253,254,255,256,257,258]
44356.38353287197 [0,1,2,3,4,5,6,7,8,9] [249,250,251,252,253,254,255,256,257,258,259,260,261,262,263,264,265]
44355.60000000002 [0,1,2,3,4,5,6,7,8,9] [252,253,254,255,256,257,258,259,260,261,262,263,264,265]
44355.6 [0,1,2,3,4,5,6,7,8,9] [262,263]
44355.599999999984 [0,1,2,3,4,5,6,7,8,9] [253]
44354.38909917355 [0,1,2,3,4,5,6,7,8,9] [255,256,257,258,259,260,261,262,263,264,265]
44353.10253515624 [0,1,2,3,4,5,6,7,8,9] [250,251,252,253,254,255,256,257,258,259,260,261,262,263,264,265]
44352.936039999986 [0,1,2,3,4,5,6,7,8,9] [251,252,253,254,255,256,257,258,259,260,261,262,263,264,265]
44352.270062499985 [0,1,2,3,4,5,6,7,8,9] [253,254,255,256]
44351.5016331361 [0,1,2,3,4,5,6,7,8,9] [253,254,255,256,257,258,259,260,261,262,263,264,265]
44351.160111111116 [0,1,2,3,4,5,6,7,8,9] [254,255,256,257,258,259,260,261,262,263,264,265]
44351.1601111111 [0,1,2,3,4,5,6,7,8,9] [257,258,259,260,261,262,263,264,265]
44350.27216000002 [0,1,2,3,4,5,6,7,8,9] [250,251,252,253,254]
