[Score] [Station index] [Time slots] 
54226.88444444445 [0,1,2,3,4,6,7,8,9] [255]
54211.361111111095 [0,1,2,3,4,6,7,8,9] [255,256]
54195.84 [0,1,2,3,4,6,7,8,9] [256]
54149.29000000001 [0,1,2,3,4,6,7,8,9] [254,255,256]
54138.94827160493 [0,1,2,3,4,6,7,8,9] [255,256,257]
54126.02250000003 [0,1,2,3,4,6,7,8,9] [254,255]
54110.5136111111 [0,1,2,3,4,6,7,8,9] [255,256,257,258]
54108.96284444445 [0,1,2,3,4,6,7,8,9] [255,256,257,258,259]
54102.76000000001 [0,1,2,3,4,6,7,8,9] [263]
54102.75999999999 [0,1,2,3,4,6,7,8,9] [259]
54098.88340277777 [0,1,2,3,4,6,7,8,9] [253,254,255,256]
54095.006944444445 [0,1,2,3,4,6,7,8,9] [255,256,257,258,259,260]
54095.00694444442 [0,1,2,3,4,6,7,8,9] [256,257]
54093.45640000002 [0,1,2,3,4,6,7,8,9] [254,255,256,257,258]
54085.03954648526 [0,1,2,3,4,6,7,8,9] [254,255,256,257,258,259,260]
54079.50250000002 [0,1,2,3,4,6,7,8,9] [256,257,258,259]
54077.95217777778 [0,1,2,3,4,6,7,8,9] [253,254,255,256,257]
54073.96573696146 [0,1,2,3,4,6,7,8,9] [253,254,255,256,257,258,259]
54071.75111111111 [0,1,2,3,4,6,7,8,9] [263,264]
54069.167438271594 [0,1,2,3,4,6,7,8,9] [253,254,255,256,257,258]
54068.650711111135 [0,1,2,3,4,6,7,8,9] [256,257,258,259,260]
54068.30622770921 [0,1,2,3,4,6,7,8,9] [255,256,257,258,259,260,261,262,263]
54067.87562500002 [0,1,2,3,4,6,7,8,9] [253,254,255,256,257,258,259,260]
54066.5838271605 [0,1,2,3,4,6,7,8,9] [253,254,255]
54065.937934027796 [0,1,2,3,4,6,7,8,9] [254,255,256,257,258,259,260,261]
54065.55039999999 [0,1,2,3,4,6,7,8,9] [255,256,257,258,259,260,261,262,263,264]
54064.00027777779 [0,1,2,3,4,6,7,8,9] [255,256,257,258,259,260,261,262]
54064.00027777777 [0,1,2,3,4,6,7,8,9] [254,255,256,257,258,259,260,261,262,263]
54064.000277777755 [0,1,2,3,4,6,7,8,9] [259,260]
54061.88651056016 [0,1,2,3,4,6,7,8,9] [254,255,256,257,258,259,260,261,262,263,264]
54059.69449931415 [0,1,2,3,4,6,7,8,9] [254,255,256,257,258,259,260,261,262]
54056.25 [0,1,2,3,4,6,7,8,9] [262,263]
54053.431854912764 [0,1,2,3,4,6,7,8,9] [253,254,255,256,257,258,259,260,261,262,263]
54052.805610425254 [0,1,2,3,4,6,7,8,9] [253,254,255,256,257,258,259,260,261]
54052.375069444446 [0,1,2,3,4,6,7,8,9] [253,254,255,256,257,258,259,260,261,262,263,264]
54051.083456790126 [0,1,2,3,4,6,7,8,9] [262,263,264]
54051.08345679011 [0,1,2,3,4,6,7,8,9] [258,259,260]
54050.61378328741 [0,1,2,3,4,6,7,8,9] [255,256,257,258,259,260,261,262,263,264,265]
54048.500277777785 [0,1,2,3,4,6,7,8,9] [256,257,258,259,260,261,262,263]
54048.50027777776 [0,1,2,3,4,6,7,8,9] [254,255,256,257,258,259,260,261,262,263,264,265]
54047.63923182442 [0,1,2,3,4,6,7,8,9] [256,257,258,259,260,261,262,263,264]
54045.91716049382 [0,1,2,3,4,6,7,8,9] [256,257,258,259,260,261]
54040.75111111112 [0,1,2,3,4,6,7,8,9] [253,254,255,256,257,258,259,260,261,262,263,264,265]
54040.75111111111 [0,1,2,3,4,6,7,8,9] [264]
54040.751111111094 [0,1,2,3,4,6,7,8,9] [257,258,259]
54036.87673611111 [0,1,2,3,4,6,7,8,9] [257,258,259,260]
54035.58530864196 [0,1,2,3,4,6,7,8,9] [259,260,261,262,263,264]
54034.552177777776 [0,1,2,3,4,6,7,8,9] [259,260,261,262,263]
54034.29389660494 [0,1,2,3,4,6,7,8,9] [255,256,257,258,259,260,261,262,263,264,265,266]
54034.10941043084 [0,1,2,3,4,6,7,8,9] [258,259,260,261,262,263,264]
54033.598527284674 [0,1,2,3,4,6,7,8,9] [254,255,256,257,258,259,260,261,262,263,264,265,266]
54033.002500000024 [0,1,2,3,4,6,7,8,9] [256,257,258,259,260,261,262,263,264,265]
54033.00249999998 [0,1,2,3,4,6,7,8,9] [258,259,260,261,262,263]
54029.12840277779 [0,1,2,3,4,6,7,8,9] [257,258,259,260,261,262,263,264]
54027.46811791383 [0,1,2,3,4,6,7,8,9] [253,254,255,256,257,258,259,260,261,262,263,264,265,266]
54027.19140625 [0,1,2,3,4,6,7,8,9] [252,253,254,255,256,257,258,259]
54026.97618655693 [0,1,2,3,4,6,7,8,9] [252,253,254,255,256,257,258,259,260]
54025.25444444446 [0,1,2,3,4,6,7,8,9] [270]
54025.254444444436 [0,1,2,3,4,6,7,8,9] [258]
54023.96315586421 [0,1,2,3,4,6,7,8,9] [252,253,254,255,256,257,258,259,260,261,262,263]
54022.15537777779 [0,1,2,3,4,6,7,8,9] [260,261,262,263,264]
54021.38062500002 [0,1,2,3,4,6,7,8,9] [261,262,263,264]
54020.08938271605 [0,1,2,3,4,6,7,8,9] [259,260,261]
54019.056400000016 [0,1,2,3,4,6,7,8,9] [252,253,254,255,256]
54019.05639999998 [0,1,2,3,4,6,7,8,9] [258,259,260,261,262]
54017.506944444445 [0,1,2,3,4,6,7,8,9] [258,259,260,261,262,263,264,265]
54017.50694444442 [0,1,2,3,4,6,7,8,9] [260,261,262,263]
54016.80265381085 [0,1,2,3,4,6,7,8,9] [252,253,254,255,256,257,258,259,260,261,262]
54016.80265381084 [0,1,2,3,4,6,7,8,9] [256,257,258,259,260,261,262,263,264,265,266]
54016.40020408165 [0,1,2,3,4,6,7,8,9] [259,260,261,262,263,264,265]
54016.400204081634 [0,1,2,3,4,6,7,8,9] [252,253,254,255,256,257,258]
54015.95751111111 [0,1,2,3,4,6,7,8,9] [257,258,259,260,261]
54014.92456790126 [0,1,2,3,4,6,7,8,9] [261,262,263]
54014.92456790124 [0,1,2,3,4,6,7,8,9] [257,258,259,260,261,262,263,264,265]
54014.92456790122 [0,1,2,3,4,6,7,8,9] [263,264,265]
54013.63340277776 [0,1,2,3,4,6,7,8,9] [262,263,264,265]
54009.75999999999 [0,1,2,3,4,6,7,8,9] [254,255,256,257,258,259,260,261,262,263,264,265,266,267]
54008.56821170282 [0,1,2,3,4,6,7,8,9] [255,256,257,258,259,260,261,262,263,264,265,266,267]
54005.6285234568 [0,1,2,3,4,6,7,8,9] [252,253,254,255,256,257,258,259,260,261,262,263,264,265,266]
54005.628523456784 [0,1,2,3,4,6,7,8,9] [253,254,255,256,257,258,259,260,261,262,263,264,265,266,267]
54002.013611111106 [0,1,2,3,4,6,7,8,9] [260,261,262,263,264,265]
54000.90702947847 [0,1,2,3,4,6,7,8,9] [251,252,253,254,255,256,257,258,259,260,261,262,263,264]
53999.43160493827 [0,1,2,3,4,6,7,8,9] [258,259,260,261,262,263,264,265,266]
53998.91521111111 [0,1,2,3,4,6,7,8,9] [257,258,259,260,261,262,263,264,265,266]
53997.842708744254 [0,1,2,3,4,6,7,8,9] [251,252,253,254,255,256,257,258,259,260,261,262,263]
53997.36604444445 [0,1,2,3,4,6,7,8,9] [261,262,263,264,265]
53996.20418402777 [0,1,2,3,4,6,7,8,9] [259,260,261,262,263,264,265,266]
53994.26777777778 [0,1,2,3,4,6,7,8,9] [270,271]
53994.267777777764 [0,1,2,3,4,6,7,8,9] [257]
53992.71867777778 [0,1,2,3,4,6,7,8,9] [251,252,253,254,255,256,257,258,259,260]
53990.39506944445 [0,1,2,3,4,6,7,8,9] [256,257,258,259,260,261,262,263,264,265,266,267]
53989.10419753087 [0,1,2,3,4,6,7,8,9] [260,261,262]
53989.104197530854 [0,1,2,3,4,6,7,8,9] [251,252,253,254,255,256,257,258,259,260,261,262]
53987.22659320477 [0,1,2,3,4,6,7,8,9] [251,252,253,254,255,256,257,258,259,260,261]
53986.52250000003 [0,1,2,3,4,6,7,8,9] [253,254]
53986.52249999999 [0,1,2,3,4,6,7,8,9] [252,253,254,255,256,257,258,259,260,261,262,263,264,265,266,267]
53986.00616790124 [0,1,2,3,4,6,7,8,9] [254,255,256,257,258,259,260,261,262,263,264,265,266,267,268]
53985.55437934029 [0,1,2,3,4,6,7,8,9] [251,252,253,254,255,256,257,258,259,260,261,262,263,264,265,266]
53983.6181640625 [0,1,2,3,4,6,7,8,9] [253,254,255,256,257,258,259,260,261,262,263,264,265,266,267,268]
53983.203265306125 [0,1,2,3,4,6,7,8,9] [255,256,257,258,259,260,261,262,263,264,265,266,267,268]
