[Score] [Station index] [Time slots] 
52716.16000000001 [0,1,2,3,4,6,7,8,9] [248]
52647.302500000005 [0,1,2,3,4,6,7,8,9] [248,249]
52644.753086419754 [0,1,2,3,4,6,7,8,9] [246,247,248]
52639.65444444445 [0,1,2,3,4,6,7,8,9] [246]
52628.18340277778 [0,1,2,3,4,6,7,8,9] [246,247,248,249]
52624.36000000001 [0,1,2,3,4,6,7,8,9] [247,248,249]
52614.16493827162 [0,1,2,3,4,6,7,8,9] [248,249,250]
52612.12604444444 [0,1,2,3,4,6,7,8,9] [246,247,248,249,250]
52609.06777777778 [0,1,2,3,4,6,7,8,9] [246,247]
52605.245069444434 [0,1,2,3,4,6,7,8,9] [247,248,249,250]
52596.32595679012 [0,1,2,3,4,6,7,8,9] [246,247,248,249,250,251]
52589.95562499998 [0,1,2,3,4,6,7,8,9] [248,249,250,251]
52587.6624 [0,1,2,3,4,6,7,8,9] [247,248,249,250,251]
52578.49000000002 [0,1,2,3,4,6,7,8,9] [246,247,248,249,250,251,252]
52578.49 [0,1,2,3,4,6,7,8,9] [255]
52568.29938271605 [0,1,2,3,4,6,7,8,9] [247,248,249,250,251,252]
52566.26137777775 [0,1,2,3,4,6,7,8,9] [248,249,250,251,252]
52563.204444444455 [0,1,2,3,4,6,7,8,9] [255,256]
52563.20444444443 [0,1,2,3,4,6,7,8,9] [249,250]
52557.472934027785 [0,1,2,3,4,6,7,8,9] [246,247,248,249,250,251,252,253]
52557.09084444444 [0,1,2,3,4,6,7,8,9] [245,246,247,248,249]
52555.56249999998 [0,1,2,3,4,6,7,8,9] [245,246,247,248,249,250]
52552.50587777778 [0,1,2,3,4,6,7,8,9] [246,247,248,249,250,251,252,253,254,255]
52552.089072543626 [0,1,2,3,4,6,7,8,9] [246,247,248,249,250,251,252,253,254,255,256]
52551.74173611109 [0,1,2,3,4,6,7,8,9] [245,246,247,248]
52550.10430839 [0,1,2,3,4,6,7,8,9] [245,246,247,248,249,250,251]
52549.61914951991 [0,1,2,3,4,6,7,8,9] [246,247,248,249,250,251,252,253,254]
52549.19463734569 [0,1,2,3,4,6,7,8,9] [246,247,248,249,250,251,252,253,254,255,256,257]
52547.921111111136 [0,1,2,3,4,6,7,8,9] [256]
52547.921111111114 [0,1,2,3,4,6,7,8,9] [255,256,257]
52547.9211111111 [0,1,2,3,4,6,7,8,9] [250]
52545.73795918367 [0,1,2,3,4,6,7,8,9] [247,248,249,250,251,252,253]
52543.336544444435 [0,1,2,3,4,6,7,8,9] [247,248,249,250,251,252,253,254,255,256]
52543.21899408285 [0,1,2,3,4,6,7,8,9] [246,247,248,249,250,251,252,253,254,255,256,257,258]
52542.82716049382 [0,1,2,3,4,6,7,8,9] [247,248,249,250,251,252,253,254,255]
52540.97487603307 [0,1,2,3,4,6,7,8,9] [247,248,249,250,251,252,253,254,255,256,257]
52540.280277777776 [0,1,2,3,4,6,7,8,9] [248,249,250,251,252,253]
52539.43133058984 [0,1,2,3,4,6,7,8,9] [248,249,250,251,252,253,254,255,256]
52538.37015624999 [0,1,2,3,4,6,7,8,9] [248,249,250,251,252,253,254,255]
52537.73345679013 [0,1,2,3,4,6,7,8,9] [254,255,256]
52537.22410000002 [0,1,2,3,4,6,7,8,9] [248,249,250,251,252,253,254,255,256,257]
52535.186697530866 [0,1,2,3,4,6,7,8,9] [247,248,249,250,251,252,253,254,255,256,257,258]
52532.64 [0,1,2,3,4,6,7,8,9] [256,257]
52531.250918273654 [0,1,2,3,4,6,7,8,9] [248,249,250,251,252,253,254,255,256,257,258]
52530.73001736113 [0,1,2,3,4,6,7,8,9] [244,245,246,247,248,249,250,251]
52530.093364197535 [0,1,2,3,4,6,7,8,9] [244,245,246,247,248,249]
52528.82006944445 [0,1,2,3,4,6,7,8,9] [255,256,257,258]
52527.93856673243 [0,1,2,3,4,6,7,8,9] [245,246,247,248,249,250,251,252,253,254,255,256,257]
52527.083783287424 [0,1,2,3,4,6,7,8,9] [245,246,247,248,249,250,251,252,253,254,255]
52526.09163265307 [0,1,2,3,4,6,7,8,9] [246,247,248,249,250,251,252,253,254,255,256,257,258,259]
52525.84910836764 [0,1,2,3,4,6,7,8,9] [245,246,247,248,249,250,251,252,253]
52524.151454046645 [0,1,2,3,4,6,7,8,9] [244,245,246,247,248,249,250,251,252]
52523.90893424035 [0,1,2,3,4,6,7,8,9] [245,246,247,248,249,250,251,252,253,254,255,256,257,258]
52521.94454444446 [0,1,2,3,4,6,7,8,9] [245,246,247,248,249,250,251,252,253,254]
52520.41671111111 [0,1,2,3,4,6,7,8,9] [254,255,256,257,258]
52518.53633136096 [0,1,2,3,4,6,7,8,9] [244,245,246,247,248,249,250,251,252,253,254,255,256]
52518.45238662131 [0,1,2,3,4,6,7,8,9] [244,245,246,247,248,249,250,251,252,253,254,255,256,257]
52517.36111111113 [0,1,2,3,4,6,7,8,9] [247,248,249,250,251,252,253,254,255,256,257,258,259]
52517.36111111111 [0,1,2,3,4,6,7,8,9] [257]
52517.361111111095 [0,1,2,3,4,6,7,8,9] [249,250,251,252,253,254,255,256,257]
52516.08797067903 [0,1,2,3,4,6,7,8,9] [244,245,246,247,248,249,250,251,252,253,254,255]
52515.32409382716 [0,1,2,3,4,6,7,8,9] [244,245,246,247,248,249,250,251,252,253,254,255,256,257,258]
52513.96610425241 [0,1,2,3,4,6,7,8,9] [243,244,245,246,247,248,249,250,251]
52513.54173611112 [0,1,2,3,4,6,7,8,9] [243,244,245,246,247,248,249,250]
52512.99612244899 [0,1,2,3,4,6,7,8,9] [249,250,251,252,253,254,255]
52512.777877777786 [0,1,2,3,4,6,7,8,9] [249,250,251,252,253,254,255,256,257,258]
52512.268641975315 [0,1,2,3,4,6,7,8,9] [248,249,250,251,252,253,254,255,256,257,258,259]
52512.26864197529 [0,1,2,3,4,6,7,8,9] [250,251,252]
52510.41689623508 [0,1,2,3,4,6,7,8,9] [244,245,246,247,248,249,250,251,252,253,254]
52509.7225 [0,1,2,3,4,6,7,8,9] [250,251,252,253,254,255,256,257]
52509.21327901235 [0,1,2,3,4,6,7,8,9] [245,246,247,248,249,250,251,252,253,254,255,256,257,258,259]
52509.0281083563 [0,1,2,3,4,6,7,8,9] [242,243,244,245,246,247,248,249,250,251,252]
52508.76771267361 [0,1,2,3,4,6,7,8,9] [242,243,244,245,246,247,248,249,250,251,252,253,254,255,256,257]
52508.63131519275 [0,1,2,3,4,6,7,8,9] [250,251,252,253,254,255,256]
52508.19484444445 [0,1,2,3,4,6,7,8,9] [253,254,255,256,257]
52507.812934027796 [0,1,2,3,4,6,7,8,9] [242,243,244,245,246,247,248,249]
52506.8581640625 [0,1,2,3,4,6,7,8,9] [243,244,245,246,247,248,249,250,251,252,253,254,255,256,257,258]
52506.577351018816 [0,1,2,3,4,6,7,8,9] [242,243,244,245,246,247,248,249,250,251,252,253,254,255,256,257,258]
52505.90340277779 [0,1,2,3,4,6,7,8,9] [253,254,255,256]
52505.609631821186 [0,1,2,3,4,6,7,8,9] [243,244,245,246,247,248,249,250,251,252,253,254,255]
52505.47906721536 [0,1,2,3,4,6,7,8,9] [250,251,252,253,254,255,256,257,258]
52505.35782879819 [0,1,2,3,4,6,7,8,9] [242,243,244,245,246,247,248,249,250,251,252,253,254,255]
52505.13959999997 [0,1,2,3,4,6,7,8,9] [249,250,251,252,253]
52504.26668934239 [0,1,2,3,4,6,7,8,9] [251,252,253,254,255,256,257]
52502.08444444446 [0,1,2,3,4,6,7,8,9] [244,245,246,247,248,249,250,251,252,253,254,255,256,257,258,259]
52502.08444444444 [0,1,2,3,4,6,7,8,9] [253,254,255,256,257,258]
52502.08444444442 [0,1,2,3,4,6,7,8,9] [251,252,253,254,255,256]
52501.066079012344 [0,1,2,3,4,6,7,8,9] [246,247,248,249,250,251,252,253,254,255,256,257,258,259,260]
52500.81148919753 [0,1,2,3,4,6,7,8,9] [242,243,244,245,246,247,248,249,250,251,252,253]
52500.69576675848 [0,1,2,3,4,6,7,8,9] [243,244,245,246,247,248,249,250,251,252,253]
52500.1750173611 [0,1,2,3,4,6,7,8,9] [251,252,253,254,255,256,257,258]
52499.734385272845 [0,1,2,3,4,6,7,8,9] [242,243,244,245,246,247,248,249,250,251,252,253,254]
52499.53854938271 [0,1,2,3,4,6,7,8,9] [243,244,245,246,247,248,249,250,251,252,253,254]
52499.0293777778 [0,1,2,3,4,6,7,8,9] [252,253,254,255,256]
52497.72009070296 [0,1,2,3,4,6,7,8,9] [242,243,244,245,246,247,248]
52497.72009070294 [0,1,2,3,4,6,7,8,9] [252,253,254,255,256,257,258]
52496.9927160494 [0,1,2,3,4,6,7,8,9] [243,244,245,246,247,248]
52496.99271604938 [0,1,2,3,4,6,7,8,9] [245,246,247]
52495.2955281207 [0,1,2,3,4,6,7,8,9] [242,243,244,245,246,247,248,249,250,251,252,253,254,255,256,257,258,259]
52494.89619377161 [0,1,2,3,4,6,7,8,9] [243,244,245,246,247,248,249,250,251,252,253,254,255,256,257,258,259]
