[Score] [Station index] [Time slots] 
36808.48900000001 [0,1,2,3,4,5,6,7,8,9] [251]
36796.35600000001 [0,1,2,3,4,5,6,7,8,9] [248]
36747.844 [0,1,2,3,4,5,6,7,8,9] [250,251]
36729.66024999999 [0,1,2,3,4,5,6,7,8,9] [248,249,250,251]
36717.540250000005 [0,1,2,3,4,5,6,7,8,9] [247,248]
36711.481000000014 [0,1,2,3,4,5,6,7,8,9] [247,248,249,250,251]
36711.480999999985 [0,1,2,3,4,5,6,7,8,9] [248,249]
36707.44177777778 [0,1,2,3,4,5,6,7,8,9] [249,250,251]
36703.40277777778 [0,1,2,3,4,5,6,7,8,9] [248,249,250]
36699.363999999994 [0,1,2,3,4,5,6,7,8,9] [258]
36687.249 [0,1,2,3,4,5,6,7,8,9] [247,248,249,250]
36687.248999999996 [0,1,2,3,4,5,6,7,8,9] [250]
36684.826239999995 [0,1,2,3,4,5,6,7,8,9] [248,249,250,251,252]
36677.15469444445 [0,1,2,3,4,5,6,7,8,9] [247,248,249,250,251,252]
36675.136000000006 [0,1,2,3,4,5,6,7,8,9] [246,247,248,249,250,251]
36667.06177777779 [0,1,2,3,4,5,6,7,8,9] [250,251,252]
36661.00669444444 [0,1,2,3,4,5,6,7,8,9] [248,249,250,251,252,253]
36657.83518367347 [0,1,2,3,4,5,6,7,8,9] [247,248,249,250,251,252,253]
36656.970250000006 [0,1,2,3,4,5,6,7,8,9] [249,250,251,252]
36656.97024999999 [0,1,2,3,4,5,6,7,8,9] [251,252]
36652.64573469389 [0,1,2,3,4,5,6,7,8,9] [248,249,250,251,252,253,254]
36650.91600000001 [0,1,2,3,4,5,6,7,8,9] [247,248,249,250,251,252,253,254]
36650.916 [0,1,2,3,4,5,6,7,8,9] [246,247,248,249,250,251,252]
36648.49444000002 [0,1,2,3,4,5,6,7,8,9] [246,247,248,249,250]
36642.84444444445 [0,1,2,3,4,5,6,7,8,9] [246,247,248]
36641.83556250001 [0,1,2,3,4,5,6,7,8,9] [248,249,250,251,252,253,254,255]
36641.49927160494 [0,1,2,3,4,5,6,7,8,9] [247,248,249,250,251,252,253,254,255]
36638.80900000001 [0,1,2,3,4,5,6,7,8,9] [246,247,248,249]
36637.29576562501 [0,1,2,3,4,5,6,7,8,9] [246,247,248,249,250,251,252,253]
36635.7825625 [0,1,2,3,4,5,6,7,8,9] [250,251,252,253]
36633.96676000001 [0,1,2,3,4,5,6,7,8,9] [249,250,251,252,253]
36633.428753086424 [0,1,2,3,4,5,6,7,8,9] [246,247,248,249,250,251,252,253,254]
36629.12483999999 [0,1,2,3,4,5,6,7,8,9] [250,251,252,253,254]
36628.7213611111 [0,1,2,3,4,5,6,7,8,9] [249,250,251,252,253,254]
36626.70399999999 [0,1,2,3,4,5,6,7,8,9] [246,247,248,249,250,251,252,253,254,255]
36625.49360999999 [0,1,2,3,4,5,6,7,8,9] [247,248,249,250,251,252,253,254,255,256]
36624.01427160494 [0,1,2,3,4,5,6,7,8,9] [248,249,250,251,252,253,254,255,256]
36619.787755102036 [0,1,2,3,4,5,6,7,8,9] [249,250,251,252,253,254,255]
36618.63511111112 [0,1,2,3,4,5,6,7,8,9] [250,251,252,253,254,255]
36618.635111111114 [0,1,2,3,4,5,6,7,8,9] [251,252,253]
36618.05879591836 [0,1,2,3,4,5,6,7,8,9] [245,246,247,248,249,250,251]
36617.6265625 [0,1,2,3,4,5,6,7,8,9] [247,248,249,250,251,252,253,254,255,256,257,258]
36615.70119008265 [0,1,2,3,4,5,6,7,8,9] [248,249,250,251,252,253,254,255,256,257,258]
36614.601 [0,1,2,3,4,5,6,7,8,9] [251,252,253,254]
36613.50082644629 [0,1,2,3,4,5,6,7,8,9] [246,247,248,249,250,251,252,253,254,255,256]
36610.20040495868 [0,1,2,3,4,5,6,7,8,9] [247,248,249,250,251,252,253,254,255,256,257]
36609.01567455621 [0,1,2,3,4,5,6,7,8,9] [247,248,249,250,251,252,253,254,255,256,257,258,259]
36608.08482840237 [0,1,2,3,4,5,6,7,8,9] [246,247,248,249,250,251,252,253,254,255,256,257,258]
36607.34016 [0,1,2,3,4,5,6,7,8,9] [248,249,250,251,252,253,254,255,256,257]
36606.53344444444 [0,1,2,3,4,5,6,7,8,9] [248,249,250,251,252,253,254,255,256,257,258,259]
36604.92004 [0,1,2,3,4,5,6,7,8,9] [251,252,253,254,255]
36604.01251562501 [0,1,2,3,4,5,6,7,8,9] [245,246,247,248,249,250,251,252]
36602.500000000015 [0,1,2,3,4,5,6,7,8,9] [247,248,249,250,251,252,253,254,255,256,257,258,259,260]
36602.5 [0,1,2,3,4,5,6,7,8,9] [258,259]
36600.77144897959 [0,1,2,3,4,5,6,7,8,9] [246,247,248,249,250,251,252,253,254,255,256,257,258,259]
36600.48336111112 [0,1,2,3,4,5,6,7,8,9] [246,247,248,249,250,251,252,253,254,255,256,257]
36599.70774556215 [0,1,2,3,4,5,6,7,8,9] [248,249,250,251,252,253,254,255,256,257,258,259,260]
36599.04293877551 [0,1,2,3,4,5,6,7,8,9] [250,251,252,253,254,255,256]
36597.66016000001 [0,1,2,3,4,5,6,7,8,9] [249,250,251,252,253,254,255,256,257,258]
36597.12241975308 [0,1,2,3,4,5,6,7,8,9] [245,246,247,248,249,250,251,252,253]
36595.24036000001 [0,1,2,3,4,5,6,7,8,9] [246,247,248,249,250,251,252,253,254,255,256,257,258,259,260]
36594.800404958674 [0,1,2,3,4,5,6,7,8,9] [245,246,247,248,249,250,251,252,253,254,255]
36594.43377777777 [0,1,2,3,4,5,6,7,8,9] [247,248,249,250,251,252,253,254,255,256,257,258,259,260,261]
36591.26514795919 [0,1,2,3,4,5,6,7,8,9] [248,249,250,251,252,253,254,255,256,257,258,259,260,261]
36589.30119008264 [0,1,2,3,4,5,6,7,8,9] [249,250,251,252,253,254,255,256,257,258,259]
36588.132660156254 [0,1,2,3,4,5,6,7,8,9] [246,247,248,249,250,251,252,253,254,255,256,257,258,259,260,261]
36586.36844444443 [0,1,2,3,4,5,6,7,8,9] [249,250,251,252,253,254,255,256,257]
36585.561959999985 [0,1,2,3,4,5,6,7,8,9] [250,251,252,253,254,255,256,257,258,259]
36585.360340277795 [0,1,2,3,4,5,6,7,8,9] [245,246,247,248,249,250,251,252,253,254,255,256]
36584.35225 [0,1,2,3,4,5,6,7,8,9] [245,246,247,248,249,250,251,252,253,254,255,256,257,258]
36583.3441736111 [0,1,2,3,4,5,6,7,8,9] [249,250,251,252,253,254,255,256,257,258,259,260]
36582.840140625 [0,1,2,3,4,5,6,7,8,9] [251,252,253,254,255,256,257,258]
36581.32806249999 [0,1,2,3,4,5,6,7,8,9] [250,251,252,253,254,255,256,257]
36579.403644628095 [0,1,2,3,4,5,6,7,8,9] [250,251,252,253,254,255,256,257,258,259,260]
36579.11040444444 [0,1,2,3,4,5,6,7,8,9] [245,246,247,248,249,250,251,252,253,254,255,256,257,258,259]
36578.30399999999 [0,1,2,3,4,5,6,7,8,9] [257,258]
36575.51266863906 [0,1,2,3,4,5,6,7,8,9] [249,250,251,252,253,254,255,256,257,258,259,260,261]
36575.28006250001 [0,1,2,3,4,5,6,7,8,9] [245,246,247,248,249,250,251,252,253,254,255,256,257,258,259,260]
36574.27211111111 [0,1,2,3,4,5,6,7,8,9] [258,259,260]
36572.25625 [0,1,2,3,4,5,6,7,8,9] [253,254]
36571.24834027778 [0,1,2,3,4,5,6,7,8,9] [250,251,252,253,254,255,256,257,258,259,260,261]
36570.24044444445 [0,1,2,3,4,5,6,7,8,9] [253,254,255]
36569.76614532872 [0,1,2,3,4,5,6,7,8,9] [245,246,247,248,249,250,251,252,253,254,255,256,257,258,259,260,261]
36568.62784 [0,1,2,3,4,5,6,7,8,9] [251,252,253,254,255,256,257,258,259,260]
36566.20900000001 [0,1,2,3,4,5,6,7,8,9] [251,252,253,254,255,256,257]
36563.94141015624 [0,1,2,3,4,5,6,7,8,9] [247,248,249,250,251,252,253,254,255,256,257,258,259,260,261,262]
36561.371560000014 [0,1,2,3,4,5,6,7,8,9] [254,255,256,257,258]
36560.71193388429 [0,1,2,3,4,5,6,7,8,9] [251,252,253,254,255,256,257,258,259,260,261]
36559.80657439446 [0,1,2,3,4,5,6,7,8,9] [246,247,248,249,250,251,252,253,254,255,256,257,258,259,260,261,262]
36558.95296 [0,1,2,3,4,5,6,7,8,9] [248,249,250,251,252,253,254,255,256,257,258,259,260,261,262]
36558.14677777777 [0,1,2,3,4,5,6,7,8,9] [253,254,255,256,257,258]
36554.116 [0,1,2,3,4,5,6,7,8,9] [257,258,259]
36552.10069444445 [0,1,2,3,4,5,6,7,8,9] [254,255,256,257,258,259]
36551.093062500004 [0,1,2,3,4,5,6,7,8,9] [258,259,260,261]
36551.09306249999 [0,1,2,3,4,5,6,7,8,9] [255,256,257,258]
36550.66122448981 [0,1,2,3,4,5,6,7,8,9] [253,254,255,256,257,258,259]
36550.085444444456 [0,1,2,3,4,5,6,7,8,9] [254,255,256]
36548.070250000004 [0,1,2,3,4,5,6,7,8,9] [253,254,255,256]
36547.2066122449 [0,1,2,3,4,5,6,7,8,9] [254,255,256,257,258,259,260]
36546.55889062499 [0,1,2,3,4,5,6,7,8,9] [253,254,255,256,257,258,259,260]
