[Score] [Station index] [Time slots] 
52635.025 [0,1,2,3,4,5,6,7,8,9] [245]
52591.504 [0,1,2,3,4,5,6,7,8,9] [244,245]
52569.750250000005 [0,1,2,3,4,5,6,7,8,9] [245,246]
52562.5 [0,1,2,3,4,5,6,7,8,9] [244,245,246]
52557.66677777776 [0,1,2,3,4,5,6,7,8,9] [245,246,247]
52555.250250000005 [0,1,2,3,4,5,6,7,8,9] [244,245,246,247]
52548.001000000004 [0,1,2,3,4,5,6,7,8,9] [244]
52533.504000000015 [0,1,2,3,4,5,6,7,8,9] [247]
52519.008999999984 [0,1,2,3,4,5,6,7,8,9] [246,247]
52504.516 [0,1,2,3,4,5,6,7,8,9] [252]
52490.025 [0,1,2,3,4,5,6,7,8,9] [254]
52475.53600000001 [0,1,2,3,4,5,6,7,8,9] [245,246,247,248]
52455.254759999996 [0,1,2,3,4,5,6,7,8,9] [243,244,245,246,247]
52435.7015625 [0,1,2,3,4,5,6,7,8,9] [243,244,245,246]
52422.42677777777 [0,1,2,3,4,5,6,7,8,9] [244,245,246,247,248,249]
52420.01336111111 [0,1,2,3,4,5,6,7,8,9] [242,243,244,245,246,247]
52417.6 [0,1,2,3,4,5,6,7,8,9] [243,244,245,246,247,248]
52412.77344444445 [0,1,2,3,4,5,6,7,8,9] [243,244,245]
52410.360250000005 [0,1,2,3,4,5,6,7,8,9] [251,252]
52403.121 [0,1,2,3,4,5,6,7,8,9] [244,245,246,247,248,249,250,251,252]
52401.05273469389 [0,1,2,3,4,5,6,7,8,9] [244,245,246,247,248,249,250]
52397.32996 [0,1,2,3,4,5,6,7,8,9] [245,246,247,248,249]
52392.780081632685 [0,1,2,3,4,5,6,7,8,9] [242,243,244,245,246,247,248]
52390.453515625 [0,1,2,3,4,5,6,7,8,9] [244,245,246,247,248,249,250,251]
52388.64399999998 [0,1,2,3,4,5,6,7,8,9] [244,245,246,247,248,249,250,251,252,253,254]
52385.02506249998 [0,1,2,3,4,5,6,7,8,9] [245,246,247,248,249,250,251,252]
52383.81877777778 [0,1,2,3,4,5,6,7,8,9] [252,253,254]
52381.406250000015 [0,1,2,3,4,5,6,7,8,9] [247,248]
52378.51129 [0,1,2,3,4,5,6,7,8,9] [244,245,246,247,248,249,250,251,252,253]
52376.581361111115 [0,1,2,3,4,5,6,7,8,9] [245,246,247,248,249,250]
52374.16900000001 [0,1,2,3,4,5,6,7,8,9] [241,242,243,244,245,246,247]
52372.72161000001 [0,1,2,3,4,5,6,7,8,9] [245,246,247,248,249,250,251,252,253,254]
52370.55056249999 [0,1,2,3,4,5,6,7,8,9] [242,243,244,245]
52370.03365306124 [0,1,2,3,4,5,6,7,8,9] [243,244,245,246,247,248,249]
52368.37955999998 [0,1,2,3,4,5,6,7,8,9] [243,244,245,246,247,248,249,250,251,252]
52367.96604081634 [0,1,2,3,4,5,6,7,8,9] [245,246,247,248,249,250,251]
52366.93225 [0,1,2,3,4,5,6,7,8,9] [251,252,253,254]
52364.520111111095 [0,1,2,3,4,5,6,7,8,9] [250,251,252]
52360.90200694445 [0,1,2,3,4,5,6,7,8,9] [243,244,245,246,247,248,249,250,251,252,253,254]
52359.69599999998 [0,1,2,3,4,5,6,7,8,9] [245,246,247,248,249,250,251,252,253]
52357.887015625 [0,1,2,3,4,5,6,7,8,9] [243,244,245,246,247,248,249,250]
52357.064760330584 [0,1,2,3,4,5,6,7,8,9] [242,243,244,245,246,247,248,249,250,251,252]
52356.078062500004 [0,1,2,3,4,5,6,7,8,9] [241,242,243,244,245,246,247,248]
52354.269140625 [0,1,2,3,4,5,6,7,8,9] [242,243,244,245,246,247,248,249]
52353.264197530865 [0,1,2,3,4,5,6,7,8,9] [243,244,245,246,247,248,249,250,251]
52351.90367455622 [0,1,2,3,4,5,6,7,8,9] [242,243,244,245,246,247,248,249,250,251,252,253,254]
52349.35936734691 [0,1,2,3,4,5,6,7,8,9] [246,247,248,249,250,251,252]
52349.17143801653 [0,1,2,3,4,5,6,7,8,9] [243,244,245,246,247,248,249,250,251,252,253]
52348.11904 [0,1,2,3,4,5,6,7,8,9] [250,251,252,253,254]
52347.636694444445 [0,1,2,3,4,5,6,7,8,9] [241,242,243,244,245,246]
52345.225 [0,1,2,3,4,5,6,7,8,9] [242,243,244,245,246,247,248,249,250]
52343.61723456789 [0,1,2,3,4,5,6,7,8,9] [246,247,248,249,250,251,252,253,254]
52342.33104000002 [0,1,2,3,4,5,6,7,8,9] [242,243,244,245,246,247,248,249,250,251]
52340.40177777778 [0,1,2,3,4,5,6,7,8,9] [242,243,244,245,246,247,248,249,250,251,252,253]
52337.99024999999 [0,1,2,3,4,5,6,7,8,9] [246,247,248,249]
52335.57877777779 [0,1,2,3,4,5,6,7,8,9] [241,242,243,244,245,246,247,248,249,250,251,252]
52333.856331632654 [0,1,2,3,4,5,6,7,8,9] [241,242,243,244,245,246,247,248,249,250,251,252,253,254]
52330.75599999998 [0,1,2,3,4,5,6,7,8,9] [252,253]
52328.344694444444 [0,1,2,3,4,5,6,7,8,9] [244,245,246,247,248,249,250,251,252,253,254,255]
52325.93344444446 [0,1,2,3,4,5,6,7,8,9] [241,242,243,244,245,246,247,248,249]
52325.93344444445 [0,1,2,3,4,5,6,7,8,9] [251,252,253]
52325.33064062499 [0,1,2,3,4,5,6,7,8,9] [246,247,248,249,250,251,252,253]
52324.968960000006 [0,1,2,3,4,5,6,7,8,9] [246,247,248,249,250]
52323.52225 [0,1,2,3,4,5,6,7,8,9] [247,248,249,250,251,252,253,254]
52323.52224999999 [0,1,2,3,4,5,6,7,8,9] [253,254]
52321.85299408285 [0,1,2,3,4,5,6,7,8,9] [241,242,243,244,245,246,247,248,249,250,251,252,253]
52320.62889000002 [0,1,2,3,4,5,6,7,8,9] [241,242,243,244,245,246,247,248,249,250]
52320.23434710746 [0,1,2,3,4,5,6,7,8,9] [241,242,243,244,245,246,247,248,249,250,251]
52316.289000000004 [0,1,2,3,4,5,6,7,8,9] [236]
52316.289 [0,1,2,3,4,5,6,7,8,9] [251]
52312.67256250001 [0,1,2,3,4,5,6,7,8,9] [250,251,252,253]
52308.398752066096 [0,1,2,3,4,5,6,7,8,9] [245,246,247,248,249,250,251,252,253,254,255]
52307.387224852064 [0,1,2,3,4,5,6,7,8,9] [243,244,245,246,247,248,249,250,251,252,253,254,255]
52305.161899408275 [0,1,2,3,4,5,6,7,8,9] [244,245,246,247,248,249,250,251,252,253,254,255,256]
52304.23469444444 [0,1,2,3,4,5,6,7,8,9] [249,250,251,252,253,254]
52302.85714795918 [0,1,2,3,4,5,6,7,8,9] [242,243,244,245,246,247,248,249,250,251,252,253,254,255]
52301.82400000001 [0,1,2,3,4,5,6,7,8,9] [243,244]
52299.75773469386 [0,1,2,3,4,5,6,7,8,9] [247,248,249,250,251,252,253]
52294.59225000001 [0,1,2,3,4,5,6,7,8,9] [249,250,251,252]
52293.55918367348 [0,1,2,3,4,5,6,7,8,9] [248,249,250,251,252,253,254]
52289.28928444444 [0,1,2,3,4,5,6,7,8,9] [241,242,243,244,245,246,247,248,249,250,251,252,253,254,255]
52288.32513777776 [0,1,2,3,4,5,6,7,8,9] [240,241,242,243,244,245,246,247,248,249,250,251,252,253,254]
52287.361000000004 [0,1,2,3,4,5,6,7,8,9] [243,244,245,246,247,248,249,250,251,252,253,254,255,256]
52284.95069444445 [0,1,2,3,4,5,6,7,8,9] [245,246,247,248,249,250,251,252,253,254,255,256]
52284.46863999999 [0,1,2,3,4,5,6,7,8,9] [242,243,244,245,246,247,248,249,250,251,252,253,254,255,256]
52283.74556250001 [0,1,2,3,4,5,6,7,8,9] [240,241,242,243,244,245,246,247]
52282.911248520715 [0,1,2,3,4,5,6,7,8,9] [240,241,242,243,244,245,246,247,248,249,250,251,252]
52282.54044444445 [0,1,2,3,4,5,6,7,8,9] [247,248,249]
52281.57635999998 [0,1,2,3,4,5,6,7,8,9] [248,249,250,251,252]
52280.130249999995 [0,1,2,3,4,5,6,7,8,9] [247,248,249,250]
52277.720111111135 [0,1,2,3,4,5,6,7,8,9] [240,241,242,243,244,245,246,247,248]
52275.998617346944 [0,1,2,3,4,5,6,7,8,9] [244,245,246,247,248,249,250,251,252,253,254,255,256,257]
52275.792040000015 [0,1,2,3,4,5,6,7,8,9] [246,247,248,249,250,251,252,253,254,255]
52273.93286224491 [0,1,2,3,4,5,6,7,8,9] [240,241,242,243,244,245,246,247,248,249,250,251,252,253]
52272.9 [0,1,2,3,4,5,6,7,8,9] [241,242,243,244,245,246,247,248,249,250,251,252,253,254,255,256]
52267.116160000005 [0,1,2,3,4,5,6,7,8,9] [249,250,251,252,253]
52264.46534027777 [0,1,2,3,4,5,6,7,8,9] [240,241,242,243,244,245,246,247,248,249,250,251]
52261.33264000001 [0,1,2,3,4,5,6,7,8,9] [243,244,245,246,247,248,249,250,251,252,253,254,255,256,257]
52260.85069444445 [0,1,2,3,4,5,6,7,8,9] [248,249,250,251,252,253]
52260.248265625 [0,1,2,3,4,5,6,7,8,9] [242,243,244,245,246,247,248,249,250,251,252,253,254,255,256,257]
