[Score] [Station index] [Time slots] 
45895.9211111111 [0,1,2,3,4,6,7,8,9] [228]
45867.36111111111 [0,1,2,3,4,6,7,8,9] [228,229]
45845.94694444445 [0,1,2,3,4,6,7,8,9] [227,228]
45843.56790123458 [0,1,2,3,4,6,7,8,9] [227,228,229]
45838.81000000001 [0,1,2,3,4,6,7,8,9] [229]
45796.0 [0,1,2,3,4,6,7,8,9] [227]
45785.300624999996 [0,1,2,3,4,6,7,8,9] [226,227,228,229]
45778.16840277778 [0,1,2,3,4,6,7,8,9] [227,228,229,230]
45772.225308641966 [0,1,2,3,4,6,7,8,9] [228,229,230]
45767.4711111111 [0,1,2,3,4,6,7,8,9] [226,227,228]
45753.21000000001 [0,1,2,3,4,6,7,8,9] [227,228,229,230,231]
45744.6544 [0,1,2,3,4,6,7,8,9] [226,227,228,229,230]
45742.515625 [0,1,2,3,4,6,7,8,9] [228,229,230,231]
45731.822499999995 [0,1,2,3,4,6,7,8,9] [227,228,229,230,231,232]
45729.44641975308 [0,1,2,3,4,6,7,8,9] [226,227,228,229,230,231]
45728.7675510204 [0,1,2,3,4,6,7,8,9] [227,228,229,230,231,232,233]
45721.84337777776 [0,1,2,3,4,6,7,8,9] [225,226,227,228,229]
45718.99240000001 [0,1,2,3,4,6,7,8,9] [228,229,230,231,232]
45717.56694444445 [0,1,2,3,4,6,7,8,9] [228,229,230,231,232,233]
45714.51247165531 [0,1,2,3,4,6,7,8,9] [226,227,228,229,230,231,232]
45714.00340277777 [0,1,2,3,4,6,7,8,9] [226,227,228,229,230,231,232,233]
45710.439999999995 [0,1,2,3,4,6,7,8,9] [233]
45703.31361111111 [0,1,2,3,4,6,7,8,9] [226,227]
45698.56299382715 [0,1,2,3,4,6,7,8,9] [225,226,227,228,229,230]
45697.96918402778 [0,1,2,3,4,6,7,8,9] [227,228,229,230,231,232,233,234]
45692.625069444446 [0,1,2,3,4,6,7,8,9] [225,226,227,228]
45692.116122448984 [0,1,2,3,4,6,7,8,9] [225,226,227,228,229,230,231]
45691.4375308642 [0,1,2,3,4,6,7,8,9] [229,230,231]
45688.270836762684 [0,1,2,3,4,6,7,8,9] [226,227,228,229,230,231,232,233,234]
45686.68753086418 [0,1,2,3,4,6,7,8,9] [225,226,227,228,229,230,231,232,233]
45683.97335600907 [0,1,2,3,4,6,7,8,9] [228,229,230,231,232,233,234]
45683.71890625 [0,1,2,3,4,6,7,8,9] [225,226,227,228,229,230,231,232]
45681.937777777785 [0,1,2,3,4,6,7,8,9] [229,230,231,232,233]
45674.81361111112 [0,1,2,3,4,6,7,8,9] [229,230,231,232]
45667.68999999999 [0,1,2,3,4,6,7,8,9] [232,233]
45666.26534444444 [0,1,2,3,4,6,7,8,9] [225,226,227,228,229,230,231,232,233,234]
45662.941234567894 [0,1,2,3,4,6,7,8,9] [231,232,233]
45653.444444444445 [0,1,2,3,4,6,7,8,9] [231]
45648.69641975309 [0,1,2,3,4,6,7,8,9] [227,228,229,230,231,232,233,234,235]
45644.89817777779 [0,1,2,3,4,6,7,8,9] [226,227,228,229,230,231,232,233,234,235]
45642.761736111104 [0,1,2,3,4,6,7,8,9] [230,231,232,233]
45639.20111111111 [0,1,2,3,4,6,7,8,9] [231,232]
45630.30015624999 [0,1,2,3,4,6,7,8,9] [228,229,230,231,232,233,234,235]
45628.843719008255 [0,1,2,3,4,6,7,8,9] [225,226,227,228,229,230,231,232,233,234,235]
45624.96000000001 [0,1,2,3,4,6,7,8,9] [225,226,227]
45624.95999999999 [0,1,2,3,4,6,7,8,9] [232]
45623.53601111112 [0,1,2,3,4,6,7,8,9] [224,225,226,227,228,229,230,231,232,233]
45620.213456790116 [0,1,2,3,4,6,7,8,9] [230,231,232]
45617.84027777778 [0,1,2,3,4,6,7,8,9] [231,232,233,234]
45617.84027777776 [0,1,2,3,4,6,7,8,9] [230,231]
45613.885116598074 [0,1,2,3,4,6,7,8,9] [224,225,226,227,228,229,230,231,232]
45612.50085069446 [0,1,2,3,4,6,7,8,9] [224,225,226,227,228,229,230,231]
45610.72111111112 [0,1,2,3,4,6,7,8,9] [224,225,226,227,228,229,230,231,232,233,234]
45610.7211111111 [0,1,2,3,4,6,7,8,9] [230,231,232,233,234]
45606.65326530614 [0,1,2,3,4,6,7,8,9] [224,225,226,227,228,229,230]
45605.97530864199 [0,1,2,3,4,6,7,8,9] [232,233,234]
45600.366951331496 [0,1,2,3,4,6,7,8,9] [226,227,228,229,230,231,232,233,234,235,236]
45599.331600000005 [0,1,2,3,4,6,7,8,9] [227,228,229,230,231,232,233,234,235,236]
45596.48444444443 [0,1,2,3,4,6,7,8,9] [233,234]
45592.41723356009 [0,1,2,3,4,6,7,8,9] [229,230,231,232,233,234,235]
45589.36694444444 [0,1,2,3,4,6,7,8,9] [225,226,227,228,229,230,231,232,233,234,235,236]
45582.25 [0,1,2,3,4,6,7,8,9] [230]
45581.06389660494 [0,1,2,3,4,6,7,8,9] [224,225,226,227,228,229,230,231,232,233,234,235]
45577.50567901235 [0,1,2,3,4,6,7,8,9] [228,229,230,231,232,233,234,235,236]
45569.203711419745 [0,1,2,3,4,6,7,8,9] [226,227,228,229,230,231,232,233,234,235,236,237]
45565.43033976123 [0,1,2,3,4,6,7,8,9] [227,228,229,230,231,232,233,234,235,236,237]
45565.1716 [0,1,2,3,4,6,7,8,9] [224,225,226,227,228]
45561.44980933597 [0,1,2,3,4,6,7,8,9] [225,226,227,228,229,230,231,232,233,234,235,236,237]
45553.78777777779 [0,1,2,3,4,6,7,8,9] [223,224,225,226,227,228,229,230,231,232,233]
45551.41632716051 [0,1,2,3,4,6,7,8,9] [230,231,232,233,234,235]
45548.31529257069 [0,1,2,3,4,6,7,8,9] [224,225,226,227,228,229,230,231,232,233,234,235,236]
45547.859266975305 [0,1,2,3,4,6,7,8,9] [223,224,225,226,227,228,229,230,231,232,233,234]
45546.126390532554 [0,1,2,3,4,6,7,8,9] [226,227,228,229,230,231,232,233,234,235,236,237,238]
45545.25084444445 [0,1,2,3,4,6,7,8,9] [231,232,233,234,235]
45542.40537777779 [0,1,2,3,4,6,7,8,9] [228,229,230,231,232,233,234,235,236,237]
45540.74556327161 [0,1,2,3,4,6,7,8,9] [227,228,229,230,231,232,233,234,235,236,237,238]
45540.57619614513 [0,1,2,3,4,6,7,8,9] [225,226,227,228,229,230,231,232,233,234,235,236,237,238]
45539.560000000005 [0,1,2,3,4,6,7,8,9] [225,226]
45538.137344444454 [0,1,2,3,4,6,7,8,9] [223,224,225,226,227,228,229,230,231,232]
45537.781684027796 [0,1,2,3,4,6,7,8,9] [229,230,231,232,233,234,235,236]
45531.43083900228 [0,1,2,3,4,6,7,8,9] [226,227,228,229,230,231,232,233,234,235,236,237,238,239]
45528.49548696846 [0,1,2,3,4,6,7,8,9] [223,224,225,226,227,228,229,230,231]
45527.23105679011 [0,1,2,3,4,6,7,8,9] [225,226,227,228,229,230,231,232,233,234,235,236,237,238,239]
45525.334444444445 [0,1,2,3,4,6,7,8,9] [224,225,226,227,228,229,230,231,232,233,234,235,236,237]
45525.33444444443 [0,1,2,3,4,6,7,8,9] [227,228,229,230,231,232,233,234,235,236,237,238,239]
45522.48959999999 [0,1,2,3,4,6,7,8,9] [226,227,228,229,230,231,232,233,234,235,236,237,238,239,240]
45519.11146267361 [0,1,2,3,4,6,7,8,9] [225,226,227,228,229,230,231,232,233,234,235,236,237,238,239,240]
45518.222499999996 [0,1,2,3,4,6,7,8,9] [232,233,234,235]
45517.57598714416 [0,1,2,3,4,6,7,8,9] [228,229,230,231,232,233,234,235,236,237,238]
45516.19061791384 [0,1,2,3,4,6,7,8,9] [227,228,229,230,231,232,233,234,235,236,237,238,239,240]
45512.88890625001 [0,1,2,3,4,6,7,8,9] [223,224,225,226,227,228,229,230]
45512.88890624999 [0,1,2,3,4,6,7,8,9] [226,227,228,229,230,231,232,233,234,235,236,237,238,239,240,241]
45510.2745136486 [0,1,2,3,4,6,7,8,9] [225,226,227,228,229,230,231,232,233,234,235,236,237,238,239,240,241]
45509.92593364198 [0,1,2,3,4,6,7,8,9] [222,223,224,225,226,227,228,229,230,231,232,233]
45508.60134179162 [0,1,2,3,4,6,7,8,9] [226,227,228,229,230,231,232,233,234,235,236,237,238,239,240,241,242]
45508.266711111115 [0,1,2,3,4,6,7,8,9] [224,225,226,227,228,229,230,231,232,233,234,235,236,237,238]
45507.82911900066 [0,1,2,3,4,6,7,8,9] [222,223,224,225,226,227,228,229,230,231,232,233,234]
45506.37049382717 [0,1,2,3,4,6,7,8,9] [227,228,229,230,231,232,233,234,235,236,237,238,239,240,241]
45506.37049382715 [0,1,2,3,4,6,7,8,9] [225,226,227,228,229,230,231,232,233,234,235,236,237,238,239,240,241,242]
45503.21021947876 [0,1,2,3,4,6,7,8,9] [229,230,231,232,233,234,235,236,237]
