[Score] [Station index] [Time slots] 
68244.12100000001 [0,1,2,3,4,5,6,7,8,9] [244]
68202.82225 [0,1,2,3,4,5,6,7,8,9] [243,244]
68178.04899999998 [0,1,2,3,4,5,6,7,8,9] [239]
68161.536 [0,1,2,3,4,5,6,7,8,9] [243]
68150.52844444444 [0,1,2,3,4,5,6,7,8,9] [243,244,245]
68145.02500000002 [0,1,2,3,4,5,6,7,8,9] [239,240]
68145.025 [0,1,2,3,4,5,6,7,8,9] [244,245]
68112.00899999999 [0,1,2,3,4,5,6,7,8,9] [240]
68090.00277777777 [0,1,2,3,4,5,6,7,8,9] [242,243,244]
68084.5017777778 [0,1,2,3,4,5,6,7,8,9] [239,240,241,242,243,244]
68079.00100000002 [0,1,2,3,4,5,6,7,8,9] [243,244,245,246]
68079.001 [0,1,2,3,4,5,6,7,8,9] [242,243,244,245]
68073.50044444443 [0,1,2,3,4,5,6,7,8,9] [238,239,240]
68065.80004 [0,1,2,3,4,5,6,7,8,9] [240,241,242,243,244]
68062.5 [0,1,2,3,4,5,6,7,8,9] [240,241,242,243,244,245]
68060.437515625 [0,1,2,3,4,5,6,7,8,9] [238,239,240,241,242,243,244,245]
68054.25025000001 [0,1,2,3,4,5,6,7,8,9] [241,242,243,244]
68054.25025 [0,1,2,3,4,5,6,7,8,9] [238,239]
68052.60036000001 [0,1,2,3,4,5,6,7,8,9] [241,242,243,244,245]
68052.187890625 [0,1,2,3,4,5,6,7,8,9] [239,240,241,242,243,244,245,246]
68051.50044444443 [0,1,2,3,4,5,6,7,8,9] [244,245,246]
68046.001 [0,1,2,3,4,5,6,7,8,9] [245]
68041.87656249998 [0,1,2,3,4,5,6,7,8,9] [238,239,240,241]
68038.66875308641 [0,1,2,3,4,5,6,7,8,9] [238,239,240,241,242,243,244,245,246]
68036.10255999998 [0,1,2,3,4,5,6,7,8,9] [242,243,244,245,246]
68034.2172244898 [0,1,2,3,4,5,6,7,8,9] [240,241,242,243,244,245,246]
68032.2533611111 [0,1,2,3,4,5,6,7,8,9] [238,239,240,241,242,243]
68029.50400000002 [0,1,2,3,4,5,6,7,8,9] [240,241]
68029.50399999999 [0,1,2,3,4,5,6,7,8,9] [243,244,245,246,247]
68027.67112345676 [0,1,2,3,4,5,6,7,8,9] [239,240,241,242,243,244,245,246,247]
68025.38006250001 [0,1,2,3,4,5,6,7,8,9] [239,240,241,242]
68021.25625 [0,1,2,3,4,5,6,7,8,9] [241,242,243,244,245,246]
68021.25624999998 [0,1,2,3,4,5,6,7,8,9] [240,241,242,243]
68020.33986419752 [0,1,2,3,4,5,6,7,8,9] [237,238,239,240,241,242,243,244,245]
68017.95729 [0,1,2,3,4,5,6,7,8,9] [238,239,240,241,242,243,244,245,246,247]
68017.1325625 [0,1,2,3,4,5,6,7,8,9] [237,238,239,240,241,242,243,244]
68013.009 [0,1,2,3,4,5,6,7,8,9] [242,243]
68011.35961000001 [0,1,2,3,4,5,6,7,8,9] [239,240,241,242,243,244,245,246,247,248]
68008.8855625 [0,1,2,3,4,5,6,7,8,9] [240,241,242,243,244,245,246,247]
68007.0113140496 [0,1,2,3,4,5,6,7,8,9] [239,240,241,242,243,244,245,246,247,248,249]
68006.41156 [0,1,2,3,4,5,6,7,8,9] [238,239,240,241,242]
68004.76225000001 [0,1,2,3,4,5,6,7,8,9] [237,238,239,240,241,242,243,244,245,246]
68004.01257024793 [0,1,2,3,4,5,6,7,8,9] [238,239,240,241,242,243,244,245,246,247,248]
68002.01344444444 [0,1,2,3,4,5,6,7,8,9] [243,244,245,246,247,248]
68002.01344444443 [0,1,2,3,4,5,6,7,8,9] [242,243,244,245,246,247]
68000.63906250002 [0,1,2,3,4,5,6,7,8,9] [238,239,240,241,242,243,244,245,246,247,248,249]
68000.6390625 [0,1,2,3,4,5,6,7,8,9] [239,240,241,242,243,244,245,246,247,248,249,250]
67996.516 [0,1,2,3,4,5,6,7,8,9] [244,245,246,247]
67996.51599999997 [0,1,2,3,4,5,6,7,8,9] [243,244,245,246,247,248,249]
67995.24739053255 [0,1,2,3,4,5,6,7,8,9] [238,239,240,241,242,243,244,245,246,247,248,249,250]
67994.16002040816 [0,1,2,3,4,5,6,7,8,9] [241,242,243,244,245,246,247]
67992.85116049382 [0,1,2,3,4,5,6,7,8,9] [240,241,242,243,244,245,246,247,248]
67991.0187777778 [0,1,2,3,4,5,6,7,8,9] [241,242,243]
67989.91935999999 [0,1,2,3,4,5,6,7,8,9] [240,241,242,243,244,245,246,247,248,249]
67989.0198429752 [0,1,2,3,4,5,6,7,8,9] [237,238,239,240,241,242,243,244,245,246,247]
67988.27024999999 [0,1,2,3,4,5,6,7,8,9] [243,244,245,246,247,248,249,250]
67984.7365102041 [0,1,2,3,4,5,6,7,8,9] [237,238,239,240,241,242,243]
67984.52234710744 [0,1,2,3,4,5,6,7,8,9] [240,241,242,243,244,245,246,247,248,249,250]
67982.38073469387 [0,1,2,3,4,5,6,7,8,9] [242,243,244,245,246,247,248]
67980.02500000002 [0,1,2,3,4,5,6,7,8,9] [237,238,239,240]
67980.025 [0,1,2,3,4,5,6,7,8,9] [242,243,244,245,246,247,248,249]
67978.6508402778 [0,1,2,3,4,5,6,7,8,9] [237,238,239,240,241,242,243,244,245,246,247,248]
67977.96376562503 [0,1,2,3,4,5,6,7,8,9] [241,242,243,244,245,246,247,248]
67977.48810059173 [0,1,2,3,4,5,6,7,8,9] [237,238,239,240,241,242,243,244,245,246,247,248,249]
67976.36060493828 [0,1,2,3,4,5,6,7,8,9] [241,242,243,244,245,246,247,248,249]
67974.95124852071 [0,1,2,3,4,5,6,7,8,9] [239,240,241,242,243,244,245,246,247,248,249,250,251]
67974.52844444444 [0,1,2,3,4,5,6,7,8,9] [240,241,242]
67974.52844444441 [0,1,2,3,4,5,6,7,8,9] [242,243,244,245,246,247,248,249,250]
67974.13584183675 [0,1,2,3,4,5,6,7,8,9] [237,238,239,240,241,242,243,244,245,246,247,248,249,250]
67973.42916000001 [0,1,2,3,4,5,6,7,8,9] [237,238,239,240,241]
67971.78025000001 [0,1,2,3,4,5,6,7,8,9] [241,242,243,244,245,246,247,248,249,250]
67971.78024999998 [0,1,2,3,4,5,6,7,8,9] [238,239,240,241,242,243,244,245,246,247,248,249,250,251]
67970.13136000001 [0,1,2,3,4,5,6,7,8,9] [244,245,246,247,248]
67969.03211111114 [0,1,2,3,4,5,6,7,8,9] [244,245,246,247,248,249]
67968.24693877551 [0,1,2,3,4,5,6,7,8,9] [239,240,241,242,243,244,245,246,247,248,249,250,251,252]
67967.9328711111 [0,1,2,3,4,5,6,7,8,9] [239,240,241,242,243,244,245,246,247,248,249,250,251,252,253]
67966.83364000001 [0,1,2,3,4,5,6,7,8,9] [236,237,238,239,240,241,242,243,244,245]
67965.73441777777 [0,1,2,3,4,5,6,7,8,9] [238,239,240,241,242,243,244,245,246,247,248,249,250,251,252]
67965.59701562501 [0,1,2,3,4,5,6,7,8,9] [238,239,240,241,242,243,244,245,246,247,248,249,250,251,252,253]
67963.53600000004 [0,1,2,3,4,5,6,7,8,9] [244,245,246,247,248,249,250]
67963.536 [0,1,2,3,4,5,6,7,8,9] [253]
67958.04011111113 [0,1,2,3,4,5,6,7,8,9] [236,237,238,239,240,241,242,243,244]
67958.0401111111 [0,1,2,3,4,5,6,7,8,9] [240,241,242,243,244,245,246,247,248,249,250,251]
67957.54049586777 [0,1,2,3,4,5,6,7,8,9] [236,237,238,239,240,241,242,243,244,245,246]
67955.29225 [0,1,2,3,4,5,6,7,8,9] [245,246]
67953.64356000001 [0,1,2,3,4,5,6,7,8,9] [237,238,239,240,241,242,243,244,245,246,247,248,249,250,251]
67952.93698469388 [0,1,2,3,4,5,6,7,8,9] [240,241,242,243,244,245,246,247,248,249,250,251,252,253]
67952.54444444444 [0,1,2,3,4,5,6,7,8,9] [243,244,245,246,247,248,249,250,251]
67952.12171005919 [0,1,2,3,4,5,6,7,8,9] [240,241,242,243,244,245,246,247,248,249,250,251,252]
67949.95832525953 [0,1,2,3,4,5,6,7,8,9] [237,238,239,240,241,242,243,244,245,246,247,248,249,250,251,252,253]
67949.109765625 [0,1,2,3,4,5,6,7,8,9] [237,238,239,240,241,242,243,244,245,246,247,248,249,250,251,252]
67947.04900000003 [0,1,2,3,4,5,6,7,8,9] [241]
67947.04900000001 [0,1,2,3,4,5,6,7,8,9] [243,244,245,246,247,248,249,250,251,252,253]
67945.40040999999 [0,1,2,3,4,5,6,7,8,9] [243,244,245,246,247,248,249,250,251,252]
67944.05157851242 [0,1,2,3,4,5,6,7,8,9] [241,242,243,244,245,246,247,248,249,250,251]
67943.75184 [0,1,2,3,4,5,6,7,8,9] [242,243,244,245,246,247,248,249,250,251]
67942.33879591836 [0,1,2,3,4,5,6,7,8,9] [236,237,238,239,240,241,242,243,244,245,246,247,248,249]
67941.55377777781 [0,1,2,3,4,5,6,7,8,9] [236,237,238,239,240,241,242,243,244,245,246,247,248,249,250]
67940.70837869824 [0,1,2,3,4,5,6,7,8,9] [241,242,243,244,245,246,247,248,249,250,251,252,253]
67940.70837869821 [0,1,2,3,4,5,6,7,8,9] [236,237,238,239,240,241,242,243,244,245,246,247,248]
