[Score] [Station index] [Time slots] 
59099.22 [0,1,2,3,4,6,7,8] [245]
59082.03125000002 [0,1,2,3,4,6,7,8] [245,246]
59064.845000000016 [0,1,2,3,4,6,7,8] [246]
59047.66125000001 [0,1,2,3,4,6,7,8] [248]
59034.77507812501 [0,1,2,3,4,6,7,8] [245,246,247,248]
59030.48000000001 [0,1,2,3,4,6,7,8] [245,246,247]
59013.301250000004 [0,1,2,3,4,6,7,8] [255]
58996.125 [0,1,2,3,4,6,7,8] [246,247]
58987.53781249999 [0,1,2,3,4,6,7,8] [247,248]
58978.95124999998 [0,1,2,3,4,6,7,8] [245,246,247,248,249]
58956.05680555557 [0,1,2,3,4,6,7,8] [245,246,247,248,249,250]
58954.9122 [0,1,2,3,4,6,7,8] [244,245,246,247,248]
58951.96897959184 [0,1,2,3,4,6,7,8] [245,246,247,248,249,250,251]
58948.90320312498 [0,1,2,3,4,6,7,8] [246,247,248,249]
58933.16680555557 [0,1,2,3,4,6,7,8] [244,245,246]
58931.736328125 [0,1,2,3,4,6,7,8] [244,245,246,247]
58927.44500000002 [0,1,2,3,4,6,7,8] [246,247,248,249,250]
58927.44500000001 [0,1,2,3,4,6,7,8] [254,255]
58927.444999999985 [0,1,2,3,4,6,7,8] [246,247,248,249,250,251]
58921.72347222221 [0,1,2,3,4,6,7,8] [244,245,246,247,248,249]
58912.426582031236 [0,1,2,3,4,6,7,8] [244,245,246,247,248,249,250,251]
58910.28125 [0,1,2,3,4,6,7,8] [253,254,255]
58910.28124999998 [0,1,2,3,4,6,7,8] [247,248,249]
58901.70031250003 [0,1,2,3,4,6,7,8] [248,249]
58899.98419999999 [0,1,2,3,4,6,7,8] [247,248,249,250,251]
58893.12000000002 [0,1,2,3,4,6,7,8] [248,249,250,251]
58893.119999999995 [0,1,2,3,4,6,7,8] [247,248,249,250]
58891.56001033058 [0,1,2,3,4,6,7,8] [245,246,247,248,249,250,251,252,253,254,255]
58884.54031250002 [0,1,2,3,4,6,7,8] [245,246,247,248,249,250,251,252]
58884.5403125 [0,1,2,3,4,6,7,8] [255,256]
58883.587052469156 [0,1,2,3,4,6,7,8] [245,246,247,248,249,250,251,252,253]
58881.68055555556 [0,1,2,3,4,6,7,8] [248,249,250]
58880.25070312499 [0,1,2,3,4,6,7,8] [245,246,247,248,249,250,251,252,253,254,255,256]
58879.39279999999 [0,1,2,3,4,6,7,8] [245,246,247,248,249,250,251,252,253,254]
58875.96124999999 [0,1,2,3,4,6,7,8] [253]
58871.67195312501 [0,1,2,3,4,6,7,8] [253,254,255,256]
58870.81411250002 [0,1,2,3,4,6,7,8] [246,247,248,249,250,251,252,253,254,255]
58870.24222222224 [0,1,2,3,4,6,7,8] [254,255,256]
58870.24222222222 [0,1,2,3,4,6,7,8] [244,245,246,247,248,249,250,251,252,253,254,255]
58867.3828125 [0,1,2,3,4,6,7,8] [244,245]
58861.66420138888 [0,1,2,3,4,6,7,8] [243,244,245,246,247,248]
58861.44426035504 [0,1,2,3,4,6,7,8] [245,246,247,248,249,250,251,252,253,254,255,256,257]
58860.36455578511 [0,1,2,3,4,6,7,8] [246,247,248,249,250,251,252,253,254,255,256]
58858.80500000001 [0,1,2,3,4,6,7,8] [253,254]
58858.804999999986 [0,1,2,3,4,6,7,8] [244,245,246,247,248,249,250,251,252,253]
58857.245464876025 [0,1,2,3,4,6,7,8] [244,245,246,247,248,249,250,251,252,253,254]
58856.898904320966 [0,1,2,3,4,6,7,8] [244,245,246,247,248,249,250,251,252]
58856.66064453127 [0,1,2,3,4,6,7,8] [246,247,248,249,250,251,252,253]
58854.99283950618 [0,1,2,3,4,6,7,8] [246,247,248,249,250,251,252,253,254]
58853.90367346941 [0,1,2,3,4,6,7,8] [246,247,248,249,250,251,252]
58849.274830246904 [0,1,2,3,4,6,7,8] [247,248,249,250,251,252,253,254,255]
58846.55206632652 [0,1,2,3,4,6,7,8] [243,244,245,246,247,248,249]
58845.939453125 [0,1,2,3,4,6,7,8] [243,244,245,246,247,248,249,250]
58845.326843112234 [0,1,2,3,4,6,7,8] [244,245,246,247,248,249,250,251,252,253,254,255,256,257]
58841.65125 [0,1,2,3,4,6,7,8] [246,247,248,249,250,251,252,253,254,255,256,257]
58841.65124999998 [0,1,2,3,4,6,7,8] [254]
58839.936012500024 [0,1,2,3,4,6,7,8] [247,248,249,250,251,252,253,254,255,256]
58839.507207031245 [0,1,2,3,4,6,7,8] [248,249,250,251,252,253,254,255]
58833.73497781067 [0,1,2,3,4,6,7,8] [243,244,245,246,247,248,249,250,251,252,253,254,255]
58830.21680555557 [0,1,2,3,4,6,7,8] [248,249,250,251,252,253,254,255,256]
58828.787578125 [0,1,2,3,4,6,7,8] [247,248,249,250,251,252,253,254]
58828.175057397966 [0,1,2,3,4,6,7,8] [245,246,247,248,249,250,251,252,253,254,255,256,257,258]
58826.95002551021 [0,1,2,3,4,6,7,8] [247,248,249,250,251,252,253]
58824.5 [0,1,2,3,4,6,7,8] [253,254,255,256,257]
58824.49999999998 [0,1,2,3,4,6,7,8] [243,244,245,246,247]
58821.381859504116 [0,1,2,3,4,6,7,8] [247,248,249,250,251,252,253,254,255,256,257]
58818.783472222225 [0,1,2,3,4,6,7,8] [250,251,252,253,254,255]
58818.78347222221 [0,1,2,3,4,6,7,8] [243,244,245,246,247,248,249,250,251,252,253,254]
58816.70480371902 [0,1,2,3,4,6,7,8] [243,244,245,246,247,248,249,250,251,252,253]
58815.353688888914 [0,1,2,3,4,6,7,8] [244,245,246,247,248,249,250,251,252,253,254,255,256,257,258]
58815.35368888888 [0,1,2,3,4,6,7,8] [243,244,245,246,247,248,249,250,251,252,253,254,255,256,257]
58814.70040816327 [0,1,2,3,4,6,7,8] [248,249,250,251,252,253,254]
58814.210450000006 [0,1,2,3,4,6,7,8] [251,252,253,254,255]
58811.63820312501 [0,1,2,3,4,6,7,8] [254,255,256,257]
58810.780800000015 [0,1,2,3,4,6,7,8] [248,249,250,251,252,253,254,255,256,257]
58810.78079999999 [0,1,2,3,4,6,7,8] [243,244,245,246,247,248,249,250,251,252]
58810.209201388905 [0,1,2,3,4,6,7,8] [248,249,250,251,252,253]
58809.800918367364 [0,1,2,3,4,6,7,8] [250,251,252,253,254,255,256]
58809.80091836733 [0,1,2,3,4,6,7,8] [249,250,251,252,253,254,255]
58807.351250000014 [0,1,2,3,4,6,7,8] [246,247,248,249,250,251,252,253,254,255,256,257,258]
58804.49336805558 [0,1,2,3,4,6,7,8] [251,252,253,254,255,256]
58803.064453125 [0,1,2,3,4,6,7,8] [249,250,251,252,253,254,255,256]
58801.63555555558 [0,1,2,3,4,6,7,8] [245,246,247,248,249,250,251,252,253,254,255,256,257,258,259]
58801.635555555535 [0,1,2,3,4,6,7,8] [255,256,257]
58798.777812500004 [0,1,2,3,4,6,7,8] [243,244,245,246]
58798.77781249998 [0,1,2,3,4,6,7,8] [249,250]
58797.063200000004 [0,1,2,3,4,6,7,8] [248,249,250,251,252]
58796.634550781244 [0,1,2,3,4,6,7,8] [245,246,247,248,249,250,251,252,253,254,255,256,257,258,259,260]
58793.23062716264 [0,1,2,3,4,6,7,8] [245,246,247,248,249,250,251,252,253,254,255,256,257,258,259,260,261]
58791.27656738281 [0,1,2,3,4,6,7,8] [244,245,246,247,248,249,250,251,252,253,254,255,256,257,258,259]
58789.1334423828 [0,1,2,3,4,6,7,8] [243,244,245,246,247,248,249,250,251,252,253,254,255,256,257,258]
58788.49051249999 [0,1,2,3,4,6,7,8] [242,243,244,245,246,247,248,249,250,251]
58788.061894531274 [0,1,2,3,4,6,7,8] [250,251,252,253,254,255,256,257]
58787.755739795924 [0,1,2,3,4,6,7,8] [242,243,244,245,246,247,248,249,250,251,252,253,254,255]
58787.179450692056 [0,1,2,3,4,6,7,8] [244,245,246,247,248,249,250,251,252,253,254,255,256,257,258,259,260]
58785.91882812502 [0,1,2,3,4,6,7,8] [247,248,249,250,251,252,253,254,255,256,257,258]
58785.633088888884 [0,1,2,3,4,6,7,8] [242,243,244,245,246,247,248,249,250,251,252,253,254,255,256]
58784.49013888888 [0,1,2,3,4,6,7,8] [244,245,246,247,248,249,250,251,252,253,254,255,256,257,258,259,260,261]
58781.6328125 [0,1,2,3,4,6,7,8] [245,246,247,248,249,250,251,252,253,254,255,256,257,258,259,260,261,262]
58780.40826530612 [0,1,2,3,4,6,7,8] [246,247,248,249,250,251,252,253,254,255,256,257,258,259]
