[Score] [Station index] [Time slots] 
66438.801 [0,1,2,3,4,5,6,7,8,9] [0]
66284.02225 [0,1,2,3,4,5,6,7,8,9] [0,1]
66151.11111111111 [0,1,2,3,4,5,6,7,8,9] [0,1,2]
66129.42400000001 [0,1,2,3,4,5,6,7,8,9] [1]
66007.50024999997 [0,1,2,3,4,5,6,7,8,9] [1,2]
65999.37600000002 [0,1,2,3,4,5,6,7,8,9] [0,1,2,3]
65885.68899999998 [0,1,2,3,4,5,6,7,8,9] [2]
65869.45599999998 [0,1,2,3,4,5,6,7,8,9] [0,1,2,3,4]
65853.22500000002 [0,1,2,3,4,5,6,7,8,9] [1,2,3]
65750.47511111113 [0,1,2,3,4,5,6,7,8,9] [0,1,2,3,4,5]
65727.5025625 [0,1,2,3,4,5,6,7,8,9] [1,2,3,4]
65715.34225 [0,1,2,3,4,5,6,7,8,9] [2,3]
65613.24004000002 [0,1,2,3,4,5,6,7,8,9] [1,2,3,4,5]
65605.37151020407 [0,1,2,3,4,5,6,7,8,9] [0,1,2,3,4,5,6]
65593.801 [0,1,2,3,4,5,6,7,8,9] [2,3,4]
65545.21600000003 [0,1,2,3,4,5,6,7,8,9] [3]
65484.51006249998 [0,1,2,3,4,5,6,7,8,9] [2,3,4,5]
65474.395140625 [0,1,2,3,4,5,6,7,8,9] [0,1,2,3,4,5,6,7]
65466.97802777778 [0,1,2,3,4,5,6,7,8,9] [1,2,3,4,5,6]
65448.10000000002 [0,1,2,3,4,5,6,7,8,9] [3,4]
65351.05600000002 [0,1,2,3,4,5,6,7,8,9] [4]
65351.056 [0,1,2,3,4,5,6,7,8,9] [3,4,5]
65347.46316049382 [0,1,2,3,4,5,6,7,8,9] [0,1,2,3,4,5,6,7,8]
65337.19844897962 [0,1,2,3,4,5,6,7,8,9] [1,2,3,4,5,6,7]
65334.88900000001 [0,1,2,3,4,5,6,7,8,9] [2,3,4,5,6]
65254.083999999995 [0,1,2,3,4,5,6,7,8,9] [4,5]
65237.929000000004 [0,1,2,3,4,5,6,7,8,9] [0,1,2,3,4,5,6,7,8,9]
65211.681390625 [0,1,2,3,4,5,6,7,8,9] [1,2,3,4,5,6,7,8]
65205.62499999998 [0,1,2,3,4,5,6,7,8,9] [2,3,4,5,6,7]
65197.55025000001 [0,1,2,3,4,5,6,7,8,9] [3,4,5,6]
65157.18399999999 [0,1,2,3,4,5,6,7,8,9] [5]
65132.23657024793 [0,1,2,3,4,5,6,7,8,9] [0,1,2,3,4,5,6,7,8,9,10]
65105.1748271605 [0,1,2,3,4,5,6,7,8,9] [1,2,3,4,5,6,7,8,9]
65081.86711111112 [0,1,2,3,4,5,6,7,8,9] [4,5,6]
65081.09879591838 [0,1,2,3,4,5,6,7,8,9] [2,3,4,5,6,7,8]
65070.03556000001 [0,1,2,3,4,5,6,7,8,9] [3,4,5,6,7]
65048.25756249998 [0,1,2,3,4,5,6,7,8,9] [0,1,2,3,4,5,6,7,8,9,10,11]
65002.293759999986 [0,1,2,3,4,5,6,7,8,9] [1,2,3,4,5,6,7,8,9,10]
64977.705765624996 [0,1,2,3,4,5,6,7,8,9] [2,3,4,5,6,7,8,9]
64971.040213017746 [0,1,2,3,4,5,6,7,8,9] [0,1,2,3,4,5,6,7,8,9,10,11,12]
64951.51056250001 [0,1,2,3,4,5,6,7,8,9] [4,5,6,7]
64947.48099999999 [0,1,2,3,4,5,6,7,8,9] [3,4,5,6,7,8]
64922.57375206612 [0,1,2,3,4,5,6,7,8,9] [1,2,3,4,5,6,7,8,9,10,11]
64892.23104081636 [0,1,2,3,4,5,6,7,8,9] [0,1,2,3,4,5,6,7,8,9,10,11,12,13]
64877.65511111112 [0,1,2,3,4,5,6,7,8,9] [2,3,4,5,6,7,8,9,10]
64849.46684027779 [0,1,2,3,4,5,6,7,8,9] [1,2,3,4,5,6,7,8,9,10,11,12]
64848.50816326532 [0,1,2,3,4,5,6,7,8,9] [3,4,5,6,7,8,9]
64828.262560000025 [0,1,2,3,4,5,6,7,8,9] [4,5,6,7,8]
64818.601 [0,1,2,3,4,5,6,7,8,9] [5,6,7]
64812.160360000016 [0,1,2,3,4,5,6,7,8,9] [0,1,2,3,4,5,6,7,8,9,10,11,12,13,14]
64802.5 [0,1,2,3,4,5,6,7,8,9] [2,3,4,5,6,7,8,9,10,11]
64774.018514792886 [0,1,2,3,4,5,6,7,8,9] [1,2,3,4,5,6,7,8,9,10,11,12,13]
64752.19726562504 [0,1,2,3,4,5,6,7,8,9] [3,4,5,6,7,8,9,10]
64738.11599999998 [0,1,2,3,4,5,6,7,8,9] [6]
64733.727347107444 [0,1,2,3,4,5,6,7,8,9] [2,3,4,5,6,7,8,9,10,11,12]
64732.75211111111 [0,1,2,3,4,5,6,7,8,9] [4,5,6,7,8,9]
64732.08164062502 [0,1,2,3,4,5,6,7,8,9] [0,1,2,3,4,5,6,7,8,9,10,11,12,13,14,15]
64697.89225 [0,1,2,3,4,5,6,7,8,9] [5,6,7,8]
64696.743183673476 [0,1,2,3,4,5,6,7,8,9] [1,2,3,4,5,6,7,8,9,10,11,12,13,14]
64682.69986419752 [0,1,2,3,4,5,6,7,8,9] [3,4,5,6,7,8,9,10,11]
64661.7015625 [0,1,2,3,4,5,6,7,8,9] [2,3,4,5,6,7,8,9,10,11,12,13]
64652.95108650518 [0,1,2,3,4,5,6,7,8,9] [0,1,2,3,4,5,6,7,8,9,10,11,12,13,14,15,16]
64649.640249999975 [0,1,2,3,4,5,6,7,8,9] [6,7]
64639.30287755104 [0,1,2,3,4,5,6,7,8,9] [4,5,6,7,8,9,10]
64619.08996 [0,1,2,3,4,5,6,7,8,9] [3,4,5,6,7,8,9,10,11,12]
64619.08995999999 [0,1,2,3,4,5,6,7,8,9] [1,2,3,4,5,6,7,8,9,10,11,12,13,14,15]
64609.443999999996 [0,1,2,3,4,5,6,7,8,9] [5,6,7,8,9]
64587.186840236674 [0,1,2,3,4,5,6,7,8,9] [2,3,4,5,6,7,8,9,10,11,12,13,14]
64585.332250000014 [0,1,2,3,4,5,6,7,8,9] [0,1,2,3,4,5,6,7,8,9,10,11,12,13,14,15,16,17]
64575.28701562502 [0,1,2,3,4,5,6,7,8,9] [4,5,6,7,8,9,10,11]
64561.225 [0,1,2,3,4,5,6,7,8,9] [7]
64550.99904132233 [0,1,2,3,4,5,6,7,8,9] [3,4,5,6,7,8,9,10,11,12,13]
64545.155999999995 [0,1,2,3,4,5,6,7,8,9] [6,7,8]
64542.143285156286 [0,1,2,3,4,5,6,7,8,9] [1,2,3,4,5,6,7,8,9,10,11,12,13,14,15,16]
64521.05624999998 [0,1,2,3,4,5,6,7,8,9] [5,6,7,8,9,10]
64520.63348753463 [0,1,2,3,4,5,6,7,8,9] [0,1,2,3,4,5,6,7,8,9,10,11,12,13,14,15,16,17,18]
64516.59382716048 [0,1,2,3,4,5,6,7,8,9] [4,5,6,7,8,9,10,11,12]
64511.876576530616 [0,1,2,3,4,5,6,7,8,9] [2,3,4,5,6,7,8,9,10,11,12,13,14,15]
64479.56167361113 [0,1,2,3,4,5,6,7,8,9] [3,4,5,6,7,8,9,10,11,12,13,14]
64477.12123183392 [0,1,2,3,4,5,6,7,8,9] [1,2,3,4,5,6,7,8,9,10,11,12,13,14,15,16,17]
64472.870250000014 [0,1,2,3,4,5,6,7,8,9] [6,7,8,9]
64464.84099999998 [0,1,2,3,4,5,6,7,8,9] [5,6,7,8,9,10,11]
64460.8265625 [0,1,2,3,4,5,6,7,8,9] [0,1,2,3,4,5,6,7,8,9,10,11,12,13,14,15,16,17,18,19]
64451.995240000004 [0,1,2,3,4,5,6,7,8,9] [4,5,6,7,8,9,10,11,12,13]
64448.784 [0,1,2,3,4,5,6,7,8,9] [7,8]
64437.010137777776 [0,1,2,3,4,5,6,7,8,9] [2,3,4,5,6,7,8,9,10,11,12,13,14,15,16]
64414.89245679013 [0,1,2,3,4,5,6,7,8,9] [1,2,3,4,5,6,7,8,9,10,11,12,13,14,15,16,17,18]
64412.66306249999 [0,1,2,3,4,5,6,7,8,9] [5,6,7,8,9,10,11,12]
64406.79822485207 [0,1,2,3,4,5,6,7,8,9] [3,4,5,6,7,8,9,10,11,12,13,14,15]
64399.096437641725 [0,1,2,3,4,5,6,7,8,9] [0,1,2,3,4,5,6,7,8,9,10,11,12,13,14,15,16,17,18,19,20]
64394.20516 [0,1,2,3,4,5,6,7,8,9] [6,7,8,9,10]
64384.576 [0,1,2,3,4,5,6,7,8,9] [7,8,9]
64383.117099173556 [0,1,2,3,4,5,6,7,8,9] [4,5,6,7,8,9,10,11,12,13,14]
64374.54639062497 [0,1,2,3,4,5,6,7,8,9] [2,3,4,5,6,7,8,9,10,11,12,13,14,15,16,17]
64357.550626038785 [0,1,2,3,4,5,6,7,8,9] [1,2,3,4,5,6,7,8,9,10,11,12,13,14,15,16,17,18,19]
64352.48400000001 [0,1,2,3,4,5,6,7,8,9] [5,6,7,8,9,10,11,12,13]
64349.81002777776 [0,1,2,3,4,5,6,7,8,9] [6,7,8,9,10,11]
64340.086960743785 [0,1,2,3,4,5,6,7,8,9] [0,1,2,3,4,5,6,7,8,9,10,11,12,13,14,15,16,17,18,19,20,21]
64336.44099999998 [0,1,2,3,4,5,6,7,8,9] [8]
64334.14930612243 [0,1,2,3,4,5,6,7,8,9] [3,4,5,6,7,8,9,10,11,12,13,14,15,16]
