[Score] [Station index] [Time slots] 
53743.561 [0,1,2,3,4,5,6,7,8,9] [242]
53692.25625 [0,1,2,3,4,5,6,7,8,9] [241,242]
53640.976 [0,1,2,3,4,5,6,7,8,9] [240,241,242]
53597.041000000005 [0,1,2,3,4,5,6,7,8,9] [241,242,243]
53589.72024999999 [0,1,2,3,4,5,6,7,8,9] [240,241]
53586.060062499986 [0,1,2,3,4,5,6,7,8,9] [239,240,241,242]
53582.39999999999 [0,1,2,3,4,5,6,7,8,9] [240,241,242,243]
53575.08025000001 [0,1,2,3,4,5,6,7,8,9] [242,243]
53553.123999999996 [0,1,2,3,4,5,6,7,8,9] [241,242,243,244]
53550.19684000001 [0,1,2,3,4,5,6,7,8,9] [239,240,241,242,243]
53550.196840000004 [0,1,2,3,4,5,6,7,8,9] [240,241,242,243,244]
53544.34276000001 [0,1,2,3,4,5,6,7,8,9] [241,242,243,244,245]
53543.36711111112 [0,1,2,3,4,5,6,7,8,9] [240,241,242,243,244,245]
53538.48899999999 [0,1,2,3,4,5,6,7,8,9] [240]
53533.61111111109 [0,1,2,3,4,5,6,7,8,9] [239,240,241]
53528.73344444444 [0,1,2,3,4,5,6,7,8,9] [239,240,241,242,243,244]
53525.946306122445 [0,1,2,3,4,5,6,7,8,9] [239,240,241,242,243,244,245]
53523.85600000001 [0,1,2,3,4,5,6,7,8,9] [242,243,244]
53520.19806250001 [0,1,2,3,4,5,6,7,8,9] [242,243,244,245]
53515.49518367347 [0,1,2,3,4,5,6,7,8,9] [240,241,242,243,244,245,246]
53511.66336111111 [0,1,2,3,4,5,6,7,8,9] [241,242,243,244,245,246]
53509.22499999999 [0,1,2,3,4,5,6,7,8,9] [240,241,242,243,244,245,246,247]
53505.04508163268 [0,1,2,3,4,5,6,7,8,9] [241,242,243,244,245,246,247]
53503.738890624976 [0,1,2,3,4,5,6,7,8,9] [239,240,241,242,243,244,245,246]
53499.47211111112 [0,1,2,3,4,5,6,7,8,9] [239,240,241,242,243,244,245,246,247]
53485.81956000001 [0,1,2,3,4,5,6,7,8,9] [242,243,244,245,246]
53484.84444444444 [0,1,2,3,4,5,6,7,8,9] [240,241,242,243,244,245,246,247,248]
53482.406694444435 [0,1,2,3,4,5,6,7,8,9] [242,243,244,245,246,247]
53479.969000000005 [0,1,2,3,4,5,6,7,8,9] [238,239,240,241,242]
53479.969 [0,1,2,3,4,5,6,7,8,9] [239,240]
53478.506409999995 [0,1,2,3,4,5,6,7,8,9] [239,240,241,242,243,244,245,246,247,248]
53478.14076562498 [0,1,2,3,4,5,6,7,8,9] [241,242,243,244,245,246,247,248]
53468.26883999999 [0,1,2,3,4,5,6,7,8,9] [240,241,242,243,244,245,246,247,248,249]
53467.78136111111 [0,1,2,3,4,5,6,7,8,9] [238,239,240,241,242,243]
53467.172015624994 [0,1,2,3,4,5,6,7,8,9] [238,239,240,241,242,243,244,245]
53465.34400000002 [0,1,2,3,4,5,6,7,8,9] [244,245]
53465.344000000005 [0,1,2,3,4,5,6,7,8,9] [247]
53465.344 [0,1,2,3,4,5,6,7,8,9] [251]
53464.01455371901 [0,1,2,3,4,5,6,7,8,9] [239,240,241,242,243,244,245,246,247,248,249]
53461.16579591838 [0,1,2,3,4,5,6,7,8,9] [238,239,240,241,242,243,244]
53460.469444444476 [0,1,2,3,4,5,6,7,8,9] [240,241,242,243,244,245,246,247,248,249,250,251]
53460.46944444444 [0,1,2,3,4,5,6,7,8,9] [241,242,243,244,245,246,247,248,249]
53460.026314049595 [0,1,2,3,4,5,6,7,8,9] [240,241,242,243,244,245,246,247,248,249,250]
53457.46982840237 [0,1,2,3,4,5,6,7,8,9] [239,240,241,242,243,244,245,246,247,248,249,250,251]
53456.813673611134 [0,1,2,3,4,5,6,7,8,9] [239,240,241,242,243,244,245,246,247,248,249,250]
53455.10769 [0,1,2,3,4,5,6,7,8,9] [238,239,240,241,242,243,244,245,246,247]
53454.898795918365 [0,1,2,3,4,5,6,7,8,9] [242,243,244,245,246,247,248]
53453.970382716056 [0,1,2,3,4,5,6,7,8,9] [238,239,240,241,242,243,244,245,246]
53453.37957851242 [0,1,2,3,4,5,6,7,8,9] [241,242,243,244,245,246,247,248,249,250,251]
53452.183210000025 [0,1,2,3,4,5,6,7,8,9] [241,242,243,244,245,246,247,248,249,250]
53450.721000000005 [0,1,2,3,4,5,6,7,8,9] [237,238,239,240,241,242]
53449.09634567904 [0,1,2,3,4,5,6,7,8,9] [237,238,239,240,241,242,243,244,245]
53445.847111111136 [0,1,2,3,4,5,6,7,8,9] [243,244,245]
53444.45461224491 [0,1,2,3,4,5,6,7,8,9] [237,238,239,240,241,242,243]
53441.723224852074 [0,1,2,3,4,5,6,7,8,9] [240,241,242,243,244,245,246,247,248,249,250,251,252]
53441.582640625 [0,1,2,3,4,5,6,7,8,9] [237,238,239,240,241,242,243,244]
53441.41649586779 [0,1,2,3,4,5,6,7,8,9] [237,238,239,240,241,242,243,244,245,246,247]
53440.97344444444 [0,1,2,3,4,5,6,7,8,9] [245,246,247]
53440.2772244898 [0,1,2,3,4,5,6,7,8,9] [239,240,241,242,243,244,245,246,247,248,249,250,251,252]
53440.08734710745 [0,1,2,3,4,5,6,7,8,9] [238,239,240,241,242,243,244,245,246,247,248]
53439.02404000001 [0,1,2,3,4,5,6,7,8,9] [237,238,239,240,241,242,243,244,245,246]
53437.92751562501 [0,1,2,3,4,5,6,7,8,9] [242,243,244,245,246,247,248,249]
53436.1 [0,1,2,3,4,5,6,7,8,9] [244,245,246,247]
53434.63801000001 [0,1,2,3,4,5,6,7,8,9] [242,243,244,245,246,247,248,249,250,251]
53433.66336111111 [0,1,2,3,4,5,6,7,8,9] [241,242,243,244,245,246,247,248,249,250,251,252]
53431.22677777779 [0,1,2,3,4,5,6,7,8,9] [242,243,244,245,246,247,248,249,250]
53430.25215999999 [0,1,2,3,4,5,6,7,8,9] [243,244,245,246,247]
53430.00850694445 [0,1,2,3,4,5,6,7,8,9] [238,239,240,241,242,243,244,245,246,247,248,249]
53428.79025000002 [0,1,2,3,4,5,6,7,8,9] [237,238,239,240,241,242,243,244,245,246,247,248]
53428.790250000005 [0,1,2,3,4,5,6,7,8,9] [238,239,240,241,242,243,244,245,246,247,248,249,250,251]
53426.35377777779 [0,1,2,3,4,5,6,7,8,9] [244,245,246]
53425.9789408284 [0,1,2,3,4,5,6,7,8,9] [238,239,240,241,242,243,244,245,246,247,248,249,250]
53425.86649000001 [0,1,2,3,4,5,6,7,8,9] [236,237,238,239,240,241,242,243,244,245]
53423.56930612247 [0,1,2,3,4,5,6,7,8,9] [240,241,242,243,244,245,246,247,248,249,250,251,252,253]
53423.43008444445 [0,1,2,3,4,5,6,7,8,9] [239,240,241,242,243,244,245,246,247,248,249,250,251,252,253]
53422.69917361111 [0,1,2,3,4,5,6,7,8,9] [236,237,238,239,240,241,242,243,244,245,246,247]
53422.45553777779 [0,1,2,3,4,5,6,7,8,9] [240,241,242,243,244,245,246,247,248,249,250,251,252,253,254]
53422.39462890626 [0,1,2,3,4,5,6,7,8,9] [239,240,241,242,243,244,245,246,247,248,249,250,251,252,253,254]
53421.481000000014 [0,1,2,3,4,5,6,7,8,9] [250,251]
53421.48099999999 [0,1,2,3,4,5,6,7,8,9] [244]
53420.506471111126 [0,1,2,3,4,5,6,7,8,9] [237,238,239,240,241,242,243,244,245,246,247,248,249,250,251]
53420.356544378694 [0,1,2,3,4,5,6,7,8,9] [237,238,239,240,241,242,243,244,245,246,247,248,249]
53418.82321487604 [0,1,2,3,4,5,6,7,8,9] [236,237,238,239,240,241,242,243,244,245,246]
53417.304510204085 [0,1,2,3,4,5,6,7,8,9] [236,237,238,239,240,241,242]
53417.30451020408 [0,1,2,3,4,5,6,7,8,9] [237,238,239,240,241,242,243,244,245,246,247,248,249,250]
53416.608444444464 [0,1,2,3,4,5,6,7,8,9] [236,237,238,239,240,241,242,243,244]
53415.99939062501 [0,1,2,3,4,5,6,7,8,9] [236,237,238,239,240,241,242,243]
53414.83666115702 [0,1,2,3,4,5,6,7,8,9] [242,243,244,245,246,247,248,249,250,251,252]
53414.734443786976 [0,1,2,3,4,5,6,7,8,9] [241,242,243,244,245,246,247,248,249,250,251,252,253]
53414.65948444448 [0,1,2,3,4,5,6,7,8,9] [238,239,240,241,242,243,244,245,246,247,248,249,250,251,252]
53414.60216262976 [0,1,2,3,4,5,6,7,8,9] [239,240,241,242,243,244,245,246,247,248,249,250,251,252,253,254,255]
53414.17225 [0,1,2,3,4,5,6,7,8,9] [240,241,242,243,244,245,246,247,248,249,250,251,252,253,254,255]
53412.485686390544 [0,1,2,3,4,5,6,7,8,9] [236,237,238,239,240,241,242,243,244,245,246,247,248]
53407.77750390626 [0,1,2,3,4,5,6,7,8,9] [237,238,239,240,241,242,243,244,245,246,247,248,249,250,251,252]
53406.864000000016 [0,1,2,3,4,5,6,7,8,9] [254]
53406.86399999999 [0,1,2,3,4,5,6,7,8,9] [244,245,246,247,248]
53405.889604444455 [0,1,2,3,4,5,6,7,8,9] [241,242,243,244,245,246,247,248,249,250,251,252,253,254,255]
53405.82000510205 [0,1,2,3,4,5,6,7,8,9] [236,237,238,239,240,241,242,243,244,245,246,247,248,249]
53405.24001234568 [0,1,2,3,4,5,6,7,8,9] [239,240,241,242,243,244,245,246,247,248,249,250,251,252,253,254,255,256]
53404.28473702421 [0,1,2,3,4,5,6,7,8,9] [240,241,242,243,244,245,246,247,248,249,250,251,252,253,254,255,256]
