[Score] [Station index] [Time slots] 
53237.871111111104 [0,1,2,3,4,6,7,8,9] [1]
53230.18027777777 [0,1,2,3,4,6,7,8,9] [0,1]
53222.49000000002 [0,1,2,3,4,6,7,8,9] [0]
53171.23567901233 [0,1,2,3,4,6,7,8,9] [0,1,2]
53145.6177777778 [0,1,2,3,4,6,7,8,9] [1,2]
53145.617777777785 [0,1,2,3,4,6,7,8,9] [232]
53122.56694444445 [0,1,2,3,4,6,7,8,9] [231,232]
53099.521111111106 [0,1,2,3,4,6,7,8,9] [231]
53057.28340277777 [0,1,2,3,4,6,7,8,9] [0,1,2,3]
53053.444444444445 [0,1,2,3,4,6,7,8,9] [2]
53043.20790123458 [0,1,2,3,4,6,7,8,9] [231,232,233]
53038.09000000001 [0,1,2,3,4,6,7,8,9] [230,231,232]
53015.0625 [0,1,2,3,4,6,7,8,9] [232,233]
53002.27160493829 [0,1,2,3,4,6,7,8,9] [1,2,3]
52999.71361111111 [0,1,2,3,4,6,7,8,9] [230,231,232,233]
52992.039999999986 [0,1,2,3,4,6,7,8,9] [228]
52984.36694444445 [0,1,2,3,4,6,7,8,9] [230,231]
52970.556844444465 [0,1,2,3,4,6,7,8,9] [0,1,2,3,4]
52970.55684444445 [0,1,2,3,4,6,7,8,9] [228,229,230,231,232]
52965.1867361111 [0,1,2,3,4,6,7,8,9] [229,230,231,232]
52956.23716049382 [0,1,2,3,4,6,7,8,9] [228,229,230,231,232,233]
52949.07804444445 [0,1,2,3,4,6,7,8,9] [229,230,231,232,233]
52926.836736111116 [0,1,2,3,4,6,7,8,9] [228,229,230,231]
52910.22271604938 [0,1,2,3,4,6,7,8,9] [227,228,229,230,231,232]
52907.666944444456 [0,1,2,3,4,6,7,8,9] [1,2,3,4]
52907.66694444444 [0,1,2,3,4,6,7,8,9] [231,232,233,234]
52906.57163265307 [0,1,2,3,4,6,7,8,9] [227,228,229,230,231,232,233]
52905.111234567914 [0,1,2,3,4,6,7,8,9] [229,230,231]
52900.0 [0,1,2,3,4,6,7,8,9] [230,231,232,233,234]
52891.23845804991 [0,1,2,3,4,6,7,8,9] [228,229,230,231,232,233,234]
52884.66777777777 [0,1,2,3,4,6,7,8,9] [233]
52880.835069444445 [0,1,2,3,4,6,7,8,9] [226,227,228,229,230,231,232,233]
52880.28755102042 [0,1,2,3,4,6,7,8,9] [226,227,228,229,230,231,232]
52874.4475308642 [0,1,2,3,4,6,7,8,9] [229,230,231,232,233,234]
52869.337777777786 [0,1,2,3,4,6,7,8,9] [230]
52869.33777777777 [0,1,2,3,4,6,7,8,9] [228,229,230]
52863.20639999998 [0,1,2,3,4,6,7,8,9] [227,228,229,230,231]
52855.92585069445 [0,1,2,3,4,6,7,8,9] [228,229,230,231,232,233,234,235]
52851.45558641976 [0,1,2,3,4,6,7,8,9] [230,231,232,233,234,235]
52847.879511111125 [0,1,2,3,4,6,7,8,9] [231,232,233,234,235]
52843.792716049385 [0,1,2,3,4,6,7,8,9] [232,233,234]
52840.38717421123 [0,1,2,3,4,6,7,8,9] [225,226,227,228,229,230,231,232,233]
52838.68444444445 [0,1,2,3,4,6,7,8,9] [226,227,228,229,230,231,232,233,234]
52836.49526077098 [0,1,2,3,4,6,7,8,9] [229,230,231,232,233,234,235]
52836.13040123456 [0,1,2,3,4,6,7,8,9] [226,227,228,229,230,231]
52834.85340277778 [0,1,2,3,4,6,7,8,9] [225,226,227,228,229,230,231,232]
52828.468641975305 [0,1,2,3,4,6,7,8,9] [227,228,229,230,231,232,233,234,235]
52815.70027777777 [0,1,2,3,4,6,7,8,9] [226,227,228,229,230,231,232,233,234,235]
52808.03999999998 [0,1,2,3,4,6,7,8,9] [229,230]
52806.50801111109 [0,1,2,3,4,6,7,8,9] [225,226,227,228,229,230,231,232,233,234]
52804.21006944442 [0,1,2,3,4,6,7,8,9] [227,228,229,230]
52800.38027777778 [0,1,2,3,4,6,7,8,9] [227,228]
52797.827160493835 [0,1,2,3,4,6,7,8,9] [2,3,4]
52791.01914951989 [0,1,2,3,4,6,7,8,9] [228,229,230,231,232,233,234,235,236]
52790.53287981859 [0,1,2,3,4,6,7,8,9] [225,226,227,228,229,230,231]
52788.54361799816 [0,1,2,3,4,6,7,8,9] [225,226,227,228,229,230,231,232,233,234,235]
52785.0625 [0,1,2,3,4,6,7,8,9] [232,233,234,235]
52783.530844444445 [0,1,2,3,4,6,7,8,9] [226,227,228,229,230]
52782.50975308642 [0,1,2,3,4,6,7,8,9] [227,228,229]
52772.80987777777 [0,1,2,3,4,6,7,8,9] [227,228,229,230,231,232,233,234,235,236]
52768.65306122448 [0,1,2,3,4,6,7,8,9] [230,231,232,233,234,235,236]
52767.19456790125 [0,1,2,3,4,6,7,8,9] [226,227,228]
52766.26644628097 [0,1,2,3,4,6,7,8,9] [226,227,228,229,230,231,232,233,234,235,236]
52765.91840277778 [0,1,2,3,4,6,7,8,9] [229,230,231,232,233,234,235,236]
52762.08999999999 [0,1,2,3,4,6,7,8,9] [226,227,228,229]
52760.558677777786 [0,1,2,3,4,6,7,8,9] [228,229,230,231,232,233,234,235,236,237]
52751.88160493827 [0,1,2,3,4,6,7,8,9] [231,232,233,234,235,236]
52746.77777777778 [0,1,2,3,4,6,7,8,9] [229]
52746.77777777776 [0,1,2,3,4,6,7,8,9] [227,228,229,230,231,232,233,234,235,236,237]
52745.50185956791 [0,1,2,3,4,6,7,8,9] [225,226,227,228,229,230,231,232,233,234,235,236]
52745.24667777778 [0,1,2,3,4,6,7,8,9] [224,225,226,227,228,229,230,231,232,233]
52742.95006944443 [0,1,2,3,4,6,7,8,9] [226,227,228,229,230,231,232,233,234,235,236,237]
52739.122500000005 [0,1,2,3,4,6,7,8,9] [225,226,227,228,229,230]
52734.86980795612 [0,1,2,3,4,6,7,8,9] [229,230,231,232,233,234,235,236,237]
52733.38140625 [0,1,2,3,4,6,7,8,9] [230,231,232,233,234,235,236,237]
52729.76680384088 [0,1,2,3,4,6,7,8,9] [224,225,226,227,228,229,230,231,232]
52725.57990795528 [0,1,2,3,4,6,7,8,9] [225,226,227,228,229,230,231,232,233,234,235,236,237]
52723.11780532598 [0,1,2,3,4,6,7,8,9] [224,225,226,227,228,229,230,231,232,233,234]
52716.159999999996 [0,1,2,3,4,6,7,8,9] [3]
52716.159999999974 [0,1,2,3,4,6,7,8,9] [1,2,3,4,5]
52713.97335600908 [0,1,2,3,4,6,7,8,9] [231,232,233,234,235,236,237]
52713.60891975308 [0,1,2,3,4,6,7,8,9] [224,225,226,227,228,229,230,231,232,233,234,235]
52713.0987111111 [0,1,2,3,4,6,7,8,9] [225,226,227,228,229]
52704.680624999986 [0,1,2,3,4,6,7,8,9] [225,226,227,228]
52700.854444444434 [0,1,2,3,4,6,7,8,9] [226]
52699.46314049588 [0,1,2,3,4,6,7,8,9] [228,229,230,231,232,233,234,235,236,237,238]
52693.20249999999 [0,1,2,3,4,6,7,8,9] [233,234]
52692.613911900036 [0,1,2,3,4,6,7,8,9] [226,227,228,229,230,231,232,233,234,235,236,237,238]
52691.92722993827 [0,1,2,3,4,6,7,8,9] [227,228,229,230,231,232,233,234,235,236,237,238]
52685.55111111111 [0,1,2,3,4,6,7,8,9] [240]
52685.5511111111 [0,1,2,3,4,6,7,8,9] [219]
52682.76892561984 [0,1,2,3,4,6,7,8,9] [223,224,225,226,227,228,229,230,231,232,233]
52682.490711111095 [0,1,2,3,4,6,7,8,9] [232,233,234,235,236]
52680.45049382717 [0,1,2,3,4,6,7,8,9] [222,223,224,225,226,227,228,229,230,231,232,233]
52680.08617346938 [0,1,2,3,4,6,7,8,9] [225,226,227,228,229,230,231,232,233,234,235,236,237,238]
52679.66580539119 [0,1,2,3,4,6,7,8,9] [224,225,226,227,228,229,230,231,232,233,234,235,236]
52678.48878369494 [0,1,2,3,4,6,7,8,9] [228,229,230,231,232,233,234,235,236,237,238,239,240]
52678.410316049376 [0,1,2,3,4,6,7,8,9] [219,220,221,222,223,224,225,226,227,228,229,230,231,232,233]
52677.90027777777 [0,1,2,3,4,6,7,8,9] [228,229,230,231,232,233,234,235,236,237,238,239]
52675.3501234568 [0,1,2,3,4,6,7,8,9] [226,227,228,229,230,231,232,233,234,235,236,237,238,239,240]
