[Score] [Station index] [Time slots] 
65860.66777777778 [0,1,2,3,4,6,7,8,9] [227]
65749.50694444444 [0,1,2,3,4,6,7,8,9] [226,227]
65689.69 [0,1,2,3,4,6,7,8,9] [232]
65646.98027777778 [0,1,2,3,4,6,7,8,9] [227,228]
65644.13345679012 [0,1,2,3,4,6,7,8,9] [226,227,228]
65638.44 [0,1,2,3,4,6,7,8,9] [226]
65587.20999999999 [0,1,2,3,4,6,7,8,9] [239]
65564.44753086421 [0,1,2,3,4,6,7,8,9] [225,226,227]
65531.73340277776 [0,1,2,3,4,6,7,8,9] [225,226,227,228]
65518.934444444436 [0,1,2,3,4,6,7,8,9] [235]
65510.40249999998 [0,1,2,3,4,6,7,8,9] [239,240]
65493.34027777777 [0,1,2,3,4,6,7,8,9] [231,232]
65459.222499999996 [0,1,2,3,4,6,7,8,9] [232,233]
65450.69444444446 [0,1,2,3,4,6,7,8,9] [238,239]
65450.694444444445 [0,1,2,3,4,6,7,8,9] [235,236]
65446.430624999986 [0,1,2,3,4,6,7,8,9] [224,225,226,227]
65445.00938271606 [0,1,2,3,4,6,7,8,9] [238,239,240]
65443.87240000001 [0,1,2,3,4,6,7,8,9] [224,225,226,227,228]
65433.640000000014 [0,1,2,3,4,6,7,8,9] [228]
65433.63999999998 [0,1,2,3,4,6,7,8,9] [240]
65425.113611111134 [0,1,2,3,4,6,7,8,9] [226,227,228,229]
65425.11361111112 [0,1,2,3,4,6,7,8,9] [232,233,234,235]
65416.58777777777 [0,1,2,3,4,6,7,8,9] [232,233,234,235,236]
65405.22086419754 [0,1,2,3,4,6,7,8,9] [231,232,233]
65399.53777777779 [0,1,2,3,4,6,7,8,9] [231,232,233,234,235]
65396.69632716049 [0,1,2,3,4,6,7,8,9] [231,232,233,234,235,236]
65393.85493827162 [0,1,2,3,4,6,7,8,9] [232,233,234]
65391.013611111106 [0,1,2,3,4,6,7,8,9] [234,235]
65388.172345679006 [0,1,2,3,4,6,7,8,9] [234,235,236]
65384.925260770986 [0,1,2,3,4,6,7,8,9] [226,227,228,229,230,231,232]
65382.48999999999 [0,1,2,3,4,6,7,8,9] [236]
65379.08071111111 [0,1,2,3,4,6,7,8,9] [225,226,227,228,229]
65371.642571166194 [0,1,2,3,4,6,7,8,9] [226,227,228,229,230,231,232,233,234,235,236]
65370.55787777778 [0,1,2,3,4,6,7,8,9] [226,227,228,229,230,231,232,233,234,235]
65369.705624999995 [0,1,2,3,4,6,7,8,9] [231,232,233,234]
65365.444444444445 [0,1,2,3,4,6,7,8,9] [226,227,228,229,230,231,232,233]
65361.183402777766 [0,1,2,3,4,6,7,8,9] [225,226,227,228,229,230,231,232]
65356.922500000015 [0,1,2,3,4,6,7,8,9] [225,226,227,228,229,230,231,232,233,234,235,236]
65354.59842975206 [0,1,2,3,4,6,7,8,9] [225,226,227,228,229,230,231,232,233,234,235]
65354.08197530865 [0,1,2,3,4,6,7,8,9] [226,227,228,229,230,231,232,233,234]
65354.08197530861 [0,1,2,3,4,6,7,8,9] [227,228,229]
65348.401111111125 [0,1,2,3,4,6,7,8,9] [233,234,235,236]
65346.507544581626 [0,1,2,3,4,6,7,8,9] [225,226,227,228,229,230,231,232,233]
65345.56077160496 [0,1,2,3,4,6,7,8,9] [223,224,225,226,227,228]
65344.99271111112 [0,1,2,3,4,6,7,8,9] [227,228,229,230,231,232,233,234,235,236]
65342.72049382718 [0,1,2,3,4,6,7,8,9] [232,233,234,235,236,237,238,239,240]
65342.72049382716 [0,1,2,3,4,6,7,8,9] [227,228,229,230,231,232]
65341.58440000002 [0,1,2,3,4,6,7,8,9] [226,227,228,229,230]
65341.09750566894 [0,1,2,3,4,6,7,8,9] [230,231,232,233,234,235,236]
65340.8270096022 [0,1,2,3,4,6,7,8,9] [227,228,229,230,231,232,233,234,235]
65339.312241975305 [0,1,2,3,4,6,7,8,9] [226,227,228,229,230,231,232,233,234,235,236,237,238,239,240]
65338.1761777778 [0,1,2,3,4,6,7,8,9] [231,232,233,234,235,236,237,238,239,240]
65337.040123456776 [0,1,2,3,4,6,7,8,9] [233,234,235]
65336.60318211704 [0,1,2,3,4,6,7,8,9] [224,225,226,227,228,229,230,231,232,233,234,235,236]
65334.2000308642 [0,1,2,3,4,6,7,8,9] [230,231,232,233,234,235]
65334.20003086419 [0,1,2,3,4,6,7,8,9] [226,227,228,229,230,231]
65332.780007716035 [0,1,2,3,4,6,7,8,9] [224,225,226,227,228,229,230,231,232,233,234,235]
65332.57714852606 [0,1,2,3,4,6,7,8,9] [226,227,228,229,230,231,232,233,234,235,236,237,238,239]
65331.36000000002 [0,1,2,3,4,6,7,8,9] [232,233,234,235,236,237,238,239]
65331.360000000015 [0,1,2,3,4,6,7,8,9] [239,240,241]
65331.359999999986 [0,1,2,3,4,6,7,8,9] [224,225,226,227,228,229,230,231,232]
65330.29500434027 [0,1,2,3,4,6,7,8,9] [225,226,227,228,229,230,231,232,233,234,235,236,237,238,239,240]
65327.95204444444 [0,1,2,3,4,6,7,8,9] [223,224,225,226,227]
65327.57338820301 [0,1,2,3,4,6,7,8,9] [231,232,233,234,235,236,237,238,239]
65327.10006944446 [0,1,2,3,4,6,7,8,9] [238,239,240,241]
65326.49151927436 [0,1,2,3,4,6,7,8,9] [227,228,229,230,231,232,233]
65323.408241975325 [0,1,2,3,4,6,7,8,9] [225,226,227,228,229,230,231,232,233,234,235,236,237,238,239]
65321.136400000025 [0,1,2,3,4,6,7,8,9] [224,225,226,227,228,229,230,231,232,233]
65318.58062499998 [0,1,2,3,4,6,7,8,9] [227,228,229,230,231,232,233,234]
65317.972114512464 [0,1,2,3,4,6,7,8,9] [227,228,229,230,231,232,233,234,235,236,237,238,239,240]
65317.16077160494 [0,1,2,3,4,6,7,8,9] [235,236,237,238,239,240]
65316.45085069447 [0,1,2,3,4,6,7,8,9] [226,227,228,229,230,231,232,233,234,235,236,237,238,239,240,241]
65316.325570934256 [0,1,2,3,4,6,7,8,9] [224,225,226,227,228,229,230,231,232,233,234,235,236,237,238,239,240]
65315.87000918275 [0,1,2,3,4,6,7,8,9] [224,225,226,227,228,229,230,231,232,233,234]
65314.32111111114 [0,1,2,3,4,6,7,8,9] [238]
65314.321111111116 [0,1,2,3,4,6,7,8,9] [225,226,227,228,229,230,231]
65313.01051939512 [0,1,2,3,4,6,7,8,9] [226,227,228,229,230,231,232,233,234,235,236,237,238]
65312.90130401236 [0,1,2,3,4,6,7,8,9] [226,227,228,229,230,231,232,233,234,235,236,237]
65312.31668204536 [0,1,2,3,4,6,7,8,9] [226,227,228,229,230,231,232,233,234,235,236,237,238,239,240,241,242]
65310.91360000001 [0,1,2,3,4,6,7,8,9] [238,239,240,241,242]
65310.0617361111 [0,1,2,3,4,6,7,8,9] [239,240,241,242]
65309.45326530614 [0,1,2,3,4,6,7,8,9] [234,235,236,237,238,239,240]
65309.31009611689 [0,1,2,3,4,6,7,8,9] [225,226,227,228,229,230,231,232,233,234,235,236,237,238,239,240,241]
65309.07882314267 [0,1,2,3,4,6,7,8,9] [227,228,229,230,231,232,233,234,235,236,237,238,239]
65308.9969140625 [0,1,2,3,4,6,7,8,9] [224,225,226,227,228,229,230,231,232,233,234,235,236,237,238,239]
65308.64197530864 [0,1,2,3,4,6,7,8,9] [224,225,226]
65308.12570247935 [0,1,2,3,4,6,7,8,9] [230,231,232,233,234,235,236,237,238,239,240]
65305.80250000002 [0,1,2,3,4,6,7,8,9] [232,233,234,235,236,237,238,239,240,241]
65305.80249999999 [0,1,2,3,4,6,7,8,9] [225,226,227,228,229,230,231,232,233,234,235,236,237,238,239,240,241,242]
65305.0281083563 [0,1,2,3,4,6,7,8,9] [231,232,233,234,235,236,237,238,239,240,241]
65304.58560090705 [0,1,2,3,4,6,7,8,9] [225,226,227,228,229,230,231,232,233,234,235,236,237,238]
65303.836745562134 [0,1,2,3,4,6,7,8,9] [225,226,227,228,229,230,231,232,233,234,235,236,237]
65302.151836734665 [0,1,2,3,4,6,7,8,9] [223,224,225,226,227,228,229,230,231,232,233,234,235,236]
65300.381854912746 [0,1,2,3,4,6,7,8,9] [232,233,234,235,236,237,238,239,240,241,242]
65300.1237345679 [0,1,2,3,4,6,7,8,9] [231,232,233,234,235,236,237,238,239,240,241,242]
65299.413906249996 [0,1,2,3,4,6,7,8,9] [233,234,235,236,237,238,239,240]
65297.28444444446 [0,1,2,3,4,6,7,8,9] [224,225,226,227,228,229,230,231,232,233,234,235,236,237,238,239,240,241]
65297.28444444443 [0,1,2,3,4,6,7,8,9] [230,231,232,233,234]
65295.97402366866 [0,1,2,3,4,6,7,8,9] [223,224,225,226,227,228,229,230,231,232,233,234,235]
65295.58090000001 [0,1,2,3,4,6,7,8,9] [230,231,232,233,234,235,236,237,238,239]
