[Score] [Station index] [Time slots] 
65044.225 [0,1,2,3,4,5,6,7,8,9] [239]
64995.844000000005 [0,1,2,3,4,5,6,7,8,9] [235]
64987.782250000004 [0,1,2,3,4,5,6,7,8,9] [238,239]
64947.481000000014 [0,1,2,3,4,5,6,7,8,9] [235,236]
64947.48099999999 [0,1,2,3,4,5,6,7,8,9] [239,240]
64942.108444444464 [0,1,2,3,4,5,6,7,8,9] [238,239,240]
64931.364000000016 [0,1,2,3,4,5,6,7,8,9] [238]
64923.30625 [0,1,2,3,4,5,6,7,8,9] [238,239,240,241]
64920.62044444445 [0,1,2,3,4,5,6,7,8,9] [239,240,241]
64915.24899999999 [0,1,2,3,4,5,6,7,8,9] [235,236,237,238,239]
64904.50677777778 [0,1,2,3,4,5,6,7,8,9] [235,236,237,238,239,240]
64899.136 [0,1,2,3,4,5,6,7,8,9] [235,236,237,238,239,240,241]
64899.135999999984 [0,1,2,3,4,5,6,7,8,9] [236]
64895.108062499996 [0,1,2,3,4,5,6,7,8,9] [236,237,238,239]
64893.765444444434 [0,1,2,3,4,5,6,7,8,9] [237,238,239]
64886.24704000001 [0,1,2,3,4,5,6,7,8,9] [236,237,238,239,240]
64883.02500000002 [0,1,2,3,4,5,6,7,8,9] [236,237,238,239,240,241]
64883.025 [0,1,2,3,4,5,6,7,8,9] [237,238,239,240]
64879.803040000006 [0,1,2,3,4,5,6,7,8,9] [237,238,239,240,241]
64876.58115999999 [0,1,2,3,4,5,6,7,8,9] [238,239,240,241,242]
64872.956640625 [0,1,2,3,4,5,6,7,8,9] [235,236,237,238,239,240,241,242]
64866.91600000001 [0,1,2,3,4,5,6,7,8,9] [235,236,237]
64866.91599999999 [0,1,2,3,4,5,6,7,8,9] [241]
64862.8890625 [0,1,2,3,4,5,6,7,8,9] [239,240,241,242]
64858.86225000002 [0,1,2,3,4,5,6,7,8,9] [240,241]
64855.41079591839 [0,1,2,3,4,5,6,7,8,9] [236,237,238,239,240,241,242]
64850.80900000001 [0,1,2,3,4,5,6,7,8,9] [240]
64848.124694444436 [0,1,2,3,4,5,6,7,8,9] [237,238,239,240,241,242]
64845.440444444444 [0,1,2,3,4,5,6,7,8,9] [236,237,238]
64822.6265625 [0,1,2,3,4,5,6,7,8,9] [234,235,236,237,238,239,240,241]
64818.60099999999 [0,1,2,3,4,5,6,7,8,9] [237,238]
64816.30073469388 [0,1,2,3,4,5,6,7,8,9] [234,235,236,237,238,239,240]
64810.55024999999 [0,1,2,3,4,5,6,7,8,9] [234,235,236,237,238,239]
64807.866777777774 [0,1,2,3,4,5,6,7,8,9] [234,235,236,237,238,239,240,241,242]
64802.5 [0,1,2,3,4,5,6,7,8,9] [240,241,242]
64802.49999999998 [0,1,2,3,4,5,6,7,8,9] [236,237]
64798.92227160494 [0,1,2,3,4,5,6,7,8,9] [235,236,237,238,239,240,241,242,243]
64778.35224999998 [0,1,2,3,4,5,6,7,8,9] [241,242]
64774.32806250001 [0,1,2,3,4,5,6,7,8,9] [236,237,238,239,240,241,242,243]
64764.938777777796 [0,1,2,3,4,5,6,7,8,9] [238,239,240,241,242,243]
64763.86576 [0,1,2,3,4,5,6,7,8,9] [234,235,236,237,238]
64756.5081632653 [0,1,2,3,4,5,6,7,8,9] [237,238,239,240,241,242,243]
64747.77155999998 [0,1,2,3,4,5,6,7,8,9] [234,235,236,237,238,239,240,241,242,243]
64731.67936000001 [0,1,2,3,4,5,6,7,8,9] [239,240,241,242,243]
64727.38844444444 [0,1,2,3,4,5,6,7,8,9] [234,235,236]
64723.81279012347 [0,1,2,3,4,5,6,7,8,9] [233,234,235,236,237,238,239,240,241]
64722.025 [0,1,2,3,4,5,6,7,8,9] [234,235,236,237]
64720.41601000002 [0,1,2,3,4,5,6,7,8,9] [233,234,235,236,237,238,239,240,241,242]
64705.93600000001 [0,1,2,3,4,5,6,7,8,9] [233,234,235,236,237,238,239,240]
64696.28355999999 [0,1,2,3,4,5,6,7,8,9] [235,236,237,238,239,240,241,242,243,244]
64689.84899999999 [0,1,2,3,4,5,6,7,8,9] [242]
64686.92430578512 [0,1,2,3,4,5,6,7,8,9] [232,233,234,235,236,237,238,239,240,241,242]
64686.63184 [0,1,2,3,4,5,6,7,8,9] [232,233,234,235,236,237,238,239,240,241]
64685.25308163266 [0,1,2,3,4,5,6,7,8,9] [233,234,235,236,237,238,239]
64673.76399999999 [0,1,2,3,4,5,6,7,8,9] [233,234,235,236,237,238,239,240,241,242,243]
64666.61575308642 [0,1,2,3,4,5,6,7,8,9] [232,233,234,235,236,237,238,239,240]
64665.72225000001 [0,1,2,3,4,5,6,7,8,9] [231,232,233,234,235,236,237,238,239,240,241,242]
64663.52913223141 [0,1,2,3,4,5,6,7,8,9] [231,232,233,234,235,236,237,238,239,240,241]
64663.041777777755 [0,1,2,3,4,5,6,7,8,9] [236,237,238,239,240,241,242,243,244]
64659.143008264444 [0,1,2,3,4,5,6,7,8,9] [234,235,236,237,238,239,240,241,242,243,244]
64653.66056250001 [0,1,2,3,4,5,6,7,8,9] [240,241,242,243]
64646.960111111126 [0,1,2,3,4,5,6,7,8,9] [232,233,234,235,236,237,238,239,240,241,242,243]
64643.610015625 [0,1,2,3,4,5,6,7,8,9] [232,233,234,235,236,237,238,239]
64643.20801000002 [0,1,2,3,4,5,6,7,8,9] [231,232,233,234,235,236,237,238,239,240]
64641.59999999998 [0,1,2,3,4,5,6,7,8,9] [234,235]
64635.75285950412 [0,1,2,3,4,5,6,7,8,9] [235,236,237,238,239,240,241,242,243,244,245]
64633.560249999995 [0,1,2,3,4,5,6,7,8,9] [237,238,239,240,241,242,243,244]
64630.46817159763 [0,1,2,3,4,5,6,7,8,9] [231,232,233,234,235,236,237,238,239,240,241,242,243]
64625.52099999999 [0,1,2,3,4,5,6,7,8,9] [233,234,235,236,237,238]
64623.2241632653 [0,1,2,3,4,5,6,7,8,9] [238,239,240,241,242,243,244]
64623.04748520711 [0,1,2,3,4,5,6,7,8,9] [230,231,232,233,234,235,236,237,238,239,240,241,242]
64620.161777777794 [0,1,2,3,4,5,6,7,8,9] [231,232,233,234,235,236,237,238,239]
64617.48224999999 [0,1,2,3,4,5,6,7,8,9] [230,231,232,233,234,235,236,237,238,239,240,241]
64606.764694444464 [0,1,2,3,4,5,6,7,8,9] [234,235,236,237,238,239,240,241,242,243,244,245]
64599.79876 [0,1,2,3,4,5,6,7,8,9] [236,237,238,239,240,241,242,243,244,245]
64598.72711111109 [0,1,2,3,4,5,6,7,8,9] [233,234,235,236,237,238,239,240,241,242,243,244]
64594.83028099174 [0,1,2,3,4,5,6,7,8,9] [230,231,232,233,234,235,236,237,238,239,240]
64593.36899999999 [0,1,2,3,4,5,6,7,8,9] [230,231,232,233,234,235,236,237,238,239,240,241,242,243]
64588.011111111126 [0,1,2,3,4,5,6,7,8,9] [241,242,243]
64586.4803265306 [0,1,2,3,4,5,6,7,8,9] [232,233,234,235,236,237,238]
64579.76863905324 [0,1,2,3,4,5,6,7,8,9] [232,233,234,235,236,237,238,239,240,241,242,243,244]
64572.70408163265 [0,1,2,3,4,5,6,7,8,9] [229,230,231,232,233,234,235,236,237,238,239,240,241,242]
64571.93877777779 [0,1,2,3,4,5,6,7,8,9] [239,240,241,242,243,244]
64569.260250000014 [0,1,2,3,4,5,6,7,8,9] [231,232,233,234,235,236,237,238,239,240,241,242,243,244]
64567.251390625024 [0,1,2,3,4,5,6,7,8,9] [231,232,233,234,235,236,237,238]
64566.58177777777 [0,1,2,3,4,5,6,7,8,9] [237,238,239,240,241,242,243,244,245]
64564.43903999998 [0,1,2,3,4,5,6,7,8,9] [233,234,235,236,237]
64563.69733136093 [0,1,2,3,4,5,6,7,8,9] [229,230,231,232,233,234,235,236,237,238,239,240,241]
64559.885840277755 [0,1,2,3,4,5,6,7,8,9] [235,236,237,238,239,240,241,242,243,244,245,246]
64555.04437869821 [0,1,2,3,4,5,6,7,8,9] [233,234,235,236,237,238,239,240,241,242,243,244,245]
64549.1730625 [0,1,2,3,4,5,6,7,8,9] [238,239,240,241,242,243,244,245]
64548.36963999999 [0,1,2,3,4,5,6,7,8,9] [229,230,231,232,233,234,235,236,237,238,239,240,241,242,243]
64540.565224489794 [0,1,2,3,4,5,6,7,8,9] [232,233,234,235,236,237,238,239,240,241,242,243,244,245]
64538.97614792899 [0,1,2,3,4,5,6,7,8,9] [234,235,236,237,238,239,240,241,242,243,244,245,246]
64538.72896 [0,1,2,3,4,5,6,7,8,9] [230,231,232,233,234,235,236,237,238,239,240,241,242,243,244]
64538.46117361111 [0,1,2,3,4,5,6,7,8,9] [229,230,231,232,233,234,235,236,237,238,239,240]
64537.657817777756 [0,1,2,3,4,5,6,7,8,9] [228,229,230,231,232,233,234,235,236,237,238,239,240,241,242]
64533.37333777776 [0,1,2,3,4,5,6,7,8,9] [231,232,233,234,235,236,237,238,239,240,241,242,243,244,245]
64529.089000000014 [0,1,2,3,4,5,6,7,8,9] [232,233,234,235,236,237]
64526.793877551005 [0,1,2,3,4,5,6,7,8,9] [228,229,230,231,232,233,234,235,236,237,238,239,240,241]
