[Score] [Station index] [Time slots] 
65820.769 [0,1,2,3,4,5,6,7,8,9] [233,234]
65808.28805325442 [0,1,2,3,4,5,6,7,8,9] [227,228,229,230,231,232,233,234,235,236,237,238,239]
65804.54400000001 [0,1,2,3,4,5,6,7,8,9] [230]
65796.43225000001 [0,1,2,3,4,5,6,7,8,9] [228,229,230,231,232,233,234,235,236,237]
65790.348765625 [0,1,2,3,4,5,6,7,8,9] [229,230,231,232,233,234,235,236]
65788.32100000001 [0,1,2,3,4,5,6,7,8,9] [230,231,232,233,234,235]
65782.91377777778 [0,1,2,3,4,5,6,7,8,9] [227,228,229,230,231,232,233,234,235,236,237,238]
65782.91377777777 [0,1,2,3,4,5,6,7,8,9] [232,233,234]
65765.14875510207 [0,1,2,3,4,5,6,7,8,9] [226,227,228,229,230,231,232,233,234,235,236,237,238,239]
65761.77858677687 [0,1,2,3,4,5,6,7,8,9] [227,228,229,230,231,232,233,234,235,236,237]
65759.12464000001 [0,1,2,3,4,5,6,7,8,9] [230,231,232,233,234]
65755.88100000002 [0,1,2,3,4,5,6,7,8,9] [229,230,231,232,233,234,235]
65747.77224999997 [0,1,2,3,4,5,6,7,8,9] [231,232,233,234]
65746.87130864197 [0,1,2,3,4,5,6,7,8,9] [228,229,230,231,232,233,234,235,236]
65738.41662130176 [0,1,2,3,4,5,6,7,8,9] [226,227,228,229,230,231,232,233,234,235,236,237,238]
65726.15136111111 [0,1,2,3,4,5,6,7,8,9] [229,230,231,232,233,234]
65723.44900000001 [0,1,2,3,4,5,6,7,8,9] [230,231]
65723.449 [0,1,2,3,4,5,6,7,8,9] [233]
65719.3955625 [0,1,2,3,4,5,6,7,8,9] [230,231,232,233]
65718.04444444446 [0,1,2,3,4,5,6,7,8,9] [230,231,232]
65715.34225000002 [0,1,2,3,4,5,6,7,8,9] [226,227,228,229,230,231,232,233,234,235,236,237]
65713.72095999999 [0,1,2,3,4,5,6,7,8,9] [227,228,229,230,231,232,233,234,235,236]
65712.6401111111 [0,1,2,3,4,5,6,7,8,9] [225,226,227,228,229,230,231,232,233,234,235,236,237,238,239]
65711.2890625 [0,1,2,3,4,5,6,7,8,9] [228,229,230,231,232,233,234,235]
65707.236 [0,1,2,3,4,5,6,7,8,9] [232]
65691.02499999998 [0,1,2,3,4,5,6,7,8,9] [231,232,233]
65687.78304 [0,1,2,3,4,5,6,7,8,9] [229,230,231,232,233]
65684.07804081633 [0,1,2,3,4,5,6,7,8,9] [225,226,227,228,229,230,231,232,233,234,235,236,237,238]
65682.92025000001 [0,1,2,3,4,5,6,7,8,9] [229,230]
65679.44693877551 [0,1,2,3,4,5,6,7,8,9] [228,229,230,231,232,233,234]
65678.86806250001 [0,1,2,3,4,5,6,7,8,9] [229,230,231,232]
65678.41782716049 [0,1,2,3,4,5,6,7,8,9] [227,228,229,230,231,232,233,234,235]
65674.81600000002 [0,1,2,3,4,5,6,7,8,9] [224,225,226,227,228,229,230,231,232,233,234,235,236,237,238,239]
65674.81599999999 [0,1,2,3,4,5,6,7,8,9] [231,232]
65669.41344444444 [0,1,2,3,4,5,6,7,8,9] [229,230,231]
65667.44893388428 [0,1,2,3,4,5,6,7,8,9] [226,227,228,229,230,231,232,233,234,235,236]
65658.60900000001 [0,1,2,3,4,5,6,7,8,9] [225,226,227,228,229,230,231,232,233,234,235,236,237]
65646.4550625 [0,1,2,3,4,5,6,7,8,9] [227,228,229,230,231,232,233,234]
65645.64484000002 [0,1,2,3,4,5,6,7,8,9] [224,225,226,227,228,229,230,231,232,233,234,235,236,237,238]
65642.404 [0,1,2,3,4,5,6,7,8,9] [231]
65639.7033611111 [0,1,2,3,4,5,6,7,8,9] [228,229,230,231,232,233]
65638.59134948096 [0,1,2,3,4,5,6,7,8,9] [223,224,225,226,227,228,229,230,231,232,233,234,235,236,237,238,239]
65631.06169000002 [0,1,2,3,4,5,6,7,8,9] [226,227,228,229,230,231,232,233,234,235]
65622.96063999999 [0,1,2,3,4,5,6,7,8,9] [228,229,230,231,232]
65621.93738504156 [0,1,2,3,4,5,6,7,8,9] [222,223,224,225,226,227,228,229,230,231,232,233,234,235,236,237,238,239,240]
65619.25746938777 [0,1,2,3,4,5,6,7,8,9] [224,225,226,227,228,229,230,231,232,233,234,235,236,237]
65610.00000000003 [0,1,2,3,4,5,6,7,8,9] [225,226,227,228,229,230,231,232,233,234,235,236]
65608.98750390628 [0,1,2,3,4,5,6,7,8,9] [223,224,225,226,227,228,229,230,231,232,233,234,235,236,237,238]
65607.68573469386 [0,1,2,3,4,5,6,7,8,9] [227,228,229,230,231,232,233]
65601.90024999999 [0,1,2,3,4,5,6,7,8,9] [228,229,230,231]
65597.40060493827 [0,1,2,3,4,5,6,7,8,9] [226,227,228,229,230,231,232,233,234]
65588.40177777778 [0,1,2,3,4,5,6,7,8,9] [222,223,224,225,226,227,228,229,230,231,232,233,234,235,236,237,238,239]
65588.40177777776 [0,1,2,3,4,5,6,7,8,9] [227,228,229,230,231,232]
65581.92300444441 [0,1,2,3,4,5,6,7,8,9] [223,224,225,226,227,228,229,230,231,232,233,234,235,236,237]
65571.71467768596 [0,1,2,3,4,5,6,7,8,9] [225,226,227,228,229,230,231,232,233,234,235]
65571.37491715977 [0,1,2,3,4,5,6,7,8,9] [224,225,226,227,228,229,230,231,232,233,234,235,236]
65564.64784 [0,1,2,3,4,5,6,7,8,9] [227,228,229,230,231]
65561.40899999999 [0,1,2,3,4,5,6,7,8,9] [229]
65557.59870242215 [0,1,2,3,4,5,6,7,8,9] [222,223,224,225,226,227,228,229,230,231,232,233,234,235,236,237,238]
65557.36056249999 [0,1,2,3,4,5,6,7,8,9] [226,227,228,229,230,231,232,233]
65545.216 [0,1,2,3,4,5,6,7,8,9] [227,228,229,230]
65535.50116 [0,1,2,3,4,5,6,7,8,9] [225,226,227,228,229,230,231,232,233,234]
65534.98987257618 [0,1,2,3,4,5,6,7,8,9] [221,222,223,224,225,226,227,228,229,230,231,232,233,234,235,236,237,238,239]
65534.807270408164 [0,1,2,3,4,5,6,7,8,9] [223,224,225,226,227,228,229,230,231,232,233,234,235,236]
65533.65079591835 [0,1,2,3,4,5,6,7,8,9] [226,227,228,229,230,231,232]
65533.07256250002 [0,1,2,3,4,5,6,7,8,9] [224,225,226,227,228,229,230,231,232,233,234,235]
65529.025 [0,1,2,3,4,5,6,7,8,9] [222,223,224,225,226,227,228,229,230,231,232,233,234,235,236,237]
65504.742249999996 [0,1,2,3,4,5,6,7,8,9] [226,227,228,229,230,231]
65502.94370679014 [0,1,2,3,4,5,6,7,8,9] [221,222,223,224,225,226,227,228,229,230,231,232,233,234,235,236,237,238]
65496.64900000001 [0,1,2,3,4,5,6,7,8,9] [224,225,226,227,228,229,230,231,232,233,234]
65496.64899999999 [0,1,2,3,4,5,6,7,8,9] [223,224,225,226,227,228,229,230,231,232,233,234,235]
65493.05216049383 [0,1,2,3,4,5,6,7,8,9] [225,226,227,228,229,230,231,232,233]
65483.700840000005 [0,1,2,3,4,5,6,7,8,9] [220,221,222,223,224,225,226,227,228,229,230,231,232,233,234,235,236,237,238,239]
65481.54293777776 [0,1,2,3,4,5,6,7,8,9] [222,223,224,225,226,227,228,229,230,231,232,233,234,235,236]
65480.464000000014 [0,1,2,3,4,5,6,7,8,9] [228,229]
65477.22723999999 [0,1,2,3,4,5,6,7,8,9] [226,227,228,229,230]
65472.8482214533 [0,1,2,3,4,5,6,7,8,9] [221,222,223,224,225,226,227,228,229,230,231,232,233,234,235,236,237]
65464.281 [0,1,2,3,4,5,6,7,8,9] [225,226,227,228,229,230,231,232]
65460.235562499984 [0,1,2,3,4,5,6,7,8,9] [223,224,225,226,227,228,229,230,231,232,233,234]
65458.88711111112 [0,1,2,3,4,5,6,7,8,9] [227,228,229]
65454.57216000002 [0,1,2,3,4,5,6,7,8,9] [224,225,226,227,228,229,230,231,232,233]
65450.65476177285 [0,1,2,3,4,5,6,7,8,9] [220,221,222,223,224,225,226,227,228,229,230,231,232,233,234,235,236,237,238]
65442.321556122435 [0,1,2,3,4,5,6,7,8,9] [222,223,224,225,226,227,228,229,230,231,232,233,234,235]
65437.313777777774 [0,1,2,3,4,5,6,7,8,9] [219,220,221,222,223,224,225,226,227,228,229,230,231,232,233,234,235,236,237,238,239]
65429.609877550996 [0,1,2,3,4,5,6,7,8,9] [225,226,227,228,229,230,231]
65424.843316406244 [0,1,2,3,4,5,6,7,8,9] [221,222,223,224,225,226,227,228,229,230,231,232,233,234,235,236]
65424.73097530863 [0,1,2,3,4,5,6,7,8,9] [224,225,226,227,228,229,230,231,232]
65419.338716049366 [0,1,2,3,4,5,6,7,8,9] [220,221,222,223,224,225,226,227,228,229,230,231,232,233,234,235,236,237]
65418.685123966934 [0,1,2,3,4,5,6,7,8,9] [223,224,225,226,227,228,229,230,231,232,233]
65415.74399999999 [0,1,2,3,4,5,6,7,8,9] [227]
65412.93081285445 [0,1,2,3,4,5,6,7,8,9] [218,219,220,221,222,223,224,225,226,227,228,229,230,231,232,233,234,235,236,237,238,239,240]
65407.65625 [0,1,2,3,4,5,6,7,8,9] [227,228]
65404.545710059196 [0,1,2,3,4,5,6,7,8,9] [222,223,224,225,226,227,228,229,230,231,232,233,234]
65403.6125625 [0,1,2,3,4,5,6,7,8,9] [219,220,221,222,223,224,225,226,227,228,229,230,231,232,233,234,235,236,237,238]
65399.569 [0,1,2,3,4,5,6,7,8,9] [228]
65395.525562499985 [0,1,2,3,4,5,6,7,8,9] [226,227,228,229]
65394.17777777781 [0,1,2,3,4,5,6,7,8,9] [225,226,227,228,229,230]
65389.460640624995 [0,1,2,3,4,5,6,7,8,9] [224,225,226,227,228,229,230,231]
65388.247689999975 [0,1,2,3,4,5,6,7,8,9] [223,224,225,226,227,228,229,230,231,232]
65384.47413777777 [0,1,2,3,4,5,6,7,8,9] [221,222,223,224,225,226,227,228,229,230,231,232,233,234,235]
