[Score] [Station index] [Time slots] 
28185.481 [0,1,2,3,4,5,6,7,8,9] [232]
28111.20399999999 [0,1,2,3,4,5,6,7,8,9] [234]
28107.669444444437 [0,1,2,3,4,5,6,7,8,9] [232,233,234]
28105.902249999996 [0,1,2,3,4,5,6,7,8,9] [232,233]
28079.400999999994 [0,1,2,3,4,5,6,7,8,9] [231,232]
28074.102250000014 [0,1,2,3,4,5,6,7,8,9] [231,232,233,234]
28074.102250000004 [0,1,2,3,4,5,6,7,8,9] [232,233,234,235]
28068.80400000001 [0,1,2,3,4,5,6,7,8,9] [232,233,234,235,236]
28068.803999999996 [0,1,2,3,4,5,6,7,8,9] [233,234]
28061.740444444447 [0,1,2,3,4,5,6,7,8,9] [231,232,233]
28053.971560000013 [0,1,2,3,4,5,6,7,8,9] [231,232,233,234,235]
28052.91225 [0,1,2,3,4,5,6,7,8,9] [231,232,233,234,235,236]
28047.616 [0,1,2,3,4,5,6,7,8,9] [236]
28044.085444444452 [0,1,2,3,4,5,6,7,8,9] [234,235,236]
28042.320249999997 [0,1,2,3,4,5,6,7,8,9] [234,235]
28039.672562500007 [0,1,2,3,4,5,6,7,8,9] [233,234,235,236]
28037.025 [0,1,2,3,4,5,6,7,8,9] [230,231,232,233,234,235,236]
28037.024999999987 [0,1,2,3,4,5,6,7,8,9] [233,234,235]
28035.260027777782 [0,1,2,3,4,5,6,7,8,9] [230,231,232,233,234,235]
28033.495111111115 [0,1,2,3,4,5,6,7,8,9] [232,233,234,235,236,237]
28031.730250000004 [0,1,2,3,4,5,6,7,8,9] [230,231,232,233]
28028.20069444445 [0,1,2,3,4,5,6,7,8,9] [229,230,231,232,233,234]
28026.435999999998 [0,1,2,3,4,5,6,7,8,9] [233]
28024.9234489796 [0,1,2,3,4,5,6,7,8,9] [231,232,233,234,235,236,237]
28023.7890625 [0,1,2,3,4,5,6,7,8,9] [229,230,231,232,233,234,235,236]
28023.410938775505 [0,1,2,3,4,5,6,7,8,9] [232,233,234,235,236,237,238]
28020.386040816327 [0,1,2,3,4,5,6,7,8,9] [229,230,231,232,233,234,235]
28017.172265625 [0,1,2,3,4,5,6,7,8,9] [231,232,233,234,235,236,237,238]
28014.525765625003 [0,1,2,3,4,5,6,7,8,9] [230,231,232,233,234,235,236,237]
28011.614759999997 [0,1,2,3,4,5,6,7,8,9] [229,230,231,232,233]
28010.55625 [0,1,2,3,4,5,6,7,8,9] [235,236]
28009.968197530863 [0,1,2,3,4,5,6,7,8,9] [228,229,230,231,232,233,234,235,236]
28009.80018367347 [0,1,2,3,4,5,6,7,8,9] [228,229,230,231,232,233,234]
28008.792111111114 [0,1,2,3,4,5,6,7,8,9] [230,231,232,233,234,235,236,237,238]
28007.910062500003 [0,1,2,3,4,5,6,7,8,9] [229,230,231,232]
28005.264000000006 [0,1,2,3,4,5,6,7,8,9] [228,229,230,231,232,233,234,235]
28005.263999999996 [0,1,2,3,4,5,6,7,8,9] [229,230,231,232,233,234,235,236,237]
28003.14724 [0,1,2,3,4,5,6,7,8,9] [233,234,235,236,237]
28001.030559999996 [0,1,2,3,4,5,6,7,8,9] [229,230,231,232,233,234,235,236,237,238]
27997.3265625 [0,1,2,3,4,5,6,7,8,9] [234,235,236,237]
27996.444694444443 [0,1,2,3,4,5,6,7,8,9] [233,234,235,236,237,238]
27994.681 [0,1,2,3,4,5,6,7,8,9] [228,229,230,231,232,233,234,235,236,237]
27994.68099999999 [0,1,2,3,4,5,6,7,8,9] [225]
27992.91736111111 [0,1,2,3,4,5,6,7,8,9] [225,226,227,228,229,230,231,232,233,234,235,236]
27992.9173611111 [0,1,2,3,4,5,6,7,8,9] [228,229,230,231,232,233]
27992.757033057853 [0,1,2,3,4,5,6,7,8,9] [226,227,228,229,230,231,232,233,234,235,236]
27991.79507438017 [0,1,2,3,4,5,6,7,8,9] [228,229,230,231,232,233,234,235,236,237,238]
27990.71289062499 [0,1,2,3,4,5,6,7,8,9] [227,228,229,230,231,232,233,234]
27990.44835999999 [0,1,2,3,4,5,6,7,8,9] [234,235,236,237,238]
27989.390250000008 [0,1,2,3,4,5,6,7,8,9] [225,226,227,228,229,230,231,232,233,234]
27988.802419753105 [0,1,2,3,4,5,6,7,8,9] [227,228,229,230,231,232,233,234,235]
27988.802419753087 [0,1,2,3,4,5,6,7,8,9] [226,227,228,229,230,231,232,233,234]
27987.947404958675 [0,1,2,3,4,5,6,7,8,9] [225,226,227,228,229,230,231,232,233,234,235]
27987.27409000001 [0,1,2,3,4,5,6,7,8,9] [226,227,228,229,230,231,232,233,234,235]
27986.21604 [0,1,2,3,4,5,6,7,8,9] [228,229,230,231,232]
27984.1 [0,1,2,3,4,5,6,7,8,9] [225,226]
27982.47233136095 [0,1,2,3,4,5,6,7,8,9] [225,226,227,228,229,230,231,232,233,234,235,236,237]
27982.176396694216 [0,1,2,3,4,5,6,7,8,9] [227,228,229,230,231,232,233,234,235,236,237]
27981.45506249999 [0,1,2,3,4,5,6,7,8,9] [226,227,228,229,230,231,232,233,234,235,236,237]
27981.07722448979 [0,1,2,3,4,5,6,7,8,9] [225,226,227,228,229,230,231,232,233,234,235,236,237,238]
27980.573444444446 [0,1,2,3,4,5,6,7,8,9] [227,228,229,230,231,232,233,234,235,236,237,238]
27980.030917159766 [0,1,2,3,4,5,6,7,8,9] [226,227,228,229,230,231,232,233,234,235,236,237,238]
27975.871716049383 [0,1,2,3,4,5,6,7,8,9] [225,226,227,228,229,230,231,232,233]
27973.521000000008 [0,1,2,3,4,5,6,7,8,9] [235]
27973.520999999997 [0,1,2,3,4,5,6,7,8,9] [227,228,229,230,231,232,233]
27969.554390625 [0,1,2,3,4,5,6,7,8,9] [225,226,227,228,229,230,231,232]
27967.825443786987 [0,1,2,3,4,5,6,7,8,9] [224,225,226,227,228,229,230,231,232,233,234,235,236]
27965.965795918368 [0,1,2,3,4,5,6,7,8,9] [226,227,228,229,230,231,232]
27964.70669444445 [0,1,2,3,4,5,6,7,8,9] [227,228,229,230,231,232]
27964.11912345679 [0,1,2,3,4,5,6,7,8,9] [231,232,233,234,235,236,237,238,239]
27962.944000000007 [0,1,2,3,4,5,6,7,8,9] [238]
27962.943999999996 [0,1,2,3,4,5,6,7,8,9] [232,233,234,235,236,237,238,239]
27961.886409999996 [0,1,2,3,4,5,6,7,8,9] [230,231,232,233,234,235,236,237,238,239]
27961.18136111112 [0,1,2,3,4,5,6,7,8,9] [224,225,226,227,228,229,230,231,232,233,234,235]
27960.3000625 [0,1,2,3,4,5,6,7,8,9] [235,236,237,238]
27960.12380444444 [0,1,2,3,4,5,6,7,8,9] [224,225,226,227,228,229,230,231,232,233,234,235,236,237,238]
27960.059710743815 [0,1,2,3,4,5,6,7,8,9] [224,225,226,227,228,229,230,231,232,233,234]
27959.922367346946 [0,1,2,3,4,5,6,7,8,9] [224,225,226,227,228,229,230,231,232,233,234,235,236,237]
27959.418777777777 [0,1,2,3,4,5,6,7,8,9] [235,236,237]
27959.098314049585 [0,1,2,3,4,5,6,7,8,9] [229,230,231,232,233,234,235,236,237,238,239]
27957.65625 [0,1,2,3,4,5,6,7,8,9] [230,231]
27955.89377777778 [0,1,2,3,4,5,6,7,8,9] [236,237,238]
27954.131361111115 [0,1,2,3,4,5,6,7,8,9] [228,229,230,231,232,233,234,235,236,237,238,239]
27952.369000000006 [0,1,2,3,4,5,6,7,8,9] [236,237]
27951.664071111103 [0,1,2,3,4,5,6,7,8,9] [225,226,227,228,229,230,231,232,233,234,235,236,237,238,239]
27948.84444444444 [0,1,2,3,4,5,6,7,8,9] [229,230,231]
27948.59269897959 [0,1,2,3,4,5,6,7,8,9] [226,227,228,229,230,231,232,233,234,235,236,237,238,239]
27947.082249999996 [0,1,2,3,4,5,6,7,8,9] [223,224,225,226,227,228,229,230,231,232,233,234,235,236]
27946.67559763314 [0,1,2,3,4,5,6,7,8,9] [227,228,229,230,231,232,233,234,235,236,237,238,239]
27944.96769 [0,1,2,3,4,5,6,7,8,9] [224,225,226,227,228,229,230,231,232,233]
27942.456753906252 [0,1,2,3,4,5,6,7,8,9] [223,224,225,226,227,228,229,230,231,232,233,234,235,236,237,238]
27941.796000000002 [0,1,2,3,4,5,6,7,8,9] [230]
27941.091204444434 [0,1,2,3,4,5,6,7,8,9] [223,224,225,226,227,228,229,230,231,232,233,234,235,236,237]
27939.356360946746 [0,1,2,3,4,5,6,7,8,9] [223,224,225,226,227,228,229,230,231,232,233,234,235]
27938.775510204083 [0,1,2,3,4,5,6,7,8,9] [225,226,227,228,229,230,231]
27936.51025000001 [0,1,2,3,4,5,6,7,8,9] [228,229,230,231]
27936.51025 [0,1,2,3,4,5,6,7,8,9] [223,224,225,226,227,228,229,230,231,232,233,234]
27935.922975308633 [0,1,2,3,4,5,6,7,8,9] [224,225,226,227,228,229,230,231,232]
27933.867562499996 [0,1,2,3,4,5,6,7,8,9] [224,225,226,227,228,229,230,231,232,233,234,235,236,237,238,239]
27932.986694444444 [0,1,2,3,4,5,6,7,8,9] [225,226,227,228,229,230]
