[Score] [Station index] [Time slots] 
51624.225 [0,1,2,3,4,5,6,7,8,9] [0]
51466.276 [0,1,2,3,4,5,6,7,8,9] [0,1]
51308.568999999996 [0,1,2,3,4,5,6,7,8,9] [1]
51232.19211111111 [0,1,2,3,4,5,6,7,8,9] [0,1,2]
51036.736 [0,1,2,3,4,5,6,7,8,9] [1,2]
51018.8775625 [0,1,2,3,4,5,6,7,8,9] [0,1,2,3]
50834.04803999999 [0,1,2,3,4,5,6,7,8,9] [0,1,2,3,4]
50817.88844444446 [0,1,2,3,4,5,6,7,8,9] [1,2,3]
50765.625 [0,1,2,3,4,5,6,7,8,9] [2]
50680.16099999998 [0,1,2,3,4,5,6,7,8,9] [0,1,2,3,4,5]
50637.45600000002 [0,1,2,3,4,5,6,7,8,9] [1,2,3,4]
50573.43224999998 [0,1,2,3,4,5,6,7,8,9] [2,3]
50531.78775510203 [0,1,2,3,4,5,6,7,8,9] [0,1,2,3,4,5,6]
50492.39363999999 [0,1,2,3,4,5,6,7,8,9] [1,2,3,4,5]
50414.73344444444 [0,1,2,3,4,5,6,7,8,9] [2,3,4]
50381.60399999999 [0,1,2,3,4,5,6,7,8,9] [3]
50370.95756250001 [0,1,2,3,4,5,6,7,8,9] [0,1,2,3,4,5,6,7]
50350.85069444447 [0,1,2,3,4,5,6,7,8,9] [1,2,3,4,5,6]
50289.372250000015 [0,1,2,3,4,5,6,7,8,9] [2,3,4,5]
50239.74400000001 [0,1,2,3,4,5,6,7,8,9] [3,4]
50198.79945679012 [0,1,2,3,4,5,6,7,8,9] [0,1,2,3,4,5,6,7,8]
50193.17651020408 [0,1,2,3,4,5,6,7,8,9] [1,2,3,4,5,6,7]
50160.389759999984 [0,1,2,3,4,5,6,7,8,9] [2,3,4,5,6]
50131.12011111111 [0,1,2,3,4,5,6,7,8,9] [3,4,5]
50098.08399999999 [0,1,2,3,4,5,6,7,8,9] [4]
50022.024390625 [0,1,2,3,4,5,6,7,8,9] [1,2,3,4,5,6,7,8]
50016.01283999999 [0,1,2,3,4,5,6,7,8,9] [0,1,2,3,4,5,6,7,8,9]
50009.648062500026 [0,1,2,3,4,5,6,7,8,9] [3,4,5,6]
50008.46944444444 [0,1,2,3,4,5,6,7,8,9] [2,3,4,5,6,7]
50006.11225000001 [0,1,2,3,4,5,6,7,8,9] [4,5]
49914.225 [0,1,2,3,4,5,6,7,8,9] [5]
49885.96900000001 [0,1,2,3,4,5,6,7,8,9] [4,5,6]
49857.721000000005 [0,1,2,3,4,5,6,7,8,9] [3,4,5,6,7]
49850.018388429744 [0,1,2,3,4,5,6,7,8,9] [0,1,2,3,4,5,6,7,8,9,10]
49839.56579591836 [0,1,2,3,4,5,6,7,8,9] [2,3,4,5,6,7,8]
49838.89344444447 [0,1,2,3,4,5,6,7,8,9] [1,2,3,4,5,6,7,8,9]
49780.08024999999 [0,1,2,3,4,5,6,7,8,9] [5,6]
49727.178062499996 [0,1,2,3,4,5,6,7,8,9] [4,5,6,7]
49689.57584027777 [0,1,2,3,4,5,6,7,8,9] [0,1,2,3,4,5,6,7,8,9,10,11]
49686.051361111095 [0,1,2,3,4,5,6,7,8,9] [3,4,5,6,7,8]
49674.30399999999 [0,1,2,3,4,5,6,7,8,9] [1,2,3,4,5,6,7,8,9,10]
49656.685562500024 [0,1,2,3,4,5,6,7,8,9] [2,3,4,5,6,7,8,9]
49646.11599999999 [0,1,2,3,4,5,6,7,8,9] [6]
49603.84900000001 [0,1,2,3,4,5,6,7,8,9] [5,6,7]
49547.521000000015 [0,1,2,3,4,5,6,7,8,9] [4,5,6,7,8]
49515.5307107438 [0,1,2,3,4,5,6,7,8,9] [1,2,3,4,5,6,7,8,9,10,11]
49499.26532653061 [0,1,2,3,4,5,6,7,8,9] [3,4,5,6,7,8,9]
49494.35171604939 [0,1,2,3,4,5,6,7,8,9] [2,3,4,5,6,7,8,9,10]
49489.06040828401 [0,1,2,3,4,5,6,7,8,9] [0,1,2,3,4,5,6,7,8,9,10,11,12]
49449.02399999999 [0,1,2,3,4,5,6,7,8,9] [6,7]
49410.35556250003 [0,1,2,3,4,5,6,7,8,9] [5,6,7,8]
49352.96669444446 [0,1,2,3,4,5,6,7,8,9] [4,5,6,7,8,9]
49337.98080999998 [0,1,2,3,4,5,6,7,8,9] [2,3,4,5,6,7,8,9,10,11]
49336.575999999994 [0,1,2,3,4,5,6,7,8,9] [3,4,5,6,7,8,9,10]
49313.16544444444 [0,1,2,3,4,5,6,7,8,9] [1,2,3,4,5,6,7,8,9,10,11,12]
49292.43502040814 [0,1,2,3,4,5,6,7,8,9] [0,1,2,3,4,5,6,7,8,9,10,11,12,13]
49252.32399999999 [0,1,2,3,4,5,6,7,8,9] [7]
49242.96711111111 [0,1,2,3,4,5,6,7,8,9] [6,7,8]
49204.61316000002 [0,1,2,3,4,5,6,7,8,9] [5,6,7,8,9]
49188.180326530615 [0,1,2,3,4,5,6,7,8,9] [4,5,6,7,8,9,10]
49180.61056790122 [0,1,2,3,4,5,6,7,8,9] [3,4,5,6,7,8,9,10,11]
49133.727479338835 [0,1,2,3,4,5,6,7,8,9] [2,3,4,5,6,7,8,9,10,11,12]
49117.670559999984 [0,1,2,3,4,5,6,7,8,9] [0,1,2,3,4,5,6,7,8,9,10,11,12,13,14]
49115.29851479289 [0,1,2,3,4,5,6,7,8,9] [1,2,3,4,5,6,7,8,9,10,11,12,13]
49042.009000000005 [0,1,2,3,4,5,6,7,8,9] [7,8]
49037.34044444444 [0,1,2,3,4,5,6,7,8,9] [5,6,7,8,9,10]
49031.5050625 [0,1,2,3,4,5,6,7,8,9] [4,5,6,7,8,9,10,11]
49028.00399999999 [0,1,2,3,4,5,6,7,8,9] [6,7,8,9]
48972.00400000001 [0,1,2,3,4,5,6,7,8,9] [3,4,5,6,7,8,9,10,11,12]
48941.01776020408 [0,1,2,3,4,5,6,7,8,9] [1,2,3,4,5,6,7,8,9,10,11,12,13,14]
48937.89469140625 [0,1,2,3,4,5,6,7,8,9] [0,1,2,3,4,5,6,7,8,9,10,11,12,13,14,15]
48934.68844444444 [0,1,2,3,4,5,6,7,8,9] [2,3,4,5,6,7,8,9,10,11,12,13]
48880.07346938775 [0,1,2,3,4,5,6,7,8,9] [5,6,7,8,9,10,11]
48862.896040000014 [0,1,2,3,4,5,6,7,8,9] [6,7,8,9,10]
48832.14399999999 [0,1,2,3,4,5,6,7,8,9] [8]
48822.827111111095 [0,1,2,3,4,5,6,7,8,9] [7,8,9]
48816.61634567901 [0,1,2,3,4,5,6,7,8,9] [4,5,6,7,8,9,10,11,12]
48769.90711570248 [0,1,2,3,4,5,6,7,8,9] [3,4,5,6,7,8,9,10,11,12,13]
48761.35793777777 [0,1,2,3,4,5,6,7,8,9] [1,2,3,4,5,6,7,8,9,10,11,12,13,14,15]
48761.21469822487 [0,1,2,3,4,5,6,7,8,9] [2,3,4,5,6,7,8,9,10,11,12,13,14]
48757.35994809687 [0,1,2,3,4,5,6,7,8,9] [0,1,2,3,4,5,6,7,8,9,10,11,12,13,14,15,16]
48708.76736111111 [0,1,2,3,4,5,6,7,8,9] [6,7,8,9,10,11]
48668.0640625 [0,1,2,3,4,5,6,7,8,9] [7,8,9,10]
48657.600249999996 [0,1,2,3,4,5,6,7,8,9] [5,6,7,8,9,10,11,12]
48610.178409999986 [0,1,2,3,4,5,6,7,8,9] [4,5,6,7,8,9,10,11,12,13]
48608.78399999999 [0,1,2,3,4,5,6,7,8,9] [8,9]
48596.00284027778 [0,1,2,3,4,5,6,7,8,9] [3,4,5,6,7,8,9,10,11,12,13,14]
48582.44890123456 [0,1,2,3,4,5,6,7,8,9] [0,1,2,3,4,5,6,7,8,9,10,11,12,13,14,15,16,17]
48581.89571938776 [0,1,2,3,4,5,6,7,8,9] [2,3,4,5,6,7,8,9,10,11,12,13,14,15]
48580.9 [0,1,2,3,4,5,6,7,8,9] [1,2,3,4,5,6,7,8,9,10,11,12,13,14,15,16]
48522.369640000004 [0,1,2,3,4,5,6,7,8,9] [7,8,9,10,11]
48479.390224489805 [0,1,2,3,4,5,6,7,8,9] [6,7,8,9,10,11,12]
48474.08544444445 [0,1,2,3,4,5,6,7,8,9] [8,9,10]
48446.2401111111 [0,1,2,3,4,5,6,7,8,9] [5,6,7,8,9,10,11,12,13]
48435.272933884306 [0,1,2,3,4,5,6,7,8,9] [4,5,6,7,8,9,10,11,12,13,14]
48423.28594182825 [0,1,2,3,4,5,6,7,8,9] [0,1,2,3,4,5,6,7,8,9,10,11,12,13,14,15,16,17,18]
48415.90494674557 [0,1,2,3,4,5,6,7,8,9] [3,4,5,6,7,8,9,10,11,12,13,14,15]
48406.39698615917 [0,1,2,3,4,5,6,7,8,9] [1,2,3,4,5,6,7,8,9,10,11,12,13,14,15,16,17]
48401.70421777778 [0,1,2,3,4,5,6,7,8,9] [2,3,4,5,6,7,8,9,10,11,12,13,14,15,16]
48385.93599999999 [0,1,2,3,4,5,6,7,8,9] [9]
