[Score] [Station index] [Time slots] 
23193.856000000003 [0,1,2,3,4,5,6,7,8,9] [117]
23189.04025 [0,1,2,3,4,5,6,7,8,9] [116,117]
23184.225 [0,1,2,3,4,5,6,7,8,9] [116,117,118]
23184.224999999995 [0,1,2,3,4,5,6,7,8,9] [117,118]
23179.410249999994 [0,1,2,3,4,5,6,7,8,9] [113,114]
23174.595999999998 [0,1,2,3,4,5,6,7,8,9] [118]
23167.375562499998 [0,1,2,3,4,5,6,7,8,9] [116,117,118,119]
23164.969 [0,1,2,3,4,5,6,7,8,9] [113,114,115,116,117,118]
23163.04384 [0,1,2,3,4,5,6,7,8,9] [113,114,115,116,117]
23161.760444444444 [0,1,2,3,4,5,6,7,8,9] [117,118,119]
23161.11876 [0,1,2,3,4,5,6,7,8,9] [114,115,116,117,118]
23159.468755102043 [0,1,2,3,4,5,6,7,8,9] [112,113,114,115,116,117,118]
23158.093795918372 [0,1,2,3,4,5,6,7,8,9] [113,114,115,116,117,118,119]
23157.750062500003 [0,1,2,3,4,5,6,7,8,9] [115,116,117,118]
23156.94802777778 [0,1,2,3,4,5,6,7,8,9] [112,113,114,115,116,117]
23155.344000000005 [0,1,2,3,4,5,6,7,8,9] [113,114,115,116]
23155.344 [0,1,2,3,4,5,6,7,8,9] [112,113]
23154.141015625 [0,1,2,3,4,5,6,7,8,9] [112,113,114,115,116,117,118,119]
23153.740027777778 [0,1,2,3,4,5,6,7,8,9] [114,115,116,117,118,119]
23152.13611111111 [0,1,2,3,4,5,6,7,8,9] [115,116,117]
23149.56996000001 [0,1,2,3,4,5,6,7,8,9] [115,116,117,118,119]
23149.569960000004 [0,1,2,3,4,5,6,7,8,9] [112,113,114,115,116]
23145.721 [0,1,2,3,4,5,6,7,8,9] [118,119]
23145.720999999998 [0,1,2,3,4,5,6,7,8,9] [114,115,116]
23140.910249999994 [0,1,2,3,4,5,6,7,8,9] [112,113,114,115]
23136.100000000006 [0,1,2,3,4,5,6,7,8,9] [111,112,113,114,115,116,117,118]
23136.1 [0,1,2,3,4,5,6,7,8,9] [125]
23133.962271604938 [0,1,2,3,4,5,6,7,8,9] [111,112,113,114,115,116,117,118,119]
23133.695062500003 [0,1,2,3,4,5,6,7,8,9] [113,114,115,116,117,118,119,120]
23133.21409000001 [0,1,2,3,4,5,6,7,8,9] [109,110,111,112,113,114,115,116,117,118]
23132.89344444445 [0,1,2,3,4,5,6,7,8,9] [110,111,112,113,114,115,116,117,118]
23132.893444444442 [0,1,2,3,4,5,6,7,8,9] [112,113,114,115,116,117,118,119,120]
23131.727479338842 [0,1,2,3,4,5,6,7,8,9] [109,110,111,112,113,114,115,116,117,118,119]
23131.290250000005 [0,1,2,3,4,5,6,7,8,9] [110,111,112,113,114,115,116,117,118,119]
23131.290249999995 [0,1,2,3,4,5,6,7,8,9] [115,116]
23130.60318367347 [0,1,2,3,4,5,6,7,8,9] [111,112,113,114,115,116,117]
23128.61838271605 [0,1,2,3,4,5,6,7,8,9] [109,110,111,112,113,114,115,116,117]
23127.683265625008 [0,1,2,3,4,5,6,7,8,9] [110,111,112,113,114,115,116,117]
23126.481000000003 [0,1,2,3,4,5,6,7,8,9] [125,126]
23126.480999999996 [0,1,2,3,4,5,6,7,8,9] [114,115,116,117,118,119,120]
23126.480999999992 [0,1,2,3,4,5,6,7,8,9] [114,115]
23122.633959999996 [0,1,2,3,4,5,6,7,8,9] [112,113,114,115,116,117,118,119,120,121]
23122.2065308642 [0,1,2,3,4,5,6,7,8,9] [113,114,115,116,117,118,119,120,121]
23121.672249999996 [0,1,2,3,4,5,6,7,8,9] [109,110]
23120.470140625002 [0,1,2,3,4,5,6,7,8,9] [109,110,111,112,113,114,115,116]
23120.069444444445 [0,1,2,3,4,5,6,7,8,9] [111,112,113,114,115,116]
23118.46669444444 [0,1,2,3,4,5,6,7,8,9] [115,116,117,118,119,120]
23118.23773469388 [0,1,2,3,4,5,6,7,8,9] [110,111,112,113,114,115,116]
23117.66534027778 [0,1,2,3,4,5,6,7,8,9] [109,110,111,112,113,114,115,116,117,118,119,120]
23116.86400000001 [0,1,2,3,4,5,6,7,8,9] [126]
23116.864 [0,1,2,3,4,5,6,7,8,9] [119]
23115.989826446283 [0,1,2,3,4,5,6,7,8,9] [110,111,112,113,114,115,116,117,118,119,120]
23114.4600625 [0,1,2,3,4,5,6,7,8,9] [114,115,116,117,118,119,120,121]
23113.01776 [0,1,2,3,4,5,6,7,8,9] [110,111,112,113,114]
23112.05625 [0,1,2,3,4,5,6,7,8,9] [117,118,119,120]
23111.369469387766 [0,1,2,3,4,5,6,7,8,9] [109,110,111,112,113,114,115]
23110.94684023669 [0,1,2,3,4,5,6,7,8,9] [109,110,111,112,113,114,115,116,117,118,119,120,121]
23110.45377777778 [0,1,2,3,4,5,6,7,8,9] [116,117,118,119,120,121]
23108.997033057844 [0,1,2,3,4,5,6,7,8,9] [111,112,113,114,115,116,117,118,119,120,121]
23108.85136111112 [0,1,2,3,4,5,6,7,8,9] [110,111,112,113,114,115,116,117,118,119,120,121]
23107.249000000003 [0,1,2,3,4,5,6,7,8,9] [112,113,114,115,116,117,118,119,120,121,122]
23107.249 [0,1,2,3,4,5,6,7,8,9] [111,112,113,114,115]
23105.875591836735 [0,1,2,3,4,5,6,7,8,9] [115,116,117,118,119,120,121]
23105.326240000006 [0,1,2,3,4,5,6,7,8,9] [113,114,115,116,117,118,119,120,121,122]
23104.044444444447 [0,1,2,3,4,5,6,7,8,9] [125,126,127]
23102.442250000004 [0,1,2,3,4,5,6,7,8,9] [108,109,110,111,112,113,114,115,116,117,118,119]
23101.131404958676 [0,1,2,3,4,5,6,7,8,9] [108,109,110,111,112,113,114,115,116,117,118]
23099.695760204093 [0,1,2,3,4,5,6,7,8,9] [109,110,111,112,113,114,115,116,117,118,119,120,121,122]
23097.63599999999 [0,1,2,3,4,5,6,7,8,9] [110,111,112,113]
23096.896621301774 [0,1,2,3,4,5,6,7,8,9] [110,111,112,113,114,115,116,117,118,119,120,121,122]
23096.568012345677 [0,1,2,3,4,5,6,7,8,9] [114,115,116,117,118,119,120,121,122]
23096.034027777776 [0,1,2,3,4,5,6,7,8,9] [111,112,113,114,115,116,117,118,119,120,121,122]
23095.713639999998 [0,1,2,3,4,5,6,7,8,9] [117,118,119,120,121]
23094.432111111106 [0,1,2,3,4,5,6,7,8,9] [111,112,113]
23093.791359999996 [0,1,2,3,4,5,6,7,8,9] [108,109,110,111,112,113,114,115,116,117]
23091.721301775156 [0,1,2,3,4,5,6,7,8,9] [108,109,110,111,112,113,114,115,116,117,118,119,120]
23088.025 [0,1,2,3,4,5,6,7,8,9] [116,117,118,119,120,121,122]
23088.024999999994 [0,1,2,3,4,5,6,7,8,9] [126,127]
23087.33857653061 [0,1,2,3,4,5,6,7,8,9] [108,109,110,111,112,113,114,115,116,117,118,119,120,121]
23086.823765625002 [0,1,2,3,4,5,6,7,8,9] [115,116,117,118,119,120,121,122]
23085.6225625 [0,1,2,3,4,5,6,7,8,9] [109,110,111,112]
23084.821777777783 [0,1,2,3,4,5,6,7,8,9] [118,119,120]
23082.68641975309 [0,1,2,3,4,5,6,7,8,9] [108,109,110,111,112,113,114,115,116]
23078.416000000005 [0,1,2,3,4,5,6,7,8,9] [112,113,114,115,116,117,118,119,120,121,122,123]
23078.415999999997 [0,1,2,3,4,5,6,7,8,9] [108,109,110,111,112,113,114,115,116,117,118,119,120,121,122]
23077.134951111115 [0,1,2,3,4,5,6,7,8,9] [109,110,111,112,113,114,115,116,117,118,119,120,121,122,123]
23074.572959999998 [0,1,2,3,4,5,6,7,8,9] [112,113,114,115,116,117,118,119,120,121,122,123,124,125,126]
23074.145975308646 [0,1,2,3,4,5,6,7,8,9] [109,110,111,112,113,114,115,116,117,118,119,120,121,122,123,124,125,126]
23074.0489338843 [0,1,2,3,4,5,6,7,8,9] [113,114,115,116,117,118,119,120,121,122,123]
23073.612250000002 [0,1,2,3,4,5,6,7,8,9] [112,113,114,115,116,117,118,119,120,121,122,123,124,125,126,127]
23073.359434903043 [0,1,2,3,4,5,6,7,8,9] [109,110,111,112,113,114,115,116,117,118,119,120,121,122,123,124,125,126,127]
23072.92604081632 [0,1,2,3,4,5,6,7,8,9] [110,111,112,113,114,115,116,117,118,119,120,121,122,123]
23072.011111111115 [0,1,2,3,4,5,6,7,8,9] [109,110,111]
23072.01111111111 [0,1,2,3,4,5,6,7,8,9] [117,118,119,120,121,122]
23071.634380622843 [0,1,2,3,4,5,6,7,8,9] [109,110,111,112,113,114,115,116,117,118,119,120,121,122,123,124,125]
23071.553653061223 [0,1,2,3,4,5,6,7,8,9] [112,113,114,115,116,117,118,119,120,121,122,123,124,125]
23071.210562500004 [0,1,2,3,4,5,6,7,8,9] [118,119,120,121]
23070.867474489794 [0,1,2,3,4,5,6,7,8,9] [113,114,115,116,117,118,119,120,121,122,123,124,125,126]
23070.50420761246 [0,1,2,3,4,5,6,7,8,9] [110,111,112,113,114,115,116,117,118,119,120,121,122,123,124,125,126]
23070.286869822492 [0,1,2,3,4,5,6,7,8,9] [111,112,113,114,115,116,117,118,119,120,121,122,123]
