[Score] [Station index] [Time slots] 
50509.44900000001 [0,1,2,3,4,5,6,7,8,9] [234]
50502.34225000001 [0,1,2,3,4,5,6,7,8,9] [233,234]
50495.23599999999 [0,1,2,3,4,5,6,7,8,9] [233]
50461.13295999999 [0,1,2,3,4,5,6,7,8,9] [236,237,238,239,240]
50455.45023999999 [0,1,2,3,4,5,6,7,8,9] [230,231,232,233,234]
50441.95506249998 [0,1,2,3,4,5,6,7,8,9] [230,231,232,233]
50433.66944444444 [0,1,2,3,4,5,6,7,8,9] [232,233,234]
50429.526890625006 [0,1,2,3,4,5,6,7,8,9] [233,234,235,236,237,238,239,240]
50428.07434710744 [0,1,2,3,4,5,6,7,8,9] [230,231,232,233,234,235,236,237,238,239,240]
50424.201000000015 [0,1,2,3,4,5,6,7,8,9] [230,231,232]
50424.20099999999 [0,1,2,3,4,5,6,7,8,9] [236]
50420.14336734694 [0,1,2,3,4,5,6,7,8,9] [234,235,236,237,238,239,240]
50414.73344444444 [0,1,2,3,4,5,6,7,8,9] [232,233,234,235,236,237,238,239,240]
50412.840039999995 [0,1,2,3,4,5,6,7,8,9] [231,232,233,234,235,236,237,238,239,240]
50405.26677777777 [0,1,2,3,4,5,6,7,8,9] [235,236,237,238,239,240]
50403.91446938776 [0,1,2,3,4,5,6,7,8,9] [230,231,232,233,234,235,236]
50400.53377777777 [0,1,2,3,4,5,6,7,8,9] [230,231,232,233,234,235]
50398.64064000001 [0,1,2,3,4,5,6,7,8,9] [230,231,232,233,234,235,236,237,238,239]
50398.167361111126 [0,1,2,3,4,5,6,7,8,9] [236,237,238,239,240,241]
50395.801000000014 [0,1,2,3,4,5,6,7,8,9] [231]
50395.80099999999 [0,1,2,3,4,5,6,7,8,9] [232,233]
50395.800999999985 [0,1,2,3,4,5,6,7,8,9] [236,237,238,239]
50388.70225 [0,1,2,3,4,5,6,7,8,9] [233,234,235,236]
50387.68818367349 [0,1,2,3,4,5,6,7,8,9] [233,234,235,236,237,238,239]
50386.336111111115 [0,1,2,3,4,5,6,7,8,9] [237,238,239]
50382.894553719 [0,1,2,3,4,5,6,7,8,9] [231,232,233,234,235,236,237,238,239,240,241]
50381.60399999999 [0,1,2,3,4,5,6,7,8,9] [232,233,234,235,236,237,238,239,240,241]
50378.44938271604 [0,1,2,3,4,5,6,7,8,9] [231,232,233,234,235,236,237,238,239]
50378.05506249998 [0,1,2,3,4,5,6,7,8,9] [234,235,236,237,238,239,240,241]
50376.87211111111 [0,1,2,3,4,5,6,7,8,9] [233,234,235]
50376.28064062499 [0,1,2,3,4,5,6,7,8,9] [232,233,234,235,236,237,238,239]
50374.50625 [0,1,2,3,4,5,6,7,8,9] [231,232,233,234,235,236]
50373.323340277784 [0,1,2,3,4,5,6,7,8,9] [229,230,231,232,233,234,235,236,237,238,239,240]
50370.24783999999 [0,1,2,3,4,5,6,7,8,9] [232,233,234,235,236]
50369.77469444445 [0,1,2,3,4,5,6,7,8,9] [234,235,236,237,238,239]
50367.40900000001 [0,1,2,3,4,5,6,7,8,9] [243]
50364.570239999994 [0,1,2,3,4,5,6,7,8,9] [231,232,233,234,235]
50362.677777777775 [0,1,2,3,4,5,6,7,8,9] [230,231,232,233,234,235,236,237,238]
50360.85813609466 [0,1,2,3,4,5,6,7,8,9] [228,229,230,231,232,233,234,235,236,237,238,239,240]
50359.29846938775 [0,1,2,3,4,5,6,7,8,9] [235,236,237,238,239,240,241]
50356.7640625 [0,1,2,3,4,5,6,7,8,9] [232,233,234,235]
50354.99001562499 [0,1,2,3,4,5,6,7,8,9] [236,237,238,239,240,241,242,243]
50354.50619008266 [0,1,2,3,4,5,6,7,8,9] [232,233,234,235,236,237,238,239,240,241,242]
50353.21600000002 [0,1,2,3,4,5,6,7,8,9] [236,237,238,239,240,241,242]
50353.216 [0,1,2,3,4,5,6,7,8,9] [234,235,236]
50351.03263905324 [0,1,2,3,4,5,6,7,8,9] [229,230,231,232,233,234,235,236,237,238,239,240,241]
50350.377640000006 [0,1,2,3,4,5,6,7,8,9] [233,234,235,236,237]
50349.16122448981 [0,1,2,3,4,5,6,7,8,9] [231,232,233,234,235,236,237]
50347.53936000001 [0,1,2,3,4,5,6,7,8,9] [234,235,236,237,238,239,240,241,242,243]
50346.12024999999 [0,1,2,3,4,5,6,7,8,9] [231,232]
50345.33186419752 [0,1,2,3,4,5,6,7,8,9] [234,235,236,237,238,239,240,241,242]
50341.86304 [0,1,2,3,4,5,6,7,8,9] [235,236,237,238,239]
50341.605033057844 [0,1,2,3,4,5,6,7,8,9] [229,230,231,232,233,234,235,236,237,238,239]
50341.390027777794 [0,1,2,3,4,5,6,7,8,9] [229,230,231,232,233,234]
50341.39002777777 [0,1,2,3,4,5,6,7,8,9] [232,233,234,235,236,237]
50341.05216326529 [0,1,2,3,4,5,6,7,8,9] [228,229,230,231,232,233,234,235,236,237,238,239,240,241]
50336.99787755102 [0,1,2,3,4,5,6,7,8,9] [227,228,229,230,231,232,233,234,235,236,237,238,239,240]
50335.47756249999 [0,1,2,3,4,5,6,7,8,9] [231,232,233,234,235,236,237,238]
50331.93024999999 [0,1,2,3,4,5,6,7,8,9] [233,234,235,236,237,238]
50331.457284444434 [0,1,2,3,4,5,6,7,8,9] [226,227,228,229,230,231,232,233,234,235,236,237,238,239,240]
50330.74784027777 [0,1,2,3,4,5,6,7,8,9] [228,229,230,231,232,233,234,235,236,237,238,239]
50329.56544444444 [0,1,2,3,4,5,6,7,8,9] [235,236,237,238,239,240,241,242,243]
50326.86287755101 [0,1,2,3,4,5,6,7,8,9] [232,233,234,235,236,237,238]
50326.60951562501 [0,1,2,3,4,5,6,7,8,9] [228,229,230,231,232,233,234,235,236,237,238,239,240,241,242,243]
50324.83600000001 [0,1,2,3,4,5,6,7,8,9] [235,236,237,238,239,240,241,242]
50323.89013777776 [0,1,2,3,4,5,6,7,8,9] [228,229,230,231,232,233,234,235,236,237,238,239,240,241,242]
50322.8091632653 [0,1,2,3,4,5,6,7,8,9] [228,229,230,231,232,233,234]
50320.10677777778 [0,1,2,3,4,5,6,7,8,9] [227,228,229,230,231,232,233,234,235,236,237,238,239,240,241]
50317.74224999999 [0,1,2,3,4,5,6,7,8,9] [234,235]
50315.96889062501 [0,1,2,3,4,5,6,7,8,9] [226,227,228,229,230,231,232,233,234,235,236,237,238,239,240,241]
50314.195562500005 [0,1,2,3,4,5,6,7,8,9] [234,235,236,237]
50313.48623999999 [0,1,2,3,4,5,6,7,8,9] [235,236,237,238,239,240,241,242,243,244]
50312.22523456792 [0,1,2,3,4,5,6,7,8,9] [228,229,230,231,232,233,234,235,236]
50310.64900000001 [0,1,2,3,4,5,6,7,8,9] [229,230,231,232,233,234,235]
50310.64899999999 [0,1,2,3,4,5,6,7,8,9] [236,237]
50308.98007266437 [0,1,2,3,4,5,6,7,8,9] [227,228,229,230,231,232,233,234,235,236,237,238,239,240,241,242,243]
50307.81184000001 [0,1,2,3,4,5,6,7,8,9] [229,230,231,232,233]
50307.37536094674 [0,1,2,3,4,5,6,7,8,9] [227,228,229,230,231,232,233,234,235,236,237,238,239]
50306.21597265626 [0,1,2,3,4,5,6,7,8,9] [225,226,227,228,229,230,231,232,233,234,235,236,237,238,239,240]
50305.92044444445 [0,1,2,3,4,5,6,7,8,9] [226,227,228,229,230,231,232,233,234,235,236,237,238,239,240,241,242,243]
50305.32939062499 [0,1,2,3,4,5,6,7,8,9] [227,228,229,230,231,232,233,234,235,236,237,238,239,240,241,242]
50303.55625 [0,1,2,3,4,5,6,7,8,9] [226,227,228,229,230,231,232,233,234,235,236,237,238,239]
50302.30464013841 [0,1,2,3,4,5,6,7,8,9] [226,227,228,229,230,231,232,233,234,235,236,237,238,239,240,241,242]
50301.192111111115 [0,1,2,3,4,5,6,7,8,9] [227,228,229,230,231,232,233,234,235,236,237,238,239,240,241,242,243,244]
50300.71929 [0,1,2,3,4,5,6,7,8,9] [228,229,230,231,232,233,234,235,236,237]
50299.30083999999 [0,1,2,3,4,5,6,7,8,9] [234,235,236,237,238]
50298.70360387811 [0,1,2,3,4,5,6,7,8,9] [226,227,228,229,230,231,232,233,234,235,236,237,238,239,240,241,242,243,244]
50298.237015624996 [0,1,2,3,4,5,6,7,8,9] [228,229,230,231,232,233,234,235]
50296.46399999999 [0,1,2,3,4,5,6,7,8,9] [232]
50295.717476454316 [0,1,2,3,4,5,6,7,8,9] [227,228,229,230,231,232,233,234,235,236,237,238,239,240,241,242,243,244,245]
50295.174553719015 [0,1,2,3,4,5,6,7,8,9] [228,229,230,231,232,233,234,235,236,237,238]
50294.795307958484 [0,1,2,3,4,5,6,7,8,9] [224,225,226,227,228,229,230,231,232,233,234,235,236,237,238,239,240]
50293.627239999994 [0,1,2,3,4,5,6,7,8,9] [226,227,228,229,230,231,232,233,234,235,236,237,238,239,240,241,242,243,244,245]
50293.126643598625 [0,1,2,3,4,5,6,7,8,9] [225,226,227,228,229,230,231,232,233,234,235,236,237,238,239,240,241]
50291.736111111124 [0,1,2,3,4,5,6,7,8,9] [228,229,230,231,232,233]
50287.008444444444 [0,1,2,3,4,5,6,7,8,9] [236,237,238]
50286.33308163264 [0,1,2,3,4,5,6,7,8,9] [226,227,228,229,230,231,232,233,234,235,236,237,238,239,240,241,242,243,244,245,246]
50286.01317451523 [0,1,2,3,4,5,6,7,8,9] [225,226,227,228,229,230,231,232,233,234,235,236,237,238,239,240,241,242,243]
50285.82656250002 [0,1,2,3,4,5,6,7,8,9] [227,228,229,230,231,232,233,234]
50283.699210000006 [0,1,2,3,4,5,6,7,8,9] [227,228,229,230,231,232,233,234,235,236]
