[Score] [Station index] [Time slots] 
45549.001 [0,1,2,3,4,5,6,7,8,9] [233]
45461.30625 [0,1,2,3,4,5,6,7,8,9] [232,233]
45414.121000000014 [0,1,2,3,4,5,6,7,8,9] [239]
45400.64399999999 [0,1,2,3,4,5,6,7,8,9] [231,232,233]
45387.16900000001 [0,1,2,3,4,5,6,7,8,9] [233,234]
45382.677777777775 [0,1,2,3,4,5,6,7,8,9] [232,233,234]
45373.69600000002 [0,1,2,3,4,5,6,7,8,9] [232]
45366.96024999999 [0,1,2,3,4,5,6,7,8,9] [230,231,232,233]
45356.85756250001 [0,1,2,3,4,5,6,7,8,9] [231,232,233,234]
45353.49024999999 [0,1,2,3,4,5,6,7,8,9] [239,240]
45338.67555999999 [0,1,2,3,4,5,6,7,8,9] [230,231,232,233,234]
45333.289 [0,1,2,3,4,5,6,7,8,9] [238,239,240]
45326.55625000003 [0,1,2,3,4,5,6,7,8,9] [231,232]
45310.84844444444 [0,1,2,3,4,5,6,7,8,9] [239,240,241]
45306.361000000004 [0,1,2,3,4,5,6,7,8,9] [230,231,232]
45306.36099999999 [0,1,2,3,4,5,6,7,8,9] [238,239,240,241]
45300.97635999999 [0,1,2,3,4,5,6,7,8,9] [229,230,231,232,233]
45292.9 [0,1,2,3,4,5,6,7,8,9] [240]
45290.20803999998 [0,1,2,3,4,5,6,7,8,9] [238,239,240,241,242]
45289.5350625 [0,1,2,3,4,5,6,7,8,9] [239,240,241,242]
45288.41344444445 [0,1,2,3,4,5,6,7,8,9] [229,230,231,232,233,234]
45279.44099999998 [0,1,2,3,4,5,6,7,8,9] [231]
45272.712250000004 [0,1,2,3,4,5,6,7,8,9] [237,238,239,240]
45272.71224999999 [0,1,2,3,4,5,6,7,8,9] [230,231]
45265.98400000001 [0,1,2,3,4,5,6,7,8,9] [237,238,239]
45265.984 [0,1,2,3,4,5,6,7,8,9] [230]
45263.741361111126 [0,1,2,3,4,5,6,7,8,9] [230,231,232,233,234,235]
45263.292839999995 [0,1,2,3,4,5,6,7,8,9] [237,238,239,240,241]
45259.25625 [0,1,2,3,4,5,6,7,8,9] [232,233,234,235]
45259.256249999984 [0,1,2,3,4,5,6,7,8,9] [240,241]
45257.01377777778 [0,1,2,3,4,5,6,7,8,9] [237,238,239,240,241,242]
45252.529000000024 [0,1,2,3,4,5,6,7,8,9] [228,229,230,231,232,233]
45248.685081632655 [0,1,2,3,4,5,6,7,8,9] [228,229,230,231,232,233,234]
45248.04444444444 [0,1,2,3,4,5,6,7,8,9] [240,241,242]
45239.076 [0,1,2,3,4,5,6,7,8,9] [227,228,229,230,231,232,233]
45239.07599999999 [0,1,2,3,4,5,6,7,8,9] [229,230,231,232]
45237.394515625 [0,1,2,3,4,5,6,7,8,9] [227,228,229,230,231,232,233,234]
45235.40734710743 [0,1,2,3,4,5,6,7,8,9] [230,231,232,233,234,235,236,237,238,239,240]
45234.5921111111 [0,1,2,3,4,5,6,7,8,9] [230,231,232,233,234,235,236,237,238,239,240,241]
45233.90230177515 [0,1,2,3,4,5,6,7,8,9] [230,231,232,233,234,235,236,237,238,239,240,241,242]
45232.35025000001 [0,1,2,3,4,5,6,7,8,9] [231,232,233,234,235,236,237,238,239,240]
45232.350249999996 [0,1,2,3,4,5,6,7,8,9] [226,227,228,229,230,231,232,233]
45231.7388429752 [0,1,2,3,4,5,6,7,8,9] [231,232,233,234,235,236,237,238,239,240,241]
45231.60297530865 [0,1,2,3,4,5,6,7,8,9] [226,227,228,229,230,231,232,233,234]
45231.38946938773 [0,1,2,3,4,5,6,7,8,9] [229,230,231,232,233,234,235]
45231.2293402778 [0,1,2,3,4,5,6,7,8,9] [231,232,233,234,235,236,237,238,239,240,241,242]
45229.66009 [0,1,2,3,4,5,6,7,8,9] [230,231,232,233,234,235,236,237,238,239]
45227.11945679013 [0,1,2,3,4,5,6,7,8,9] [232,233,234,235,236,237,238,239,240]
45226.970010000005 [0,1,2,3,4,5,6,7,8,9] [232,233,234,235,236,237,238,239,240,241]
45226.84773553719 [0,1,2,3,4,5,6,7,8,9] [232,233,234,235,236,237,238,239,240,241,242]
45225.625000000015 [0,1,2,3,4,5,6,7,8,9] [242]
45225.625 [0,1,2,3,4,5,6,7,8,9] [231,232,233,234,235,236,237,238,239]
45225.624999999985 [0,1,2,3,4,5,6,7,8,9] [241,242]
45221.1417777778 [0,1,2,3,4,5,6,7,8,9] [233,234,235]
45219.86089795917 [0,1,2,3,4,5,6,7,8,9] [229,230,231,232,233,234,235,236,237,238,239,240,241,242]
45219.417520710056 [0,1,2,3,4,5,6,7,8,9] [229,230,231,232,233,234,235,236,237,238,239,240,241]
45218.90024999999 [0,1,2,3,4,5,6,7,8,9] [229,230,231,232,233,234,235,236,237,238,239,240]
45214.0971632653 [0,1,2,3,4,5,6,7,8,9] [230,231,232,233,234,235,236]
45212.17599999999 [0,1,2,3,4,5,6,7,8,9] [233,234,235,236,237,238,239,240,241,242]
45210.83121 [0,1,2,3,4,5,6,7,8,9] [225,226,227,228,229,230,231,232,233,234]
45210.68179012346 [0,1,2,3,4,5,6,7,8,9] [233,234,235,236,237,238,239,240,241]
45209.18760493827 [0,1,2,3,4,5,6,7,8,9] [230,231,232,233,234,235,236,237,238]
45209.18760493825 [0,1,2,3,4,5,6,7,8,9] [225,226,227,228,229,230,231,232,233]
45208.8140625 [0,1,2,3,4,5,6,7,8,9] [233,234,235,236,237,238,239,240]
45208.33379591836 [0,1,2,3,4,5,6,7,8,9] [236,237,238,239,240,241,242]
45205.900484444435 [0,1,2,3,4,5,6,7,8,9] [228,229,230,231,232,233,234,235,236,237,238,239,240,241,242]
45205.45225 [0,1,2,3,4,5,6,7,8,9] [236,237,238,239,240,241]
45205.45224999999 [0,1,2,3,4,5,6,7,8,9] [231,232,233,234,235,236]
45204.491755102026 [0,1,2,3,4,5,6,7,8,9] [228,229,230,231,232,233,234,235,236,237,238,239,240,241]
45203.771390625014 [0,1,2,3,4,5,6,7,8,9] [228,229,230,231,232,233,234,235]
45202.93097265626 [0,1,2,3,4,5,6,7,8,9] [227,228,229,230,231,232,233,234,235,236,237,238,239,240,241,242]
45202.8663254438 [0,1,2,3,4,5,6,7,8,9] [228,229,230,231,232,233,234,235,236,237,238,239,240]
45202.09056249999 [0,1,2,3,4,5,6,7,8,9] [231,232,233,234,235,236,237,238]
45201.892820069195 [0,1,2,3,4,5,6,7,8,9] [226,227,228,229,230,231,232,233,234,235,236,237,238,239,240,241,242]
45201.418240000006 [0,1,2,3,4,5,6,7,8,9] [227,228,229,230,231,232,233,234,235,236,237,238,239,240,241]
45201.41823999999 [0,1,2,3,4,5,6,7,8,9] [236,237,238,239,240]
45200.40976562498 [0,1,2,3,4,5,6,7,8,9] [226,227,228,229,230,231,232,233,234,235,236,237,238,239,240,241]
45199.68943367347 [0,1,2,3,4,5,6,7,8,9] [227,228,229,230,231,232,233,234,235,236,237,238,239,240]
45198.72900000001 [0,1,2,3,4,5,6,7,8,9] [226,227,228,229,230,231,232,233,234,235,236,237,238,239,240]
45198.72899999999 [0,1,2,3,4,5,6,7,8,9] [230,231,232,233,234,235,236,237]
45197.38440999999 [0,1,2,3,4,5,6,7,8,9] [226,227,228,229,230,231,232,233,234,235]
45196.80816326533 [0,1,2,3,4,5,6,7,8,9] [233,234,235,236,237,238,239]
45195.36756249998 [0,1,2,3,4,5,6,7,8,9] [228,229,230,231,232,233,234,235,236,237,238,239]
45194.24711111111 [0,1,2,3,4,5,6,7,8,9] [229,230,231]
45193.35076 [0,1,2,3,4,5,6,7,8,9] [228,229,230,231,232]
45192.5233668639 [0,1,2,3,4,5,6,7,8,9] [227,228,229,230,231,232,233,234,235,236,237,238,239]
45192.00625 [0,1,2,3,4,5,6,7,8,9] [225,226,227,228,229,230,231,232,233,234,235,236,237,238,239,240,241,242]
45191.045897959164 [0,1,2,3,4,5,6,7,8,9] [232,233,234,235,236,237,238]
45190.66176 [0,1,2,3,4,5,6,7,8,9] [232,233,234,235,236]
45190.02906574393 [0,1,2,3,4,5,6,7,8,9] [225,226,227,228,229,230,231,232,233,234,235,236,237,238,239,240,241]
45189.12522448979 [0,1,2,3,4,5,6,7,8,9] [230,231,232,233,234,235,236,237,238,239,240,241,242,243]
45187.80478515625 [0,1,2,3,4,5,6,7,8,9] [225,226,227,228,229,230,231,232,233,234,235,236,237,238,239,240]
45187.52469444445 [0,1,2,3,4,5,6,7,8,9] [227,228,229,230,231,232]
45187.20459183673 [0,1,2,3,4,5,6,7,8,9] [226,227,228,229,230,231,232]
45185.28399999999 [0,1,2,3,4,5,6,7,8,9] [224,225,226,227,228,229,230,231,232,233,234]
45183.21571597634 [0,1,2,3,4,5,6,7,8,9] [231,232,233,234,235,236,237,238,239,240,241,242,243]
45181.61752892561 [0,1,2,3,4,5,6,7,8,9] [225,226,227,228,229,230,231,232,233,234,235]
45181.25088999998 [0,1,2,3,4,5,6,7,8,9] [224,225,226,227,228,229,230,231,232,233]
45180.80277777779 [0,1,2,3,4,5,6,7,8,9] [229,230,231,232,233,234,235,236,237]
45180.802777777775 [0,1,2,3,4,5,6,7,8,9] [225,226,227,228,229,230,231,232,233,234,235,236,237,238,239]
