[Score] [Station index] [Time slots] 
17330.568999999996 [0,1,2,3,4,5,6,7,8,9] [0]
17259.87025 [0,1,2,3,4,5,6,7,8,9] [0,1]
17194.844444444447 [0,1,2,3,4,5,6,7,8,9] [0,1,2]
17189.316 [0,1,2,3,4,5,6,7,8,9] [1]
17127.18225 [0,1,2,3,4,5,6,7,8,9] [1,2]
17110.63225 [0,1,2,3,4,5,6,7,8,9] [0,1,2,3]
17065.161 [0,1,2,3,4,5,6,7,8,9] [2]
17037.63211111111 [0,1,2,3,4,5,6,7,8,9] [1,2,3]
17025.52644 [0,1,2,3,4,5,6,7,8,9] [0,1,2,3,4]
16966.161 [0,1,2,3,4,5,6,7,8,9] [0,1,2,3,4,5]
16962.042250000002 [0,1,2,3,4,5,6,7,8,9] [2,3]
16949.689000000006 [0,1,2,3,4,5,6,7,8,9] [1,2,3,4]
16909.718877551022 [0,1,2,3,4,5,6,7,8,9] [0,1,2,3,4,5,6]
16893.744039999998 [0,1,2,3,4,5,6,7,8,9] [1,2,3,4,5]
16870.187111111114 [0,1,2,3,4,5,6,7,8,9] [2,3,4]
16859.236 [0,1,2,3,4,5,6,7,8,9] [3]
16852.051265625003 [0,1,2,3,4,5,6,7,8,9] [0,1,2,3,4,5,6,7]
16840.080111111107 [0,1,2,3,4,5,6,7,8,9] [1,2,3,4,5,6]
16820.2515625 [0,1,2,3,4,5,6,7,8,9] [2,3,4,5]
16803.622827160492 [0,1,2,3,4,5,6,7,8,9] [0,1,2,3,4,5,6,7,8]
16784.238448979588 [0,1,2,3,4,5,6,7,8,9] [1,2,3,4,5,6,7]
16773.12025 [0,1,2,3,4,5,6,7,8,9] [3,4]
16770.66304 [0,1,2,3,4,5,6,7,8,9] [2,3,4,5,6]
16762.473640000004 [0,1,2,3,4,5,6,7,8,9] [0,1,2,3,4,5,6,7,8,9]
16739.008444444444 [0,1,2,3,4,5,6,7,8,9] [3,4,5]
16738.326562500006 [0,1,2,3,4,5,6,7,8,9] [1,2,3,4,5,6,7,8]
16717.195111111112 [0,1,2,3,4,5,6,7,8,9] [2,3,4,5,6,7]
16716.947314049583 [0,1,2,3,4,5,6,7,8,9] [0,1,2,3,4,5,6,7,8,9,10]
16699.936308641976 [0,1,2,3,4,5,6,7,8,9] [1,2,3,4,5,6,7,8,9]
16697.4390625 [0,1,2,3,4,5,6,7,8,9] [3,4,5,6]
16687.225000000006 [0,1,2,3,4,5,6,7,8,9] [4]
16679.055999999997 [0,1,2,3,4,5,6,7,8,9] [4,5]
16674.38889795918 [0,1,2,3,4,5,6,7,8,9] [2,3,4,5,6,7,8]
16673.611111111117 [0,1,2,3,4,5,6,7,8,9] [0,1,2,3,4,5,6,7,8,9,10,11]
16670.889000000003 [0,1,2,3,4,5,6,7,8,9] [5]
16656.193439999995 [0,1,2,3,4,5,6,7,8,9] [1,2,3,4,5,6,7,8,9,10]
16648.03204 [0,1,2,3,4,5,6,7,8,9] [3,4,5,6,7]
16643.68011111111 [0,1,2,3,4,5,6,7,8,9] [4,5,6]
16639.260765625 [0,1,2,3,4,5,6,7,8,9] [2,3,4,5,6,7,8,9]
16623.183485207104 [0,1,2,3,4,5,6,7,8,9] [0,1,2,3,4,5,6,7,8,9,10,11,12]
16621.928999999996 [0,1,2,3,4,5,6,7,8,9] [5,6]
16614.51709917355 [0,1,2,3,4,5,6,7,8,9] [1,2,3,4,5,6,7,8,9,10,11]
16609.700249999998 [0,1,2,3,4,5,6,7,8,9] [3,4,5,6,7,8]
16597.47599999999 [0,1,2,3,4,5,6,7,8,9] [2,3,4,5,6,7,8,9,10]
16595.439062499994 [0,1,2,3,4,5,6,7,8,9] [4,5,6,7]
16578.857224489795 [0,1,2,3,4,5,6,7,8,9] [3,4,5,6,7,8,9]
16573.041000000005 [0,1,2,3,4,5,6,7,8,9] [6]
16571.296331632657 [0,1,2,3,4,5,6,7,8,9] [0,1,2,3,4,5,6,7,8,9,10,11,12,13]
16564.9 [0,1,2,3,4,5,6,7,8,9] [1,2,3,4,5,6,7,8,9,10,11,12]
16560.016360000005 [0,1,2,3,4,5,6,7,8,9] [4,5,6,7,8]
16557.57481 [0,1,2,3,4,5,6,7,8,9] [2,3,4,5,6,7,8,9,10,11]
16539.472265625 [0,1,2,3,4,5,6,7,8,9] [3,4,5,6,7,8,9,10]
16532.355999999996 [0,1,2,3,4,5,6,7,8,9] [4,5,6,7,8,9]
16528.29025 [0,1,2,3,4,5,6,7,8,9] [5,6,7,8]
16519.347360000007 [0,1,2,3,4,5,6,7,8,9] [0,1,2,3,4,5,6,7,8,9,10,11,12,13,14]
16513.595171597633 [0,1,2,3,4,5,6,7,8,9] [1,2,3,4,5,6,7,8,9,10,11,12,13]
16512.032249999997 [0,1,2,3,4,5,6,7,8,9] [6,7]
16508.70773553719 [0,1,2,3,4,5,6,7,8,9] [2,3,4,5,6,7,8,9,10,11,12]
16501.649382716045 [0,1,2,3,4,5,6,7,8,9] [3,4,5,6,7,8,9,10,11]
16501.46884 [0,1,2,3,4,5,6,7,8,9] [5,6,7,8,9]
16494.041653061224 [0,1,2,3,4,5,6,7,8,9] [4,5,6,7,8,9,10]
16480.893444444446 [0,1,2,3,4,5,6,7,8,9] [6,7,8]
16468.378515624994 [0,1,2,3,4,5,6,7,8,9] [0,1,2,3,4,5,6,7,8,9,10,11,12,13,14,15]
16462.146984693878 [0,1,2,3,4,5,6,7,8,9] [1,2,3,4,5,6,7,8,9,10,11,12,13,14]
16461.953777777773 [0,1,2,3,4,5,6,7,8,9] [5,6,7,8,9,10]
16459.249 [0,1,2,3,4,5,6,7,8,9] [6,7,8,9]
16457.896694444447 [0,1,2,3,4,5,6,7,8,9] [2,3,4,5,6,7,8,9,10,11,12,13]
16457.2205625 [0,1,2,3,4,5,6,7,8,9] [4,5,6,7,8,9,10,11]
16453.569690000004 [0,1,2,3,4,5,6,7,8,9] [3,4,5,6,7,8,9,10,11,12]
16451.136 [0,1,2,3,4,5,6,7,8,9] [7]
16434.915999999994 [0,1,2,3,4,5,6,7,8,9] [7,8]
16427.762660899658 [0,1,2,3,4,5,6,7,8,9] [0,1,2,3,4,5,6,7,8,9,10,11,12,13,14,15,16]
16424.493081632656 [0,1,2,3,4,5,6,7,8,9] [5,6,7,8,9,10,11]
16421.40544444444 [0,1,2,3,4,5,6,7,8,9] [7,8,9]
16420.324839999997 [0,1,2,3,4,5,6,7,8,9] [6,7,8,9,10]
16418.703999999998 [0,1,2,3,4,5,6,7,8,9] [8]
16411.681284444443 [0,1,2,3,4,5,6,7,8,9] [1,2,3,4,5,6,7,8,9,10,11,12,13,14,15]
16408.800604938275 [0,1,2,3,4,5,6,7,8,9] [4,5,6,7,8,9,10,11,12]
16406.86182840237 [0,1,2,3,4,5,6,7,8,9] [2,3,4,5,6,7,8,9,10,11,12,13,14]
16406.550249999997 [0,1,2,3,4,5,6,7,8,9] [8,9]
16403.23637190082 [0,1,2,3,4,5,6,7,8,9] [3,4,5,6,7,8,9,10,11,12,13]
16394.400999999998 [0,1,2,3,4,5,6,7,8,9] [9]
16387.203567901237 [0,1,2,3,4,5,6,7,8,9] [0,1,2,3,4,5,6,7,8,9,10,11,12,13,14,15,16,17]
16383.605444444449 [0,1,2,3,4,5,6,7,8,9] [6,7,8,9,10,11]
16382.25625 [0,1,2,3,4,5,6,7,8,9] [7,8,9,10]
16374.162249999998 [0,1,2,3,4,5,6,7,8,9] [5,6,7,8,9,10,11,12]
16372.139062499995 [0,1,2,3,4,5,6,7,8,9] [1,2,3,4,5,6,7,8,9,10,11,12,13,14,15,16]
16359.328444444443 [0,1,2,3,4,5,6,7,8,9] [8,9,10]
16357.980250000004 [0,1,2,3,4,5,6,7,8,9] [4,5,6,7,8,9,10,11,12,13]
16356.824698979593 [0,1,2,3,4,5,6,7,8,9] [2,3,4,5,6,7,8,9,10,11,12,13,14,15]
16352.588027777776 [0,1,2,3,4,5,6,7,8,9] [3,4,5,6,7,8,9,10,11,12,13,14]
16347.551360110801 [0,1,2,3,4,5,6,7,8,9] [0,1,2,3,4,5,6,7,8,9,10,11,12,13,14,15,16,17,18]
16345.849000000002 [0,1,2,3,4,5,6,7,8,9] [7,8,9,10,11]
16332.53359515571 [0,1,2,3,4,5,6,7,8,9] [1,2,3,4,5,6,7,8,9,10,11,12,13,14,15,16,17]
16331.9902244898 [0,1,2,3,4,5,6,7,8,9] [6,7,8,9,10,11,12]
16329.681000000006 [0,1,2,3,4,5,6,7,8,9] [9,10]
16321.6 [0,1,2,3,4,5,6,7,8,9] [5,6,7,8,9,10,11,12,13]
16319.580062500003 [0,1,2,3,4,5,6,7,8,9] [8,9,10,11]
16318.368160000004 [0,1,2,3,4,5,6,7,8,9] [2,3,4,5,6,7,8,9,10,11,12,13,14,15,16]
16313.520999999999 [0,1,2,3,4,5,6,7,8,9] [0,1,2,3,4,5,6,7,8,9,10,11,12,13,14,15,16,17,18,19]
