[Score] [Station index] [Time slots] 
21270.544 [0,1,2,3,4,5,6,7,8,9] [0]
21192.212249999997 [0,1,2,3,4,5,6,7,8,9] [0,1]
21135.47377777778 [0,1,2,3,4,5,6,7,8,9] [0,1,2]
21114.024999999994 [0,1,2,3,4,5,6,7,8,9] [1]
21091.056250000005 [0,1,2,3,4,5,6,7,8,9] [0,1,2,3]
21068.100000000006 [0,1,2,3,4,5,6,7,8,9] [1,2]
21038.734240000005 [0,1,2,3,4,5,6,7,8,9] [0,1,2,3,4]
21031.39599999999 [0,1,2,3,4,5,6,7,8,9] [1,2,3]
21022.225 [0,1,2,3,4,5,6,7,8,9] [2]
20990.142249999997 [0,1,2,3,4,5,6,7,8,9] [2,3]
20980.980249999997 [0,1,2,3,4,5,6,7,8,9] [1,2,3,4]
20979.453444444436 [0,1,2,3,4,5,6,7,8,9] [0,1,2,3,4,5]
20958.083999999995 [0,1,2,3,4,5,6,7,8,9] [3]
20936.725444444433 [0,1,2,3,4,5,6,7,8,9] [2,3,4]
20925.396755102043 [0,1,2,3,4,5,6,7,8,9] [0,1,2,3,4,5,6]
20921.476000000002 [0,1,2,3,4,5,6,7,8,9] [1,2,3,4,5]
20894.041000000005 [0,1,2,3,4,5,6,7,8,9] [3,4]
20873.4765625 [0,1,2,3,4,5,6,7,8,9] [2,3,4,5]
20868.146694444444 [0,1,2,3,4,5,6,7,8,9] [1,2,3,4,5,6]
20859.772562499995 [0,1,2,3,4,5,6,7,8,9] [0,1,2,3,4,5,6,7]
20830.09600000001 [0,1,2,3,4,5,6,7,8,9] [4]
20824.01111111111 [0,1,2,3,4,5,6,7,8,9] [3,4,5]
20819.14384 [0,1,2,3,4,5,6,7,8,9] [2,3,4,5,6]
20801.417877551015 [0,1,2,3,4,5,6,7,8,9] [1,2,3,4,5,6,7]
20779.415753086418 [0,1,2,3,4,5,6,7,8,9] [0,1,2,3,4,5,6,7,8]
20768.5275625 [0,1,2,3,4,5,6,7,8,9] [3,4,5,6]
20757.135999999995 [0,1,2,3,4,5,6,7,8,9] [4,5]
20749.543361111115 [0,1,2,3,4,5,6,7,8,9] [2,3,4,5,6,7]
20718.428062500003 [0,1,2,3,4,5,6,7,8,9] [1,2,3,4,5,6,7,8]
20714.331690000003 [0,1,2,3,4,5,6,7,8,9] [0,1,2,3,4,5,6,7,8,9]
20705.53344444444 [0,1,2,3,4,5,6,7,8,9] [4,5,6]
20695.220640000003 [0,1,2,3,4,5,6,7,8,9] [3,4,5,6,7]
20684.303999999996 [0,1,2,3,4,5,6,7,8,9] [5]
20662.219612244902 [0,1,2,3,4,5,6,7,8,9] [2,3,4,5,6,7,8]
20652.985197530863 [0,1,2,3,4,5,6,7,8,9] [1,2,3,4,5,6,7,8,9]
20648.76219008264 [0,1,2,3,4,5,6,7,8,9] [0,1,2,3,4,5,6,7,8,9,10]
20643.392249999997 [0,1,2,3,4,5,6,7,8,9] [5,6]
20629.763999999992 [0,1,2,3,4,5,6,7,8,9] [4,5,6,7]
20602.521 [0,1,2,3,4,5,6,7,8,9] [3,4,5,6,7,8]
20602.520999999993 [0,1,2,3,4,5,6,7,8,9] [6]
20595.713062500006 [0,1,2,3,4,5,6,7,8,9] [2,3,4,5,6,7,8,9]
20587.091290000004 [0,1,2,3,4,5,6,7,8,9] [1,2,3,4,5,6,7,8,9,10]
20585.881361111107 [0,1,2,3,4,5,6,7,8,9] [0,1,2,3,4,5,6,7,8,9,10,11]
20563.20177777778 [0,1,2,3,4,5,6,7,8,9] [5,6,7]
20535.139612244897 [0,1,2,3,4,5,6,7,8,9] [3,4,5,6,7,8,9]
20531.773439999997 [0,1,2,3,4,5,6,7,8,9] [4,5,6,7,8]
20528.954123456795 [0,1,2,3,4,5,6,7,8,9] [2,3,4,5,6,7,8,9,10]
20524.194677685948 [0,1,2,3,4,5,6,7,8,9] [1,2,3,4,5,6,7,8,9,10,11]
20522.990822485208 [0,1,2,3,4,5,6,7,8,9] [0,1,2,3,4,5,6,7,8,9,10,11,12]
20502.784000000007 [0,1,2,3,4,5,6,7,8,9] [6,7]
20467.707015624997 [0,1,2,3,4,5,6,7,8,9] [3,4,5,6,7,8,9,10]
20465.671210000004 [0,1,2,3,4,5,6,7,8,9] [2,3,4,5,6,7,8,9,10,11]
20465.06802777778 [0,1,2,3,4,5,6,7,8,9] [4,5,6,7,8,9]
20461.406040816324 [0,1,2,3,4,5,6,7,8,9] [0,1,2,3,4,5,6,7,8,9,10,11,12,13]
20461.298340277783 [0,1,2,3,4,5,6,7,8,9] [1,2,3,4,5,6,7,8,9,10,11,12]
20457.529000000002 [0,1,2,3,4,5,6,7,8,9] [5,6,7,8]
20404.292790123458 [0,1,2,3,4,5,6,7,8,9] [3,4,5,6,7,8,9,10,11]
20403.28900000001 [0,1,2,3,4,5,6,7,8,9] [7]
20402.46773553719 [0,1,2,3,4,5,6,7,8,9] [2,3,4,5,6,7,8,9,10,11,12]
20399.814532544377 [0,1,2,3,4,5,6,7,8,9] [1,2,3,4,5,6,7,8,9,10,11,12,13]
20398.127040816322 [0,1,2,3,4,5,6,7,8,9] [4,5,6,7,8,9,10]
20397.868960000003 [0,1,2,3,4,5,6,7,8,9] [0,1,2,3,4,5,6,7,8,9,10,11,12,13,14]
20392.449640000003 [0,1,2,3,4,5,6,7,8,9] [5,6,7,8,9]
20382.215111111112 [0,1,2,3,4,5,6,7,8,9] [6,7,8]
20341.00201 [0,1,2,3,4,5,6,7,8,9] [3,4,5,6,7,8,9,10,11,12]
20340.851673611116 [0,1,2,3,4,5,6,7,8,9] [2,3,4,5,6,7,8,9,10,11,12,13]
20337.845062500008 [0,1,2,3,4,5,6,7,8,9] [0,1,2,3,4,5,6,7,8,9,10,11,12,13,14,15]
20336.23446938776 [0,1,2,3,4,5,6,7,8,9] [1,2,3,4,5,6,7,8,9,10,11,12,13,14]
20335.59025 [0,1,2,3,4,5,6,7,8,9] [4,5,6,7,8,9,10,11]
20326.572249999997 [0,1,2,3,4,5,6,7,8,9] [5,6,7,8,9,10]
20319.8100625 [0,1,2,3,4,5,6,7,8,9] [6,7,8,9]
20279.465256198346 [0,1,2,3,4,5,6,7,8,9] [3,4,5,6,7,8,9,10,11,12,13]
20277.53876816609 [0,1,2,3,4,5,6,7,8,9] [0,1,2,3,4,5,6,7,8,9,10,11,12,13,14,15,16]
20277.009 [0,1,2,3,4,5,6,7,8,9] [2,3,4,5,6,7,8,9,10,11,12,13,14]
20276.40860444445 [0,1,2,3,4,5,6,7,8,9] [1,2,3,4,5,6,7,8,9,10,11,12,13,14,15]
20273.006530864197 [0,1,2,3,4,5,6,7,8,9] [4,5,6,7,8,9,10,11,12]
20272.50625 [0,1,2,3,4,5,6,7,8,9] [7,8]
20265.431510204082 [0,1,2,3,4,5,6,7,8,9] [5,6,7,8,9,10,11]
20255.40036 [0,1,2,3,4,5,6,7,8,9] [6,7,8,9,10]
20226.007111111117 [0,1,2,3,4,5,6,7,8,9] [7,8,9]
20223.508669753086 [0,1,2,3,4,5,6,7,8,9] [0,1,2,3,4,5,6,7,8,9,10,11,12,13,14,15,16,17]
20217.227556122445 [0,1,2,3,4,5,6,7,8,9] [2,3,4,5,6,7,8,9,10,11,12,13,14,15]
20216.264062500013 [0,1,2,3,4,5,6,7,8,9] [1,2,3,4,5,6,7,8,9,10,11,12,13,14,15,16]
20215.514694444446 [0,1,2,3,4,5,6,7,8,9] [3,4,5,6,7,8,9,10,11,12,13,14]
20212.217640000003 [0,1,2,3,4,5,6,7,8,9] [4,5,6,7,8,9,10,11,12,13]
20203.901265625005 [0,1,2,3,4,5,6,7,8,9] [5,6,7,8,9,10,11,12]
20196.036 [0,1,2,3,4,5,6,7,8,9] [6,7,8,9,10,11]
20169.553739612194 [0,1,2,3,4,5,6,7,8,9] [0,1,2,3,4,5,6,7,8,9,10,11,12,13,14,15,16,17,18]
20169.08100000001 [0,1,2,3,4,5,6,7,8,9] [7,8,9,10]
20162.74126297578 [0,1,2,3,4,5,6,7,8,9] [1,2,3,4,5,6,7,8,9,10,11,12,13,14,15,16,17]
20157.106777777783 [0,1,2,3,4,5,6,7,8,9] [2,3,4,5,6,7,8,9,10,11,12,13,14,15,16]
20155.955597633136 [0,1,2,3,4,5,6,7,8,9] [3,4,5,6,7,8,9,10,11,12,13,14,15]
20148.67252892562 [0,1,2,3,4,5,6,7,8,9] [4,5,6,7,8,9,10,11,12,13,14]
20144.13871604938 [0,1,2,3,4,5,6,7,8,9] [5,6,7,8,9,10,11,12,13]
20142.144000000008 [0,1,2,3,4,5,6,7,8,9] [8]
20137.656249999993 [0,1,2,3,4,5,6,7,8,9] [8,9]
20135.73308163265 [0,1,2,3,4,5,6,7,8,9] [6,7,8,9,10,11,12]
20133.168999999994 [0,1,2,3,4,5,6,7,8,9] [9]
20121.504489999996 [0,1,2,3,4,5,6,7,8,9] [0,1,2,3,4,5,6,7,8,9,10,11,12,13,14,15,16,17,18,19]
20115.225000000006 [0,1,2,3,4,5,6,7,8,9] [7,8,9,10,11]
