[Score] [Station index] [Time slots] 
69355.58399999997 [0,1,2,3,4,5,6,7,8,9] [235]
69322.27599999998 [0,1,2,3,4,5,6,7,8,9] [235,236,237,238,239,240,241,242,243]
69316.03164062498 [0,1,2,3,4,5,6,7,8,9] [235,236,237,238,239,240,241,242]
69264.00625 [0,1,2,3,4,5,6,7,8,9] [235,236]
69255.68399999998 [0,1,2,3,4,5,6,7,8,9] [235,236,237]
69247.36224999998 [0,1,2,3,4,5,6,7,8,9] [235,236,237,238]
69239.04099999998 [0,1,2,3,4,5,6,7,8,9] [237]
69224.7771632653 [0,1,2,3,4,5,6,7,8,9] [235,236,237,238,239,240,241]
69222.39999999998 [0,1,2,3,4,5,6,7,8,9] [234,235,236,237,238,239,240,241,242,243]
69211.30711111109 [0,1,2,3,4,5,6,7,8,9] [236,237,238]
69205.761 [0,1,2,3,4,5,6,7,8,9] [234,235,236,237,238,239,240,241,242]
69205.76099999997 [0,1,2,3,4,5,6,7,8,9] [236,237]
69175.81583999998 [0,1,2,3,4,5,6,7,8,9] [235,236,237,238,239]
69172.48900000002 [0,1,2,3,4,5,6,7,8,9] [236]
69164.17225000002 [0,1,2,3,4,5,6,7,8,9] [249,250]
69161.40011111113 [0,1,2,3,4,5,6,7,8,9] [249,250,251]
69155.85600000001 [0,1,2,3,4,5,6,7,8,9] [251]
69155.85599999999 [0,1,2,3,4,5,6,7,8,9] [250]
69153.08402777779 [0,1,2,3,4,5,6,7,8,9] [235,236,237,238,239,240]
69152.83203305786 [0,1,2,3,4,5,6,7,8,9] [233,234,235,236,237,238,239,240,241,242,243]
69150.31211111112 [0,1,2,3,4,5,6,7,8,9] [245,246,247,248,249,250,251,252,253]
69148.29620661159 [0,1,2,3,4,5,6,7,8,9] [230,231,232,233,234,235,236,237,238,239,240,241,242,243,244,245,246,247,248,249,250,251]
69147.93622675737 [0,1,2,3,4,5,6,7,8,9] [230,231,232,233,234,235,236,237,238,239,240,241,242,243,244,245,246,247,248,249,250]
69146.22728254848 [0,1,2,3,4,5,6,7,8,9] [230,231,232,233,234,235,236,237,238,239,240,241,242,243,244,245,246,247,248]
69145.73254442346 [0,1,2,3,4,5,6,7,8,9] [229,230,231,232,233,234,235,236,237,238,239,240,241,242,243,244,245,246,247,248,249,250,251]
69145.2724049587 [0,1,2,3,4,5,6,7,8,9] [229,230,231,232,233,234,235,236,237,238,239,240,241,242,243,244,245,246,247,248,249,250]
69144.76844444443 [0,1,2,3,4,5,6,7,8,9] [229,230,231,232,233,234,235,236,237,238,239,240,241,242,243,244,245,246,247,248,249]
69143.38256249999 [0,1,2,3,4,5,6,7,8,9] [229,230,231,232,233,234,235,236,237,238,239,240,241,242,243,244,245,246,247,248]
69132.57316 [0,1,2,3,4,5,6,7,8,9] [248,249,250,251,252]
69130.91025 [0,1,2,3,4,5,6,7,8,9] [233,234,235,236,237,238,239,240,241,242]
69121.48747111113 [0,1,2,3,4,5,6,7,8,9] [231,232,233,234,235,236,237,238,239,240,241,242,243,244,245]
69117.05344444445 [0,1,2,3,4,5,6,7,8,9] [237,238,239]
69116.08954442346 [0,1,2,3,4,5,6,7,8,9] [231,232,233,234,235,236,237,238,239,240,241,242,243,244,245,246,247,248,249,250,251,252,253]
69116.08954442343 [0,1,2,3,4,5,6,7,8,9] [230,231,232,233,234,235,236,237,238,239,240,241,242,243,244,245,246,247,248,249,250,251,252]
69114.97504340278 [0,1,2,3,4,5,6,7,8,9] [229,230,231,232,233,234,235,236,237,238,239,240,241,242,243,244,245,246,247,248,249,250,251,252]
69112.61956000002 [0,1,2,3,4,5,6,7,8,9] [236,237,238,239,240]
69112.20389062498 [0,1,2,3,4,5,6,7,8,9] [234,235,236,237,238,239,240,241]
69111.51111111113 [0,1,2,3,4,5,6,7,8,9] [228,229,230,231,232,233,234,235,236,237,238,239,240,241,242,243,244,245,246,247,248,249,250,251]
69111.51111111112 [0,1,2,3,4,5,6,7,8,9] [230,231,232,233,234,235,236,237,238,239,240,241,242,243,244,245,246,247]
69110.34433240998 [0,1,2,3,4,5,6,7,8,9] [229,230,231,232,233,234,235,236,237,238,239,240,241,242,243,244,245,246,247]
69109.58339508508 [0,1,2,3,4,5,6,7,8,9] [228,229,230,231,232,233,234,235,236,237,238,239,240,241,242,243,244,245,246,247,248,249,250]
69107.48046280991 [0,1,2,3,4,5,6,7,8,9] [228,229,230,231,232,233,234,235,236,237,238,239,240,241,242,243,244,245,246,247,248,249]
69105.96900000001 [0,1,2,3,4,5,6,7,8,9] [246,247,248,249,250,251,252,253]
69104.38558049887 [0,1,2,3,4,5,6,7,8,9] [228,229,230,231,232,233,234,235,236,237,238,239,240,241,242,243,244,245,246,247,248]
69100.10112456749 [0,1,2,3,4,5,6,7,8,9] [230,231,232,233,234,235,236,237,238,239,240,241,242,243,244,245,246]
69099.50348456789 [0,1,2,3,4,5,6,7,8,9] [229,230,231,232,233,234,235,236,237,238,239,240,241,242,243,244,245,246]
69097.65624999997 [0,1,2,3,4,5,6,7,8,9] [237,238,239,240]
69094.09379591838 [0,1,2,3,4,5,6,7,8,9] [231,232,233,234,235,236,237,238,239,240,241,242,243,244]
69093.5000625 [0,1,2,3,4,5,6,7,8,9] [231,232,233,234,235,236,237,238,239,240,241,242,243,244,245,246,247,248,249,250,251,252,253,254]
69092.66883999998 [0,1,2,3,4,5,6,7,8,9] [245,246,247,248,249,250,251,252,253,254]
69091.42201562502 [0,1,2,3,4,5,6,7,8,9] [230,231,232,233,234,235,236,237,238,239,240,241,242,243,244,245,246,247,248,249,250,251,252,253]
69091.33889440002 [0,1,2,3,4,5,6,7,8,9] [229,230,231,232,233,234,235,236,237,238,239,240,241,242,243,244,245,246,247,248,249,250,251,252,253]
69089.34400000001 [0,1,2,3,4,5,6,7,8,9] [234,235,236,237,238,239,240,241,242,243,244,245,246,247,248,249,250,251,252,253,254,255,256]
69086.57336111112 [0,1,2,3,4,5,6,7,8,9] [232,233,234,235,236,237,238,239,240,241,242,243]
69084.4546747405 [0,1,2,3,4,5,6,7,8,9] [229,230,231,232,233,234,235,236,237,238,239,240,241,242,243,244,245]
69084.14909765626 [0,1,2,3,4,5,6,7,8,9] [230,231,232,233,234,235,236,237,238,239,240,241,242,243,244,245]
69083.56186011343 [0,1,2,3,4,5,6,7,8,9] [235,236,237,238,239,240,241,242,243,244,245,246,247,248,249,250,251,252,253,254,255,256,257]
69083.3594896 [0,1,2,3,4,5,6,7,8,9] [228,229,230,231,232,233,234,235,236,237,238,239,240,241,242,243,244,245,246,247,248,249,250,251,252]
69075.27825443789 [0,1,2,3,4,5,6,7,8,9] [231,232,233,234,235,236,237,238,239,240,241,242,243]
69071.44239053252 [0,1,2,3,4,5,6,7,8,9] [229,230,231,232,233,234,235,236,237,238,239,240,241,242,243,244,245,246,247,248,249,250,251,252,253,254]
69071.05880999999 [0,1,2,3,4,5,6,7,8,9] [228,229,230,231,232,233,234,235,236,237,238,239,240,241,242,243,244,245,246,247]
69070.72637440001 [0,1,2,3,4,5,6,7,8,9] [230,231,232,233,234,235,236,237,238,239,240,241,242,243,244,245,246,247,248,249,250,251,252,253,254]
69070.7263744 [0,1,2,3,4,5,6,7,8,9] [231,232,233,234,235,236,237,238,239,240,241,242,243,244,245,246,247,248,249,250,251,252,253,254,255]
69070.34644897957 [0,1,2,3,4,5,6,7,8,9] [247,248,249,250,251,252,253]
69064.74267039998 [0,1,2,3,4,5,6,7,8,9] [227,228,229,230,231,232,233,234,235,236,237,238,239,240,241,242,243,244,245,246,247,248,249,250,251]
69063.02517361112 [0,1,2,3,4,5,6,7,8,9] [233,234,235,236,237,238,239,240,241,242,243,244,245,246,247,248,249,250,251,252,253,254,255,256]
69062.74815999997 [0,1,2,3,4,5,6,7,8,9] [234,235,236,237,238]
69061.8531967456 [0,1,2,3,4,5,6,7,8,9] [228,229,230,231,232,233,234,235,236,237,238,239,240,241,242,243,244,245,246,247,248,249,250,251,252,253]
69060.94758506944 [0,1,2,3,4,5,6,7,8,9] [227,228,229,230,231,232,233,234,235,236,237,238,239,240,241,242,243,244,245,246,247,248,249,250]
69060.63280165289 [0,1,2,3,4,5,6,7,8,9] [232,233,234,235,236,237,238,239,240,241,242]
69058.72423545706 [0,1,2,3,4,5,6,7,8,9] [228,229,230,231,232,233,234,235,236,237,238,239,240,241,242,243,244,245,246]
69058.17751562501 [0,1,2,3,4,5,6,7,8,9] [229,230,231,232,233,234,235,236,237,238,239,240,241,242,243,244]
69056.82261058602 [0,1,2,3,4,5,6,7,8,9] [227,228,229,230,231,232,233,234,235,236,237,238,239,240,241,242,243,244,245,246,247,248,249]
69056.1 [0,1,2,3,4,5,6,7,8,9] [230,231,232,233,234,235,236,237,238,239,240,241,242,243,244]
69051.9450625 [0,1,2,3,4,5,6,7,8,9] [234,235,236,237,238,239,240,241,242,243,244,245,246,247,248,249,250,251,252,253,254,255,256,257]
69051.56734710747 [0,1,2,3,4,5,6,7,8,9] [227,228,229,230,231,232,233,234,235,236,237,238,239,240,241,242,243,244,245,246,247,248]
69051.17564334706 [0,1,2,3,4,5,6,7,8,9] [229,230,231,232,233,234,235,236,237,238,239,240,241,242,243,244,245,246,247,248,249,250,251,252,253,254,255]
69050.56011111112 [0,1,2,3,4,5,6,7,8,9] [238,239,240]
69050.56011111107 [0,1,2,3,4,5,6,7,8,9] [231,232,233,234,235,236,237,238,239,240,241,242]
69049.70784023666 [0,1,2,3,4,5,6,7,8,9] [230,231,232,233,234,235,236,237,238,239,240,241,242,243,244,245,246,247,248,249,250,251,252,253,254,255]
69046.86697530864 [0,1,2,3,4,5,6,7,8,9] [246,247,248,249,250,251,252,253,254]
69043.78943758574 [0,1,2,3,4,5,6,7,8,9] [228,229,230,231,232,233,234,235,236,237,238,239,240,241,242,243,244,245,246,247,248,249,250,251,252,253,254]
69042.25069444446 [0,1,2,3,4,5,6,7,8,9] [235,236,237,238,239,240,241,242,243,244,245,246,247,248,249,250,251,252,253,254,255,256,257,258]
69040.99173553719 [0,1,2,3,4,5,6,7,8,9] [245,246,247,248,249,250,251,252,253,254,255]
69039.48100000003 [0,1,2,3,4,5,6,7,8,9] [240]
69039.48100000001 [0,1,2,3,4,5,6,7,8,9] [229,230,231,232,233,234,235,236,237,238,239,240,241,242,243]
69039.481 [0,1,2,3,4,5,6,7,8,9] [227,228,229,230,231,232,233,234,235,236,237,238,239,240,241,242,243,244,245,246,247,248,249,250,251,252]
69036.92440828402 [0,1,2,3,4,5,6,7,8,9] [226,227,228,229,230,231,232,233,234,235,236,237,238,239,240,241,242,243,244,245,246,247,248,249,250,251]
69035.92004591835 [0,1,2,3,4,5,6,7,8,9] [230,231,232,233,234,235,236,237,238,239,240,241,242,243]
69034.82803840001 [0,1,2,3,4,5,6,7,8,9] [232,233,234,235,236,237,238,239,240,241,242,243,244,245,246,247,248,249,250,251,252,253,254,255,256]
69034.73308163267 [0,1,2,3,4,5,6,7,8,9] [234,235,236,237,238,239,240]
69033.94177777777 [0,1,2,3,4,5,6,7,8,9] [234,235,236,237,238,239]
69032.1692736 [0,1,2,3,4,5,6,7,8,9] [226,227,228,229,230,231,232,233,234,235,236,237,238,239,240,241,242,243,244,245,246,247,248,249,250]
69031.17225000003 [0,1,2,3,4,5,6,7,8,9] [248,249,250,251,252,253]
69031.17225 [0,1,2,3,4,5,6,7,8,9] [231,232,233,234,235,236,237,238,239,240,241,242,243,244,245,246,247,248,249,250,251,252,253,254,255,256]
69028.18122239997 [0,1,2,3,4,5,6,7,8,9] [233,234,235,236,237,238,239,240,241,242,243,244,245,246,247,248,249,250,251,252,253,254,255,256,257]
69027.01806249999 [0,1,2,3,4,5,6,7,8,9] [226,227,228,229,230,231,232,233,234,235,236,237,238,239,240,241,242,243,244,245,246,247,248,249]
69025.23773469389 [0,1,2,3,4,5,6,7,8,9] [228,229,230,231,232,233,234,235,236,237,238,239,240,241,242,243,244,245,246,247,248,249,250,251,252,253,254,255]
69022.86400000002 [0,1,2,3,4,5,6,7,8,9] [234,235,236,237]
69020.6967126654 [0,1,2,3,4,5,6,7,8,9] [226,227,228,229,230,231,232,233,234,235,236,237,238,239,240,241,242,243,244,245,246,247,248]
