[Score] [Station index] [Time slots] 
74459.64100000002 [0,1,2,3,4,5,6,7,8,9] [244]
74425.129 [0,1,2,3,4,5,6,7,8,9] [243,244]
74407.87600000002 [0,1,2,3,4,5,6,7,8,9] [244,245]
74402.12544444448 [0,1,2,3,4,5,6,7,8,9] [243,244,245]
74390.625 [0,1,2,3,4,5,6,7,8,9] [239]
74390.62499999997 [0,1,2,3,4,5,6,7,8,9] [243]
74382.00024999998 [0,1,2,3,4,5,6,7,8,9] [239,240]
74373.37600000002 [0,1,2,3,4,5,6,7,8,9] [240]
74364.75224999999 [0,1,2,3,4,5,6,7,8,9] [243,244,245,246]
74356.12900000003 [0,1,2,3,4,5,6,7,8,9] [244,245,246]
74356.12900000002 [0,1,2,3,4,5,6,7,8,9] [245]
74338.884 [0,1,2,3,4,5,6,7,8,9] [249]
74330.26224999997 [0,1,2,3,4,5,6,7,8,9] [242,243,244,245]
74321.641 [0,1,2,3,4,5,6,7,8,9] [251]
74314.74435999998 [0,1,2,3,4,5,6,7,8,9] [242,243,244,245,246]
74309.32579591838 [0,1,2,3,4,5,6,7,8,9] [239,240,241,242,243,244,245]
74304.40000000002 [0,1,2,3,4,5,6,7,8,9] [245,246]
74302.24501562501 [0,1,2,3,4,5,6,7,8,9] [239,240,241,242,243,244,245,246]
74301.52669444444 [0,1,2,3,4,5,6,7,8,9] [239,240,241,242,243,244]
74295.78024999998 [0,1,2,3,4,5,6,7,8,9] [240,241,242,243,244,245]
74289.62359183675 [0,1,2,3,4,5,6,7,8,9] [240,241,242,243,244,245,246]
74283.71343999999 [0,1,2,3,4,5,6,7,8,9] [240,241,242,243,244]
74281.41511111113 [0,1,2,3,4,5,6,7,8,9] [239,240,241]
74280.26596000002 [0,1,2,3,4,5,6,7,8,9] [241,242,243,244,245]
74280.26595999998 [0,1,2,3,4,5,6,7,8,9] [243,244,245,246,247]
74275.66944444444 [0,1,2,3,4,5,6,7,8,9] [241,242,243,244,245,246]
74269.92399999998 [0,1,2,3,4,5,6,7,8,9] [239,240,241,242,243]
74262.26375308644 [0,1,2,3,4,5,6,7,8,9] [239,240,241,242,243,244,245,246,247]
74261.30625000002 [0,1,2,3,4,5,6,7,8,9] [241,242,243,244]
74252.68900000001 [0,1,2,3,4,5,6,7,8,9] [244,245,246,247]
74252.68899999998 [0,1,2,3,4,5,6,7,8,9] [243,244,245,246,247,248,249]
74247.98889256197 [0,1,2,3,4,5,6,7,8,9] [239,240,241,242,243,244,245,246,247,248,249]
74246.22639062499 [0,1,2,3,4,5,6,7,8,9] [240,241,242,243,244,245,246,247]
74239.7640625 [0,1,2,3,4,5,6,7,8,9] [239,240,241,242]
74239.76406249996 [0,1,2,3,4,5,6,7,8,9] [240,241,242,243]
74238.90244000002 [0,1,2,3,4,5,6,7,8,9] [239,240,241,242,243,244,245,246,247,248]
74238.32802777778 [0,1,2,3,4,5,6,7,8,9] [243,244,245,246,247,248]
74235.456 [0,1,2,3,4,5,6,7,8,9] [238,239,240,241,242,243,244,245,246]
74235.45599999998 [0,1,2,3,4,5,6,7,8,9] [239,240,241,242,243,244,245,246,247,248,249,250,251]
74233.73281000003 [0,1,2,3,4,5,6,7,8,9] [240,241,242,243,244,245,246,247,248,249]
74233.541345679 [0,1,2,3,4,5,6,7,8,9] [243,244,245,246,247,248,249,250,251]
74233.302015625 [0,1,2,3,4,5,6,7,8,9] [238,239,240,241,242,243,244,245]
74229.7121111111 [0,1,2,3,4,5,6,7,8,9] [244,245,246,247,248,249]
74228.2761736111 [0,1,2,3,4,5,6,7,8,9] [239,240,241,242,243,244,245,246,247,248,249,250]
74228.07104081634 [0,1,2,3,4,5,6,7,8,9] [241,242,243,244,245,246,247]
74226.84025000001 [0,1,2,3,4,5,6,7,8,9] [240,241]
74223.96844444444 [0,1,2,3,4,5,6,7,8,9] [249,250,251]
74222.53256249998 [0,1,2,3,4,5,6,7,8,9] [240,241,242,243,244,245,246,247,248,249,250,251]
74222.05393827162 [0,1,2,3,4,5,6,7,8,9] [240,241,242,243,244,245,246,247,248]
74221.67103999997 [0,1,2,3,4,5,6,7,8,9] [242,243,244,245,246,247,248,249,250,251]
74220.68644897961 [0,1,2,3,4,5,6,7,8,9] [242,243,244,245,246,247,248]
74218.225 [0,1,2,3,4,5,6,7,8,9] [241,242,243,244,245,246,247,248,249]
74215.76359183673 [0,1,2,3,4,5,6,7,8,9] [238,239,240,241,242,243,244]
74213.9175625 [0,1,2,3,4,5,6,7,8,9] [244,245,246,247,248,249,250,251]
74213.52598347107 [0,1,2,3,4,5,6,7,8,9] [240,241,242,243,244,245,246,247,248,249,250]
74210.56741975309 [0,1,2,3,4,5,6,7,8,9] [242,243,244,245,246,247,248,249,250]
74208.82711570249 [0,1,2,3,4,5,6,7,8,9] [241,242,243,244,245,246,247,248,249,250,251]
74207.88736 [0,1,2,3,4,5,6,7,8,9] [244,245,246,247,248]
74206.16449000001 [0,1,2,3,4,5,6,7,8,9] [238,239,240,241,242,243,244,245,246,247]
74203.14951562499 [0,1,2,3,4,5,6,7,8,9] [241,242,243,244,245,246,247,248]
74202.43167361114 [0,1,2,3,4,5,6,7,8,9] [238,239,240,241,242,243,244,245,246,247,248,249]
74198.534877551 [0,1,2,3,4,5,6,7,8,9] [244,245,246,247,248,249,250]
74197.55043999999 [0,1,2,3,4,5,6,7,8,9] [241,242,243,244,245,246,247,248,249,250]
74197.30433163265 [0,1,2,3,4,5,6,7,8,9] [238,239,240,241,242,243,244,245,246,247,248,249,250,251]
74195.25344444448 [0,1,2,3,4,5,6,7,8,9] [241,242,243]
74194.84327040818 [0,1,2,3,4,5,6,7,8,9] [239,240,241,242,243,244,245,246,247,248,249,250,251,252]
74190.03313223142 [0,1,2,3,4,5,6,7,8,9] [238,239,240,241,242,243,244,245,246,247,248]
74189.5111111111 [0,1,2,3,4,5,6,7,8,9] [240,241,242]
74187.74428402366 [0,1,2,3,4,5,6,7,8,9] [238,239,240,241,242,243,244,245,246,247,248,249,250]
74183.76900000003 [0,1,2,3,4,5,6,7,8,9] [248,249]
74183.769 [0,1,2,3,4,5,6,7,8,9] [245,246,247,248,249]
74181.47221777777 [0,1,2,3,4,5,6,7,8,9] [239,240,241,242,243,244,245,246,247,248,249,250,251,252,253]
74179.79382248523 [0,1,2,3,4,5,6,7,8,9] [240,241,242,243,244,245,246,247,248,249,250,251,252]
74178.84736734693 [0,1,2,3,4,5,6,7,8,9] [245,246,247,248,249,250,251]
74176.87876000004 [0,1,2,3,4,5,6,7,8,9] [243,244,245,246,247,248,249,250,251,252]
74175.15625000003 [0,1,2,3,4,5,6,7,8,9] [238,239,240,241,242,243]
74175.15625 [0,1,2,3,4,5,6,7,8,9] [249,250]
74175.15624999997 [0,1,2,3,4,5,6,7,8,9] [248,249,250,251]
74173.63640484429 [0,1,2,3,4,5,6,7,8,9] [239,240,241,242,243,244,245,246,247,248,249,250,251,252,253,254,255]
74173.00314062503 [0,1,2,3,4,5,6,7,8,9] [239,240,241,242,243,244,245,246,247,248,249,250,251,252,253,254]
74171.71129 [0,1,2,3,4,5,6,7,8,9] [237,238,239,240,241,242,243,244,245,246]
74171.24152892557 [0,1,2,3,4,5,6,7,8,9] [242,243,244,245,246,247,248,249,250,251,252]
74166.54400000001 [0,1,2,3,4,5,6,7,8,9] [240,241,242,243,244,245,246,247,248,249,250,251,252,253]
74166.54399999997 [0,1,2,3,4,5,6,7,8,9] [250,251]
74163.67336111111 [0,1,2,3,4,5,6,7,8,9] [241,242,243,244,245,246,247,248,249,250,251,252]
74162.71649382719 [0,1,2,3,4,5,6,7,8,9] [237,238,239,240,241,242,243,244,245]
74162.71649382716 [0,1,2,3,4,5,6,7,8,9] [239,240,241,242,243,244,245,246,247,248,249,250,251,252,253,254,255,256]
74161.95100444443 [0,1,2,3,4,5,6,7,8,9] [238,239,240,241,242,243,244,245,246,247,248,249,250,251,252]
74160.28085950413 [0,1,2,3,4,5,6,7,8,9] [243,244,245,246,247,248,249,250,251,252,253]
74160.08514062499 [0,1,2,3,4,5,6,7,8,9] [240,241,242,243,244,245,246,247,248,249,250,251,252,253,254,255]
74158.50635111108 [0,1,2,3,4,5,6,7,8,9] [240,241,242,243,244,245,246,247,248,249,250,251,252,253,254]
74157.35815111113 [0,1,2,3,4,5,6,7,8,9] [237,238,239,240,241,242,243,244,245,246,247,248,249,250,251]
74156.49700694444 [0,1,2,3,4,5,6,7,8,9] [242,243,244,245,246,247,248,249,250,251,252,253]
74155.94499408285 [0,1,2,3,4,5,6,7,8,9] [237,238,239,240,241,242,243,244,245,246,247,248,249]
74155.06177777777 [0,1,2,3,4,5,6,7,8,9] [245,246,247,248,249,250]
74153.29536094672 [0,1,2,3,4,5,6,7,8,9] [243,244,245,246,247,248,249,250,251,252,253,254,255]
74153.14816049385 [0,1,2,3,4,5,6,7,8,9] [244,245,246,247,248,249,250,251,252]
74151.47376562499 [0,1,2,3,4,5,6,7,8,9] [238,239,240,241,242,243,244,245,246,247,248,249,250,251,252,253]
74150.88664462806 [0,1,2,3,4,5,6,7,8,9] [237,238,239,240,241,242,243,244,245,246,247]
74150.7561736111 [0,1,2,3,4,5,6,7,8,9] [243,244,245,246,247,248,249,250,251,252,253,254]
