[Score] [Station index] [Time slots] 
29822.521 [0,1,2,3,4,5,6,7,8,9] [0]
29631.692249999993 [0,1,2,3,4,5,6,7,8,9] [0,1]
29463.183999999997 [0,1,2,3,4,5,6,7,8,9] [0,1,2]
29441.475999999988 [0,1,2,3,4,5,6,7,8,9] [1]
29284.332249999996 [0,1,2,3,4,5,6,7,8,9] [1,2]
29195.110562500002 [0,1,2,3,4,5,6,7,8,9] [0,1,2,3]
29127.609000000004 [0,1,2,3,4,5,6,7,8,9] [2]
28987.456000000013 [0,1,2,3,4,5,6,7,8,9] [1,2,3]
28983.148960000002 [0,1,2,3,4,5,6,7,8,9] [0,1,2,3,4]
28811.845444444458 [0,1,2,3,4,5,6,7,8,9] [0,1,2,3,4,5]
28775.178062499996 [0,1,2,3,4,5,6,7,8,9] [1,2,3,4]
28761.768999999982 [0,1,2,3,4,5,6,7,8,9] [2,3]
28657.66793877551 [0,1,2,3,4,5,6,7,8,9] [0,1,2,3,4,5,6]
28611.800999999996 [0,1,2,3,4,5,6,7,8,9] [1,2,3,4,5]
28554.773444444447 [0,1,2,3,4,5,6,7,8,9] [2,3,4]
28518.27006250001 [0,1,2,3,4,5,6,7,8,9] [0,1,2,3,4,5,6,7]
28465.781777777775 [0,1,2,3,4,5,6,7,8,9] [1,2,3,4,5,6]
28406.235062500004 [0,1,2,3,4,5,6,7,8,9] [2,3,4,5]
28398.240999999998 [0,1,2,3,4,5,6,7,8,9] [3]
28361.541975308628 [0,1,2,3,4,5,6,7,8,9] [0,1,2,3,4,5,6,7,8]
28334.328999999998 [0,1,2,3,4,5,6,7,8,9] [1,2,3,4,5,6,7]
28272.615840000002 [0,1,2,3,4,5,6,7,8,9] [2,3,4,5,6]
28270.488999999994 [0,1,2,3,4,5,6,7,8,9] [3,4]
28217.343999999994 [0,1,2,3,4,5,6,7,8,9] [0,1,2,3,4,5,6,7,8,9]
28181.499390624995 [0,1,2,3,4,5,6,7,8,9] [1,2,3,4,5,6,7,8]
28167.787111111113 [0,1,2,3,4,5,6,7,8,9] [3,4,5]
28151.86736111111 [0,1,2,3,4,5,6,7,8,9] [2,3,4,5,6,7]
28143.025 [0,1,2,3,4,5,6,7,8,9] [4]
28095.78211570249 [0,1,2,3,4,5,6,7,8,9] [0,1,2,3,4,5,6,7,8,9,10]
28060.8575625 [0,1,2,3,4,5,6,7,8,9] [3,4,5,6]
28052.912250000012 [0,1,2,3,4,5,6,7,8,9] [4,5]
28041.731864197536 [0,1,2,3,4,5,6,7,8,9] [1,2,3,4,5,6,7,8,9]
28003.752020408167 [0,1,2,3,4,5,6,7,8,9] [2,3,4,5,6,7,8]
27978.810250000002 [0,1,2,3,4,5,6,7,8,9] [0,1,2,3,4,5,6,7,8,9,10,11]
27962.944000000007 [0,1,2,3,4,5,6,7,8,9] [5]
27958.713759999984 [0,1,2,3,4,5,6,7,8,9] [3,4,5,6,7]
27948.84444444445 [0,1,2,3,4,5,6,7,8,9] [4,5,6]
27925.940249999992 [0,1,2,3,4,5,6,7,8,9] [1,2,3,4,5,6,7,8,9,10]
27889.773467455623 [0,1,2,3,4,5,6,7,8,9] [0,1,2,3,4,5,6,7,8,9,10,11,12]
27869.160765625 [0,1,2,3,4,5,6,7,8,9] [2,3,4,5,6,7,8,9]
27852.00625 [0,1,2,3,4,5,6,7,8,9] [5,6]
27849.367562499992 [0,1,2,3,4,5,6,7,8,9] [4,5,6,7]
27818.592111111117 [0,1,2,3,4,5,6,7,8,9] [3,4,5,6,7,8]
27814.117099173553 [0,1,2,3,4,5,6,7,8,9] [1,2,3,4,5,6,7,8,9,10,11]
27790.971510204086 [0,1,2,3,4,5,6,7,8,9] [0,1,2,3,4,5,6,7,8,9,10,11,12,13]
27760.01927160493 [0,1,2,3,4,5,6,7,8,9] [2,3,4,5,6,7,8,9,10]
27751.824000000004 [0,1,2,3,4,5,6,7,8,9] [5,6,7]
27741.289000000008 [0,1,2,3,4,5,6,7,8,9] [6]
27731.633673611115 [0,1,2,3,4,5,6,7,8,9] [1,2,3,4,5,6,7,8,9,10,11,12]
27713.907360000005 [0,1,2,3,4,5,6,7,8,9] [0,1,2,3,4,5,6,7,8,9,10,11,12,13,14]
27703.37956 [0,1,2,3,4,5,6,7,8,9] [4,5,6,7,8]
27691.650938775518 [0,1,2,3,4,5,6,7,8,9] [3,4,5,6,7,8,9]
27653.925689999996 [0,1,2,3,4,5,6,7,8,9] [2,3,4,5,6,7,8,9,10,11]
27646.563999999995 [0,1,2,3,4,5,6,7,8,9] [6,7]
27645.906753906253 [0,1,2,3,4,5,6,7,8,9] [0,1,2,3,4,5,6,7,8,9,10,11,12,13,14,15]
27637.66656213018 [0,1,2,3,4,5,6,7,8,9] [1,2,3,4,5,6,7,8,9,10,11,12,13]
27594.00900000001 [0,1,2,3,4,5,6,7,8,9] [5,6,7,8]
27591.38256250001 [0,1,2,3,4,5,6,7,8,9] [3,4,5,6,7,8,9,10]
27578.729661157035 [0,1,2,3,4,5,6,7,8,9] [2,3,4,5,6,7,8,9,10,11,12]
27578.561162629754 [0,1,2,3,4,5,6,7,8,9] [0,1,2,3,4,5,6,7,8,9,10,11,12,13,14,15,16]
27574.75136111111 [0,1,2,3,4,5,6,7,8,9] [4,5,6,7,8,9]
27566.250127551022 [0,1,2,3,4,5,6,7,8,9] [1,2,3,4,5,6,7,8,9,10,11,12,13,14]
27552.000999999997 [0,1,2,3,4,5,6,7,8,9] [7]
27504.780249999993 [0,1,2,3,4,5,6,7,8,9] [0,1,2,3,4,5,6,7,8,9,10,11,12,13,14,15,16,17]
27503.731359999994 [0,1,2,3,4,5,6,7,8,9] [1,2,3,4,5,6,7,8,9,10,11,12,13,14,15]
27492.544444444437 [0,1,2,3,4,5,6,7,8,9] [3,4,5,6,7,8,9,10,11]
27489.922840277774 [0,1,2,3,4,5,6,7,8,9] [2,3,4,5,6,7,8,9,10,11,12,13]
27477.06630612244 [0,1,2,3,4,5,6,7,8,9] [4,5,6,7,8,9,10]
27471.57511111111 [0,1,2,3,4,5,6,7,8,9] [6,7,8]
27461.792159999994 [0,1,2,3,4,5,6,7,8,9] [5,6,7,8,9]
27441.22744140625 [0,1,2,3,4,5,6,7,8,9] [1,2,3,4,5,6,7,8,9,10,11,12,13,14,15,16]
27436.643999999993 [0,1,2,3,4,5,6,7,8,9] [0,1,2,3,4,5,6,7,8,9,10,11,12,13,14,15,16,17,18]
27426.169000000005 [0,1,2,3,4,5,6,7,8,9] [3,4,5,6,7,8,9,10,11,12]
27424.55763905326 [0,1,2,3,4,5,6,7,8,9] [2,3,4,5,6,7,8,9,10,11,12,13,14]
27380.364390625007 [0,1,2,3,4,5,6,7,8,9] [4,5,6,7,8,9,10,11]
27371.361937716272 [0,1,2,3,4,5,6,7,8,9] [1,2,3,4,5,6,7,8,9,10,11,12,13,14,15,16,17]
27367.844897959196 [0,1,2,3,4,5,6,7,8,9] [2,3,4,5,6,7,8,9,10,11,12,13,14,15]
27366.84844444444 [0,1,2,3,4,5,6,7,8,9] [5,6,7,8,9,10]
27364.407209999998 [0,1,2,3,4,5,6,7,8,9] [0,1,2,3,4,5,6,7,8,9,10,11,12,13,14,15,16,17,18,19]
27343.39173553719 [0,1,2,3,4,5,6,7,8,9] [3,4,5,6,7,8,9,10,11,12,13]
27337.21225 [0,1,2,3,4,5,6,7,8,9] [6,7,8,9]
27319.205938271607 [0,1,2,3,4,5,6,7,8,9] [4,5,6,7,8,9,10,11,12]
27310.37920444445 [0,1,2,3,4,5,6,7,8,9] [2,3,4,5,6,7,8,9,10,11,12,13,14,15,16]
27307.01148456789 [0,1,2,3,4,5,6,7,8,9] [1,2,3,4,5,6,7,8,9,10,11,12,13,14,15,16,17,18]
27295.64903628118 [0,1,2,3,4,5,6,7,8,9] [0,1,2,3,4,5,6,7,8,9,10,11,12,13,14,15,16,17,18,19,20]
27284.952250000002 [0,1,2,3,4,5,6,7,8,9] [3,4,5,6,7,8,9,10,11,12,13,14]
27272.268081632654 [0,1,2,3,4,5,6,7,8,9] [5,6,7,8,9,10,11]
27248.4 [0,1,2,3,4,5,6,7,8,9] [6,7,8,9,10]
27244.485140624998 [0,1,2,3,4,5,6,7,8,9] [2,3,4,5,6,7,8,9,10,11,12,13,14,15,16,17]
27239.004809999995 [0,1,2,3,4,5,6,7,8,9] [4,5,6,7,8,9,10,11,12,13]
27237.961 [0,1,2,3,4,5,6,7,8,9] [1,2,3,4,5,6,7,8,9,10,11,12,13,14,15,16,17,18,19]
27234.749402366877 [0,1,2,3,4,5,6,7,8,9] [3,4,5,6,7,8,9,10,11,12,13,14,15]
27228.947109504137 [0,1,2,3,4,5,6,7,8,9] [0,1,2,3,4,5,6,7,8,9,10,11,12,13,14,15,16,17,18,19,20,21]
27217.089000000007 [0,1,2,3,4,5,6,7,8,9] [5,6,7,8,9,10,11,12]
27203.17877777777 [0,1,2,3,4,5,6,7,8,9] [7,8,9]
27184.848008264475 [0,1,2,3,4,5,6,7,8,9] [4,5,6,7,8,9,10,11,12,13,14]
27183.955795847753 [0,1,2,3,4,5,6,7,8,9] [2,3,4,5,6,7,8,9,10,11,12,13,14,15,16,17,18]
27182.81665306123 [0,1,2,3,4,5,6,7,8,9] [3,4,5,6,7,8,9,10,11,12,13,14,15,16]
27172.241289999998 [0,1,2,3,4,5,6,7,8,9] [1,2,3,4,5,6,7,8,9,10,11,12,13,14,15,16,17,18,19,20]
27167.210134215515 [0,1,2,3,4,5,6,7,8,9] [0,1,2,3,4,5,6,7,8,9,10,11,12,13,14,15,16,17,18,19,20,21,22]
