[Score] [Station index] [Time slots] 
66117.55111111111 [0,1,2,3,4,6,7,8,9] [237]
66083.2711111111 [0,1,2,3,4,6,7,8,9] [236,237]
66049.0 [0,1,2,3,4,6,7,8,9] [236]
66037.57827160493 [0,1,2,3,4,6,7,8,9] [235,236,237]
66036.15062500001 [0,1,2,3,4,6,7,8,9] [234,235,236,237]
66031.86777777778 [0,1,2,3,4,6,7,8,9] [236,237,238]
66023.30250000003 [0,1,2,3,4,6,7,8,9] [237,238]
66014.73777777779 [0,1,2,3,4,6,7,8,9] [234,235,236,237,238]
66010.455625 [0,1,2,3,4,6,7,8,9] [235,236,237,238]
66009.02827160494 [0,1,2,3,4,6,7,8,9] [234,235,236]
65997.60999999997 [0,1,2,3,4,6,7,8,9] [235,236]
65989.04694444442 [0,1,2,3,4,6,7,8,9] [234,235]
65946.23999999999 [0,1,2,3,4,6,7,8,9] [235]
65929.12111111112 [0,1,2,3,4,6,7,8,9] [238]
65920.5625 [0,1,2,3,4,6,7,8,9] [233,234,235,236,237,238]
65918.85084444446 [0,1,2,3,4,6,7,8,9] [233,234,235,236,237]
65914.85706790123 [0,1,2,3,4,6,7,8,9] [234,235,236,237,238,239]
65891.46737777776 [0,1,2,3,4,6,7,8,9] [235,236,237,238,239]
65890.00056689343 [0,1,2,3,4,6,7,8,9] [232,233,234,235,236,237,238]
65883.48160493825 [0,1,2,3,4,6,7,8,9] [232,233,234,235,236,237]
65877.77777777778 [0,1,2,3,4,6,7,8,9] [236,237,238,239]
65870.44464852607 [0,1,2,3,4,6,7,8,9] [234,235,236,237,238,239,240]
65869.22249999999 [0,1,2,3,4,6,7,8,9] [233,234,235,236]
65848.44770975056 [0,1,2,3,4,6,7,8,9] [233,234,235,236,237,238,239]
65843.56000000001 [0,1,2,3,4,6,7,8,9] [235,236,237,238,239,240]
65836.71751111111 [0,1,2,3,4,6,7,8,9] [232,233,234,235,236]
65835.00694444444 [0,1,2,3,4,6,7,8,9] [227,228]
65830.73062500003 [0,1,2,3,4,6,7,8,9] [232,233,234,235,236,237,238,239]
65830.73062500001 [0,1,2,3,4,6,7,8,9] [231,232,233,234,235,236,237,238]
65823.03360000001 [0,1,2,3,4,6,7,8,9] [236,237,238,239,240]
65820.75308641975 [0,1,2,3,4,6,7,8,9] [237,238,239]
65817.9025 [0,1,2,3,4,6,7,8,9] [233,234,235,236,237,238,239,240]
65816.68083900225 [0,1,2,3,4,6,7,8,9] [231,232,233,234,235,236,237]
65809.35111111111 [0,1,2,3,4,6,7,8,9] [226,227]
65809.3511111111 [0,1,2,3,4,6,7,8,9] [233,234,235]
65807.21335069445 [0,1,2,3,4,6,7,8,9] [234,235,236,237,238,239,240,241]
65805.55067215365 [0,1,2,3,4,6,7,8,9] [232,233,234,235,236,237,238,239,240]
65784.6502194787 [0,1,2,3,4,6,7,8,9] [231,232,233,234,235,236,237,238,239]
65783.7002777778 [0,1,2,3,4,6,7,8,9] [232,233,234,235]
65775.15111111112 [0,1,2,3,4,6,7,8,9] [235,236,237,238,239,240,241]
65767.55231824418 [0,1,2,3,4,6,7,8,9] [233,234,235,236,237,238,239,240,241]
65766.6025 [0,1,2,3,4,6,7,8,9] [237,238,239,240]
65766.60249999998 [0,1,2,3,4,6,7,8,9] [231,232,233,234,235,236,237,238,239,240]
65761.47360000001 [0,1,2,3,4,6,7,8,9] [232,233,234,235,236,237,238,239,240,241]
65756.15495198904 [0,1,2,3,4,6,7,8,9] [230,231,232,233,234,235,236,237,238]
65748.08241512346 [0,1,2,3,4,6,7,8,9] [227,228,229,230,231,232,233,234,235,236,237,238]
65746.65790123455 [0,1,2,3,4,6,7,8,9] [236,237,238,239,240,241]
65740.96 [0,1,2,3,4,6,7,8,9] [233,234]
65734.55015625003 [0,1,2,3,4,6,7,8,9] [230,231,232,233,234,235,236,237]
65734.38580539118 [0,1,2,3,4,6,7,8,9] [226,227,228,229,230,231,232,233,234,235,236,237,238]
65731.63669421489 [0,1,2,3,4,6,7,8,9] [227,228,229,230,231,232,233,234,235,236,237]
65730.70439999999 [0,1,2,3,4,6,7,8,9] [229,230,231,232,233,234,235,236,237,238]
65730.08287419652 [0,1,2,3,4,6,7,8,9] [231,232,233,234,235,236,237,238,239,240,241]
65729.5649382716 [0,1,2,3,4,6,7,8,9] [232,233,234]
65723.86777777778 [0,1,2,3,4,6,7,8,9] [227,228,229]
65722.55308349771 [0,1,2,3,4,6,7,8,9] [227,228,229,230,231,232,233,234,235,236,237,238,239]
65722.15867777778 [0,1,2,3,4,6,7,8,9] [230,231,232,233,234,235,236,237,238,239]
65720.76033976123 [0,1,2,3,4,6,7,8,9] [228,229,230,231,232,233,234,235,236,237,238]
65718.17086419754 [0,1,2,3,4,6,7,8,9] [226,227,228,229,230,231,232,233,234,235,236,237]
65714.1017913832 [0,1,2,3,4,6,7,8,9] [227,228,229,230,231,232,233,234,235,236,237,238,239,240]
65711.66040816327 [0,1,2,3,4,6,7,8,9] [226,227,228,229,230,231,232,233,234,235,236,237,238,239]
65711.43846648303 [0,1,2,3,4,6,7,8,9] [230,231,232,233,234,235,236,237,238,239,240]
65710.19559999998 [0,1,2,3,4,6,7,8,9] [231,232,233,234,235]
65708.67655692731 [0,1,2,3,4,6,7,8,9] [229,230,231,232,233,234,235,236,237]
65706.77777777775 [0,1,2,3,4,6,7,8,9] [232]
65704.87902606308 [0,1,2,3,4,6,7,8,9] [234,235,236,237,238,239,240,241,242]
65704.49927901235 [0,1,2,3,4,6,7,8,9] [226,227,228,229,230,231,232,233,234,235,236,237,238,239,240]
65704.33653061226 [0,1,2,3,4,6,7,8,9] [225,226,227,228,229,230,231,232,233,234,235,236,237,238]
65702.1172543618 [0,1,2,3,4,6,7,8,9] [229,230,231,232,233,234,235,236,237,238,239]
65699.9424 [0,1,2,3,4,6,7,8,9] [228,229,230,231,232,233,234,235,236,237]
65695.38567901232 [0,1,2,3,4,6,7,8,9] [228,229,230,231,232,233,234,235,236,237,238,239]
65693.9617361111 [0,1,2,3,4,6,7,8,9] [229,230,231,232,233,234,235,236,237,238,239,240]
65693.10737777776 [0,1,2,3,4,6,7,8,9] [227,228,229,230,231,232,233,234,235,236]
65690.82911604935 [0,1,2,3,4,6,7,8,9] [227,228,229,230,231,232,233,234,235,236,237,238,239,240,241]
65688.37564760026 [0,1,2,3,4,6,7,8,9] [228,229,230,231,232,233,234,235,236,237,238,239,240]
65687.06130834977 [0,1,2,3,4,6,7,8,9] [225,226,227,228,229,230,231,232,233,234,235,236,237]
65686.27271111109 [0,1,2,3,4,6,7,8,9] [237,238,239,240,241]
65685.41840277781 [0,1,2,3,4,6,7,8,9] [226,227,228,229]
65685.1336345679 [0,1,2,3,4,6,7,8,9] [225,226,227,228,229,230,231,232,233,234,235,236,237,238,239]
65683.28265625 [0,1,2,3,4,6,7,8,9] [226,227,228,229,230,231,232,233,234,235,236,237,238,239,240,241]
65682.57074845681 [0,1,2,3,4,6,7,8,9] [230,231,232,233,234,235,236,237,238,239,240,241]
65681.92356290176 [0,1,2,3,4,6,7,8,9] [232,233,234,235,236,237,238,239,240,241,242]
65681.92356290173 [0,1,2,3,4,6,7,8,9] [226,227,228,229,230,231,232,233,234,235,236]
65680.0791015625 [0,1,2,3,4,6,7,8,9] [225,226,227,228,229,230,231,232,233,234,235,236,237,238,239,240]
65679.92655328798 [0,1,2,3,4,6,7,8,9] [230,231,232,233,234,235,236]
65679.43839999998 [0,1,2,3,4,6,7,8,9] [233,234,235,236,237,238,239,240,241,242]
65672.60444444444 [0,1,2,3,4,6,7,8,9] [238,239]
65671.46548641975 [0,1,2,3,4,6,7,8,9] [224,225,226,227,228,229,230,231,232,233,234,235,236,237,238]
65668.66193951349 [0,1,2,3,4,6,7,8,9] [229,230,231,232,233,234,235,236,237,238,239,240,241]
65665.28274376415 [0,1,2,3,4,6,7,8,9] [228,229,230,231,232,233,234,235,236,237,238,239,240,241]
65664.0625 [0,1,2,3,4,6,7,8,9] [235,236,237,238,239,240,241,242]
65661.55026912727 [0,1,2,3,4,6,7,8,9] [225,226,227,228,229,230,231,232,233,234,235,236,237,238,239,240,241]
65659.7917361111 [0,1,2,3,4,6,7,8,9] [231,232,233,234,235,236,237,238,239,240,241,242]
65657.65640625003 [0,1,2,3,4,6,7,8,9] [229,230,231,232,233,234,235,236]
65655.52111111111 [0,1,2,3,4,6,7,8,9] [224,225,226,227,228,229,230,231,232,233,234,235,236,237,238,239]
65653.62310013719 [0,1,2,3,4,6,7,8,9] [227,228,229,230,231,232,233,234,235]
65653.62310013716 [0,1,2,3,4,6,7,8,9] [228,229,230,231,232,233,234,235,236]
65653.08081632653 [0,1,2,3,4,6,7,8,9] [224,225,226,227,228,229,230,231,232,233,234,235,236,237]
65652.50663590927 [0,1,2,3,4,6,7,8,9] [224,225,226,227,228,229,230,231,232,233,234,235,236,237,238,239,240]
65651.25062499999 [0,1,2,3,4,6,7,8,9] [225,226,227,228,229,230,231,232,233,234,235,236]
