[Score] [Station index] [Time slots] 
53345.60111111111 [0,1,2,3,4,6,7,8,9] [236]
53284.02777777776 [0,1,2,3,4,6,7,8,9] [246]
53276.33361111112 [0,1,2,3,4,6,7,8,9] [245,246]
53268.63999999999 [0,1,2,3,4,6,7,8,9] [245]
53268.639999999985 [0,1,2,3,4,6,7,8,9] [0,1]
53263.5112345679 [0,1,2,3,4,6,7,8,9] [0,1,2]
53253.25444444446 [0,1,2,3,4,6,7,8,9] [236,237]
53253.254444444436 [0,1,2,3,4,6,7,8,9] [2]
53242.99864197531 [0,1,2,3,4,6,7,8,9] [244,245,246]
53237.87111111112 [0,1,2,3,4,6,7,8,9] [0,1,2,3]
53227.61679012346 [0,1,2,3,4,6,7,8,9] [245,246,247]
53222.48999999998 [0,1,2,3,4,6,7,8,9] [244,245]
53218.64506944445 [0,1,2,3,4,6,7,8,9] [245,246,247,248]
53214.80027777777 [0,1,2,3,4,6,7,8,9] [244,245,246,247]
53210.18671111113 [0,1,2,3,4,6,7,8,9] [244,245,246,247,248]
53207.11111111111 [0,1,2,3,4,6,7,8,9] [246,247]
53204.0356 [0,1,2,3,4,6,7,8,9] [0,1,2,3,4]
53203.26673611111 [0,1,2,3,4,6,7,8,9] [243,244,245,246]
53201.98530864196 [0,1,2,3,4,6,7,8,9] [246,247,248]
53197.88484444445 [0,1,2,3,4,6,7,8,9] [242,243,244,245,246]
53191.73444444445 [0,1,2,3,4,6,7,8,9] [248]
53191.734444444446 [0,1,2,3,4,6,7,8,9] [6]
53191.734444444424 [0,1,2,3,4,6,7,8,9] [0,1,2,3,4,5,6]
53189.171882716066 [0,1,2,3,4,6,7,8,9] [243,244,245,246,247,248]
53188.659377777774 [0,1,2,3,4,6,7,8,9] [243,244,245,246,247]
53187.34151927437 [0,1,2,3,4,6,7,8,9] [242,243,244,245,246,247,248]
53186.609382716066 [0,1,2,3,4,6,7,8,9] [241,242,243,244,245,246]
53186.60938271605 [0,1,2,3,4,6,7,8,9] [242,243,244,245,246,247]
53184.046944444446 [0,1,2,3,4,6,7,8,9] [235,236]
53180.203402777785 [0,1,2,3,4,6,7,8,9] [241,242,243,244,245,246,247,248]
53180.203402777755 [0,1,2,3,4,6,7,8,9] [0,1,2,3,4,5,6,7]
53178.55621315194 [0,1,2,3,4,6,7,8,9] [241,242,243,244,245,246,247]
53176.360000000015 [0,1,2,3,4,6,7,8,9] [244]
53176.35999999999 [0,1,2,3,4,6,7,8,9] [243,244,245]
53168.67361111113 [0,1,2,3,4,6,7,8,9] [1,2,3,4]
53167.575600907025 [0,1,2,3,4,6,7,8,9] [240,241,242,243,244,245,246]
53167.136399999996 [0,1,2,3,4,6,7,8,9] [241,242,243,244,245]
53166.111604938276 [0,1,2,3,4,6,7,8,9] [1,2,3,4,5,6]
53166.111604938254 [0,1,2,3,4,6,7,8,9] [240,241,242,243,244,245,246,247,248]
53162.909184027754 [0,1,2,3,4,6,7,8,9] [240,241,242,243,244,245,246,247]
53160.98777777779 [0,1,2,3,4,6,7,8,9] [247,248]
53160.987777777766 [0,1,2,3,4,6,7,8,9] [5,6]
53159.279890260645 [0,1,2,3,4,6,7,8,9] [0,1,2,3,4,5,6,7,8]
53156.59612244896 [0,1,2,3,4,6,7,8,9] [1,2,3,4,5,6,7]
53153.30250000002 [0,1,2,3,4,6,7,8,9] [241,242]
53150.74086419755 [0,1,2,3,4,6,7,8,9] [236,237,238]
53150.74086419753 [0,1,2,3,4,6,7,8,9] [244,245,246,247,248,249]
53150.22854444443 [0,1,2,3,4,6,7,8,9] [0,1,2,3,4,5,6,7,8,9]
53148.17929012346 [0,1,2,3,4,6,7,8,9] [240,241,242,243,244,245]
53145.617777777785 [0,1,2,3,4,6,7,8,9] [242,243,244,245,246,247,248,249]
53145.61777777776 [0,1,2,3,4,6,7,8,9] [245,246,247,248,249]
53144.080899999986 [0,1,2,3,4,6,7,8,9] [239,240,241,242,243,244,245,246,247,248]
53143.91013717421 [0,1,2,3,4,6,7,8,9] [241,242,243,244,245,246,247,248,249]
53142.82347107437 [0,1,2,3,4,6,7,8,9] [236,237,238,239,240,241,242,243,244,245,246]
53141.77562500001 [0,1,2,3,4,6,7,8,9] [236,237,238,239,240,241,242,243,244,245,246,247]
53141.22675736963 [0,1,2,3,4,6,7,8,9] [243,244,245,246,247,248,249]
53140.4949382716 [0,1,2,3,4,6,7,8,9] [5,6,7]
53139.854600694445 [0,1,2,3,4,6,7,8,9] [239,240,241,242,243,244,245,246]
53138.787379972564 [0,1,2,3,4,6,7,8,9] [239,240,241,242,243,244,245,246,247]
53137.933611111104 [0,1,2,3,4,6,7,8,9] [3,4,5,6]
53137.23507805325 [0,1,2,3,4,6,7,8,9] [0,1,2,3,4,5,6,7,8,9,10]
53136.835918367375 [0,1,2,3,4,6,7,8,9] [235,236,237,238,239,240,241,242,243,244,245,246,247,248]
53136.01265625001 [0,1,2,3,4,6,7,8,9] [1,2,3,4,5,6,7,8]
53134.8601 [0,1,2,3,4,6,7,8,9] [240,241,242,243,244,245,246,247,248,249]
53132.81114197532 [0,1,2,3,4,6,7,8,9] [235,236,237,238,239,240,241,242,243,244,245,246]
53132.614128862595 [0,1,2,3,4,6,7,8,9] [235,236,237,238,239,240,241,242,243,244,245,246,247]
53130.25000000002 [0,1,2,3,4,6,7,8,9] [242,243]
53130.25 [0,1,2,3,4,6,7,8,9] [247]
53130.24999999998 [0,1,2,3,4,6,7,8,9] [5]
53128.9694521605 [0,1,2,3,4,6,7,8,9] [237,238,239,240,241,242,243,244,245,246,247,248]
53128.71334444443 [0,1,2,3,4,6,7,8,9] [236,237,238,239,240,241,242,243,244,245]
53128.54260631 [0,1,2,3,4,6,7,8,9] [1,2,3,4,5,6,7,8,9]
53128.05478458051 [0,1,2,3,4,6,7,8,9] [2,3,4,5,6,7,8]
53126.0591735537 [0,1,2,3,4,6,7,8,9] [238,239,240,241,242,243,244,245,246,247,248]
53124.76204648527 [0,1,2,3,4,6,7,8,9] [236,237,238,239,240,241,242,243,244,245,246,247,248,249]
53124.1035111111 [0,1,2,3,4,6,7,8,9] [240,241,242,243,244]
53123.26538108357 [0,1,2,3,4,6,7,8,9] [237,238,239,240,241,242,243,244,245,246,247]
53122.56694444445 [0,1,2,3,4,6,7,8,9] [237,238,239,240,241,242,243,244,245,246]
53121.28648919752 [0,1,2,3,4,6,7,8,9] [0,1,2,3,4,5,6,7,8,9,10,11]
53120.646267361095 [0,1,2,3,4,6,7,8,9] [2,3,4,5,6,7,8,9]
53120.006049382726 [0,1,2,3,4,6,7,8,9] [240,241,242]
53119.49387777777 [0,1,2,3,4,6,7,8,9] [238,239,240,241,242,243,244,245,246,247]
53119.27437641722 [0,1,2,3,4,6,7,8,9] [239,240,241,242,243,244,245]
53119.07483011939 [0,1,2,3,4,6,7,8,9] [235,236,237,238,239,240,241,242,243,244,245]
53118.72562500001 [0,1,2,3,4,6,7,8,9] [235,236,237,238]
53118.29882030178 [0,1,2,3,4,6,7,8,9] [238,239,240,241,242,243,244,245,246]
53117.95737777779 [0,1,2,3,4,6,7,8,9] [235,236,237,238,239,240,241,242,243,244,245,246,247,248,249]
53117.67801652894 [0,1,2,3,4,6,7,8,9] [239,240,241,242,243,244,245,246,247,248,249]
53116.42090000001 [0,1,2,3,4,6,7,8,9] [1,2,3,4,5,6,7,8,9,10]
53114.88444444444 [0,1,2,3,4,6,7,8,9] [3,4]
53114.88444444442 [0,1,2,3,4,6,7,8,9] [246,247,248,249]
53113.17729766804 [0,1,2,3,4,6,7,8,9] [236,237,238,239,240,241,242,243,244]
53111.04340277778 [0,1,2,3,4,6,7,8,9] [240,241,242,243]
53108.299886621324 [0,1,2,3,4,6,7,8,9] [236,237,238,239,240,241,242]
53108.056021947865 [0,1,2,3,4,6,7,8,9] [2,3,4,5,6,7,8,9,10]
53107.793399079565 [0,1,2,3,4,6,7,8,9] [237,238,239,240,241,242,243,244,245,246,247,248,249]
53107.2025 [0,1,2,3,4,6,7,8,9] [3,4,5,6,7,8]
53105.28210069444 [0,1,2,3,4,6,7,8,9] [236,237,238,239,240,241,242,243]
53104.64197530863 [0,1,2,3,4,6,7,8,9] [234,235,236,237,238,239,240,241,242,243,244,245,246,247,248]
53104.1298777778 [0,1,2,3,4,6,7,8,9] [235,236,237,238,239,240,241,242,243,244]
