[Score] [Station index] [Time slots] 
20196.036 [0,1,2,3,4,5,6,7,8,9] [0]
20065.92025 [0,1,2,3,4,5,6,7,8,9] [0,1]
19992.821777777783 [0,1,2,3,4,5,6,7,8,9] [0,1,2]
19936.225 [0,1,2,3,4,5,6,7,8,9] [1]
19891.6 [0,1,2,3,4,5,6,7,8,9] [1,2]
19884.9105625 [0,1,2,3,4,5,6,7,8,9] [0,1,2,3]
19847.025000000005 [0,1,2,3,4,5,6,7,8,9] [2]
19802.500000000007 [0,1,2,3,4,5,6,7,8,9] [0,1,2,3,4]
19781.738777777777 [0,1,2,3,4,5,6,7,8,9] [1,2,3]
19721.000694444447 [0,1,2,3,4,5,6,7,8,9] [0,1,2,3,4,5]
19704.721 [0,1,2,3,4,5,6,7,8,9] [1,2,3,4]
19704.720999999998 [0,1,2,3,4,5,6,7,8,9] [2,3]
19631.22908163265 [0,1,2,3,4,5,6,7,8,9] [0,1,2,3,4,5,6]
19627.85344444444 [0,1,2,3,4,5,6,7,8,9] [2,3,4]
19626.672039999998 [0,1,2,3,4,5,6,7,8,9] [1,2,3,4,5]
19562.929 [0,1,2,3,4,5,6,7,8,9] [3]
19549.66225 [0,1,2,3,4,5,6,7,8,9] [0,1,2,3,4,5,6,7]
19537.87336111111 [0,1,2,3,4,5,6,7,8,9] [1,2,3,4,5,6]
19518.724000000002 [0,1,2,3,4,5,6,7,8,9] [3,4]
19474.569 [0,1,2,3,4,5,6,7,8,9] [4]
19467.704938271607 [0,1,2,3,4,5,6,7,8,9] [0,1,2,3,4,5,6,7,8]
19458.68544 [0,1,2,3,4,5,6,7,8,9] [2,3,4,5,6]
19458.181306122453 [0,1,2,3,4,5,6,7,8,9] [1,2,3,4,5,6,7]
19451.040111111113 [0,1,2,3,4,5,6,7,8,9] [3,4,5]
19395.216000000004 [0,1,2,3,4,5,6,7,8,9] [4,5]
19394.335209999997 [0,1,2,3,4,5,6,7,8,9] [0,1,2,3,4,5,6,7,8,9]
19379.071361111113 [0,1,2,3,4,5,6,7,8,9] [2,3,4,5,6,7]
19377.604000000003 [0,1,2,3,4,5,6,7,8,9] [1,2,3,4,5,6,7,8]
19362.2000625 [0,1,2,3,4,5,6,7,8,9] [3,4,5,6]
19325.615280991737 [0,1,2,3,4,5,6,7,8,9] [0,1,2,3,4,5,6,7,8,9,10]
19316.025000000005 [0,1,2,3,4,5,6,7,8,9] [5]
19306.259567901237 [0,1,2,3,4,5,6,7,8,9] [1,2,3,4,5,6,7,8,9]
19298.449 [0,1,2,3,4,5,6,7,8,9] [2,3,4,5,6,7,8]
19295.520444444443 [0,1,2,3,4,5,6,7,8,9] [4,5,6]
19286.15056 [0,1,2,3,4,5,6,7,8,9] [3,4,5,6,7]
19257.469444444447 [0,1,2,3,4,5,6,7,8,9] [0,1,2,3,4,5,6,7,8,9,10,11]
19239.62769 [0,1,2,3,4,5,6,7,8,9] [1,2,3,4,5,6,7,8,9,10]
19228.225000000006 [0,1,2,3,4,5,6,7,8,9] [2,3,4,5,6,7,8,9]
19217.2640625 [0,1,2,3,4,5,6,7,8,9] [4,5,6,7]
19207.7671111111 [0,1,2,3,4,5,6,7,8,9] [3,4,5,6,7,8]
19206.306249999994 [0,1,2,3,4,5,6,7,8,9] [5,6]
19185.073852071007 [0,1,2,3,4,5,6,7,8,9] [0,1,2,3,4,5,6,7,8,9,10,11,12]
19173.252528925615 [0,1,2,3,4,5,6,7,8,9] [1,2,3,4,5,6,7,8,9,10,11]
19162.992641975306 [0,1,2,3,4,5,6,7,8,9] [2,3,4,5,6,7,8,9,10]
19140.625 [0,1,2,3,4,5,6,7,8,9] [3,4,5,6,7,8,9]
19137.125159999992 [0,1,2,3,4,5,6,7,8,9] [4,5,6,7,8]
19131.875999999997 [0,1,2,3,4,5,6,7,8,9] [5,6,7]
19113.759433673462 [0,1,2,3,4,5,6,7,8,9] [0,1,2,3,4,5,6,7,8,9,10,11,12,13]
19101.998673611117 [0,1,2,3,4,5,6,7,8,9] [1,2,3,4,5,6,7,8,9,10,11,12]
19097.774009999994 [0,1,2,3,4,5,6,7,8,9] [2,3,4,5,6,7,8,9,10,11]
19096.9 [0,1,2,3,4,5,6,7,8,9] [6]
19078.33201562499 [0,1,2,3,4,5,6,7,8,9] [3,4,5,6,7,8,9,10]
19070.68899999999 [0,1,2,3,4,5,6,7,8,9] [4,5,6,7,8,9]
19053.80700444445 [0,1,2,3,4,5,6,7,8,9] [0,1,2,3,4,5,6,7,8,9,10,11,12,13,14]
19053.225000000006 [0,1,2,3,4,5,6,7,8,9] [5,6,7,8]
19040.13225 [0,1,2,3,4,5,6,7,8,9] [6,7]
19031.74182840237 [0,1,2,3,4,5,6,7,8,9] [1,2,3,4,5,6,7,8,9,10,11,12,13]
19027.043999999994 [0,1,2,3,4,5,6,7,8,9] [2,3,4,5,6,7,8,9,10,11,12]
19015.413777777783 [0,1,2,3,4,5,6,7,8,9] [3,4,5,6,7,8,9,10,11]
19009.599999999995 [0,1,2,3,4,5,6,7,8,9] [4,5,6,7,8,9,10]
19005.785191406252 [0,1,2,3,4,5,6,7,8,9] [0,1,2,3,4,5,6,7,8,9,10,11,12,13,14,15]
18990.420840000006 [0,1,2,3,4,5,6,7,8,9] [5,6,7,8,9]
18983.449000000004 [0,1,2,3,4,5,6,7,8,9] [7]
18973.491448979592 [0,1,2,3,4,5,6,7,8,9] [1,2,3,4,5,6,7,8,9,10,11,12,13,14]
18966.025 [0,1,2,3,4,5,6,7,8,9] [6,7,8]
18961.41410380623 [0,1,2,3,4,5,6,7,8,9] [0,1,2,3,4,5,6,7,8,9,10,11,12,13,14,15,16]
18957.316 [0,1,2,3,4,5,6,7,8,9] [2,3,4,5,6,7,8,9,10,11,12,13]
18947.520765624995 [0,1,2,3,4,5,6,7,8,9] [4,5,6,7,8,9,10,11]
18945.997289999992 [0,1,2,3,4,5,6,7,8,9] [3,4,5,6,7,8,9,10,11,12]
18932.65136111111 [0,1,2,3,4,5,6,7,8,9] [5,6,7,8,9,10]
18927.720359999996 [0,1,2,3,4,5,6,7,8,9] [1,2,3,4,5,6,7,8,9,10,11,12,13,14,15]
18920.566716049387 [0,1,2,3,4,5,6,7,8,9] [0,1,2,3,4,5,6,7,8,9,10,11,12,13,14,15,16,17]
18909.452249999995 [0,1,2,3,4,5,6,7,8,9] [6,7,8,9]
18900.75625 [0,1,2,3,4,5,6,7,8,9] [7,8]
18900.421828402366 [0,1,2,3,4,5,6,7,8,9] [2,3,4,5,6,7,8,9,10,11,12,13,14]
18885.543062500004 [0,1,2,3,4,5,6,7,8,9] [1,2,3,4,5,6,7,8,9,10,11,12,13,14,15,16]
18882.68412465374 [0,1,2,3,4,5,6,7,8,9] [0,1,2,3,4,5,6,7,8,9,10,11,12,13,14,15,16,17,18]
18878.05945679012 [0,1,2,3,4,5,6,7,8,9] [4,5,6,7,8,9,10,11,12]
18877.44503305785 [0,1,2,3,4,5,6,7,8,9] [3,4,5,6,7,8,9,10,11,12,13]
18872.818367346936 [0,1,2,3,4,5,6,7,8,9] [5,6,7,8,9,10,11]
18856.685897959178 [0,1,2,3,4,5,6,7,8,9] [2,3,4,5,6,7,8,9,10,11,12,13,14,15]
18856.43776 [0,1,2,3,4,5,6,7,8,9] [6,7,8,9,10]
18847.17511111111 [0,1,2,3,4,5,6,7,8,9] [7,8,9]
18846.834615916952 [0,1,2,3,4,5,6,7,8,9] [1,2,3,4,5,6,7,8,9,10,11,12,13,14,15,16,17]
18841.676490000005 [0,1,2,3,4,5,6,7,8,9] [0,1,2,3,4,5,6,7,8,9,10,11,12,13,14,15,16,17,18,19]
18822.582250000007 [0,1,2,3,4,5,6,7,8,9] [3,4,5,6,7,8,9,10,11,12,13,14]
18818.244000000006 [0,1,2,3,4,5,6,7,8,9] [8]
18816.50884 [0,1,2,3,4,5,6,7,8,9] [2,3,4,5,6,7,8,9,10,11,12,13,14,15,16]
18811.01469444445 [0,1,2,3,4,5,6,7,8,9] [1,2,3,4,5,6,7,8,9,10,11,12,13,14,15,16,17,18]
18809.569 [0,1,2,3,4,5,6,7,8,9] [4,5,6,7,8,9,10,11,12,13]
18804.148140625 [0,1,2,3,4,5,6,7,8,9] [5,6,7,8,9,10,11,12]
18799.450694444447 [0,1,2,3,4,5,6,7,8,9] [6,7,8,9,10,11]
18796.56025000001 [0,1,2,3,4,5,6,7,8,9] [7,8,9,10]
18795.940897959183 [0,1,2,3,4,5,6,7,8,9] [0,1,2,3,4,5,6,7,8,9,10,11,12,13,14,15,16,17,18,19,20]
18781.555745562124 [0,1,2,3,4,5,6,7,8,9] [3,4,5,6,7,8,9,10,11,12,13,14,15]
18779.763941406254 [0,1,2,3,4,5,6,7,8,9] [2,3,4,5,6,7,8,9,10,11,12,13,14,15,16,17]
18779.222250000003 [0,1,2,3,4,5,6,7,8,9] [8,9]
18771.696398891967 [0,1,2,3,4,5,6,7,8,9] [1,2,3,4,5,6,7,8,9,10,11,12,13,14,15,16,17,18,19]
18755.986123966948 [0,1,2,3,4,5,6,7,8,9] [4,5,6,7,8,9,10,11,12,13,14]
18745.84365397924 [0,1,2,3,4,5,6,7,8,9] [2,3,4,5,6,7,8,9,10,11,12,13,14,15,16,17,18]
