[Score] [Station index] [Time slots] 
62047.129 [0,1,2,3,4,5,6,7,8,9] [240]
61968.383999999984 [0,1,2,3,4,5,6,7,8,9] [240,241]
61889.68899999999 [0,1,2,3,4,5,6,7,8,9] [241]
61868.712111111105 [0,1,2,3,4,5,6,7,8,9] [240,241,242]
61842.496 [0,1,2,3,4,5,6,7,8,9] [249]
61795.32100000001 [0,1,2,3,4,5,6,7,8,9] [246]
61779.6 [0,1,2,3,4,5,6,7,8,9] [241,242]
61769.12044444444 [0,1,2,3,4,5,6,7,8,9] [239,240,241]
61767.81056250003 [0,1,2,3,4,5,6,7,8,9] [240,241,242,243]
61744.235062499996 [0,1,2,3,4,5,6,7,8,9] [239,240,241,242]
61740.30625000004 [0,1,2,3,4,5,6,7,8,9] [245,246]
61732.44900000001 [0,1,2,3,4,5,6,7,8,9] [240,241,242,243,244,245,246]
61729.306240000005 [0,1,2,3,4,5,6,7,8,9] [240,241,242,243,244]
61721.97344444443 [0,1,2,3,4,5,6,7,8,9] [240,241,242,243,244,245]
61708.88024999999 [0,1,2,3,4,5,6,7,8,9] [239,240]
61693.17024999999 [0,1,2,3,4,5,6,7,8,9] [240,241,242,243,244,245,246,247]
61689.24306249999 [0,1,2,3,4,5,6,7,8,9] [238,239,240,241]
61688.457640000015 [0,1,2,3,4,5,6,7,8,9] [239,240,241,242,243]
61688.45763999999 [0,1,2,3,4,5,6,7,8,9] [240,241,242,243,244,245,246,247,248,249]
61687.279515625 [0,1,2,3,4,5,6,7,8,9] [239,240,241,242,243,244,245,246]
61685.31600000001 [0,1,2,3,4,5,6,7,8,9] [245]
61685.31599999999 [0,1,2,3,4,5,6,7,8,9] [238,239,240,241,242]
61685.31599999998 [0,1,2,3,4,5,6,7,8,9] [244,245,246]
61680.08011111111 [0,1,2,3,4,5,6,7,8,9] [241,242,243,244,245,246]
61677.462250000004 [0,1,2,3,4,5,6,7,8,9] [249,250]
61674.84444444445 [0,1,2,3,4,5,6,7,8,9] [241,242,243]
61672.464669421475 [0,1,2,3,4,5,6,7,8,9] [240,241,242,243,244,245,246,247,248,249,250]
61671.85273469387 [0,1,2,3,4,5,6,7,8,9] [239,240,241,242,243,244,245]
61671.35412345679 [0,1,2,3,4,5,6,7,8,9] [240,241,242,243,244,245,246,247,248]
61669.60900000001 [0,1,2,3,4,5,6,7,8,9] [242]
61669.609 [0,1,2,3,4,5,6,7,8,9] [248,249]
61660.883753086426 [0,1,2,3,4,5,6,7,8,9] [238,239,240,241,242,243,244,245,246]
61659.61467768595 [0,1,2,3,4,5,6,7,8,9] [239,240,241,242,243,244,245,246,247,248,249]
61657.39382716051 [0,1,2,3,4,5,6,7,8,9] [239,240,241,242,243,244,245,246,247]
61657.04484 [0,1,2,3,4,5,6,7,8,9] [241,242,243,244,245]
61653.904 [0,1,2,3,4,5,6,7,8,9] [237,238,239,240,241,242]
61650.763240000015 [0,1,2,3,4,5,6,7,8,9] [237,238,239,240,241]
61649.97806249999 [0,1,2,3,4,5,6,7,8,9] [241,242,243,244]
61648.66944444446 [0,1,2,3,4,5,6,7,8,9] [241,242,243,244,245,246,247,248,249]
61648.66944444444 [0,1,2,3,4,5,6,7,8,9] [238,239,240,241,242,243]
61647.62256000001 [0,1,2,3,4,5,6,7,8,9] [245,246,247,248,249]
61647.36084027777 [0,1,2,3,4,5,6,7,8,9] [239,240,241,242,243,244,245,246,247,248,249,250]
61644.48195999998 [0,1,2,3,4,5,6,7,8,9] [237,238,239,240,241,242,243,244,245,246]
61644.08939062503 [0,1,2,3,4,5,6,7,8,9] [238,239,240,241,242,243,244,245]
61642.68736734693 [0,1,2,3,4,5,6,7,8,9] [241,242,243,244,245,246,247]
61642.1265625 [0,1,2,3,4,5,6,7,8,9] [238,239,240,241,242,243,244,245,246,247,248,249]
61641.341440000004 [0,1,2,3,4,5,6,7,8,9] [239,240,241,242,243,244,245,246,247,248]
61638.201 [0,1,2,3,4,5,6,7,8,9] [246,247,248,249]
61638.20099999999 [0,1,2,3,4,5,6,7,8,9] [240,241,242,243,244,245,246,247,248,249,250,251]
61636.630810000024 [0,1,2,3,4,5,6,7,8,9] [238,239,240,241,242,243,244,245,246,247]
61635.58402777776 [0,1,2,3,4,5,6,7,8,9] [244,245,246,247,248,249]
61635.060639999996 [0,1,2,3,4,5,6,7,8,9] [241,242,243,244,245,246,247,248,249,250]
61632.96711111114 [0,1,2,3,4,5,6,7,8,9] [245,246,247]
61632.16191715976 [0,1,2,3,4,5,6,7,8,9] [238,239,240,241,242,243,244,245,246,247,248,249,250]
61630.954136094675 [0,1,2,3,4,5,6,7,8,9] [237,238,239,240,241,242,243,244,245,246,247,248,249]
61630.350249999996 [0,1,2,3,4,5,6,7,8,9] [243,244,245,246]
61629.63657024792 [0,1,2,3,4,5,6,7,8,9] [236,237,238,239,240,241,242,243,244,245,246]
61629.22875510203 [0,1,2,3,4,5,6,7,8,9] [236,237,238,239,240,241,242]
61627.733444444464 [0,1,2,3,4,5,6,7,8,9] [237,238,239,240,241,242,243,244,245]
61626.98579591835 [0,1,2,3,4,5,6,7,8,9] [237,238,239,240,241,242,243]
61625.11669444444 [0,1,2,3,4,5,6,7,8,9] [245,246,247,248,249,250]
61624.91540828402 [0,1,2,3,4,5,6,7,8,9] [240,241,242,243,244,245,246,247,248,249,250,251,252]
61624.46251562498 [0,1,2,3,4,5,6,7,8,9] [241,242,243,244,245,246,247,248]
61623.92728099177 [0,1,2,3,4,5,6,7,8,9] [238,239,240,241,242,243,244,245,246,247,248]
61623.92728099173 [0,1,2,3,4,5,6,7,8,9] [237,238,239,240,241,242,243,244,245,246,247]
61622.5 [0,1,2,3,4,5,6,7,8,9] [237,238,239,240,241,242,243,244,245,246,247,248,249,250]
61622.49999999998 [0,1,2,3,4,5,6,7,8,9] [236,237,238,239,240,241]
61620.537515624994 [0,1,2,3,4,5,6,7,8,9] [237,238,239,240,241,242,243,244]
61620.25716326533 [0,1,2,3,4,5,6,7,8,9] [236,237,238,239,240,241,242,243,244,245,246,247,248,249]
61618.5750625 [0,1,2,3,4,5,6,7,8,9] [242,243,244,245,246,247,248,249]
61618.014367346965 [0,1,2,3,4,5,6,7,8,9] [244,245,246,247,248,249,250]
61618.01436734696 [0,1,2,3,4,5,6,7,8,9] [240,241,242,243,244,245,246,247,248,249,250,251,252,253]
61617.66932544376 [0,1,2,3,4,5,6,7,8,9] [239,240,241,242,243,244,245,246,247,248,249,250,251]
61617.26677777777 [0,1,2,3,4,5,6,7,8,9] [248,249,250]
61613.34200694443 [0,1,2,3,4,5,6,7,8,9] [237,238,239,240,241,242,243,244,245,246,247,248]
61613.08036000001 [0,1,2,3,4,5,6,7,8,9] [236,237,238,239,240,241,242,243,244,245,246,247,248,249,250]
61613.080359999985 [0,1,2,3,4,5,6,7,8,9] [246,247,248,249,250]
61612.03377777779 [0,1,2,3,4,5,6,7,8,9] [236,237,238,239,240,241,242,243,244,245,246,247]
61611.28622448978 [0,1,2,3,4,5,6,7,8,9] [243,244,245,246,247,248,249]
61608.763265625006 [0,1,2,3,4,5,6,7,8,9] [236,237,238,239,240,241,242,243]
61606.801000000014 [0,1,2,3,4,5,6,7,8,9] [239,240,241,242,243,244,245,246,247,248,249,250,251,252]
61606.80099999998 [0,1,2,3,4,5,6,7,8,9] [242,243,244,245,246,247,248,249,250]
61605.67971938775 [0,1,2,3,4,5,6,7,8,9] [238,239,240,241,242,243,244,245,246,247,248,249,250,251]
61605.05679012346 [0,1,2,3,4,5,6,7,8,9] [236,237,238,239,240,241,242,243,244]
61603.178437869836 [0,1,2,3,4,5,6,7,8,9] [236,237,238,239,240,241,242,243,244,245,246,247,248]
61601.56844444445 [0,1,2,3,4,5,6,7,8,9] [240,241,242,243,244,245,246,247,248,249,250,251,252,253,254]
61601.092768595045 [0,1,2,3,4,5,6,7,8,9] [241,242,243,244,245,246,247,248,249,250,251]
61598.95225000002 [0,1,2,3,4,5,6,7,8,9] [242,243,244,245]
61598.95224999999 [0,1,2,3,4,5,6,7,8,9] [243,244,245,246,247,248,249,250]
61598.42901777779 [0,1,2,3,4,5,6,7,8,9] [237,238,239,240,241,242,243,244,245,246,247,248,249,250,251]
61596.336111111115 [0,1,2,3,4,5,6,7,8,9] [238,239,240,241,242,243,244,245,246,247,248,249,250,251,252]
61594.24324 [0,1,2,3,4,5,6,7,8,9] [244,245,246,247,248]
61592.08500390624 [0,1,2,3,4,5,6,7,8,9] [238,239,240,241,242,243,244,245,246,247,248,249,250,251,252,253]
61591.104000000014 [0,1,2,3,4,5,6,7,8,9] [237,238,239,240]
61591.10399999999 [0,1,2,3,4,5,6,7,8,9] [236,237,238,239,240,241,242,243,244,245,246,247,248,249,250,251]
61590.12300390624 [0,1,2,3,4,5,6,7,8,9] [237,238,239,240,241,242,243,244,245,246,247,248,249,250,251,252]
61589.79600694446 [0,1,2,3,4,5,6,7,8,9] [241,242,243,244,245,246,247,248,249,250,251,252]
61587.96483999999 [0,1,2,3,4,5,6,7,8,9] [243,244,245,246,247]
61587.180062500025 [0,1,2,3,4,5,6,7,8,9] [239,240,241,242,243,244,245,246,247,248,249,250,251,252,253,254]
61586.61951020409 [0,1,2,3,4,5,6,7,8,9] [242,243,244,245,246,247,248]
