[Score] [Station index] [Time slots] 
60204.80111111112 [0,1,2,3,4,6,7,8,9] [246]
60155.737777777766 [0,1,2,3,4,6,7,8,9] [250]
60131.213611111125 [0,1,2,3,4,6,7,8,9] [246,247]
60123.039999999986 [0,1,2,3,4,6,7,8,9] [245,246]
60106.694444444445 [0,1,2,3,4,6,7,8,9] [243]
60101.24641975309 [0,1,2,3,4,6,7,8,9] [245,246,247]
60090.351111111086 [0,1,2,3,4,6,7,8,9] [243,244,245,246]
60084.903827160495 [0,1,2,3,4,6,7,8,9] [244,245,246]
60083.81439999998 [0,1,2,3,4,6,7,8,9] [243,244,245,246,247]
60082.1802777778 [0,1,2,3,4,6,7,8,9] [249,250]
60078.095069444455 [0,1,2,3,4,6,7,8,9] [244,245,246,247]
60057.671111111114 [0,1,2,3,4,6,7,8,9] [247]
60052.22530864197 [0,1,2,3,4,6,7,8,9] [243,244,245]
60051.544600694455 [0,1,2,3,4,6,7,8,9] [243,244,245,246,247,248,249,250]
60051.13617777778 [0,1,2,3,4,6,7,8,9] [246,247,248,249,250]
60049.502499999995 [0,1,2,3,4,6,7,8,9] [245,246,247,248,249,250]
60046.00183673472 [0,1,2,3,4,6,7,8,9] [241,242,243,244,245,246,247]
60044.05706790123 [0,1,2,3,4,6,7,8,9] [241,242,243,244,245,246]
60043.66811791385 [0,1,2,3,4,6,7,8,9] [244,245,246,247,248,249,250]
60041.334444444445 [0,1,2,3,4,6,7,8,9] [243,244,245,246,247,248]
60036.6672335601 [0,1,2,3,4,6,7,8,9] [243,244,245,246,247,248,249]
60035.889382716035 [0,1,2,3,4,6,7,8,9] [242,243,244,245,246,247]
60034.074417009615 [0,1,2,3,4,6,7,8,9] [243,244,245,246,247,248,249,250,251]
60033.16694444444 [0,1,2,3,4,6,7,8,9] [245,246,247,248]
60031.5335111111 [0,1,2,3,4,6,7,8,9] [241,242,243,244,245,246,247,248,249,250]
60030.44456790125 [0,1,2,3,4,6,7,8,9] [246,247,248]
60028.26671111113 [0,1,2,3,4,6,7,8,9] [245,246,247,248,249]
60027.33335600906 [0,1,2,3,4,6,7,8,9] [245,246,247,248,249,250,251]
60025.000000000015 [0,1,2,3,4,6,7,8,9] [244,245]
60025.0 [0,1,2,3,4,6,7,8,9] [250,251]
60023.18519890259 [0,1,2,3,4,6,7,8,9] [242,243,244,245,246,247,248,249,250]
60020.916736111096 [0,1,2,3,4,6,7,8,9] [240,241,242,243,244,245,246,247]
60020.1001 [0,1,2,3,4,6,7,8,9] [243,244,245,246,247,248,249,250,251,252]
60019.55567901235 [0,1,2,3,4,6,7,8,9] [249,250,251]
60019.0607529844 [0,1,2,3,4,6,7,8,9] [241,242,243,244,245,246,247,248,249,250,251]
60018.87515625 [0,1,2,3,4,6,7,8,9] [241,242,243,244,245,246,247,248]
60017.740960219475 [0,1,2,3,4,6,7,8,9] [241,242,243,244,245,246,247,248,249]
60015.667029478456 [0,1,2,3,4,6,7,8,9] [240,241,242,243,244,245,246]
60014.60651056016 [0,1,2,3,4,6,7,8,9] [240,241,242,243,244,245,246,247,248,249,250]
60012.750625 [0,1,2,3,4,6,7,8,9] [247,248,249,250]
60011.93404444445 [0,1,2,3,4,6,7,8,9] [241,242,243,244,245]
60010.70918402777 [0,1,2,3,4,6,7,8,9] [245,246,247,248,249,250,251,252]
60010.48235939644 [0,1,2,3,4,6,7,8,9] [244,245,246,247,248,249,250,251,252]
60010.300899999995 [0,1,2,3,4,6,7,8,9] [242,243,244,245,246,247,248,249,250,251]
60008.667777777795 [0,1,2,3,4,6,7,8,9] [241,242,243,244,245,246,247,248,249,250,251,252]
60008.66777777778 [0,1,2,3,4,6,7,8,9] [249]
60006.62640624999 [0,1,2,3,4,6,7,8,9] [242,243,244,245,246,247,248,249]
60006.3347845805 [0,1,2,3,4,6,7,8,9] [246,247,248,249,250,251,252]
60004.585069444445 [0,1,2,3,4,6,7,8,9] [240,241,242,243,244,245,246,247,248,249,250,251]
60003.224197530886 [0,1,2,3,4,6,7,8,9] [241,242,243]
60000.502500000024 [0,1,2,3,4,6,7,8,9] [240,241,242,243,244,245,246,247,248,249]
59999.7602295684 [0,1,2,3,4,6,7,8,9] [242,243,244,245,246,247,248,249,250,251,252]
59999.595281207134 [0,1,2,3,4,6,7,8,9] [240,241,242,243,244,245,246,247,248]
59997.78086419751 [0,1,2,3,4,6,7,8,9] [248,249,250]
59996.1060420776 [0,1,2,3,4,6,7,8,9] [240,241,242,243,244,245,246,247,248,249,250,251,252]
59990.85334251608 [0,1,2,3,4,6,7,8,9] [243,244,245,246,247,248,249,250,251,252,253]
59989.07204444444 [0,1,2,3,4,6,7,8,9] [247,248,249,250,251]
59988.25562499999 [0,1,2,3,4,6,7,8,9] [249,250,251,252]
59988.255624999976 [0,1,2,3,4,6,7,8,9] [242,243,244,245]
59984.80160420779 [0,1,2,3,4,6,7,8,9] [241,242,243,244,245,246,247,248,249,250,251,252,253]
59984.17361111111 [0,1,2,3,4,6,7,8,9] [240,241,242,243,244,245]
59981.452345679 [0,1,2,3,4,6,7,8,9] [250,251,252]
59979.27537777777 [0,1,2,3,4,6,7,8,9] [244,245,246,247,248,249,250,251,252,253]
59978.73114197532 [0,1,2,3,4,6,7,8,9] [239,240,241,242,243,244,245,246,247,248,249,250]
59976.01000000001 [0,1,2,3,4,6,7,8,9] [245,246,247,248,249,250,251,252,253]
59974.84381519275 [0,1,2,3,4,6,7,8,9] [240,241,242,243,244,245,246,247,248,249,250,251,252,253]
59974.64945216049 [0,1,2,3,4,6,7,8,9] [242,243,244,245,246,247,248,249,250,251,252,253]
59973.2889197531 [0,1,2,3,4,6,7,8,9] [247,248,249,250,251,252]
59972.74471111108 [0,1,2,3,4,6,7,8,9] [240,241,242,243,244]
59972.381906721545 [0,1,2,3,4,6,7,8,9] [239,240,241,242,243,244,245,246,247]
59972.24236686391 [0,1,2,3,4,6,7,8,9] [239,240,241,242,243,244,245,246,247,248,249,250,251]
59971.92840277779 [0,1,2,3,4,6,7,8,9] [248,249,250,251]
59970.56790123456 [0,1,2,3,4,6,7,8,9] [242,243,244]
59967.846944444434 [0,1,2,3,4,6,7,8,9] [246,247,248,249,250,251,252,253]
59966.68083900226 [0,1,2,3,4,6,7,8,9] [239,240,241,242,243,244,245,246,247,248,249,250,251,252]
59966.48648919752 [0,1,2,3,4,6,7,8,9] [243,244,245,246,247,248,249,250,251,252,253,254]
59965.126049382714 [0,1,2,3,4,6,7,8,9] [247,248,249]
59964.3486621315 [0,1,2,3,4,6,7,8,9] [241,242,243,244,245,246,247,248,249,250,251,252,253,254]
59963.765625000015 [0,1,2,3,4,6,7,8,9] [240,241,242,243]
59962.65256198347 [0,1,2,3,4,6,7,8,9] [239,240,241,242,243,244,245,246,247,248,249]
59961.72501736111 [0,1,2,3,4,6,7,8,9] [239,240,241,242,243,244,245,246]
59959.68444444446 [0,1,2,3,4,6,7,8,9] [256]
59958.05201111112 [0,1,2,3,4,6,7,8,9] [239,240,241,242,243,244,245,246,247,248]
59956.41960000001 [0,1,2,3,4,6,7,8,9] [248,249,250,251,252]
59956.41959999999 [0,1,2,3,4,6,7,8,9] [240,241,242,243,244,245,246,247,248,249,250,251,252,253,254]
59955.91732412887 [0,1,2,3,4,6,7,8,9] [238,239,240,241,242,243,244,245,246,247,248,249,250]
59953.74842975206 [0,1,2,3,4,6,7,8,9] [244,245,246,247,248,249,250,251,252,253,254]
59953.40597633136 [0,1,2,3,4,6,7,8,9] [242,243,244,245,246,247,248,249,250,251,252,253,254]
59951.522500000014 [0,1,2,3,4,6,7,8,9] [238,239,240,241,242,243,244,245,246,247,248,249,250,251]
59951.52249999999 [0,1,2,3,4,6,7,8,9] [242,243]
59950.502296006955 [0,1,2,3,4,6,7,8,9] [241,242,243,244,245,246,247,248,249,250,251,252,253,254,255,256]
59950.356553287995 [0,1,2,3,4,6,7,8,9] [243,244,245,246,247,248,249,250,251,252,253,254,255,256]
59949.89017777777 [0,1,2,3,4,6,7,8,9] [241,242,243,244,245,246,247,248,249,250,251,252,253,254,255]
59949.63905325444 [0,1,2,3,4,6,7,8,9] [243,244,245,246,247,248,249,250,251,252,253,254,255]
59948.801975308634 [0,1,2,3,4,6,7,8,9] [239,240,241,242,243,244,245,246,247,248,249,250,251,252,253]
59948.25787777777 [0,1,2,3,4,6,7,8,9] [245,246,247,248,249,250,251,252,253,254]
59947.71378271605 [0,1,2,3,4,6,7,8,9] [238,239,240,241,242,243,244,245,246,247,248,249,250,251,252]
59944.32124567474 [0,1,2,3,4,6,7,8,9] [240,241,242,243,244,245,246,247,248,249,250,251,252,253,254,255,256]
59943.36111111111 [0,1,2,3,4,6,7,8,9] [240,241,242,243,244,245,246,247,248,249,250,251,252,253,254,255]
59940.09671111111 [0,1,2,3,4,6,7,8,9] [242,243,244,245,246,247,248,249,250,251,252,253,254,255,256]
