[Score] [Station index] [Time slots] 
55869.20111111112 [0,1,2,3,4,6,7,8,9] [243]
55821.93777777777 [0,1,2,3,4,6,7,8,9] [248]
55743.20999999999 [0,1,2,3,4,6,7,8,9] [242,243]
55719.60250000001 [0,1,2,3,4,6,7,8,9] [243,244]
55688.133611111116 [0,1,2,3,4,6,7,8,9] [248,249]
55685.51160493826 [0,1,2,3,4,6,7,8,9] [242,243,244]
55669.780864197535 [0,1,2,3,4,6,7,8,9] [241,242,243]
55659.29493827162 [0,1,2,3,4,6,7,8,9] [248,249,250]
55659.2949382716 [0,1,2,3,4,6,7,8,9] [243,244,245]
55648.810000000005 [0,1,2,3,4,6,7,8,9] [242,243,244,245]
55644.87840277777 [0,1,2,3,4,6,7,8,9] [241,242,243,244]
55640.94694444444 [0,1,2,3,4,6,7,8,9] [247,248]
55637.5772335601 [0,1,2,3,4,6,7,8,9] [242,243,244,245,246,247,248]
55636.22937777778 [0,1,2,3,4,6,7,8,9] [242,243,244,245,246]
55628.5918367347 [0,1,2,3,4,6,7,8,9] [243,244,245,246,247,248,249]
55627.18793402778 [0,1,2,3,4,6,7,8,9] [242,243,244,245,246,247,248,249]
55626.794844444434 [0,1,2,3,4,6,7,8,9] [240,241,242,243,244]
55625.22250000001 [0,1,2,3,4,6,7,8,9] [243,244,245,246,247,248,249,250]
55624.348984910845 [0,1,2,3,4,6,7,8,9] [242,243,244,245,246,247,248,249,250]
55623.65017777779 [0,1,2,3,4,6,7,8,9] [241,242,243,244,245]
55623.25710069445 [0,1,2,3,4,6,7,8,9] [241,242,243,244,245,246,247,248]
55622.60197530864 [0,1,2,3,4,6,7,8,9] [246,247,248]
55617.36111111113 [0,1,2,3,4,6,7,8,9] [242]
55617.36111111111 [0,1,2,3,4,6,7,8,9] [241,242,243,244,245,246]
55615.614211248314 [0,1,2,3,4,6,7,8,9] [240,241,242,243,244,245,246,247,248]
55615.61421124827 [0,1,2,3,4,6,7,8,9] [241,242,243,244,245,246,247,248,249]
55614.21671111111 [0,1,2,3,4,6,7,8,9] [241,242,243,244,245,246,247,248,249,250]
55612.12049382717 [0,1,2,3,4,6,7,8,9] [240,241,242,243,244,245]
55612.12049382715 [0,1,2,3,4,6,7,8,9] [247,248,249]
55609.500277777785 [0,1,2,3,4,6,7,8,9] [240,241,242,243,244,245,246,247,248,249]
55609.50027777776 [0,1,2,3,4,6,7,8,9] [247,248,249,250]
55608.78568411388 [0,1,2,3,4,6,7,8,9] [240,241,242,243,244,245,246,247,248,249,250]
55608.37734693878 [0,1,2,3,4,6,7,8,9] [240,241,242,243,244,245,246]
55607.928177777765 [0,1,2,3,4,6,7,8,9] [239,240,241,242,243]
55606.880123456795 [0,1,2,3,4,6,7,8,9] [242,243,244,245,246,247]
55605.57006944445 [0,1,2,3,4,6,7,8,9] [246,247,248,249]
55604.78404444444 [0,1,2,3,4,6,7,8,9] [246,247,248,249,250]
55601.640000000014 [0,1,2,3,4,6,7,8,9] [235]
55601.63999999999 [0,1,2,3,4,6,7,8,9] [250]
55601.639999999985 [0,1,2,3,4,6,7,8,9] [245,246,247,248]
55599.39430839003 [0,1,2,3,4,6,7,8,9] [237,238,239,240,241,242,243]
55597.71006944447 [0,1,2,3,4,6,7,8,9] [237,238,239,240,241,242,243,244,245,246,247,248]
55597.710069444445 [0,1,2,3,4,6,7,8,9] [239,240,241,242,243,244,245,246,247,248,249,250]
55597.352809917335 [0,1,2,3,4,6,7,8,9] [239,240,241,242,243,244,245,246,247,248,249]
55596.40012345677 [0,1,2,3,4,6,7,8,9] [238,239,240,241,242,243]
55595.923783287406 [0,1,2,3,4,6,7,8,9] [238,239,240,241,242,243,244,245,246,247,248]
55595.74515625001 [0,1,2,3,4,6,7,8,9] [237,238,239,240,241,242,243,244]
55595.35217777778 [0,1,2,3,4,6,7,8,9] [242,243,244,245,246,247,248,249,250,251]
55594.9030612245 [0,1,2,3,4,6,7,8,9] [241,242,243,244,245,246,247]
55594.903061224475 [0,1,2,3,4,6,7,8,9] [237,238,239,240,241,242,243,244,245,246,247,248,249,250]
55594.384852071 [0,1,2,3,4,6,7,8,9] [237,238,239,240,241,242,243,244,245,246,247,248,249]
55593.78027777778 [0,1,2,3,4,6,7,8,9] [245,246,247,248,249,250]
55593.17570677186 [0,1,2,3,4,6,7,8,9] [238,239,240,241,242,243,244,245,246,247,248,249,250]
55592.907009602175 [0,1,2,3,4,6,7,8,9] [243,244,245,246,247,248,249,250,251]
55592.65750566894 [0,1,2,3,4,6,7,8,9] [238,239,240,241,242,243,244]
55592.65750566892 [0,1,2,3,4,6,7,8,9] [239,240,241,242,243,244,245]
55592.47037808641 [0,1,2,3,4,6,7,8,9] [238,239,240,241,242,243,244,245,246,247,248,249]
55592.208400000025 [0,1,2,3,4,6,7,8,9] [245,246,247,248,249]
55591.815434027754 [0,1,2,3,4,6,7,8,9] [239,240,241,242,243,244,245,246]
55590.41199546487 [0,1,2,3,4,6,7,8,9] [244,245,246,247,248,249,250]
55589.85062500001 [0,1,2,3,4,6,7,8,9] [240,241,242,243,244,245,246,247]
55589.414005486964 [0,1,2,3,4,6,7,8,9] [237,238,239,240,241,242,243,244,245]
55589.289257369615 [0,1,2,3,4,6,7,8,9] [235,236,237,238,239,240,241,242,243,244,245,246,247,248]
55589.0647111111 [0,1,2,3,4,6,7,8,9] [237,238,239,240,241,242,243,244,245,246]
55588.778925619845 [0,1,2,3,4,6,7,8,9] [241,242,243,244,245,246,247,248,249,250,251]
55588.54077160495 [0,1,2,3,4,6,7,8,9] [244,245,246,247,248,249]
55588.33925706771 [0,1,2,3,4,6,7,8,9] [236,237,238,239,240,241,242,243,244,245,246,247,248]
55587.885850694445 [0,1,2,3,4,6,7,8,9] [235,236,237,238,239,240,241,242,243,244,245,246,247,248,249,250]
55586.96896790122 [0,1,2,3,4,6,7,8,9] [236,237,238,239,240,241,242,243,244,245,246,247,248,249,250]
55585.92111111112 [0,1,2,3,4,6,7,8,9] [242,243,244,245,246,247,248,249,250,251,252]
55585.9211111111 [0,1,2,3,4,6,7,8,9] [240,241,242,243,244,245,246,247,248,249,250,251]
55584.34934444444 [0,1,2,3,4,6,7,8,9] [235,236,237,238,239,240,241,242,243,244]
55583.95640625 [0,1,2,3,4,6,7,8,9] [236,237,238,239,240,241,242,243]
55582.77760000001 [0,1,2,3,4,6,7,8,9] [243,244,245,246,247,248,249,250,251,252]
55582.428326474634 [0,1,2,3,4,6,7,8,9] [236,237,238,239,240,241,242,243,244]
55580.68197530866 [0,1,2,3,4,6,7,8,9] [235,236,237,238,239,240,241,242,243,244,245,246]
55580.68197530864 [0,1,2,3,4,6,7,8,9] [241,242,243,244,245,246,247,248,249,250,251,252]
55580.205702479354 [0,1,2,3,4,6,7,8,9] [235,236,237,238,239,240,241,242,243,244,245]
55578.77689623508 [0,1,2,3,4,6,7,8,9] [236,237,238,239,240,241,242,243,244,245,246]
55578.66698882315 [0,1,2,3,4,6,7,8,9] [240,241,242,243,244,245,246,247,248,249,250,251,252]
55578.0625 [0,1,2,3,4,6,7,8,9] [249,250]
55578.06249999998 [0,1,2,3,4,6,7,8,9] [248,249,250,251]
55577.60024605921 [0,1,2,3,4,6,7,8,9] [234,235,236,237,238,239,240,241,242,243,244,245,246,247,248,249,250]
55577.53861234568 [0,1,2,3,4,6,7,8,9] [237,238,239,240,241,242,243,244,245,246,247,248,249,250,251]
55577.45801446416 [0,1,2,3,4,6,7,8,9] [239,240,241,242,243,244,245,246,247,248,249,250,251]
55577.34810835631 [0,1,2,3,4,6,7,8,9] [237,238,239,240,241,242,243,244,245,246,247]
55577.18935528122 [0,1,2,3,4,6,7,8,9] [239,240,241,242,243,244,245,246,247]
55576.09793402779 [0,1,2,3,4,6,7,8,9] [234,235,236,237,238,239,240,241,242,243,244,245,246,247,248,249]
55574.694693877565 [0,1,2,3,4,6,7,8,9] [238,239,240,241,242,243,244,245,246,247,248,249,250,251]
55573.34760000002 [0,1,2,3,4,6,7,8,9] [238,239,240,241,242,243,244,245,246,247]
55572.97781237986 [0,1,2,3,4,6,7,8,9] [235,236,237,238,239,240,241,242,243,244,245,246,247,248,249,250,251]
55572.16890625001 [0,1,2,3,4,6,7,8,9] [237,238,239,240,241,242,243,244,245,246,247,248,249,250,251,252]
55571.413339907966 [0,1,2,3,4,6,7,8,9] [235,236,237,238,239,240,241,242,243,244,245,246,247]
55571.326989795925 [0,1,2,3,4,6,7,8,9] [239,240,241,242,243,244,245,246,247,248,249,250,251,252]
55571.18667100695 [0,1,2,3,4,6,7,8,9] [236,237,238,239,240,241,242,243,244,245,246,247,248,249,250,251]
55570.204444444455 [0,1,2,3,4,6,7,8,9] [241,242]
55570.20444444443 [0,1,2,3,4,6,7,8,9] [244]
55569.15674567902 [0,1,2,3,4,6,7,8,9] [238,239,240,241,242,243,244,245,246,247,248,249,250,251,252]
55568.894822530885 [0,1,2,3,4,6,7,8,9] [242,243,244,245,246,247,248,249,250,251,252,253]
55568.89482253088 [0,1,2,3,4,6,7,8,9] [236,237,238,239,240,241,242,243,244,245,246,247]
