[Score] [Station index] [Time slots] 
24790.441 [0,1,2,3,4,5,6,7,8,9] [231]
24785.462250000004 [0,1,2,3,4,5,6,7,8,9] [230,231]
24780.484000000004 [0,1,2,3,4,5,6,7,8,9] [230]
24747.308444444447 [0,1,2,3,4,5,6,7,8,9] [229,230,231]
24725.75625 [0,1,2,3,4,5,6,7,8,9] [228,229,230,231]
24717.469444444447 [0,1,2,3,4,5,6,7,8,9] [230,231,232]
24705.870249999996 [0,1,2,3,4,5,6,7,8,9] [229,230,231,232]
24704.213444444442 [0,1,2,3,4,5,6,7,8,9] [228,229,230]
24696.92416 [0,1,2,3,4,5,6,7,8,9] [228,229,230,231,232]
24690.961 [0,1,2,3,4,5,6,7,8,9] [227,228,229,230,231]
24688.4765625 [0,1,2,3,4,5,6,7,8,9] [230,231,232,233]
24685.992249999996 [0,1,2,3,4,5,6,7,8,9] [231,232]
24684.99856 [0,1,2,3,4,5,6,7,8,9] [229,230,231,232,233]
24681.023999999998 [0,1,2,3,4,5,6,7,8,9] [228,229,230,231,232,233]
24676.05625 [0,1,2,3,4,5,6,7,8,9] [226,227,228,229,230,231]
24672.744694444445 [0,1,2,3,4,5,6,7,8,9] [227,228,229,230,231,232]
24671.089 [0,1,2,3,4,5,6,7,8,9] [229]
24666.122250000004 [0,1,2,3,4,5,6,7,8,9] [228,229]
24666.122249999997 [0,1,2,3,4,5,6,7,8,9] [227,228,229,230]
24662.57487755102 [0,1,2,3,4,5,6,7,8,9] [227,228,229,230,231,232,233]
24661.15599999999 [0,1,2,3,4,5,6,7,8,9] [228]
24657.845444444432 [0,1,2,3,4,5,6,7,8,9] [231,232,233]
24654.948890624997 [0,1,2,3,4,5,6,7,8,9] [226,227,228,229,230,231,232,233]
24654.06222448979 [0,1,2,3,4,5,6,7,8,9] [228,229,230,231,232,233,234]
24653.21104 [0,1,2,3,4,5,6,7,8,9] [226,227,228,229,230]
24652.880027777777 [0,1,2,3,4,5,6,7,8,9] [229,230,231,232,233,234]
24652.643591836742 [0,1,2,3,4,5,6,7,8,9] [225,226,227,228,229,230,231]
24649.23904 [0,1,2,3,4,5,6,7,8,9] [230,231,232,233,234]
24643.778062499994 [0,1,2,3,4,5,6,7,8,9] [225,226,227,228,229,230,231,232]
24641.296 [0,1,2,3,4,5,6,7,8,9] [227,228,229,230,231,232,233,234]
24639.089827160496 [0,1,2,3,4,5,6,7,8,9] [225,226,227,228,229,230,231,232,233]
24636.88375308642 [0,1,2,3,4,5,6,7,8,9] [226,227,228,229,230,231,232,233,234]
24633.8505625 [0,1,2,3,4,5,6,7,8,9] [224,225,226,227,228,229,230,231]
24629.714694444443 [0,1,2,3,4,5,6,7,8,9] [225,226,227,228,229,230]
24628.887562500004 [0,1,2,3,4,5,6,7,8,9] [228,229,230,231,232,233,234,235]
24628.060444444443 [0,1,2,3,4,5,6,7,8,9] [224,225,226,227,228,229,230,231,232]
24628.06044444444 [0,1,2,3,4,5,6,7,8,9] [227,228,229]
24625.413760000007 [0,1,2,3,4,5,6,7,8,9] [224,225,226,227,228,229,230,231,232,233]
24624.421290000002 [0,1,2,3,4,5,6,7,8,9] [225,226,227,228,229,230,231,232,233,234]
24624.279510204076 [0,1,2,3,4,5,6,7,8,9] [229,230,231,232,233,234,235]
24621.444000000003 [0,1,2,3,4,5,6,7,8,9] [226,227,228,229]
24620.341345679004 [0,1,2,3,4,5,6,7,8,9] [227,228,229,230,231,232,233,234,235]
24618.466890000003 [0,1,2,3,4,5,6,7,8,9] [226,227,228,229,230,231,232,233,234,235]
24616.482250000005 [0,1,2,3,4,5,6,7,8,9] [230,231,232,233,234,235]
24613.725938271604 [0,1,2,3,4,5,6,7,8,9] [228,229,230,231,232,233,234,235,236]
24613.325033057852 [0,1,2,3,4,5,6,7,8,9] [224,225,226,227,228,229,230,231,232,233,234]
24611.520999999997 [0,1,2,3,4,5,6,7,8,9] [224,225,226,227,228,229,230]
24611.520999999986 [0,1,2,3,4,5,6,7,8,9] [228,229,230,231,232,233,234,235,236,237]
24608.81507438017 [0,1,2,3,4,5,6,7,8,9] [225,226,227,228,229,230,231,232,233,234,235]
24607.800390625 [0,1,2,3,4,5,6,7,8,9] [229,230,231,232,233,234,235,236]
24607.55236 [0,1,2,3,4,5,6,7,8,9] [227,228,229,230,231,232,233,234,235,236]
24607.011206611565 [0,1,2,3,4,5,6,7,8,9] [226,227,228,229,230,231,232,233,234,235,236]
24606.560249999995 [0,1,2,3,4,5,6,7,8,9] [227,228]
24606.109297520656 [0,1,2,3,4,5,6,7,8,9] [227,228,229,230,231,232,233,234,235,236,237]
24606.00908641975 [0,1,2,3,4,5,6,7,8,9] [229,230,231,232,233,234,235,236,237]
24605.733506944453 [0,1,2,3,4,5,6,7,8,9] [226,227,228,229,230,231,232,233,234,235,236,237]
24604.906777777782 [0,1,2,3,4,5,6,7,8,9] [226,227,228]
24603.403669421485 [0,1,2,3,4,5,6,7,8,9] [228,229,230,231,232,233,234,235,236,237,238]
24601.600000000006 [0,1,2,3,4,5,6,7,8,9] [226]
24601.6 [0,1,2,3,4,5,6,7,8,9] [233]
24600.49779012345 [0,1,2,3,4,5,6,7,8,9] [223,224,225,226,227,228,229,230,231]
24599.946694444447 [0,1,2,3,4,5,6,7,8,9] [224,225,226,227,228,229,230,231,232,233,234,235]
24599.616039999997 [0,1,2,3,4,5,6,7,8,9] [225,226,227,228,229]
24599.310822485208 [0,1,2,3,4,5,6,7,8,9] [226,227,228,229,230,231,232,233,234,235,236,237,238]
24599.120062500002 [0,1,2,3,4,5,6,7,8,9] [227,228,229,230,231,232,233,234,235,236,237,238]
24598.894619834708 [0,1,2,3,4,5,6,7,8,9] [223,224,225,226,227,228,229,230,231,232,233]
24598.765795918363 [0,1,2,3,4,5,6,7,8,9] [230,231,232,233,234,235,236]
24598.624090000005 [0,1,2,3,4,5,6,7,8,9] [223,224,225,226,227,228,229,230,231,232]
24598.547786982246 [0,1,2,3,4,5,6,7,8,9] [225,226,227,228,229,230,231,232,233,234,235,236,237]
24597.88014062499 [0,1,2,3,4,5,6,7,8,9] [230,231,232,233,234,235,236,237]
24597.63216 [0,1,2,3,4,5,6,7,8,9] [229,230,231,232,233,234,235,236,237,238]
24593.097877551023 [0,1,2,3,4,5,6,7,8,9] [225,226,227,228,229,230,231,232,233,234,235,236,237,238]
24591.681000000008 [0,1,2,3,4,5,6,7,8,9] [224,225,226,227,228,229,230,231,232,233,234,235,236]
24591.680999999997 [0,1,2,3,4,5,6,7,8,9] [224,225,226,227,228,229,230,231,232,233,234,235,236,237]
24591.68099999999 [0,1,2,3,4,5,6,7,8,9] [237]
24590.854506944448 [0,1,2,3,4,5,6,7,8,9] [228,229,230,231,232,233,234,235,236,237,238,239]
24590.02802777778 [0,1,2,3,4,5,6,7,8,9] [223,224,225,226,227,228,229,230,231,232,233,234]
24589.477049382713 [0,1,2,3,4,5,6,7,8,9] [230,231,232,233,234,235,236,237,238]
24588.847367346927 [0,1,2,3,4,5,6,7,8,9] [226,227,228,229,230,231,232,233,234,235,236,237,238,239]
24587.866532544376 [0,1,2,3,4,5,6,7,8,9] [227,228,229,230,231,232,233,234,235,236,237,238,239]
24587.05281777778 [0,1,2,3,4,5,6,7,8,9] [224,225,226,227,228,229,230,231,232,233,234,235,236,237,238]
24584.468438016516 [0,1,2,3,4,5,6,7,8,9] [229,230,231,232,233,234,235,236,237,238,239]
24583.747240000004 [0,1,2,3,4,5,6,7,8,9] [225,226,227,228,229,230,231,232,233,234,235,236,237,238,239]
24583.74724 [0,1,2,3,4,5,6,7,8,9] [231,232,233,234,235]
24583.416694444444 [0,1,2,3,4,5,6,7,8,9] [224,225,226,227,228,229]
24581.764000000003 [0,1,2,3,4,5,6,7,8,9] [245]
24581.763999999996 [0,1,2,3,4,5,6,7,8,9] [225,226,227,228]
24579.475745562126 [0,1,2,3,4,5,6,7,8,9] [223,224,225,226,227,228,229,230,231,232,233,234,235]
24579.2850625 [0,1,2,3,4,5,6,7,8,9] [222,223,224,225,226,227,228,229,230,231,232,233]
24578.665347656246 [0,1,2,3,4,5,6,7,8,9] [224,225,226,227,228,229,230,231,232,233,234,235,236,237,238,239]
24577.256933884295 [0,1,2,3,4,5,6,7,8,9] [222,223,224,225,226,227,228,229,230,231,232]
24576.80625 [0,1,2,3,4,5,6,7,8,9] [222,223,224,225,226,227,228,229,230,231]
24576.806249999994 [0,1,2,3,4,5,6,7,8,9] [223,224,225,226,227,228,229,230]
24575.81476 [0,1,2,3,4,5,6,7,8,9] [230,231,232,233,234,235,236,237,238,239]
24574.492804444442 [0,1,2,3,4,5,6,7,8,9] [223,224,225,226,227,228,229,230,231,232,233,234,235,236,237]
24573.26530612245 [0,1,2,3,4,5,6,7,8,9] [223,224,225,226,227,228,229,230,231,232,233,234,235,236]
24572.61162130177 [0,1,2,3,4,5,6,7,8,9] [222,223,224,225,226,227,228,229,230,231,232,233,234]
24571.849 [0,1,2,3,4,5,6,7,8,9] [231,232,233,234,235,236,237]
24571.229378906242 [0,1,2,3,4,5,6,7,8,9] [223,224,225,226,227,228,229,230,231,232,233,234,235,236,237,238]
24571.188071111115 [0,1,2,3,4,5,6,7,8,9] [226,227,228,229,230,231,232,233,234,235,236,237,238,239,240]
