[Score] [Station index] [Time slots] 
54615.69 [0,1,2,3,4,6,7,8,9] [239]
54483.34027777778 [0,1,2,3,4,6,7,8,9] [239,240]
54436.666944444434 [0,1,2,3,4,6,7,8,9] [238,239]
54408.15419753088 [0,1,2,3,4,6,7,8,9] [238,239,240]
54397.78777777777 [0,1,2,3,4,6,7,8,9] [245]
54351.151111111125 [0,1,2,3,4,6,7,8,9] [240]
54339.495069444434 [0,1,2,3,4,6,7,8,9] [237,238,239,240]
54335.610000000015 [0,1,2,3,4,6,7,8,9] [245,246]
54335.60999999999 [0,1,2,3,4,6,7,8,9] [237,238,239]
54307.6416 [0,1,2,3,4,6,7,8,9] [236,237,238,239,240]
54296.766944444455 [0,1,2,3,4,6,7,8,9] [236,237,238,239]
54296.76694444443 [0,1,2,3,4,6,7,8,9] [244,245]
54289.0 [0,1,2,3,4,6,7,8,9] [244,245,246]
54281.233611111136 [0,1,2,3,4,6,7,8,9] [238,239,240,241]
54273.46777777779 [0,1,2,3,4,6,7,8,9] [246]
54257.937777777806 [0,1,2,3,4,6,7,8,9] [238]
54251.7264 [0,1,2,3,4,6,7,8,9] [237,238,239,240,241]
54239.82225308643 [0,1,2,3,4,6,7,8,9] [236,237,238,239,240,241]
54237.23456790125 [0,1,2,3,4,6,7,8,9] [245,246,247]
54233.094399999994 [0,1,2,3,4,6,7,8,9] [238,239,240,241,242]
54230.33437585736 [0,1,2,3,4,6,7,8,9] [238,239,240,241,242,243,244,245,246]
54226.88444444445 [0,1,2,3,4,6,7,8,9] [244,245,246,247]
54226.884444444426 [0,1,2,3,4,6,7,8,9] [243,244,245,246]
54224.94390625002 [0,1,2,3,4,6,7,8,9] [238,239,240,241,242,243,244,245]
54220.67484444445 [0,1,2,3,4,6,7,8,9] [237,238,239,240,241,242,243,244,245,246]
54220.231315192774 [0,1,2,3,4,6,7,8,9] [239,240,241,242,243,244,245]
54217.005702479335 [0,1,2,3,4,6,7,8,9] [236,237,238,239,240,241,242,243,244,245,246]
54216.53530864199 [0,1,2,3,4,6,7,8,9] [237,238,239,240,241,242]
54214.81054869685 [0,1,2,3,4,6,7,8,9] [237,238,239,240,241,242,243,244,245]
54211.36111111113 [0,1,2,3,4,6,7,8,9] [236,237,238,239,240,241,242,243,244,245]
54211.36111111111 [0,1,2,3,4,6,7,8,9] [238,239,240,241,242,243,244,245,246,247]
54206.18716049381 [0,1,2,3,4,6,7,8,9] [239,240,241,242,243,244,245,246,247]
54204.30578512397 [0,1,2,3,4,6,7,8,9] [237,238,239,240,241,242,243,244,245,246,247]
54203.60027777777 [0,1,2,3,4,6,7,8,9] [235,236,237,238,239,240]
54202.30685956791 [0,1,2,3,4,6,7,8,9] [236,237,238,239,240,241,242,243,244,245,246,247]
54201.01345679013 [0,1,2,3,4,6,7,8,9] [238,239,240,241,242,243]
54200.27437641725 [0,1,2,3,4,6,7,8,9] [238,239,240,241,242,243,244]
54197.25091827366 [0,1,2,3,4,6,7,8,9] [238,239,240,241,242,243,244,245,246,247,248]
54195.84000000001 [0,1,2,3,4,6,7,8,9] [237,238]
54195.84 [0,1,2,3,4,6,7,8,9] [244]
54192.73604444444 [0,1,2,3,4,6,7,8,9] [244,245,246,247,248]
54191.960069444445 [0,1,2,3,4,6,7,8,9] [245,246,247,248]
54191.405804988666 [0,1,2,3,4,6,7,8,9] [237,238,239,240,241,242,243]
54191.1841 [0,1,2,3,4,6,7,8,9] [239,240,241,242,243,244,245,246,247,248]
54191.06472057858 [0,1,2,3,4,6,7,8,9] [236,237,238,239,240,241,242,243,244,245,246,247,248]
54190.66679012346 [0,1,2,3,4,6,7,8,9] [236,237,238]
54190.66679012344 [0,1,2,3,4,6,7,8,9] [239,240,241,242,243,244]
54190.020156250015 [0,1,2,3,4,6,7,8,9] [236,237,238,239,240,241,242,243]
54189.632177777785 [0,1,2,3,4,6,7,8,9] [243,244,245,246,247]
54189.63217777776 [0,1,2,3,4,6,7,8,9] [239,240,241,242,243]
54180.32111111111 [0,1,2,3,4,6,7,8,9] [236]
54177.734845679006 [0,1,2,3,4,6,7,8,9] [238,239,240,241,242,243,244,245,246,247,248,249]
54174.77918934241 [0,1,2,3,4,6,7,8,9] [236,237,238,239,240,241,242,243,244,245,246,247,248,249]
54174.35289940828 [0,1,2,3,4,6,7,8,9] [237,238,239,240,241,242,243,244,245,246,247,248,249]
54174.114177777774 [0,1,2,3,4,6,7,8,9] [235,236,237,238,239]
54172.5625 [0,1,2,3,4,6,7,8,9] [235,236,237,238,239,240,241,242,243,244,245,246]
54171.45417233559 [0,1,2,3,4,6,7,8,9] [240,241,242,243,244,245,246]
54170.44661157025 [0,1,2,3,4,6,7,8,9] [239,240,241,242,243,244,245,246,247,248,249]
54168.68340277778 [0,1,2,3,4,6,7,8,9] [242,243,244,245]
54167.39040123455 [0,1,2,3,4,6,7,8,9] [243,244,245,246,247,248]
54164.80444444444 [0,1,2,3,4,6,7,8,9] [242,243,244,245,246,247]
54163.39394857667 [0,1,2,3,4,6,7,8,9] [235,236,237,238,239,240,241,242,243,244,245]
54162.41746219593 [0,1,2,3,4,6,7,8,9] [235,236,237,238,239,240,241,242,243,244,245,246,247]
54160.3715192744 [0,1,2,3,4,6,7,8,9] [235,236,237,238,239,240,241]
54157.04694444445 [0,1,2,3,4,6,7,8,9] [246,247]
54157.046944444446 [0,1,2,3,4,6,7,8,9] [236,237]
54155.10765624997 [0,1,2,3,4,6,7,8,9] [240,241,242,243,244,245,246,247]
54154.83061791384 [0,1,2,3,4,6,7,8,9] [235,236,237,238,239,240,241,242,243,244,245,246,247,248]
54154.46123456792 [0,1,2,3,4,6,7,8,9] [244,245,246,247,248,249]
54154.46123456788 [0,1,2,3,4,6,7,8,9] [240,241,242,243,244,245]
54149.289999999986 [0,1,2,3,4,6,7,8,9] [242,243,244,245,246,247,248]
54146.187377777766 [0,1,2,3,4,6,7,8,9] [245,246,247,248,249]
54145.41173611112 [0,1,2,3,4,6,7,8,9] [235,236,237,238,239,240,241,242]
54144.11901234567 [0,1,2,3,4,6,7,8,9] [240,241,242,243,244,245,246,247,248]
54142.05068641978 [0,1,2,3,4,6,7,8,9] [235,236,237,238,239,240,241,242,243,244,245,246,247,248,249]
54141.533611111125 [0,1,2,3,4,6,7,8,9] [241,242,243,244,245,246]
54139.98240000001 [0,1,2,3,4,6,7,8,9] [235,236,237,238,239,240,241,242,243,244]
54138.20961451246 [0,1,2,3,4,6,7,8,9] [243,244,245,246,247,248,249]
54133.77777777778 [0,1,2,3,4,6,7,8,9] [237]
54133.77777777776 [0,1,2,3,4,6,7,8,9] [235,236,237,238,239,240,241,242,243]
54127.13036281178 [0,1,2,3,4,6,7,8,9] [241,242,243,244,245,246,247]
54126.02250000001 [0,1,2,3,4,6,7,8,9] [242,243,244,245,246,247,248,249]
54123.437530864205 [0,1,2,3,4,6,7,8,9] [236,237,238,239,240,241,242,243,244,245,246,247,248,249,250]
54123.43753086419 [0,1,2,3,4,6,7,8,9] [246,247,248]
54119.37556122449 [0,1,2,3,4,6,7,8,9] [237,238,239,240,241,242,243,244,245,246,247,248,249,250]
54118.26777777779 [0,1,2,3,4,6,7,8,9] [243,244]
54118.26777777777 [0,1,2,3,4,6,7,8,9] [238,239,240,241,242,243,244,245,246,247,248,249,250]
54115.16604444444 [0,1,2,3,4,6,7,8,9] [241,242,243,244,245]
54106.63673611108 [0,1,2,3,4,6,7,8,9] [239,240,241,242,243,244,245,246,247,248,249,250]
54105.86137777779 [0,1,2,3,4,6,7,8,9] [240,241,242,243,244]
54103.952827087436 [0,1,2,3,4,6,7,8,9] [234,235,236,237,238,239,240,241,242,243,244,245,246]
54101.03705075448 [0,1,2,3,4,6,7,8,9] [241,242,243,244,245,246,247,248,249]
54099.43719387756 [0,1,2,3,4,6,7,8,9] [234,235,236,237,238,239,240,241,242,243,244,245,246,247]
54097.591234567895 [0,1,2,3,4,6,7,8,9] [240,241,242]
54096.55751111111 [0,1,2,3,4,6,7,8,9] [234,235,236,237,238,239,240,241,242,243,244,245,246,247,248]
54095.97604600693 [0,1,2,3,4,6,7,8,9] [235,236,237,238,239,240,241,242,243,244,245,246,247,248,249,250]
54092.42271604937 [0,1,2,3,4,6,7,8,9] [242,243,244]
54089.83854938272 [0,1,2,3,4,6,7,8,9] [234,235,236,237,238,239,240,241,242,243,244,245]
54088.223476562496 [0,1,2,3,4,6,7,8,9] [234,235,236,237,238,239,240,241,242,243,244,245,246,247,248,249]
54083.37840277779 [0,1,2,3,4,6,7,8,9] [246,247,248,249]
