[Score] [Station index] [Time slots] 
72573.361 [0,1,2,3,4,5,6,7,8,9] [254]
72488.19600000003 [0,1,2,3,4,5,6,7,8,9] [253,254]
72471.16900000001 [0,1,2,3,4,5,6,7,8,9] [237]
72462.65624999997 [0,1,2,3,4,5,6,7,8,9] [254,255]
72454.14399999999 [0,1,2,3,4,5,6,7,8,9] [237,238]
72442.7951111111 [0,1,2,3,4,5,6,7,8,9] [253,254,255]
72437.12100000001 [0,1,2,3,4,5,6,7,8,9] [238]
72420.1 [0,1,2,3,4,5,6,7,8,9] [252,253,254]
72403.08100000002 [0,1,2,3,4,5,6,7,8,9] [254,255,256]
72379.25776 [0,1,2,3,4,5,6,7,8,9] [252,253,254,255,256]
72358.84096 [0,1,2,3,4,5,6,7,8,9] [253,254,255,256,257]
72356.2890625 [0,1,2,3,4,5,6,7,8,9] [251,252,253,254]
72355.43844000003 [0,1,2,3,4,5,6,7,8,9] [251,252,253,254,255]
72352.036 [0,1,2,3,4,5,6,7,8,9] [255]
72347.7830625 [0,1,2,3,4,5,6,7,8,9] [254,255,256,257]
72346.36544444444 [0,1,2,3,4,5,6,7,8,9] [252,253,254,255,256,257]
72343.53025000001 [0,1,2,3,4,5,6,7,8,9] [251,252,253,254,255,256]
72343.53024999998 [0,1,2,3,4,5,6,7,8,9] [252,253]
72320.4457346939 [0,1,2,3,4,5,6,7,8,9] [251,252,253,254,255,256,257]
72318.01600000002 [0,1,2,3,4,5,6,7,8,9] [255,256]
72284.004 [0,1,2,3,4,5,6,7,8,9] [256]
72281.57487755103 [0,1,2,3,4,5,6,7,8,9] [252,253,254,255,256,257,258]
72281.17002777779 [0,1,2,3,4,5,6,7,8,9] [253,254,255,256,257,258]
72279.14579591835 [0,1,2,3,4,5,6,7,8,9] [250,251,252,253,254,255,256]
72278.3361111111 [0,1,2,3,4,5,6,7,8,9] [250,251,252,253,254,255]
72272.66844444445 [0,1,2,3,4,5,6,7,8,9] [255,256,257]
72267.001 [0,1,2,3,4,5,6,7,8,9] [251,252,253,254,255,256,257,258]
72267.00099999999 [0,1,2,3,4,5,6,7,8,9] [250,251,252,253,254,255,256,257]
72263.60064 [0,1,2,3,4,5,6,7,8,9] [250,251,252,253,254]
72256.80016 [0,1,2,3,4,5,6,7,8,9] [254,255,256,257,258]
72239.37539062498 [0,1,2,3,4,5,6,7,8,9] [249,250,251,252,253,254,255,256]
72237.2505625 [0,1,2,3,4,5,6,7,8,9] [252,253,254,255,256,257,258,259]
72233.00100000002 [0,1,2,3,4,5,6,7,8,9] [256,257]
72230.57273469387 [0,1,2,3,4,5,6,7,8,9] [253,254,255,256,257,258,259]
72229.2237160494 [0,1,2,3,4,5,6,7,8,9] [251,252,253,254,255,256,257,258,259]
72225.4465308642 [0,1,2,3,4,5,6,7,8,9] [250,251,252,253,254,255,256,257,258]
72224.50225 [0,1,2,3,4,5,6,7,8,9] [251,252]
72224.50224999999 [0,1,2,3,4,5,6,7,8,9] [248,249,250,251,252,253,254,255,256,257]
72222.377640625 [0,1,2,3,4,5,6,7,8,9] [248,249,250,251,252,253,254,255]
72221.66944444444 [0,1,2,3,4,5,6,7,8,9] [237,238,239]
72213.1713611111 [0,1,2,3,4,5,6,7,8,9] [249,250,251,252,253,254]
72210.3387777778 [0,1,2,3,4,5,6,7,8,9] [236,237,238]
72207.50625 [0,1,2,3,4,5,6,7,8,9] [247,248,249,250,251,252,253,254,255,256]
72205.18876859506 [0,1,2,3,4,5,6,7,8,9] [247,248,249,250,251,252,253,254,255,256,257]
72203.86451020408 [0,1,2,3,4,5,6,7,8,9] [248,249,250,251,252,253,254]
72201.84136111112 [0,1,2,3,4,5,6,7,8,9] [254,255,256,257,258,259]
72199.009 [0,1,2,3,4,5,6,7,8,9] [246,247,248,249,250,251,252,253,254,255,256]
72199.00899999999 [0,1,2,3,4,5,6,7,8,9] [252,253,254,255,256,257,258,259,260]
72197.59284027776 [0,1,2,3,4,5,6,7,8,9] [246,247,248,249,250,251,252,253,254,255,256,257]
72195.61024000001 [0,1,2,3,4,5,6,7,8,9] [251,252,253,254,255,256,257,258,259,260]
72195.61023999998 [0,1,2,3,4,5,6,7,8,9] [250,251,252,253,254,255,256,257,258,259]
72194.37434710741 [0,1,2,3,4,5,6,7,8,9] [248,249,250,251,252,253,254,255,256,257,258]
72190.51225000001 [0,1,2,3,4,5,6,7,8,9] [246,247,248,249,250,251,252,253,254,255]
72188.388140625 [0,1,2,3,4,5,6,7,8,9] [253,254,255,256,257,258,259,260]
72186.2640625 [0,1,2,3,4,5,6,7,8,9] [250,251,252,253]
72182.016 [0,1,2,3,4,5,6,7,8,9] [257]
72179.892015625 [0,1,2,3,4,5,6,7,8,9] [247,248,249,250,251,252,253,254]
72179.18402777777 [0,1,2,3,4,5,6,7,8,9] [247,248,249,250,251,252,253,254,255,256,257,258]
72177.7680625 [0,1,2,3,4,5,6,7,8,9] [255,256,257,258]
72174.29257024793 [0,1,2,3,4,5,6,7,8,9] [249,250,251,252,253,254,255,256,257,258,259]
72174.17375147928 [0,1,2,3,4,5,6,7,8,9] [246,247,248,249,250,251,252,253,254,255,256,257,258]
72172.57630864198 [0,1,2,3,4,5,6,7,8,9] [246,247,248,249,250,251,252,253,254]
72172.10434027779 [0,1,2,3,4,5,6,7,8,9] [248,249,250,251,252,253,254,255,256,257,258,259]
72168.11412396694 [0,1,2,3,4,5,6,7,8,9] [250,251,252,253,254,255,256,257,258,259,260]
72166.3319289941 [0,1,2,3,4,5,6,7,8,9] [245,246,247,248,249,250,251,252,253,254,255,256,257]
72165.025 [0,1,2,3,4,5,6,7,8,9] [245,246,247,248,249,250,251,252,253,254,255,256]
72159.79740236686 [0,1,2,3,4,5,6,7,8,9] [247,248,249,250,251,252,253,254,255,256,257,258,259]
72158.84695041321 [0,1,2,3,4,5,6,7,8,9] [251,252,253,254,255,256,257,258,259,260,261]
72158.22915999999 [0,1,2,3,4,5,6,7,8,9] [252,253,254,255,256,257,258,259,260,261]
72157.74375510206 [0,1,2,3,4,5,6,7,8,9] [254,255,256,257,258,259,260]
72156.53025000003 [0,1,2,3,4,5,6,7,8,9] [246,247,248,249,250,251,252,253,254,255,256,257,258,259]
72154.2135867769 [0,1,2,3,4,5,6,7,8,9] [245,246,247,248,249,250,251,252,253,254,255]
72150.86736111113 [0,1,2,3,4,5,6,7,8,9] [249,250,251,252,253,254,255,256,257,258,259,260]
72150.64956213017 [0,1,2,3,4,5,6,7,8,9] [248,249,250,251,252,253,254,255,256,257,258,259,260]
72148.036 [0,1,2,3,4,5,6,7,8,9] [248]
72146.82257653063 [0,1,2,3,4,5,6,7,8,9] [245,246,247,248,249,250,251,252,253,254,255,256,257,258]
72144.2609382716 [0,1,2,3,4,5,6,7,8,9] [253,254,255,256,257,258,259,260,261]
72142.37344444447 [0,1,2,3,4,5,6,7,8,9] [248,249,250,251,252,253]
72141.96898469389 [0,1,2,3,4,5,6,7,8,9] [244,245,246,247,248,249,250,251,252,253,254,255,256,257]
72141.24096 [0,1,2,3,4,5,6,7,8,9] [249,250,251,252,253]
72140.7556122449 [0,1,2,3,4,5,6,7,8,9] [247,248,249,250,251,252,253,254,255,256,257,258,259,260]
72138.9760177778 [0,1,2,3,4,5,6,7,8,9] [246,247,248,249,250,251,252,253,254,255,256,257,258,259,260]
72138.88890532544 [0,1,2,3,4,5,6,7,8,9] [244,245,246,247,248,249,250,251,252,253,254,255,256]
72136.7111111111 [0,1,2,3,4,5,6,7,8,9] [250,251,252,253,254,255,256,257,258,259,260,261]
72134.44624 [0,1,2,3,4,5,6,7,8,9] [245,246,247,248,249,250,251,252,253,254]
72132.18140444448 [0,1,2,3,4,5,6,7,8,9] [245,246,247,248,249,250,251,252,253,254,255,256,257,258,259]
72127.65183999998 [0,1,2,3,4,5,6,7,8,9] [255,256,257,258,259]
72126.80256250002 [0,1,2,3,4,5,6,7,8,9] [244,245,246,247,248,249,250,251,252,253,254,255]
72125.38711111112 [0,1,2,3,4,5,6,7,8,9] [244,245,246,247,248,249,250,251,252,253,254,255,256,257,258]
72124.98269897961 [0,1,2,3,4,5,6,7,8,9] [248,249,250,251,252,253,254,255,256,257,258,259,260,261]
72123.76946938774 [0,1,2,3,4,5,6,7,8,9] [247,248,249,250,251,252,253]
72123.20952071008 [0,1,2,3,4,5,6,7,8,9] [249,250,251,252,253,254,255,256,257,258,259,260,261]
72122.55625000002 [0,1,2,3,4,5,6,7,8,9] [246,247,248,249,250,251,252,253]
72121.14084027777 [0,1,2,3,4,5,6,7,8,9] [251,252,253,254,255,256,257,258,259,260,261,262]
72120.85776 [0,1,2,3,4,5,6,7,8,9] [243,244,245,246,247,248,249,250,251,252,253,254,255,256,257]
72119.72544444444 [0,1,2,3,4,5,6,7,8,9] [256,257,258]
72117.46084000003 [0,1,2,3,4,5,6,7,8,9] [247,248,249,250,251,252,253,254,255,256,257,258,259,260,261]
72117.24853515628 [0,1,2,3,4,5,6,7,8,9] [246,247,248,249,250,251,252,253,254,255,256,257,258,259,260,261]
72117.24853515625 [0,1,2,3,4,5,6,7,8,9] [245,246,247,248,249,250,251,252,253,254,255,256,257,258,259,260]
72117.15203305785 [0,1,2,3,4,5,6,7,8,9] [252,253,254,255,256,257,258,259,260,261,262]
