[Score] [Station index] [Time slots] 
62673.61111111109 [0,1,2,3,4,5,6,7,8,9] [238,239,240]
62670.97224999999 [0,1,2,3,4,5,6,7,8,9] [239,240]
62599.74399999999 [0,1,2,3,4,5,6,7,8,9] [240]
62595.78806249999 [0,1,2,3,4,5,6,7,8,9] [237,238,239,240]
62583.92100000001 [0,1,2,3,4,5,6,7,8,9] [238,239,240,241,242]
62564.14506250001 [0,1,2,3,4,5,6,7,8,9] [238,239,240,241]
62560.19025000001 [0,1,2,3,4,5,6,7,8,9] [239,240,241,242]
62547.008444444466 [0,1,2,3,4,5,6,7,8,9] [237,238,239,240,241,242]
62525.92044444442 [0,1,2,3,4,5,6,7,8,9] [239,240,241]
62523.811839999995 [0,1,2,3,4,5,6,7,8,9] [237,238,239,240,241]
62520.64900000001 [0,1,2,3,4,5,6,7,8,9] [237,238]
62520.64899999999 [0,1,2,3,4,5,6,7,8,9] [239,240,241,242,243]
62504.83599999999 [0,1,2,3,4,5,6,7,8,9] [233,234]
62499.56544444444 [0,1,2,3,4,5,6,7,8,9] [240,241,242]
62475.47430612244 [0,1,2,3,4,5,6,7,8,9] [238,239,240,241,242,243,244]
62473.216000000015 [0,1,2,3,4,5,6,7,8,9] [236,237,238,239,240]
62466.441326530614 [0,1,2,3,4,5,6,7,8,9] [236,237,238,239,240,241,242]
62465.31225000002 [0,1,2,3,4,5,6,7,8,9] [240,241,242,243]
62461.360562499984 [0,1,2,3,4,5,6,7,8,9] [237,238,239,240,241,242,243,244]
62453.457562500014 [0,1,2,3,4,5,6,7,8,9] [236,237,238,239,240,241,242,243]
62449.50624999998 [0,1,2,3,4,5,6,7,8,9] [241,242]
62441.60400000001 [0,1,2,3,4,5,6,7,8,9] [239,240,241,242,243,244]
62433.702249999995 [0,1,2,3,4,5,6,7,8,9] [236,237,238,239,240,241]
62420.53377777778 [0,1,2,3,4,5,6,7,8,9] [241,242,243]
62417.90024999999 [0,1,2,3,4,5,6,7,8,9] [240,241]
62413.16004 [0,1,2,3,4,5,6,7,8,9] [233,234,235,236,237,238,239,240,241,242]
62408.56364462812 [0,1,2,3,4,5,6,7,8,9] [233,234,235,236,237,238,239,240,241,242,243]
62408.24445679013 [0,1,2,3,4,5,6,7,8,9] [236,237,238,239,240,241,242,243,244]
62404.73344444445 [0,1,2,3,4,5,6,7,8,9] [232,233,234]
62404.07514062499 [0,1,2,3,4,5,6,7,8,9] [233,234,235,236,237,238,239,240]
62394.201 [0,1,2,3,4,5,6,7,8,9] [232,233,234,235,236,237,238,239,240,241,242]
62391.56802777777 [0,1,2,3,4,5,6,7,8,9] [232,233,234,235,236,237,238,239,240,241,242,243]
62390.2515625 [0,1,2,3,4,5,6,7,8,9] [235,236,237,238,239,240,241,242]
62387.17986419754 [0,1,2,3,4,5,6,7,8,9] [235,236,237,238,239,240,241,242,243]
62385.42464197533 [0,1,2,3,4,5,6,7,8,9] [233,234,235,236,237,238,239,240,241]
62385.4246419753 [0,1,2,3,4,5,6,7,8,9] [234,235,236,237,238,239,240,241,242]
62383.142889999996 [0,1,2,3,4,5,6,7,8,9] [234,235,236,237,238,239,240,241,242,243]
62381.91427160493 [0,1,2,3,4,5,6,7,8,9] [232,233,234,235,236,237,238,239,240]
62381.56324000001 [0,1,2,3,4,5,6,7,8,9] [240,241,242,243,244]
62378.40400000002 [0,1,2,3,4,5,6,7,8,9] [233,234,235,236,237,238,239,240,241,242,243,244]
62376.147448979595 [0,1,2,3,4,5,6,7,8,9] [233,234,235,236,237,238,239]
62372.48064062501 [0,1,2,3,4,5,6,7,8,9] [238,239,240,241,242,243,244,245]
62371.38375308644 [0,1,2,3,4,5,6,7,8,9] [237,238,239,240,241,242,243,244,245]
62370.50625 [0,1,2,3,4,5,6,7,8,9] [235,236,237,238,239,240]
62367.34729000002 [0,1,2,3,4,5,6,7,8,9] [232,233,234,235,236,237,238,239,240,241]
62367.12165306123 [0,1,2,3,4,5,6,7,8,9] [234,235,236,237,238,239,240]
62365.038869822514 [0,1,2,3,4,5,6,7,8,9] [232,233,234,235,236,237,238,239,240,241,242,243,244]
62362.60900000002 [0,1,2,3,4,5,6,7,8,9] [243]
62362.60900000001 [0,1,2,3,4,5,6,7,8,9] [237]
62358.96428402369 [0,1,2,3,4,5,6,7,8,9] [231,232,233,234,235,236,237,238,239,240,241,242,243]
62358.66056250001 [0,1,2,3,4,5,6,7,8,9] [231,232,233,234,235,236,237,238,239,240,241,242]
62354.71225000002 [0,1,2,3,4,5,6,7,8,9] [232,233,234,235,236,237,238,239]
62353.13296000002 [0,1,2,3,4,5,6,7,8,9] [235,236,237,238,239,240,241,242,243,244]
62352.55867768597 [0,1,2,3,4,5,6,7,8,9] [234,235,236,237,238,239,240,241,242,243,244]
62351.32808163265 [0,1,2,3,4,5,6,7,8,9] [235,236,237,238,239,240,241]
62350.76406250002 [0,1,2,3,4,5,6,7,8,9] [234,235,236,237,238,239,240,241]
62346.81599999998 [0,1,2,3,4,5,6,7,8,9] [234]
62341.5521111111 [0,1,2,3,4,5,6,7,8,9] [236,237,238]
62340.49936 [0,1,2,3,4,5,6,7,8,9] [231,232,233,234,235,236,237,238,239,240]
62336.66441326532 [0,1,2,3,4,5,6,7,8,9] [231,232,233,234,235,236,237,238,239,240,241,242,243,244]
62332.604010000025 [0,1,2,3,4,5,6,7,8,9] [236,237,238,239,240,241,242,243,244,245]
62331.025 [0,1,2,3,4,5,6,7,8,9] [230,231,232,233,234,235,236,237,238,239,240,241,242,243]
62328.91968444442 [0,1,2,3,4,5,6,7,8,9] [229,230,231,232,233,234,235,236,237,238,239,240,241,242,243]
62328.76930612246 [0,1,2,3,4,5,6,7,8,9] [239,240,241,242,243,244,245]
62328.59579289942 [0,1,2,3,4,5,6,7,8,9] [230,231,232,233,234,235,236,237,238,239,240,241,242]
62328.39336111111 [0,1,2,3,4,5,6,7,8,9] [234,235,236,237,238,239]
62327.0775625 [0,1,2,3,4,5,6,7,8,9] [241,242,243,244]
62326.513653061214 [0,1,2,3,4,5,6,7,8,9] [229,230,231,232,233,234,235,236,237,238,239,240,241,242]
62324.709160000006 [0,1,2,3,4,5,6,7,8,9] [235,236,237,238,239]
62322.522982248534 [0,1,2,3,4,5,6,7,8,9] [233,234,235,236,237,238,239,240,241,242,243,244,245]
62315.23600000001 [0,1,2,3,4,5,6,7,8,9] [233,234,235,236,237,238]
62314.10829081632 [0,1,2,3,4,5,6,7,8,9] [232,233,234,235,236,237,238,239,240,241,242,243,244,245]
62312.07844000001 [0,1,2,3,4,5,6,7,8,9] [230,231,232,233,234,235,236,237,238,239,240,241,242,243,244]
62311.727604938285 [0,1,2,3,4,5,6,7,8,9] [231,232,233,234,235,236,237,238,239]
62311.2890625 [0,1,2,3,4,5,6,7,8,9] [229,230,231,232,233,234,235,236,237,238,239,240,241,242,243,244]
62306.62466115701 [0,1,2,3,4,5,6,7,8,9] [230,231,232,233,234,235,236,237,238,239,240]
62306.02667361108 [0,1,2,3,4,5,6,7,8,9] [229,230,231,232,233,234,235,236,237,238,239,240]
62300.76450694443 [0,1,2,3,4,5,6,7,8,9] [230,231,232,233,234,235,236,237,238,239,240,241]
62300.66331360945 [0,1,2,3,4,5,6,7,8,9] [229,230,231,232,233,234,235,236,237,238,239,240,241]
62299.44900000001 [0,1,2,3,4,5,6,7,8,9] [228,229,230,231,232,233,234,235,236,237,238,239,240,241,242,243]
62299.448999999986 [0,1,2,3,4,5,6,7,8,9] [232,233,234,235,236,237,238]
62295.502562499976 [0,1,2,3,4,5,6,7,8,9] [231,232,233,234]
62295.23947111112 [0,1,2,3,4,5,6,7,8,9] [228,229,230,231,232,233,234,235,236,237,238,239,240,241,242]
62294.187111111125 [0,1,2,3,4,5,6,7,8,9] [234,235,236,237,238,239,240,241,242,243,244,245]
62291.030084444465 [0,1,2,3,4,5,6,7,8,9] [231,232,233,234,235,236,237,238,239,240,241,242,243,244,245]
62289.40376859504 [0,1,2,3,4,5,6,7,8,9] [235,236,237,238,239,240,241,242,243,244,245]
62288.92544444443 [0,1,2,3,4,5,6,7,8,9] [233,234,235]
62284.59247404845 [0,1,2,3,4,5,6,7,8,9] [228,229,230,231,232,233,234,235,236,237,238,239,240,241,242,243,244]
62279.359347107435 [0,1,2,3,4,5,6,7,8,9] [229,230,231,232,233,234,235,236,237,238,239]
62278.402777777774 [0,1,2,3,4,5,6,7,8,9] [231,232,233]
62277.35055999999 [0,1,2,3,4,5,6,7,8,9] [230,231,232,233,234,235,236,237,238,239]
62272.52285121109 [0,1,2,3,4,5,6,7,8,9] [229,230,231,232,233,234,235,236,237,238,239,240,241,242,243,244,245]
62271.523053254445 [0,1,2,3,4,5,6,7,8,9] [228,229,230,231,232,233,234,235,236,237,238,239,240]
62270.84016015623 [0,1,2,3,4,5,6,7,8,9] [230,231,232,233,234,235,236,237,238,239,240,241,242,243,244,245]
62269.00829081633 [0,1,2,3,4,5,6,7,8,9] [228,229,230,231,232,233,234,235,236,237,238,239,240,241]
62267.88100000001 [0,1,2,3,4,5,6,7,8,9] [232,233,234,235]
62259.99025000003 [0,1,2,3,4,5,6,7,8,9] [240,241,242,243,244,245]
62258.017640624996 [0,1,2,3,4,5,6,7,8,9] [231,232,233,234,235,236,237,238]
62257.66953633217 [0,1,2,3,4,5,6,7,8,9] [227,228,229,230,231,232,233,234,235,236,237,238,239,240,241,242,243]
62251.11375390624 [0,1,2,3,4,5,6,7,8,9] [227,228,229,230,231,232,233,234,235,236,237,238,239,240,241,242]
