[Score] [Station index] [Time slots] 
45400.644000000015 [0,1,2,3,4,5,6,7,8,9] [237]
45387.16900000002 [0,1,2,3,4,5,6,7,8,9] [234]
45370.328062500004 [0,1,2,3,4,5,6,7,8,9] [234,235,236,237]
45360.22500000002 [0,1,2,3,4,5,6,7,8,9] [234,235,236]
45353.49025000001 [0,1,2,3,4,5,6,7,8,9] [234,235]
45330.59584000001 [0,1,2,3,4,5,6,7,8,9] [233,234,235,236,237]
45330.595839999994 [0,1,2,3,4,5,6,7,8,9] [234,235,236,237,238]
45326.55625 [0,1,2,3,4,5,6,7,8,9] [234,235,236,237,238,239]
45316.458062499994 [0,1,2,3,4,5,6,7,8,9] [235,236,237,238]
45315.33611111111 [0,1,2,3,4,5,6,7,8,9] [236,237,238]
45314.43856000001 [0,1,2,3,4,5,6,7,8,9] [235,236,237,238,239]
45313.09225000001 [0,1,2,3,4,5,6,7,8,9] [236,237,238,239]
45313.09225 [0,1,2,3,4,5,6,7,8,9] [233,234,235,236]
45306.36099999999 [0,1,2,3,4,5,6,7,8,9] [239]
45304.437877551005 [0,1,2,3,4,5,6,7,8,9] [233,234,235,236,237,238,239]
45304.1173611111 [0,1,2,3,4,5,6,7,8,9] [233,234,235,236,237,238]
45292.9 [0,1,2,3,4,5,6,7,8,9] [234,235,236,237,238,239,240]
45286.17025000001 [0,1,2,3,4,5,6,7,8,9] [237,238]
45279.44100000001 [0,1,2,3,4,5,6,7,8,9] [233,234]
45277.758765625 [0,1,2,3,4,5,6,7,8,9] [233,234,235,236,237,238,239,240]
45277.19802777779 [0,1,2,3,4,5,6,7,8,9] [235,236,237,238,239,240]
45270.46944444445 [0,1,2,3,4,5,6,7,8,9] [232,233,234,235,236,237]
45268.675240000004 [0,1,2,3,4,5,6,7,8,9] [236,237,238,239,240]
45262.62006250001 [0,1,2,3,4,5,6,7,8,9] [232,233,234,235,236,237,238,239]
45256.37308163265 [0,1,2,3,4,5,6,7,8,9] [232,233,234,235,236,237,238]
45247.483890625 [0,1,2,3,4,5,6,7,8,9] [234,235,236,237,238,239,240,241]
45244.45696000002 [0,1,2,3,4,5,6,7,8,9] [232,233,234,235,236]
45243.560111111095 [0,1,2,3,4,5,6,7,8,9] [232,233,234,235,236,237,238,239,240]
45242.4390625 [0,1,2,3,4,5,6,7,8,9] [237,238,239,240]
45239.076 [0,1,2,3,4,5,6,7,8,9] [233,234,235,236,237,238,239,240,241]
45228.61393827161 [0,1,2,3,4,5,6,7,8,9] [234,235,236,237,238,239,240,241,242]
45227.5464489796 [0,1,2,3,4,5,6,7,8,9] [235,236,237,238,239,240,241]
45222.93503999999 [0,1,2,3,4,5,6,7,8,9] [233,234,235,236,237,238,239,240,241,242]
45212.176000000014 [0,1,2,3,4,5,6,7,8,9] [236,237,238,239,240,241]
45212.17599999999 [0,1,2,3,4,5,6,7,8,9] [232,233,234,235]
45209.18760493827 [0,1,2,3,4,5,6,7,8,9] [231,232,233,234,235,236,237,238,239]
45208.814062500016 [0,1,2,3,4,5,6,7,8,9] [235,236,237,238,239,240,241,242]
45208.141690000004 [0,1,2,3,4,5,6,7,8,9] [234,235,236,237,238,239,240,241,242,243]
45204.84102479339 [0,1,2,3,4,5,6,7,8,9] [233,234,235,236,237,238,239,240,241,242,243]
45200.64987755103 [0,1,2,3,4,5,6,7,8,9] [231,232,233,234,235,236,237]
45199.95137190084 [0,1,2,3,4,5,6,7,8,9] [232,233,234,235,236,237,238,239,240,241,242]
45198.72900000001 [0,1,2,3,4,5,6,7,8,9] [239,240]
45198.72899999999 [0,1,2,3,4,5,6,7,8,9] [246]
45197.38440999999 [0,1,2,3,4,5,6,7,8,9] [231,232,233,234,235,236,237,238,239,240]
45197.04826562499 [0,1,2,3,4,5,6,7,8,9] [231,232,233,234,235,236,237,238]
45192.9666122449 [0,1,2,3,4,5,6,7,8,9] [236,237,238,239,240,241,242]
45189.76544444445 [0,1,2,3,4,5,6,7,8,9] [238,239,240]
45189.31729 [0,1,2,3,4,5,6,7,8,9] [230,231,232,233,234,235,236,237,238,239]
45188.27160493828 [0,1,2,3,4,5,6,7,8,9] [235,236,237,238,239,240,241,242,243]
45186.506190082655 [0,1,2,3,4,5,6,7,8,9] [234,235,236,237,238,239,240,241,242,243,244]
45185.28400000001 [0,1,2,3,4,5,6,7,8,9] [233,234,235,236,237,238,239,240,241,242,243,244]
45185.28399999999 [0,1,2,3,4,5,6,7,8,9] [232,233,234,235,236,237,238,239,240,241,242,243]
45183.21571597635 [0,1,2,3,4,5,6,7,8,9] [234,235,236,237,238,239,240,241,242,243,244,245,246]
45182.40318877551 [0,1,2,3,4,5,6,7,8,9] [233,234,235,236,237,238,239,240,241,242,243,244,245,246]
45181.9230625 [0,1,2,3,4,5,6,7,8,9] [234,235,236,237,238,239,240,241,242,243,244,245]
45181.147479289946 [0,1,2,3,4,5,6,7,8,9] [233,234,235,236,237,238,239,240,241,242,243,244,245]
45180.39540495869 [0,1,2,3,4,5,6,7,8,9] [230,231,232,233,234,235,236,237,238,239,240]
45179.90656000001 [0,1,2,3,4,5,6,7,8,9] [237,238,239,240,241]
45176.88189062501 [0,1,2,3,4,5,6,7,8,9] [230,231,232,233,234,235,236,237]
45176.321777777775 [0,1,2,3,4,5,6,7,8,9] [230,231,232,233,234,235,236,237,238]
45173.06300826445 [0,1,2,3,4,5,6,7,8,9] [231,232,233,234,235,236,237,238,239,240,241]
45171.841 [0,1,2,3,4,5,6,7,8,9] [236,237,238,239,240,241,242,243]
45168.73905325444 [0,1,2,3,4,5,6,7,8,9] [232,233,234,235,236,237,238,239,240,241,242,243,244]
45168.256537777794 [0,1,2,3,4,5,6,7,8,9] [232,233,234,235,236,237,238,239,240,241,242,243,244,245,246]
45167.360444444435 [0,1,2,3,4,5,6,7,8,9] [231,232,233,234,235,236]
45166.46436 [0,1,2,3,4,5,6,7,8,9] [235,236,237,238,239,240,241,242,243,244]
45166.240340277785 [0,1,2,3,4,5,6,7,8,9] [235,236,237,238,239,240,241,242,243,244,245,246]
45166.080326530624 [0,1,2,3,4,5,6,7,8,9] [232,233,234,235,236,237,238,239,240,241,242,243,244,245]
45165.56828444444 [0,1,2,3,4,5,6,7,8,9] [233,234,235,236,237,238,239,240,241,242,243,244,245,246,247]
45165.12025000001 [0,1,2,3,4,5,6,7,8,9] [233,234,235,236,237,238,239,240,241,242,243,244,245,246,247,248]
45165.12024999999 [0,1,2,3,4,5,6,7,8,9] [231,232,233,234,235,236,237,238,239,240,241,242]
45164.672217777785 [0,1,2,3,4,5,6,7,8,9] [234,235,236,237,238,239,240,241,242,243,244,245,246,247,248]
45163.28740495869 [0,1,2,3,4,5,6,7,8,9] [235,236,237,238,239,240,241,242,243,244,245]
45162.88011111111 [0,1,2,3,4,5,6,7,8,9] [237,238,239,240,241,242]
45162.06552892562 [0,1,2,3,4,5,6,7,8,9] [229,230,231,232,233,234,235,236,237,238,239]
45159.52000694446 [0,1,2,3,4,5,6,7,8,9] [230,231,232,233,234,235,236,237,238,239,240,241]
45158.39999999998 [0,1,2,3,4,5,6,7,8,9] [248]
45156.16002777778 [0,1,2,3,4,5,6,7,8,9] [229,230,231,232,233,234,235,236,237,238,239,240]
45154.26471005917 [0,1,2,3,4,5,6,7,8,9] [231,232,233,234,235,236,237,238,239,240,241,242,243]
45153.65659515571 [0,1,2,3,4,5,6,7,8,9] [232,233,234,235,236,237,238,239,240,241,242,243,244,245,246,247,248]
45153.6565951557 [0,1,2,3,4,5,6,7,8,9] [233,234,235,236,237,238,239,240,241,242,243,244,245,246,247,248,249]
45153.360140624995 [0,1,2,3,4,5,6,7,8,9] [232,233,234,235,236,237,238,239,240,241,242,243,244,245,246,247]
45153.230917159766 [0,1,2,3,4,5,6,7,8,9] [230,231,232,233,234,235,236,237,238,239,240,241,242]
45152.52019140626 [0,1,2,3,4,5,6,7,8,9] [234,235,236,237,238,239,240,241,242,243,244,245,246,247,248,249]
45152.29111570249 [0,1,2,3,4,5,6,7,8,9] [236,237,238,239,240,241,242,243,244,245,246]
45149.44044444444 [0,1,2,3,4,5,6,7,8,9] [236,237,238,239,240,241,242,243,244]
45148.80051020407 [0,1,2,3,4,5,6,7,8,9] [235,236,237,238,239,240,241,242,243,244,245,246,247,248]
45148.06213017751 [0,1,2,3,4,5,6,7,8,9] [235,236,237,238,239,240,241,242,243,244,245,246,247]
45147.64863999999 [0,1,2,3,4,5,6,7,8,9] [236,237,238,239,240,241,242,243,244,245]
45147.648639999985 [0,1,2,3,4,5,6,7,8,9] [229,230,231,232,233,234,235,236,237,238]
45144.96100000001 [0,1,2,3,4,5,6,7,8,9] [230,231,232,233,234,235,236]
45144.960999999996 [0,1,2,3,4,5,6,7,8,9] [229,230,231,232,233,234,235,236,237]
45144.12112890625 [0,1,2,3,4,5,6,7,8,9] [231,232,233,234,235,236,237,238,239,240,241,242,243,244,245,246]
45144.00114795918 [0,1,2,3,4,5,6,7,8,9] [230,231,232,233,234,235,236,237,238,239,240,241,242,243]
45143.46790123457 [0,1,2,3,4,5,6,7,8,9] [232,233,234,235,236,237,238,239,240,241,242,243,244,245,246,247,248,249]
45143.041306122446 [0,1,2,3,4,5,6,7,8,9] [237,238,239,240,241,242,243]
45141.121653061215 [0,1,2,3,4,5,6,7,8,9] [231,232,233,234,235,236,237,238,239,240,241,242,243,244]
45140.481777777764 [0,1,2,3,4,5,6,7,8,9] [231,232,233,234,235,236,237,238,239,240,241,242,243,244,245]
45138.75905917159 [0,1,2,3,4,5,6,7,8,9] [229,230,231,232,233,234,235,236,237,238,239,240,241]
45136.898560000016 [0,1,2,3,4,5,6,7,8,9] [235,236,237,238,239,240,241,242,243,244,245,246,247,248,249]
