[Score] [Station index] [Time slots] 
53638.56000000001 [0,1,2,3,4,5,6,7,8] [242]
53569.10250000001 [0,1,2,3,4,5,6,7,8] [241,242]
53499.69000000002 [0,1,2,3,4,5,6,7,8] [241]
53484.271111111135 [0,1,2,3,4,5,6,7,8] [240,241,242]
53468.85444444447 [0,1,2,3,4,5,6,7,8] [247]
53468.85444444445 [0,1,2,3,4,5,6,7,8] [239,240,241,242]
53444.192400000014 [0,1,2,3,4,5,6,7,8] [238,239,240,241,242]
53422.61777777781 [0,1,2,3,4,5,6,7,8] [239]
53422.61777777779 [0,1,2,3,4,5,6,7,8] [245]
53414.913611111115 [0,1,2,3,4,5,6,7,8] [237,238,239,240,241,242]
53412.34567901235 [0,1,2,3,4,5,6,7,8] [239,240,241]
53407.21000000001 [0,1,2,3,4,5,6,7,8] [247,248]
53402.07456790125 [0,1,2,3,4,5,6,7,8] [245,246,247]
53395.655625 [0,1,2,3,4,5,6,7,8] [238,239,240,241]
53391.80444444445 [0,1,2,3,4,5,6,7,8] [246,247]
53387.95340277779 [0,1,2,3,4,5,6,7,8] [245,246,247,248]
53384.10250000001 [0,1,2,3,4,5,6,7,8] [238,239]
53382.56217777778 [0,1,2,3,4,5,6,7,8] [239,240,241,242,243]
53376.40111111113 [0,1,2,3,4,5,6,7,8] [246,247,248]
53376.40111111112 [0,1,2,3,4,5,6,7,8] [238,239,240,241,242,243]
53372.550625000025 [0,1,2,3,4,5,6,7,8] [240,241,242,243]
53370.24040000001 [0,1,2,3,4,5,6,7,8] [237,238,239,240,241]
53368.7002777778 [0,1,2,3,4,5,6,7,8] [245,246]
53368.70027777779 [0,1,2,3,4,5,6,7,8] [239,240]
53367.16017777778 [0,1,2,3,4,5,6,7,8] [245,246,247,248,249]
53366.133456790136 [0,1,2,3,4,5,6,7,8] [247,248,249]
53361.00000000002 [0,1,2,3,4,5,6,7,8] [238,239,240]
53361.0 [0,1,2,3,4,5,6,7,8] [237,238,239,240,241,242,243]
53356.60009070296 [0,1,2,3,4,5,6,7,8] [236,237,238,239,240,241,242]
53353.30027777779 [0,1,2,3,4,5,6,7,8] [246,247,248,249]
53349.022894375856 [0,1,2,3,4,5,6,7,8] [239,240,241,242,243,244,245,246,247]
53348.680711111105 [0,1,2,3,4,5,6,7,8] [239,240,241,242,243,244,245,246,247,248]
53348.40074380164 [0,1,2,3,4,5,6,7,8] [238,239,240,241,242,243,244,245,246,247,248]
53348.167438271616 [0,1,2,3,4,5,6,7,8] [245,246,247,248,249,250]
53345.60111111113 [0,1,2,3,4,5,6,7,8] [248]
53343.67640625001 [0,1,2,3,4,5,6,7,8] [241,242,243,244,245,246,247,248]
53343.40145124718 [0,1,2,3,4,5,6,7,8] [241,242,243,244,245,246,247]
53343.03484567901 [0,1,2,3,4,5,6,7,8] [238,239,240,241,242,243,244,245,246,247,248,249]
53342.80155188246 [0,1,2,3,4,5,6,7,8] [239,240,241,242,243,244,245,246,247,248,249]
53341.75173611113 [0,1,2,3,4,5,6,7,8] [237,238,239,240,241,242,243,244,245,246,247,248]
53341.40179981636 [0,1,2,3,4,5,6,7,8] [237,238,239,240,241,242,243,244,245,246,247]
53341.20183673472 [0,1,2,3,4,5,6,7,8] [245,246,247,248,249,250,251]
53340.46864197533 [0,1,2,3,4,5,6,7,8] [240,241,242,243,244,245,246,247,248]
53339.82710069447 [0,1,2,3,4,5,6,7,8] [240,241,242,243,244,245,246,247]
53337.90250000002 [0,1,2,3,4,5,6,7,8] [247,248,249,250]
53337.31032215649 [0,1,2,3,4,5,6,7,8] [237,238,239,240,241,242,243,244,245,246,247,248,249]
53337.047133059 [0,1,2,3,4,5,6,7,8] [241,242,243,244,245,246,247,248,249]
53336.80274376417 [0,1,2,3,4,5,6,7,8] [239,240,241,242,243,244,245]
53336.12597633137 [0,1,2,3,4,5,6,7,8] [238,239,240,241,242,243,244,245,246,247,248,249,250]
53335.33641975309 [0,1,2,3,4,5,6,7,8] [239,240,241,242,243,244,245,246,247,248,249,250]
53334.823211111114 [0,1,2,3,4,5,6,7,8] [240,241,242,243,244,245,246,247,248,249]
53334.05340277779 [0,1,2,3,4,5,6,7,8] [239,240,241,242,243,244,245,246]
53333.50354308392 [0,1,2,3,4,5,6,7,8] [238,239,240,241,242,243,244,245,246,247,248,249,250,251]
53333.283600000024 [0,1,2,3,4,5,6,7,8] [246,247,248,249,250]
53332.57301775148 [0,1,2,3,4,5,6,7,8] [239,240,241,242,243,244,245,246,247,248,249,250,251]
53331.30413265306 [0,1,2,3,4,5,6,7,8] [237,238,239,240,241,242,243,244,245,246,247,248,249,250]
53330.20444444448 [0,1,2,3,4,5,6,7,8] [247,248,249,250,251]
53330.204444444455 [0,1,2,3,4,5,6,7,8] [237,238,239,240,241,242,243,244,245]
53329.17807901235 [0,1,2,3,4,5,6,7,8] [237,238,239,240,241,242,243,244,245,246,247,248,249,250,251]
53328.66490000001 [0,1,2,3,4,5,6,7,8] [241,242,243,244,245,246,247,248,249,250]
53327.63854938271 [0,1,2,3,4,5,6,7,8] [246,247,248,249,250,251]
53327.405289256196 [0,1,2,3,4,5,6,7,8] [240,241,242,243,244,245,246,247,248,249,250]
53326.0057392103 [0,1,2,3,4,5,6,7,8] [241,242,243,244,245,246,247,248,249,250,251]
53325.80580498867 [0,1,2,3,4,5,6,7,8] [238,239,240,241,242,243,244]
53325.07271604938 [0,1,2,3,4,5,6,7,8] [240,241,242,243,244,245,246,247,248,249,250,251]
53324.04640000002 [0,1,2,3,4,5,6,7,8] [241,242,243,244,245]
53322.50694444447 [0,1,2,3,4,5,6,7,8] [241,242,243,244,245,246]
53321.40734693877 [0,1,2,3,4,5,6,7,8] [242,243,244,245,246,247,248]
53318.65840277778 [0,1,2,3,4,5,6,7,8] [237,238,239,240,241,242,243,244]
53317.88871111112 [0,1,2,3,4,5,6,7,8] [238,239,240,241,242,243,244,245,246,247,248,249,250,251,252]
53317.37558641976 [0,1,2,3,4,5,6,7,8] [242,243,244,245,246,247]
53316.734184027795 [0,1,2,3,4,5,6,7,8] [236,237,238,239,240,241,242,243]
53316.73418402777 [0,1,2,3,4,5,6,7,8] [242,243,244,245,246,247,248,249]
53315.99410913873 [0,1,2,3,4,5,6,7,8] [236,237,238,239,240,241,242,243,244,245,246,247,248]
53315.909529478464 [0,1,2,3,4,5,6,7,8] [239,240,241,242,243,244,245,246,247,248,249,250,251,252]
53314.810000000005 [0,1,2,3,4,5,6,7,8] [237,238,239,240,241,242,243,244,245,246,247,248,249,250,251,252]
53313.7104818594 [0,1,2,3,4,5,6,7,8] [236,237,238,239,240,241,242,243,244,245,246,247,248,249]
53313.52722993828 [0,1,2,3,4,5,6,7,8] [236,237,238,239,240,241,242,243,244,245,246,247]
53310.96173611111 [0,1,2,3,4,5,6,7,8] [245,246,247,248,249,250,251,252]
53309.679012345696 [0,1,2,3,4,5,6,7,8] [242,243,244,245,246,247,248,249,250]
53309.679012345674 [0,1,2,3,4,5,6,7,8] [236,237,238,239,240,241]
53309.03765624998 [0,1,2,3,4,5,6,7,8] [236,237,238,239,240,241,242,243,244,245,246,247,248,249,250,251]
53308.652844444456 [0,1,2,3,4,5,6,7,8] [242,243,244,245,246,247,248,249,250,251]
53307.7056213018 [0,1,2,3,4,5,6,7,8] [240,241,242,243,244,245,246,247,248,249,250,251,252]
53307.11361111113 [0,1,2,3,4,5,6,7,8] [241,242,243,244,245,246,247,248,249,250,251,252]
53304.227608506946 [0,1,2,3,4,5,6,7,8] [238,239,240,241,242,243,244,245,246,247,248,249,250,251,252,253]
53302.496044444466 [0,1,2,3,4,5,6,7,8] [240,241,242,243,244]
53302.13389081121 [0,1,2,3,4,5,6,7,8] [237,238,239,240,241,242,243,244,245,246,247,248,249,250,251,252,253]
53301.61653061226 [0,1,2,3,4,5,6,7,8] [244,245,246,247,248,249,250]
53301.46994567901 [0,1,2,3,4,5,6,7,8] [239,240,241,242,243,244,245,246,247,248,249,250,251,252,253]
53301.341684027786 [0,1,2,3,4,5,6,7,8] [244,245,246,247,248,249,250,251]
53299.417777777795 [0,1,2,3,4,5,6,7,8] [241,242,243,244]
53299.41777777778 [0,1,2,3,4,5,6,7,8] [251]
53297.878677777786 [0,1,2,3,4,5,6,7,8] [236,237,238,239,240,241,242,243,244,245]
53296.70173394849 [0,1,2,3,4,5,6,7,8] [236,237,238,239,240,241,242,243,244,245,246,247,248,249,250,251,252]
53295.57006944447 [0,1,2,3,4,5,6,7,8] [248,249,250,251]
53295.02040816326 [0,1,2,3,4,5,6,7,8] [246,247,248,249,250,251,252]
53294.28753086421 [0,1,2,3,4,5,6,7,8] [248,249,250]
53293.64626736111 [0,1,2,3,4,5,6,7,8] [235,236,237,238,239,240,241,242]
53292.821791383234 [0,1,2,3,4,5,6,7,8] [240,241,242,243,244,245,246,247,248,249,250,251,252,253]
