[Score] [Station index] [Time slots] 
62117.25444444445 [0,1,2,3,4,6,7,8,9] [251]
62084.02777777778 [0,1,2,3,4,6,7,8,9] [250,251]
62050.80999999999 [0,1,2,3,4,6,7,8,9] [250]
62045.27456790121 [0,1,2,3,4,6,7,8,9] [250,251,252]
62042.506944444445 [0,1,2,3,4,6,7,8,9] [251,252]
62017.601111111115 [0,1,2,3,4,6,7,8,9] [249,250,251]
62005.150069444455 [0,1,2,3,4,6,7,8,9] [249,250,251,252]
61980.251736111124 [0,1,2,3,4,6,7,8,9] [248,249,250,251]
61977.762177777775 [0,1,2,3,4,6,7,8,9] [248,249,250,251,252]
61967.80444444443 [0,1,2,3,4,6,7,8,9] [252]
61934.617777777785 [0,1,2,3,4,6,7,8,9] [248,249,250]
61893.146944444445 [0,1,2,3,4,6,7,8,9] [247,248,249,250,251,252]
61884.85444444445 [0,1,2,3,4,6,7,8,9] [249]
61878.22084444444 [0,1,2,3,4,6,7,8,9] [247,248,249,250,251]
61876.5625 [0,1,2,3,4,6,7,8,9] [248,249]
61871.587600000006 [0,1,2,3,4,6,7,8,9] [249,250,251,252,253]
61871.034845679 [0,1,2,3,4,6,7,8,9] [248,249,250,251,252,253]
61868.27111111114 [0,1,2,3,4,6,7,8,9] [250,251,252,253]
61868.271111111106 [0,1,2,3,4,6,7,8,9] [248]
61846.95294784583 [0,1,2,3,4,6,7,8,9] [246,247,248,249,250,251,252]
61826.82250000001 [0,1,2,3,4,6,7,8,9] [246,247,248,249,250,251]
61818.534444444434 [0,1,2,3,4,6,7,8,9] [247,248,249,250]
61813.79866213151 [0,1,2,3,4,6,7,8,9] [247,248,249,250,251,252,253]
61807.484567901236 [0,1,2,3,4,6,7,8,9] [251,252,253]
61783.316406250015 [0,1,2,3,4,6,7,8,9] [246,247,248,249,250,251,252,253]
61768.817777777775 [0,1,2,3,4,6,7,8,9] [246,247,248,249,250]
61756.39173611111 [0,1,2,3,4,6,7,8,9] [245,246,247,248,249,250,251,252]
61741.206049382716 [0,1,2,3,4,6,7,8,9] [247,248,249]
61726.219410430844 [0,1,2,3,4,6,7,8,9] [245,246,247,248,249,250,251]
61709.920219478714 [0,1,2,3,4,6,7,8,9] [245,246,247,248,249,250,251,252,253]
61709.65734693879 [0,1,2,3,4,6,7,8,9] [248,249,250,251,252,253,254]
61698.42006944446 [0,1,2,3,4,6,7,8,9] [246,247,248,249]
61683.24151234568 [0,1,2,3,4,6,7,8,9] [249,250,251,252,253,254]
61679.792100694445 [0,1,2,3,4,6,7,8,9] [247,248,249,250,251,252,253,254]
61669.444444444445 [0,1,2,3,4,6,7,8,9] [247,248]
61667.60495198904 [0,1,2,3,4,6,7,8,9] [246,247,248,249,250,251,252,253,254]
61661.16694444444 [0,1,2,3,4,6,7,8,9] [245,246,247,248,249,250]
61654.72927297667 [0,1,2,3,4,6,7,8,9] [244,245,246,247,248,249,250,251,252]
61652.88999999998 [0,1,2,3,4,6,7,8,9] [252,253]
61642.95840000003 [0,1,2,3,4,6,7,8,9] [250,251,252,253,254]
61636.33777777777 [0,1,2,3,4,6,7,8,9] [246,247,248]
61623.09760000001 [0,1,2,3,4,6,7,8,9] [244,245,246,247,248,249,250,251,252,253]
61615.650624999995 [0,1,2,3,4,6,7,8,9] [244,245,246,247,248,249,250,251]
61613.16840000002 [0,1,2,3,4,6,7,8,9] [245,246,247,248,249,250,251,252,253,254]
61583.3856 [0,1,2,3,4,6,7,8,9] [245,246,247,248,249]
61570.15111111111 [0,1,2,3,4,6,7,8,9] [246]
61560.22617777776 [0,1,2,3,4,6,7,8,9] [243,244,245,246,247,248,249,250,251,252]
61555.67751736111 [0,1,2,3,4,6,7,8,9] [248,249,250,251,252,253,254,255]
61548.64809999999 [0,1,2,3,4,6,7,8,9] [246,247,248,249,250,251,252,253,254,255]
61546.25910836761 [0,1,2,3,4,6,7,8,9] [247,248,249,250,251,252,253,254,255]
61544.15893424036 [0,1,2,3,4,6,7,8,9] [244,245,246,247,248,249,250]
61543.08499540862 [0,1,2,3,4,6,7,8,9] [244,245,246,247,248,249,250,251,252,253,254]
61541.20562499998 [0,1,2,3,4,6,7,8,9] [251,252,253,254]
61540.07801652891 [0,1,2,3,4,6,7,8,9] [243,244,245,246,247,248,249,250,251,252,253]
61520.53444444443 [0,1,2,3,4,6,7,8,9] [246,247]
61515.022716049374 [0,1,2,3,4,6,7,8,9] [243,244,245,246,247,248,249,250,251]
61511.08591836734 [0,1,2,3,4,6,7,8,9] [249,250,251,252,253,254,255]
61510.01226813587 [0,1,2,3,4,6,7,8,9] [245,246,247,248,249,250,251,252,253,254,255]
61508.1334027778 [0,1,2,3,4,6,7,8,9] [245,246,247,248]
61473.692623456795 [0,1,2,3,4,6,7,8,9] [243,244,245,246,247,248,249,250,251,252,253,254]
61470.93777777777 [0,1,2,3,4,6,7,8,9] [247]
61463.42487603306 [0,1,2,3,4,6,7,8,9] [242,243,244,245,246,247,248,249,250,251,252]
61459.91901234569 [0,1,2,3,4,6,7,8,9] [244,245,246,247,248,249]
61454.409999999996 [0,1,2,3,4,6,7,8,9] [244,245,246,247,248,249,250,251,252,253,254,255]
61453.032785493844 [0,1,2,3,4,6,7,8,9] [242,243,244,245,246,247,248,249,250,251,252,253]
61448.90123456789 [0,1,2,3,4,6,7,8,9] [250,251,252,253,254,255]
61443.893480257095 [0,1,2,3,4,6,7,8,9] [246,247,248,249,250,251,252,253,254,255,256]
61439.95001736112 [0,1,2,3,4,6,7,8,9] [243,244,245,246,247,248,249,250]
61431.27484444444 [0,1,2,3,4,6,7,8,9] [247,248,249,250,251,252,253,254,255,256]
61426.86864197531 [0,1,2,3,4,6,7,8,9] [248,249,250,251,252,253,254,255,256]
61417.230625000004 [0,1,2,3,4,6,7,8,9] [245,246,247,248,249,250,251,252,253,254,255,256]
61413.10027777779 [0,1,2,3,4,6,7,8,9] [242,243,244,245,246,247,248,249,250,251]
61398.48631821172 [0,1,2,3,4,6,7,8,9] [242,243,244,245,246,247,248,249,250,251,252,253,254]
61397.21562130179 [0,1,2,3,4,6,7,8,9] [243,244,245,246,247,248,249,250,251,252,253,254,255]
61388.32111111112 [0,1,2,3,4,6,7,8,9] [245,246,247]
61375.1076 [0,1,2,3,4,6,7,8,9] [244,245,246,247,248]
61373.074878369494 [0,1,2,3,4,6,7,8,9] [244,245,246,247,248,249,250,251,252,253,254,255,256]
61371.80444444442 [0,1,2,3,4,6,7,8,9] [249,250,251,252,253,254,255,256]
61352.93097505667 [0,1,2,3,4,6,7,8,9] [243,244,245,246,247,248,249]
61349.785679012355 [0,1,2,3,4,6,7,8,9] [252,253,254]
61347.033611111125 [0,1,2,3,4,6,7,8,9] [245,246]
61338.77777777777 [0,1,2,3,4,6,7,8,9] [253]
61335.10869684498 [0,1,2,3,4,6,7,8,9] [242,243,244,245,246,247,248,249,250]
61332.88109410431 [0,1,2,3,4,6,7,8,9] [242,243,244,245,246,247,248,249,250,251,252,253,254,255]
61330.5225 [0,1,2,3,4,6,7,8,9] [246,247,248,249,250,251,252,253,254,255,256,257]
61328.87151111112 [0,1,2,3,4,6,7,8,9] [251,252,253,254,255]
61325.80544784581 [0,1,2,3,4,6,7,8,9] [243,244,245,246,247,248,249,250,251,252,253,254,255,256]
61324.807633136086 [0,1,2,3,4,6,7,8,9] [241,242,243,244,245,246,247,248,249,250,251,252,253]
61323.64352623456 [0,1,2,3,4,6,7,8,9] [241,242,243,244,245,246,247,248,249,250,251,252]
61314.64852728467 [0,1,2,3,4,6,7,8,9] [245,246,247,248,249,250,251,252,253,254,255,256,257]
61308.761248852155 [0,1,2,3,4,6,7,8,9] [247,248,249,250,251,252,253,254,255,256,257]
61298.68591836732 [0,1,2,3,4,6,7,8,9] [250,251,252,253,254,255,256]
61292.55537777778 [0,1,2,3,4,6,7,8,9] [248,249,250,251,252,253,254,255,256,257]
61283.36014172335 [0,1,2,3,4,6,7,8,9] [241,242,243,244,245,246,247,248,249,250,251,252,253,254]
61281.00249999998 [0,1,2,3,4,6,7,8,9] [244,245,246,247,248,249,250,251,252,253,254,255,256,257]
61270.550834567905 [0,1,2,3,4,6,7,8,9] [242,243,244,245,246,247,248,249,250,251,252,253,254,255,256]
61265.25033057851 [0,1,2,3,4,6,7,8,9] [241,242,243,244,245,246,247,248,249,250,251]
61264.500277777785 [0,1,2,3,4,6,7,8,9] [243,244,245,246,247,248]
61252.12506944443 [0,1,2,3,4,6,7,8,9] [244,245,246,247]
61245.93793402779 [0,1,2,3,4,6,7,8,9] [242,243,244,245,246,247,248,249]
