[Score] [Station index] [Time slots] 
52345.225 [0,1,2,3,4,5,6,7,8,9] [240]
52311.46711111111 [0,1,2,3,4,5,6,7,8,9] [238,239,240]
52294.59225000001 [0,1,2,3,4,5,6,7,8,9] [238,239]
52294.59225 [0,1,2,3,4,5,6,7,8,9] [239,240]
52283.74556250001 [0,1,2,3,4,5,6,7,8,9] [238,239,240,241]
52272.9 [0,1,2,3,4,5,6,7,8,9] [240,241]
52263.26044444445 [0,1,2,3,4,5,6,7,8,9] [239,240,241]
52258.441 [0,1,2,3,4,5,6,7,8,9] [243]
52243.98400000001 [0,1,2,3,4,5,6,7,8,9] [239]
52222.30224999999 [0,1,2,3,4,5,6,7,8,9] [237,238,239,240]
52217.96643999998 [0,1,2,3,4,5,6,7,8,9] [237,238,239,240,241]
52215.076 [0,1,2,3,4,5,6,7,8,9] [243,244]
52210.258777777766 [0,1,2,3,4,5,6,7,8,9] [238,239,240,241,242,243]
52204.75365306121 [0,1,2,3,4,5,6,7,8,9] [238,239,240,241,242,243,244]
52200.625 [0,1,2,3,4,5,6,7,8,9] [238,239,240,241,242]
52186.176000000014 [0,1,2,3,4,5,6,7,8,9] [238,239,240,241,242,243,244,245]
52183.28644 [0,1,2,3,4,5,6,7,8,9] [239,240,241,242,243]
52181.36011111111 [0,1,2,3,4,5,6,7,8,9] [239,240,241,242,243,244]
52173.792734693874 [0,1,2,3,4,5,6,7,8,9] [237,238,239,240,241,242,243]
52173.534765625 [0,1,2,3,4,5,6,7,8,9] [237,238,239,240,241,242,243,244]
52171.72900000001 [0,1,2,3,4,5,6,7,8,9] [244]
52168.83983999999 [0,1,2,3,4,5,6,7,8,9] [240,241,242,243,244]
52168.117562499996 [0,1,2,3,4,5,6,7,8,9] [240,241,242,243]
52164.50625 [0,1,2,3,4,5,6,7,8,9] [239,240,241,242]
52164.506249999984 [0,1,2,3,4,5,6,7,8,9] [236,237,238,239,240,241]
52163.70375308643 [0,1,2,3,4,5,6,7,8,9] [238,239,240,241,242,243,244,245,246]
52163.47446938775 [0,1,2,3,4,5,6,7,8,9] [239,240,241,242,243,244,245]
52162.09877777778 [0,1,2,3,4,5,6,7,8,9] [243,244,245]
52160.49382716049 [0,1,2,3,4,5,6,7,8,9] [237,238,239,240,241,242,243,244,245]
52159.691361111116 [0,1,2,3,4,5,6,7,8,9] [237,238,239,240,241,242]
52157.28399999999 [0,1,2,3,4,5,6,7,8,9] [236,237,238,239,240]
52150.062249999995 [0,1,2,3,4,5,6,7,8,9] [237,238]
52150.06224999998 [0,1,2,3,4,5,6,7,8,9] [240,241,242,243,244,245]
52149.0306122449 [0,1,2,3,4,5,6,7,8,9] [235,236,237,238,239,240,241]
52144.28520999999 [0,1,2,3,4,5,6,7,8,9] [238,239,240,241,242,243,244,245,246,247]
52142.841 [0,1,2,3,4,5,6,7,8,9] [237,238,239,240,241,242,243,244,245,246]
52142.840999999986 [0,1,2,3,4,5,6,7,8,9] [236,237,238,239,240,241,242,243,244]
52141.035765625 [0,1,2,3,4,5,6,7,8,9] [239,240,241,242,243,244,245,246]
52140.43402777778 [0,1,2,3,4,5,6,7,8,9] [235,236,237,238,239,240]
52139.23056249999 [0,1,2,3,4,5,6,7,8,9] [236,237,238,239,240,241,242,243]
52138.02711111111 [0,1,2,3,4,5,6,7,8,9] [240,241,242]
52136.276661157004 [0,1,2,3,4,5,6,7,8,9] [238,239,240,241,242,243,244,245,246,247,248]
52134.58875510203 [0,1,2,3,4,5,6,7,8,9] [234,235,236,237,238,239,240]
52134.17616000001 [0,1,2,3,4,5,6,7,8,9] [236,237,238,239,240,241,242,243,244,245]
52131.02548760331 [0,1,2,3,4,5,6,7,8,9] [234,235,236,237,238,239,240,241,242,243,244]
52130.0044567901 [0,1,2,3,4,5,6,7,8,9] [235,236,237,238,239,240,241,242,243]
52127.087280991735 [0,1,2,3,4,5,6,7,8,9] [237,238,239,240,241,242,243,244,245,246,247]
52127.08728099172 [0,1,2,3,4,5,6,7,8,9] [235,236,237,238,239,240,241,242,243,244,245]
52126.95601 [0,1,2,3,4,5,6,7,8,9] [234,235,236,237,238,239,240,241,242,243]
52126.337163265314 [0,1,2,3,4,5,6,7,8,9] [240,241,242,243,244,245,246]
52124.790062500004 [0,1,2,3,4,5,6,7,8,9] [241,242,243,244]
52124.79006249999 [0,1,2,3,4,5,6,7,8,9] [234,235,236,237,238,239,240,241,242,243,244,245]
52122.21161224491 [0,1,2,3,4,5,6,7,8,9] [236,237,238,239,240,241,242]
52121.98241975308 [0,1,2,3,4,5,6,7,8,9] [239,240,241,242,243,244,245,246,247]
52121.180250000005 [0,1,2,3,4,5,6,7,8,9] [238,239,240,241,242,243,244,245,246,247,248,249]
52120.5239338843 [0,1,2,3,4,5,6,7,8,9] [236,237,238,239,240,241,242,243,244,245,246]
52117.57056250001 [0,1,2,3,4,5,6,7,8,9] [243,244,245,246]
52115.40480999999 [0,1,2,3,4,5,6,7,8,9] [239,240,241,242,243,244,245,246,247,248]
52115.164173611105 [0,1,2,3,4,5,6,7,8,9] [235,236,237,238,239,240,241,242,243,244,245,246]
52113.960999999996 [0,1,2,3,4,5,6,7,8,9] [234,235,236,237,238,239,240,241,242,243,244,245,246]
52112.356790123464 [0,1,2,3,4,5,6,7,8,9] [234,235,236,237,238,239,240,241,242]
52111.07344 [0,1,2,3,4,5,6,7,8,9] [241,242,243,244,245]
52110.3515625 [0,1,2,3,4,5,6,7,8,9] [236,237,238,239]
52109.14844444445 [0,1,2,3,4,5,6,7,8,9] [241,242,243]
52108.40807100591 [0,1,2,3,4,5,6,7,8,9] [237,238,239,240,241,242,243,244,245,246,247,248,249]
52107.94534027778 [0,1,2,3,4,5,6,7,8,9] [236,237,238,239,240,241,242,243,244,245,246,247]
52106.74225 [0,1,2,3,4,5,6,7,8,9] [240,241,242,243,244,245,246,247]
52103.96594082839 [0,1,2,3,4,5,6,7,8,9] [236,237,238,239,240,241,242,243,244,245,246,247,248]
52103.648653061224 [0,1,2,3,4,5,6,7,8,9] [234,235,236,237,238,239,240,241,242,243,244,245,246,247]
52101.12801234567 [0,1,2,3,4,5,6,7,8,9] [240,241,242,243,244,245,246,247,248]
52100.83637190082 [0,1,2,3,4,5,6,7,8,9] [239,240,241,242,243,244,245,246,247,248,249]
52100.55514795918 [0,1,2,3,4,5,6,7,8,9] [235,236,237,238,239,240,241,242,243,244,245,246,247,248]
52100.486404444455 [0,1,2,3,4,5,6,7,8,9] [234,235,236,237,238,239,240,241,242,243,244,245,246,247,248]
52099.52400000003 [0,1,2,3,4,5,6,7,8,9] [242,243,244]
52099.52400000001 [0,1,2,3,4,5,6,7,8,9] [234,235,236,237,238,239]
52099.52399999999 [0,1,2,3,4,5,6,7,8,9] [235,236,237,238,239]
52093.337326530615 [0,1,2,3,4,5,6,7,8,9] [236,237,238,239,240,241,242,243,244,245,246,247,248,249]
52091.40406640626 [0,1,2,3,4,5,6,7,8,9] [234,235,236,237,238,239,240,241,242,243,244,245,246,247,248,249]
52090.86276 [0,1,2,3,4,5,6,7,8,9] [235,236,237,238,239,240,241,242,243,244,245,246,247,248,249]
52089.90044444445 [0,1,2,3,4,5,6,7,8,9] [241,242,243,244,245,246]
52088.697562500005 [0,1,2,3,4,5,6,7,8,9] [242,243,244,245]
52087.975839999985 [0,1,2,3,4,5,6,7,8,9] [243,244,245,246,247]
52087.30963905323 [0,1,2,3,4,5,6,7,8,9] [238,239,240,241,242,243,244,245,246,247,248,249,250]
52086.53241 [0,1,2,3,4,5,6,7,8,9] [240,241,242,243,244,245,246,247,248,249]
52082.68336111112 [0,1,2,3,4,5,6,7,8,9] [243,244,245,246,247,248]
52080.64786390531 [0,1,2,3,4,5,6,7,8,9] [233,234,235,236,237,238,239,240,241,242,243,244,245]
52077.87225 [0,1,2,3,4,5,6,7,8,9] [237,238,239,240,241,242,243,244,245,246,247,248,249,250]
52077.07041975308 [0,1,2,3,4,5,6,7,8,9] [233,234,235,236,237,238,239,240,241]
52074.59207438016 [0,1,2,3,4,5,6,7,8,9] [233,234,235,236,237,238,239,240,241,242,243]
52073.74861734693 [0,1,2,3,4,5,6,7,8,9] [233,234,235,236,237,238,239,240,241,242,243,244,245,246]
52072.717734693884 [0,1,2,3,4,5,6,7,8,9] [241,242,243,244,245,246,247]
52070.65600000002 [0,1,2,3,4,5,6,7,8,9] [241,242,243,244,245,246,247,248]
52070.656 [0,1,2,3,4,5,6,7,8,9] [244,245,246]
52067.76964000003 [0,1,2,3,4,5,6,7,8,9] [242,243,244,245,246]
52067.26029065743 [0,1,2,3,4,5,6,7,8,9] [234,235,236,237,238,239,240,241,242,243,244,245,246,247,248,249,250]
52066.80753777777 [0,1,2,3,4,5,6,7,8,9] [233,234,235,236,237,238,239,240,241,242,243,244,245,246,247]
52066.14609765624 [0,1,2,3,4,5,6,7,8,9] [233,234,235,236,237,238,239,240,241,242,243,244,245,246,247,248]
52065.84544444445 [0,1,2,3,4,5,6,7,8,9] [236,237,238,239,240,241,242,243,244,245,246,247,248,249,250]
52065.845444444436 [0,1,2,3,4,5,6,7,8,9] [239,240,241,242,243,244,245,246,247,248,249,250]
52065.244140624985 [0,1,2,3,4,5,6,7,8,9] [235,236,237,238,239,240,241,242,243,244,245,246,247,248,249,250]
