[Score] [Station index] [Time slots] 
15586.704000000002 [0,1,2,3,4,5,6,7,8,9] [2]
15566.970250000002 [0,1,2,3,4,5,6,7,8,9] [1,2]
15547.249000000005 [0,1,2,3,4,5,6,7,8,9] [1,2,3]
15547.249000000002 [0,1,2,3,4,5,6,7,8,9] [1]
15547.248999999996 [0,1,2,3,4,5,6,7,8,9] [2,3]
15534.108444444448 [0,1,2,3,4,5,6,7,8,9] [0,1,2]
15527.540249999996 [0,1,2,3,4,5,6,7,8,9] [0,1,2,3]
15507.843999999997 [0,1,2,3,4,5,6,7,8,9] [3]
15476.355999999996 [0,1,2,3,4,5,6,7,8,9] [1,2,3,4]
15474.782440000004 [0,1,2,3,4,5,6,7,8,9] [0,1,2,3,4]
15468.489000000001 [0,1,2,3,4,5,6,7,8,9] [0]
15452.761000000002 [0,1,2,3,4,5,6,7,8,9] [2,3,4]
15426.565444444443 [0,1,2,3,4,5,6,7,8,9] [0,1,2,3,4,5]
15418.187560000002 [0,1,2,3,4,5,6,7,8,9] [1,2,3,4,5]
15391.049877551017 [0,1,2,3,4,5,6,7,8,9] [0,1,2,3,4,5,6]
15386.00625 [0,1,2,3,4,5,6,7,8,9] [2,3,4,5]
15386.006249999995 [0,1,2,3,4,5,6,7,8,9] [3,4]
15378.162249999998 [0,1,2,3,4,5,6,7,8,9] [1,2,3,4,5,6]
15353.662640624996 [0,1,2,3,4,5,6,7,8,9] [0,1,2,3,4,5,6,7]
15344.455839999999 [0,1,2,3,4,5,6,7,8,9] [2,3,4,5,6]
15337.293795918367 [0,1,2,3,4,5,6,7,8,9] [1,2,3,4,5,6,7]
15330.705197530862 [0,1,2,3,4,5,6,7,8,9] [0,1,2,3,4,5,6,7,8]
15319.395999999999 [0,1,2,3,4,5,6,7,8,9] [3,4,5]
15317.83044 [0,1,2,3,4,5,6,7,8,9] [0,1,2,3,4,5,6,7,8,9]
15313.525562499994 [0,1,2,3,4,5,6,7,8,9] [1,2,3,4,5,6,7,8]
15302.440027777779 [0,1,2,3,4,5,6,7,8,9] [2,3,4,5,6,7]
15301.136111111113 [0,1,2,3,4,5,6,7,8,9] [1,2,3,4,5,6,7,8,9]
15293.076768595045 [0,1,2,3,4,5,6,7,8,9] [0,1,2,3,4,5,6,7,8,9,10]
15284.19025 [0,1,2,3,4,5,6,7,8,9] [3,4,5,6]
15280.280999999997 [0,1,2,3,4,5,6,7,8,9] [2,3,4,5,6,7,8]
15275.590560000002 [0,1,2,3,4,5,6,7,8,9] [1,2,3,4,5,6,7,8,9,10]
15270.5100625 [0,1,2,3,4,5,6,7,8,9] [2,3,4,5,6,7,8,9]
15269.858777777781 [0,1,2,3,4,5,6,7,8,9] [0,1,2,3,4,5,6,7,8,9,10,11]
15264.649 [0,1,2,3,4,5,6,7,8,9] [4]
15251.865132231407 [0,1,2,3,4,5,6,7,8,9] [1,2,3,4,5,6,7,8,9,10,11]
15247.222745562136 [0,1,2,3,4,5,6,7,8,9] [0,1,2,3,4,5,6,7,8,9,10,11,12]
15245.90116 [0,1,2,3,4,5,6,7,8,9] [3,4,5,6,7]
15245.554086419754 [0,1,2,3,4,5,6,7,8,9] [2,3,4,5,6,7,8,9,10]
15229.50625 [0,1,2,3,4,5,6,7,8,9] [3,4,5,6,7,8]
15228.85584027778 [0,1,2,3,4,5,6,7,8,9] [1,2,3,4,5,6,7,8,9,10,11,12]
15226.718877551026 [0,1,2,3,4,5,6,7,8,9] [0,1,2,3,4,5,6,7,8,9,10,11,12,13]
15225.603999999996 [0,1,2,3,4,5,6,7,8,9] [3,4,5,6,7,8,9]
15222.48256 [0,1,2,3,4,5,6,7,8,9] [2,3,4,5,6,7,8,9,10,11]
15209.999999999995 [0,1,2,3,4,5,6,7,8,9] [4,5,6]
15208.200053254433 [0,1,2,3,4,5,6,7,8,9] [1,2,3,4,5,6,7,8,9,10,11,12,13]
15203.175765625001 [0,1,2,3,4,5,6,7,8,9] [3,4,5,6,7,8,9,10]
15202.201000000005 [0,1,2,3,4,5,6,7,8,9] [9]
15200.074347107438 [0,1,2,3,4,5,6,7,8,9] [2,3,4,5,6,7,8,9,10,11,12]
15186.609 [0,1,2,3,4,5,6,7,8,9] [5]
15182.712250000002 [0,1,2,3,4,5,6,7,8,9] [5,6]
15182.279308641979 [0,1,2,3,4,5,6,7,8,9] [3,4,5,6,7,8,9,10,11]
15180.893937777777 [0,1,2,3,4,5,6,7,8,9] [0,1,2,3,4,5,6,7,8,9,10,11,12,13,14]
15180.7640625 [0,1,2,3,4,5,6,7,8,9] [4,5,6,7]
15180.114694444444 [0,1,2,3,4,5,6,7,8,9] [2,3,4,5,6,7,8,9,10,11,12,13]
15178.815999999997 [0,1,2,3,4,5,6,7,8,9] [4,5,6,7,8,9]
15174.920250000001 [0,1,2,3,4,5,6,7,8,9] [8,9]
15174.141160000003 [0,1,2,3,4,5,6,7,8,9] [4,5,6,7,8]
15161.67844 [0,1,2,3,4,5,6,7,8,9] [3,4,5,6,7,8,9,10,11,12]
15160.454698979589 [0,1,2,3,4,5,6,7,8,9] [1,2,3,4,5,6,7,8,9,10,11,12,13,14]
15159.898469387754 [0,1,2,3,4,5,6,7,8,9] [4,5,6,7,8,9,10]
15155.449000000002 [0,1,2,3,4,5,6,7,8,9] [6,7,8,9]
15152.853777777776 [0,1,2,3,4,5,6,7,8,9] [5,6,7]
15151.556250000005 [0,1,2,3,4,5,6,7,8,9] [5,6,7,8]
15147.664000000004 [0,1,2,3,4,5,6,7,8,9] [7,8,9]
15147.663999999999 [0,1,2,3,4,5,6,7,8,9] [8]
15143.418479338841 [0,1,2,3,4,5,6,7,8,9] [3,4,5,6,7,8,9,10,11,12,13]
15142.47511111111 [0,1,2,3,4,5,6,7,8,9] [5,6,7,8,9,10]
15141.8265625 [0,1,2,3,4,5,6,7,8,9] [4,5,6,7,8,9,10,11]
15139.880999999998 [0,1,2,3,4,5,6,7,8,9] [6,7,8]
15135.990249999999 [0,1,2,3,4,5,6,7,8,9] [6,7]
15133.656039999998 [0,1,2,3,4,5,6,7,8,9] [6,7,8,9,10]
15132.099999999995 [0,1,2,3,4,5,6,7,8,9] [8,9,10]
15130.903100591715 [0,1,2,3,4,5,6,7,8,9] [2,3,4,5,6,7,8,9,10,11,12,13,14]
15124.321000000002 [0,1,2,3,4,5,6,7,8,9] [5,6,7,8,9,10,11]
15124.321 [0,1,2,3,4,5,6,7,8,9] [9,10]
15123.456790123459 [0,1,2,3,4,5,6,7,8,9] [4,5,6,7,8,9,10,11,12]
15122.3765625 [0,1,2,3,4,5,6,7,8,9] [7,8,9,10]
15120.432250000002 [0,1,2,3,4,5,6,7,8,9] [7,8]
15113.95211111111 [0,1,2,3,4,5,6,7,8,9] [6,7,8,9,10,11]
15107.214240000001 [0,1,2,3,4,5,6,7,8,9] [4,5,6,7,8,9,10,11,12,13]
15105.853890625 [0,1,2,3,4,5,6,7,8,9] [5,6,7,8,9,10,11,12]
15102.9390625 [0,1,2,3,4,5,6,7,8,9] [8,9,10,11]
15100.996000000003 [0,1,2,3,4,5,6,7,8,9] [7,8,9,10,11]
15094.335020408165 [0,1,2,3,4,5,6,7,8,9] [6,7,8,9,10,11,12]
15093.225000000006 [0,1,2,3,4,5,6,7,8,9] [3,4,5,6,7,8,9,10,11,12,13,14]
15093.225 [0,1,2,3,4,5,6,7,8,9] [7]
15089.771864197532 [0,1,2,3,4,5,6,7,8,9] [5,6,7,8,9,10,11,12,13]
15088.045444444444 [0,1,2,3,4,5,6,7,8,9] [9,10,11]
15086.427015624999 [0,1,2,3,4,5,6,7,8,9] [0,1,2,3,4,5,6,7,8,9,10,11,12,13,14,15]
15080.277777777776 [0,1,2,3,4,5,6,7,8,9] [7,8,9,10,11,12]
15077.689000000002 [0,1,2,3,4,5,6,7,8,9] [8,9,10,11,12]
15077.688999999995 [0,1,2,3,4,5,6,7,8,9] [6,7,8,9,10,11,12,13]
15063.269877551025 [0,1,2,3,4,5,6,7,8,9] [7,8,9,10,11,12,13]
15061.126084444448 [0,1,2,3,4,5,6,7,8,9] [1,2,3,4,5,6,7,8,9,10,11,12,13,14,15]
15060.220562500002 [0,1,2,3,4,5,6,7,8,9] [9,10,11,12]
15058.280250000005 [0,1,2,3,4,5,6,7,8,9] [8,9,10,11,12,13]
15055.810942148764 [0,1,2,3,4,5,6,7,8,9] [4,5,6,7,8,9,10,11,12,13,14]
15046.640999999998 [0,1,2,3,4,5,6,7,8,9] [10]
15040.435239999995 [0,1,2,3,4,5,6,7,8,9] [9,10,11,12,13]
15035.006249999995 [0,1,2,3,4,5,6,7,8,9] [5,6,7,8,9,10,11,12,13,14]
