[Score] [Station index] [Time slots] 
52475.53600000001 [0,1,2,3,4,5,6,7,8,9] [0]
52381.406249999985 [0,1,2,3,4,5,6,7,8,9] [0,1]
52287.36099999999 [0,1,2,3,4,5,6,7,8,9] [1]
52268.080111111114 [0,1,2,3,4,5,6,7,8,9] [0,1,2]
52164.50625 [0,1,2,3,4,5,6,7,8,9] [1,2]
52045.40306250001 [0,1,2,3,4,5,6,7,8,9] [0,1,2,3]
52041.795999999995 [0,1,2,3,4,5,6,7,8,9] [2]
51902.418777777784 [0,1,2,3,4,5,6,7,8,9] [1,2,3]
51825.600999999995 [0,1,2,3,4,5,6,7,8,9] [0,1,2,3,4]
51710.48100000001 [0,1,2,3,4,5,6,7,8,9] [2,3]
51663.75006250001 [0,1,2,3,4,5,6,7,8,9] [1,2,3,4]
51576.33611111112 [0,1,2,3,4,5,6,7,8,9] [0,1,2,3,4,5]
51456.7111111111 [0,1,2,3,4,5,6,7,8,9] [2,3,4]
51397.42864000001 [0,1,2,3,4,5,6,7,8,9] [1,2,3,4,5]
51380.22400000001 [0,1,2,3,4,5,6,7,8,9] [3]
51312.66222448981 [0,1,2,3,4,5,6,7,8,9] [0,1,2,3,4,5,6]
51176.1390625 [0,1,2,3,4,5,6,7,8,9] [2,3,4,5]
51165.40900000001 [0,1,2,3,4,5,6,7,8,9] [3,4]
51120.11669444445 [0,1,2,3,4,5,6,7,8,9] [1,2,3,4,5,6]
51104.626562500016 [0,1,2,3,4,5,6,7,8,9] [0,1,2,3,4,5,6,7]
50951.043999999994 [0,1,2,3,4,5,6,7,8,9] [4]
50910.263591836716 [0,1,2,3,4,5,6,7,8,9] [1,2,3,4,5,6,7]
50901.88297530864 [0,1,2,3,4,5,6,7,8,9] [0,1,2,3,4,5,6,7,8]
50889.20011111113 [0,1,2,3,4,5,6,7,8,9] [3,4,5]
50888.248960000004 [0,1,2,3,4,5,6,7,8,9] [2,3,4,5,6]
50737.12899999999 [0,1,2,3,4,5,6,7,8,9] [0,1,2,3,4,5,6,7,8,9]
50706.860765624995 [0,1,2,3,4,5,6,7,8,9] [1,2,3,4,5,6,7,8]
50682.53402777777 [0,1,2,3,4,5,6,7,8,9] [2,3,4,5,6,7]
50644.57225000001 [0,1,2,3,4,5,6,7,8,9] [4,5]
50601.88224999997 [0,1,2,3,4,5,6,7,8,9] [3,4,5,6]
50545.78019753085 [0,1,2,3,4,5,6,7,8,9] [1,2,3,4,5,6,7,8,9]
50540.46612396695 [0,1,2,3,4,5,6,7,8,9] [0,1,2,3,4,5,6,7,8,9,10]
50483.05502040817 [0,1,2,3,4,5,6,7,8,9] [2,3,4,5,6,7,8]
50412.84004000002 [0,1,2,3,4,5,6,7,8,9] [3,4,5,6,7]
50348.958490000026 [0,1,2,3,4,5,6,7,8,9] [1,2,3,4,5,6,7,8,9,10]
50343.75511111111 [0,1,2,3,4,5,6,7,8,9] [4,5,6]
50339.025 [0,1,2,3,4,5,6,7,8,9] [5]
50337.84250694441 [0,1,2,3,4,5,6,7,8,9] [0,1,2,3,4,5,6,7,8,9,10,11]
50330.156640624984 [0,1,2,3,4,5,6,7,8,9] [2,3,4,5,6,7,8,9]
50225.569 [0,1,2,3,4,5,6,7,8,9] [3,4,5,6,7,8]
50172.430562500005 [0,1,2,3,4,5,6,7,8,9] [4,5,6,7]
50145.71095041321 [0,1,2,3,4,5,6,7,8,9] [1,2,3,4,5,6,7,8,9,10,11]
50135.84044444445 [0,1,2,3,4,5,6,7,8,9] [2,3,4,5,6,7,8,9,10]
50129.66774556213 [0,1,2,3,4,5,6,7,8,9] [0,1,2,3,4,5,6,7,8,9,10,11,12]
50087.97308163265 [0,1,2,3,4,5,6,7,8,9] [3,4,5,6,7,8,9]
50041.47600000001 [0,1,2,3,4,5,6,7,8,9] [5,6]
49996.21263999999 [0,1,2,3,4,5,6,7,8,9] [4,5,6,7,8]
49939.46033163264 [0,1,2,3,4,5,6,7,8,9] [0,1,2,3,4,5,6,7,8,9,10,11,12,13]
49936.60000694443 [0,1,2,3,4,5,6,7,8,9] [1,2,3,4,5,6,7,8,9,10,11,12]
49934.00896 [0,1,2,3,4,5,6,7,8,9] [2,3,4,5,6,7,8,9,10,11]
49914.225 [0,1,2,3,4,5,6,7,8,9] [5,6,7]
49900.096 [0,1,2,3,4,5,6,7,8,9] [3,4,5,6,7,8,9,10]
49874.19802777776 [0,1,2,3,4,5,6,7,8,9] [4,5,6,7,8,9]
49769.26240444443 [0,1,2,3,4,5,6,7,8,9] [0,1,2,3,4,5,6,7,8,9,10,11,12,13,14]
49758.916 [0,1,2,3,4,5,6,7,8,9] [5,6,7,8]
49746.97917751479 [0,1,2,3,4,5,6,7,8,9] [1,2,3,4,5,6,7,8,9,10,11,12,13]
49744.808999999994 [0,1,2,3,4,5,6,7,8,9] [6]
49725.57540495867 [0,1,2,3,4,5,6,7,8,9] [2,3,4,5,6,7,8,9,10,11,12]
49702.5 [0,1,2,3,4,5,6,7,8,9] [3,4,5,6,7,8,9,10,11]
49702.499999999985 [0,1,2,3,4,5,6,7,8,9] [6,7]
49690.41502040818 [0,1,2,3,4,5,6,7,8,9] [4,5,6,7,8,9,10]
49660.20900000001 [0,1,2,3,4,5,6,7,8,9] [5,6,7,8,9]
49613.53359765625 [0,1,2,3,4,5,6,7,8,9] [0,1,2,3,4,5,6,7,8,9,10,11,12,13,14,15]
49578.69861734695 [0,1,2,3,4,5,6,7,8,9] [1,2,3,4,5,6,7,8,9,10,11,12,13,14]
49566.29344444444 [0,1,2,3,4,5,6,7,8,9] [6,7,8]
49538.136111111104 [0,1,2,3,4,5,6,7,8,9] [2,3,4,5,6,7,8,9,10,11,12,13]
49496.85315999999 [0,1,2,3,4,5,6,7,8,9] [3,4,5,6,7,8,9,10,11,12]
49494.74256250002 [0,1,2,3,4,5,6,7,8,9] [4,5,6,7,8,9,10,11]
49491.224999999984 [0,1,2,3,4,5,6,7,8,9] [6,7,8,9]
49481.84544444445 [0,1,2,3,4,5,6,7,8,9] [5,6,7,8,9,10]
49477.155999999995 [0,1,2,3,4,5,6,7,8,9] [7,8]
49465.571266435996 [0,1,2,3,4,5,6,7,8,9] [0,1,2,3,4,5,6,7,8,9,10,11,12,13,14,15,16]
49425.58677777779 [0,1,2,3,4,5,6,7,8,9] [1,2,3,4,5,6,7,8,9,10,11,12,13,14,15]
49406.841000000015 [0,1,2,3,4,5,6,7,8,9] [7,8,9]
49373.3237633136 [0,1,2,3,4,5,6,7,8,9] [2,3,4,5,6,7,8,9,10,11,12,13,14]
49327.991484567894 [0,1,2,3,4,5,6,7,8,9] [0,1,2,3,4,5,6,7,8,9,10,11,12,13,14,15,16,17]
49313.591041322295 [0,1,2,3,4,5,6,7,8,9] [3,4,5,6,7,8,9,10,11,12,13]
49311.29284 [0,1,2,3,4,5,6,7,8,9] [6,7,8,9,10]
49294.441000000006 [0,1,2,3,4,5,6,7,8,9] [8]
49289.76044444445 [0,1,2,3,4,5,6,7,8,9] [4,5,6,7,8,9,10,11,12]
49288.42318367348 [0,1,2,3,4,5,6,7,8,9] [5,6,7,8,9,10,11]
49280.400000000016 [0,1,2,3,4,5,6,7,8,9] [1,2,3,4,5,6,7,8,9,10,11,12,13,14,15,16]
49280.4 [0,1,2,3,4,5,6,7,8,9] [8,9]
49266.36099999998 [0,1,2,3,4,5,6,7,8,9] [9]
49224.25599999999 [0,1,2,3,4,5,6,7,8,9] [2,3,4,5,6,7,8,9,10,11,12,13,14,15]
49203.210250000004 [0,1,2,3,4,5,6,7,8,9] [7,8,9,10]
49162.23933518005 [0,1,2,3,4,5,6,7,8,9] [0,1,2,3,4,5,6,7,8,9,10,11,12,13,14,15,16,17,18]
49154.121 [0,1,2,3,4,5,6,7,8,9] [3,4,5,6,7,8,9,10,11,12,13,14]
49145.873110726636 [0,1,2,3,4,5,6,7,8,9] [1,2,3,4,5,6,7,8,9,10,11,12,13,14,15,16,17]
49114.40002777778 [0,1,2,3,4,5,6,7,8,9] [6,7,8,9,10,11]
49109.260839999995 [0,1,2,3,4,5,6,7,8,9] [4,5,6,7,8,9,10,11,12,13]
49084.03600000002 [0,1,2,3,4,5,6,7,8,9] [5,6,7,8,9,10,11,12]
49083.10187111112 [0,1,2,3,4,5,6,7,8,9] [2,3,4,5,6,7,8,9,10,11,12,13,14,15,16]
49051.34677777776 [0,1,2,3,4,5,6,7,8,9] [8,9,10]
49025.20323999999 [0,1,2,3,4,5,6,7,8,9] [0,1,2,3,4,5,6,7,8,9,10,11,12,13,14,15,16,17,18,19]
49010.76982248519 [0,1,2,3,4,5,6,7,8,9] [3,4,5,6,7,8,9,10,11,12,13,14,15]
48988.800640000016 [0,1,2,3,4,5,6,7,8,9] [7,8,9,10,11]
48981.33511111111 [0,1,2,3,4,5,6,7,8,9] [1,2,3,4,5,6,7,8,9,10,11,12,13,14,15,16,17,18]
48954.19252892562 [0,1,2,3,4,5,6,7,8,9] [4,5,6,7,8,9,10,11,12,13,14]
48952.761390625004 [0,1,2,3,4,5,6,7,8,9] [2,3,4,5,6,7,8,9,10,11,12,13,14,15,16,17]
