[Score] [Station index] [Time slots] 
64883.025 [0,1,2,3,4,5,6,7,8,9] [241]
64826.65225 [0,1,2,3,4,5,6,7,8,9] [240,241]
64770.30399999999 [0,1,2,3,4,5,6,7,8,9] [240]
64716.66177777779 [0,1,2,3,4,5,6,7,8,9] [240,241,242]
64657.68099999998 [0,1,2,3,4,5,6,7,8,9] [239,240,241]
64617.48225 [0,1,2,3,4,5,6,7,8,9] [239,240,241,242]
64612.659239999986 [0,1,2,3,4,5,6,7,8,9] [239,240,241,242,243]
64604.08544444444 [0,1,2,3,4,5,6,7,8,9] [239,240,241,242,243,244]
64559.21626562501 [0,1,2,3,4,5,6,7,8,9] [238,239,240,241,242,243,244,245]
64553.19025000001 [0,1,2,3,4,5,6,7,8,9] [238,239,240,241]
64552.04246938774 [0,1,2,3,4,5,6,7,8,9] [238,239,240,241,242,243,244]
64550.5121111111 [0,1,2,3,4,5,6,7,8,9] [238,239,240,241,242,243]
64545.15600000002 [0,1,2,3,4,5,6,7,8,9] [239,240]
64541.94244 [0,1,2,3,4,5,6,7,8,9] [238,239,240,241,242]
64511.23912345678 [0,1,2,3,4,5,6,7,8,9] [237,238,239,240,241,242,243,244,245]
64498.968765624995 [0,1,2,3,4,5,6,7,8,9] [237,238,239,240,241,242,243,244]
64490.07746938777 [0,1,2,3,4,5,6,7,8,9] [237,238,239,240,241,242,243]
64472.870250000014 [0,1,2,3,4,5,6,7,8,9] [237,238,239,240,241,242]
64468.052639999994 [0,1,2,3,4,5,6,7,8,9] [237,238,239,240,241]
64443.432111111106 [0,1,2,3,4,5,6,7,8,9] [238,239,240]
64441.64819753087 [0,1,2,3,4,5,6,7,8,9] [236,237,238,239,240,241,242,243,244]
64426.70889062502 [0,1,2,3,4,5,6,7,8,9] [236,237,238,239,240,241,242,243]
64413.465640000024 [0,1,2,3,4,5,6,7,8,9] [235,236,237,238,239,240,241,242,243,244]
64402.91787755103 [0,1,2,3,4,5,6,7,8,9] [236,237,238,239,240,241,242]
64397.058382716044 [0,1,2,3,4,5,6,7,8,9] [235,236,237,238,239,240,241,242,243]
64387.25069444446 [0,1,2,3,4,5,6,7,8,9] [236,237,238,239,240,241]
64372.54056249999 [0,1,2,3,4,5,6,7,8,9] [235,236,237,238,239,240,241,242]
64369.98773553719 [0,1,2,3,4,5,6,7,8,9] [234,235,236,237,238,239,240,241,242,243,244]
64364.51756250001 [0,1,2,3,4,5,6,7,8,9] [237,238,239,240]
64354.77602040818 [0,1,2,3,4,5,6,7,8,9] [235,236,237,238,239,240,241]
64350.87961 [0,1,2,3,4,5,6,7,8,9] [234,235,236,237,238,239,240,241,242,243]
64344.46225000002 [0,1,2,3,4,5,6,7,8,9] [233,234,235,236,237,238,239,240,241,242,243,244]
64338.73273469387 [0,1,2,3,4,5,6,7,8,9] [232,233,234,235,236,237,238,239,240,241,242,243,244,245]
64326.81616 [0,1,2,3,4,5,6,7,8,9] [231,232,233,234,235,236,237,238,239,240,241,242,243,244,245]
64324.77461983471 [0,1,2,3,4,5,6,7,8,9] [233,234,235,236,237,238,239,240,241,242,243]
64323.96449382716 [0,1,2,3,4,5,6,7,8,9] [234,235,236,237,238,239,240,241,242]
64320.4 [0,1,2,3,4,5,6,7,8,9] [239]
64317.93233136092 [0,1,2,3,4,5,6,7,8,9] [232,233,234,235,236,237,238,239,240,241,242,243,244]
64310.37539062502 [0,1,2,3,4,5,6,7,8,9] [230,231,232,233,234,235,236,237,238,239,240,241,242,243,244,245]
64306.65216326531 [0,1,2,3,4,5,6,7,8,9] [231,232,233,234,235,236,237,238,239,240,241,242,243,244]
64302.356265624985 [0,1,2,3,4,5,6,7,8,9] [234,235,236,237,238,239,240,241]
64297.945960000005 [0,1,2,3,4,5,6,7,8,9] [233,234,235,236,237,238,239,240,241,242]
64297.67867361112 [0,1,2,3,4,5,6,7,8,9] [232,233,234,235,236,237,238,239,240,241,242,243]
64290.4621511111 [0,1,2,3,4,5,6,7,8,9] [230,231,232,233,234,235,236,237,238,239,240,241,242,243,244]
64288.323999999986 [0,1,2,3,4,5,6,7,8,9] [236,237,238,239,240]
64287.09046745561 [0,1,2,3,4,5,6,7,8,9] [231,232,233,234,235,236,237,238,239,240,241,242,243]
64281.721110726634 [0,1,2,3,4,5,6,7,8,9] [229,230,231,232,233,234,235,236,237,238,239,240,241,242,243,244,245]
64280.30625 [0,1,2,3,4,5,6,7,8,9] [238,239]
64279.884277008314 [0,1,2,3,4,5,6,7,8,9] [228,229,230,231,232,233,234,235,236,237,238,239,240,241,242,243,244,245,246]
64276.74296604937 [0,1,2,3,4,5,6,7,8,9] [228,229,230,231,232,233,234,235,236,237,238,239,240,241,242,243,244,245]
64275.85216049382 [0,1,2,3,4,5,6,7,8,9] [233,234,235,236,237,238,239,240,241]
64271.14371938774 [0,1,2,3,4,5,6,7,8,9] [230,231,232,233,234,235,236,237,238,239,240,241,242,243]
64270.83137190084 [0,1,2,3,4,5,6,7,8,9] [232,233,234,235,236,237,238,239,240,241,242]
64266.94444444446 [0,1,2,3,4,5,6,7,8,9] [235,236,237,238,239,240]
64261.60011111111 [0,1,2,3,4,5,6,7,8,9] [231,232,233,234,235,236,237,238,239,240,241,242]
64261.266097656255 [0,1,2,3,4,5,6,7,8,9] [229,230,231,232,233,234,235,236,237,238,239,240,241,242,243,244]
64257.19906228375 [0,1,2,3,4,5,6,7,8,9] [228,229,230,231,232,233,234,235,236,237,238,239,240,241,242,243,244]
64256.256000000016 [0,1,2,3,4,5,6,7,8,9] [219]
64253.96573469388 [0,1,2,3,4,5,6,7,8,9] [227,228,229,230,231,232,233,234,235,236,237,238,239,240,241,242,243,244,245,246,247]
64251.44648999999 [0,1,2,3,4,5,6,7,8,9] [227,228,229,230,231,232,233,234,235,236,237,238,239,240,241,242,243,244,245,246]
64248.240249999995 [0,1,2,3,4,5,6,7,8,9] [232,233,234,235,236,237,238,239,240,241]
64246.974650969554 [0,1,2,3,4,5,6,7,8,9] [227,228,229,230,231,232,233,234,235,236,237,238,239,240,241,242,243,244,245]
64246.390532544385 [0,1,2,3,4,5,6,7,8,9] [230,231,232,233,234,235,236,237,238,239,240,241,242]
64241.29367111111 [0,1,2,3,4,5,6,7,8,9] [229,230,231,232,233,234,235,236,237,238,239,240,241,242,243]
64240.225 [0,1,2,3,4,5,6,7,8,9] [231,232,233,234,235,236,237,238,239,240,241]
64238.22126562501 [0,1,2,3,4,5,6,7,8,9] [228,229,230,231,232,233,234,235,236,237,238,239,240,241,242,243]
64229.53877777777 [0,1,2,3,4,5,6,7,8,9] [237,238,239]
64226.86736111112 [0,1,2,3,4,5,6,7,8,9] [227,228,229,230,231,232,233,234,235,236,237,238,239,240,241,242,243,244]
64226.38165495869 [0,1,2,3,4,5,6,7,8,9] [226,227,228,229,230,231,232,233,234,235,236,237,238,239,240,241,242,243,244,245,246,247]
64225.531673611105 [0,1,2,3,4,5,6,7,8,9] [230,231,232,233,234,235,236,237,238,239,240,241]
64222.6695328798 [0,1,2,3,4,5,6,7,8,9] [226,227,228,229,230,231,232,233,234,235,236,237,238,239,240,241,242,243,244,245,246]
64219.616653061224 [0,1,2,3,4,5,6,7,8,9] [234,235,236,237,238,239,240]
64216.98360250004 [0,1,2,3,4,5,6,7,8,9] [226,227,228,229,230,231,232,233,234,235,236,237,238,239,240,241,242,243,244,245]
64216.18224999999 [0,1,2,3,4,5,6,7,8,9] [229,230,231,232,233,234,235,236,237,238,239,240,241,242]
64214.57956000002 [0,1,2,3,4,5,6,7,8,9] [228,229,230,231,232,233,234,235,236,237,238,239,240,241,242]
64207.226297577865 [0,1,2,3,4,5,6,7,8,9] [227,228,229,230,231,232,233,234,235,236,237,238,239,240,241,242,243]
64202.59486011344 [0,1,2,3,4,5,6,7,8,9] [225,226,227,228,229,230,231,232,233,234,235,236,237,238,239,240,241,242,243,244,245,246,247]
64200.15625 [0,1,2,3,4,5,6,7,8,9] [233,234,235,236,237,238,239,240]
64197.97104132234 [0,1,2,3,4,5,6,7,8,9] [225,226,227,228,229,230,231,232,233,234,235,236,237,238,239,240,241,242,243,244,245,246]
64196.36091135735 [0,1,2,3,4,5,6,7,8,9] [226,227,228,229,230,231,232,233,234,235,236,237,238,239,240,241,242,243,244]
64194.609254437884 [0,1,2,3,4,5,6,7,8,9] [229,230,231,232,233,234,235,236,237,238,239,240,241]
64194.433163265305 [0,1,2,3,4,5,6,7,8,9] [228,229,230,231,232,233,234,235,236,237,238,239,240,241]
64192.14399999999 [0,1,2,3,4,5,6,7,8,9] [228]
64191.47633506944 [0,1,2,3,4,5,6,7,8,9] [224,225,226,227,228,229,230,231,232,233,234,235,236,237,238,239,240,241,242,243,244,245,246,247]
64191.38095464853 [0,1,2,3,4,5,6,7,8,9] [225,226,227,228,229,230,231,232,233,234,235,236,237,238,239,240,241,242,243,244,245]
64186.570555765604 [0,1,2,3,4,5,6,7,8,9] [224,225,226,227,228,229,230,231,232,233,234,235,236,237,238,239,240,241,242,243,244,245,246]
64184.13225 [0,1,2,3,4,5,6,7,8,9] [219,220]
64184.13224999998 [0,1,2,3,4,5,6,7,8,9] [237,238]
64183.13081640624 [0,1,2,3,4,5,6,7,8,9] [227,228,229,230,231,232,233,234,235,236,237,238,239,240,241,242]
64179.9663376 [0,1,2,3,4,5,6,7,8,9] [223,224,225,226,227,228,229,230,231,232,233,234,235,236,237,238,239,240,241,242,243,244,245,246,247]
64179.76241528926 [0,1,2,3,4,5,6,7,8,9] [224,225,226,227,228,229,230,231,232,233,234,235,236,237,238,239,240,241,242,243,244,245]
64177.969705621326 [0,1,2,3,4,5,6,7,8,9] [222,223,224,225,226,227,228,229,230,231,232,233,234,235,236,237,238,239,240,241,242,243,244,245,246,247]
64177.9012345679 [0,1,2,3,4,5,6,7,8,9] [232,233,234,235,236,237,238,239,240]
64176.12100000001 [0,1,2,3,4,5,6,7,8,9] [249]
64174.78584027777 [0,1,2,3,4,5,6,7,8,9] [223,224,225,226,227,228,229,230,231,232,233,234,235,236,237,238,239,240,241,242,243,244,245,246]
64172.91663999999 [0,1,2,3,4,5,6,7,8,9] [222,223,224,225,226,227,228,229,230,231,232,233,234,235,236,237,238,239,240,241,242,243,244,245,246]
64172.80614625446 [0,1,2,3,4,5,6,7,8,9] [219,220,221,222,223,224,225,226,227,228,229,230,231,232,233,234,235,236,237,238,239,240,241,242,243,244,245,246,247]
64171.96721536352 [0,1,2,3,4,5,6,7,8,9] [221,222,223,224,225,226,227,228,229,230,231,232,233,234,235,236,237,238,239,240,241,242,243,244,245,246,247]
64170.51342250001 [0,1,2,3,4,5,6,7,8,9] [225,226,227,228,229,230,231,232,233,234,235,236,237,238,239,240,241,242,243,244]
64169.82679719386 [0,1,2,3,4,5,6,7,8,9] [220,221,222,223,224,225,226,227,228,229,230,231,232,233,234,235,236,237,238,239,240,241,242,243,244,245,246,247]
