[Score] [Station index] [Time slots] 
29680.703999999998 [0,1,2,3,4,5,6,7,8,9] [254]
29658.916000000005 [0,1,2,3,4,5,6,7,8,9] [262,263]
29658.91599999999 [0,1,2,3,4,5,6,7,8,9] [263]
29631.692250000004 [0,1,2,3,4,5,6,7,8,9] [254,255]
29626.248999999993 [0,1,2,3,4,5,6,7,8,9] [253,254]
29622.620444444445 [0,1,2,3,4,5,6,7,8,9] [261,262,263]
29618.08506249999 [0,1,2,3,4,5,6,7,8,9] [260,261,262,263]
29611.736111111106 [0,1,2,3,4,5,6,7,8,9] [253,254,255]
29604.481000000018 [0,1,2,3,4,5,6,7,8,9] [259,260,261,262,263]
29604.481 [0,1,2,3,4,5,6,7,8,9] [261,262]
29604.48099999999 [0,1,2,3,4,5,6,7,8,9] [260,261,262]
29600.853777777793 [0,1,2,3,4,5,6,7,8,9] [254,255,256]
29593.6 [0,1,2,3,4,5,6,7,8,9] [253,254,255,256]
29590.880062499993 [0,1,2,3,4,5,6,7,8,9] [259,260,261,262]
29582.720999999998 [0,1,2,3,4,5,6,7,8,9] [255]
29577.28225 [0,1,2,3,4,5,6,7,8,9] [260,261]
29574.019240000005 [0,1,2,3,4,5,6,7,8,9] [260,261,262,263,264]
29571.844000000005 [0,1,2,3,4,5,6,7,8,9] [253]
29571.843999999994 [0,1,2,3,4,5,6,7,8,9] [270]
29570.03136111112 [0,1,2,3,4,5,6,7,8,9] [259,260,261,262,263,264]
29568.21877777779 [0,1,2,3,4,5,6,7,8,9] [259,260,261]
29566.40625000001 [0,1,2,3,4,5,6,7,8,9] [261,262,263,264]
29560.969000000005 [0,1,2,3,4,5,6,7,8,9] [255,256]
29555.532249999997 [0,1,2,3,4,5,6,7,8,9] [258,259,260,261,262,263]
29553.061165289255 [0,1,2,3,4,5,6,7,8,9] [253,254,255,256,257,258,259,260,261,262,263]
29551.18320999999 [0,1,2,3,4,5,6,7,8,9] [254,255,256,257,258,259,260,261,262,263]
29550.096 [0,1,2,3,4,5,6,7,8,9] [270,271]
29550.09599999999 [0,1,2,3,4,5,6,7,8,9] [269,270]
29546.472111111107 [0,1,2,3,4,5,6,7,8,9] [270,271,272]
29544.660249999997 [0,1,2,3,4,5,6,7,8,9] [270,271,272,273]
29543.573159999993 [0,1,2,3,4,5,6,7,8,9] [252,253,254,255,256]
29542.84844444444 [0,1,2,3,4,5,6,7,8,9] [269,270,271]
29542.48609 [0,1,2,3,4,5,6,7,8,9] [253,254,255,256,257,258,259,260,261,262]
29541.942562499986 [0,1,2,3,4,5,6,7,8,9] [269,270,271,272]
29541.399039999997 [0,1,2,3,4,5,6,7,8,9] [269,270,271,272,273]
29540.130840277776 [0,1,2,3,4,5,6,7,8,9] [253,254,255,256,257,258,259,260,261,262,263,264]
29539.225000000013 [0,1,2,3,4,5,6,7,8,9] [273]
29539.225 [0,1,2,3,4,5,6,7,8,9] [272,273]
29539.224999999988 [0,1,2,3,4,5,6,7,8,9] [256]
29537.248669421486 [0,1,2,3,4,5,6,7,8,9] [254,255,256,257,258,259,260,261,262,263,264]
29536.809493827157 [0,1,2,3,4,5,6,7,8,9] [255,256,257,258,259,260,261,262,263]
29535.60177777778 [0,1,2,3,4,5,6,7,8,9] [271,272,273]
29534.877160000004 [0,1,2,3,4,5,6,7,8,9] [270,271,272,273,274]
29533.790250000002 [0,1,2,3,4,5,6,7,8,9] [269,270,271,272,273,274]
29533.01389795919 [0,1,2,3,4,5,6,7,8,9] [258,259,260,261,262,263,264]
29532.703359999992 [0,1,2,3,4,5,6,7,8,9] [251,252,253,254,255]
29531.97877777777 [0,1,2,3,4,5,6,7,8,9] [252,253,254]
29531.700094674557 [0,1,2,3,4,5,6,7,8,9] [251,252,253,254,255,256,257,258,259,260,261,262,263]
29531.461224489798 [0,1,2,3,4,5,6,7,8,9] [259,260,261,262,263,264,265]
29531.073062499996 [0,1,2,3,4,5,6,7,8,9] [256,257,258,259,260,261,262,263]
29529.90859183673 [0,1,2,3,4,5,6,7,8,9] [257,258,259,260,261,262,263]
29529.56356790124 [0,1,2,3,4,5,6,7,8,9] [253,254,255,256,257,258,259,260,261]
29528.356 [0,1,2,3,4,5,6,7,8,9] [271]
29526.997515625008 [0,1,2,3,4,5,6,7,8,9] [253,254,255,256,257,258,259,260]
29525.6390625 [0,1,2,3,4,5,6,7,8,9] [271,272,273,274]
29525.012094674552 [0,1,2,3,4,5,6,7,8,9] [252,253,254,255,256,257,258,259,260,261,262,263,264]
29524.733444444446 [0,1,2,3,4,5,6,7,8,9] [272,273,274]
29524.404132231408 [0,1,2,3,4,5,6,7,8,9] [252,253,254,255,256,257,258,259,260,261,262]
29524.280640625006 [0,1,2,3,4,5,6,7,8,9] [254,255,256,257,258,259,260,261]
29523.698469387757 [0,1,2,3,4,5,6,7,8,9] [250,251,252,253,254,255,256,257,258,259,260,261,262,263]
29522.922249999992 [0,1,2,3,4,5,6,7,8,9] [255,256,257,258,259,260,261,262,263,264]
29522.146040816326 [0,1,2,3,4,5,6,7,8,9] [251,252,253,254,255,256,257,258,259,260,261,262,263,264]
29521.66837869822 [0,1,2,3,4,5,6,7,8,9] [253,254,255,256,257,258,259,260,261,262,263,264,265]
29521.563890624984 [0,1,2,3,4,5,6,7,8,9] [255,256,257,258,259,260,261,262]
29521.111111111113 [0,1,2,3,4,5,6,7,8,9] [251,252,253,254,255,256,257,258,259,260,261,262]
29520.593653061223 [0,1,2,3,4,5,6,7,8,9] [254,255,256,257,258,259,260]
29520.205562499992 [0,1,2,3,4,5,6,7,8,9] [251,252,253,254]
29517.488999999994 [0,1,2,3,4,5,6,7,8,9] [273,274]
29516.281679012336 [0,1,2,3,4,5,6,7,8,9] [256,257,258,259,260,261,262,263,264]
29515.93673469387 [0,1,2,3,4,5,6,7,8,9] [253,254,255,256,257,258,259]
29515.678027777787 [0,1,2,3,4,5,6,7,8,9] [252,253,254,255,256,257]
29515.678027777776 [0,1,2,3,4,5,6,7,8,9] [268,269,270,271,272,273]
29515.315840000007 [0,1,2,3,4,5,6,7,8,9] [250,251,252,253,254,255,256,257,258,259,260,261,262,263,264]
29513.86711111111 [0,1,2,3,4,5,6,7,8,9] [250,251,252,253,254,255]
29513.41439062499 [0,1,2,3,4,5,6,7,8,9] [257,258,259,260,261,262,263,264]
29513.309917159768 [0,1,2,3,4,5,6,7,8,9] [250,251,252,253,254,255,256,257,258,259,260,261,262]
29513.14276 [0,1,2,3,4,5,6,7,8,9] [261,262,263,264,265]
29512.832326530613 [0,1,2,3,4,5,6,7,8,9] [268,269,270,271,272,273,274]
29511.28018367347 [0,1,2,3,4,5,6,7,8,9] [251,252,253,254,255,256,257]
29510.96976 [0,1,2,3,4,5,6,7,8,9] [252,253,254,255,256,257,258,259,260,261]
29510.96975999999 [0,1,2,3,4,5,6,7,8,9] [268,269,270,271,272]
29510.245444444434 [0,1,2,3,4,5,6,7,8,9] [253,254,255,256,257,258]
29508.952045918362 [0,1,2,3,4,5,6,7,8,9] [252,253,254,255,256,257,258,259,260,261,262,263,264,265]
29508.599305785137 [0,1,2,3,4,5,6,7,8,9] [251,252,253,254,255,256,257,258,259,260,261]
29508.434694444448 [0,1,2,3,4,5,6,7,8,9] [257,258,259,260,261,262]
29508.176020408173 [0,1,2,3,4,5,6,7,8,9] [269,270,271,272,273,274,275]
29507.348271111114 [0,1,2,3,4,5,6,7,8,9] [251,252,253,254,255,256,257,258,259,260,261,262,263,264,265]
29506.624000000003 [0,1,2,3,4,5,6,7,8,9] [252,253,254,255,256,257,258,259,260]
29506.623999999993 [0,1,2,3,4,5,6,7,8,9] [254,255,256,257,258,259]
29504.813361111104 [0,1,2,3,4,5,6,7,8,9] [270,271,272,273,274,275]
29504.451239999995 [0,1,2,3,4,5,6,7,8,9] [251,252,253,254,255,256,257,258,259,260]
29504.296045918356 [0,1,2,3,4,5,6,7,8,9] [253,254,255,256,257,258,259,260,261,262,263,264,265,266]
29503.908062499995 [0,1,2,3,4,5,6,7,8,9] [268,269,270,271]
29503.727004444452 [0,1,2,3,4,5,6,7,8,9] [249,250,251,252,253,254,255,256,257,258,259,260,261,262,263]
29502.67358677686 [0,1,2,3,4,5,6,7,8,9] [255,256,257,258,259,260,261,262,263,264,265]
29501.96818367347 [0,1,2,3,4,5,6,7,8,9] [255,256,257,258,259,260,261]
29501.87119140625 [0,1,2,3,4,5,6,7,8,9] [250,251,252,253,254,255,256,257,258,259,260,261,262,263,264,265]
29501.19225000001 [0,1,2,3,4,5,6,7,8,9] [250,251,252,253,254,255,256,257,258,259,260,261]
29500.93360770975 [0,1,2,3,4,5,6,7,8,9] [253,254,255,256,257,258,259,260,261,262,263,264,265,266,267,268,269,270,271,272,273]
29500.69847933883 [0,1,2,3,4,5,6,7,8,9] [253,254,255,256,257,258,259,260,261,262,263,264,265,266,267,268,269,270,271,272,273,274]
