[Score] [Station index] [Time slots] 
56406.25 [0,1,2,3,4,6,7,8,9] [251]
56390.417777777795 [0,1,2,3,4,6,7,8,9] [245]
56390.41777777777 [0,1,2,3,4,6,7,8,9] [240]
56327.11111111111 [0,1,2,3,4,6,7,8,9] [244,245]
56303.38027777778 [0,1,2,3,4,6,7,8,9] [250,251]
56300.74382716048 [0,1,2,3,4,6,7,8,9] [249,250,251]
56295.4711111111 [0,1,2,3,4,6,7,8,9] [249]
56279.65444444445 [0,1,2,3,4,6,7,8,9] [240,241]
56279.65444444443 [0,1,2,3,4,6,7,8,9] [253]
56263.83999999999 [0,1,2,3,4,6,7,8,9] [244]
56258.56901234569 [0,1,2,3,4,6,7,8,9] [244,245,246]
56255.93361111112 [0,1,2,3,4,6,7,8,9] [245,246]
56248.027777777796 [0,1,2,3,4,6,7,8,9] [240,241,242,243,244,245]
56248.02777777778 [0,1,2,3,4,6,7,8,9] [249,250]
56240.12249999999 [0,1,2,3,4,6,7,8,9] [253,254]
56232.217777777776 [0,1,2,3,4,6,7,8,9] [242,243,244,245]
56229.959387755094 [0,1,2,3,4,6,7,8,9] [240,241,242,243,244,245,246]
56229.05604444446 [0,1,2,3,4,6,7,8,9] [249,250,251,252,253]
56224.31361111111 [0,1,2,3,4,6,7,8,9] [249,250,251,252,253,254]
56219.571377777786 [0,1,2,3,4,6,7,8,9] [241,242,243,244,245]
56219.571377777764 [0,1,2,3,4,6,7,8,9] [240,241,242,243,244]
56216.410000000025 [0,1,2,3,4,6,7,8,9] [243,244,245,246]
56216.41000000001 [0,1,2,3,4,6,7,8,9] [251,252,253]
56212.458402777775 [0,1,2,3,4,6,7,8,9] [251,252,253,254]
56210.08751111113 [0,1,2,3,4,6,7,8,9] [242,243,244,245,246]
56210.08751111111 [0,1,2,3,4,6,7,8,9] [250,251,252,253,254]
56208.50694444442 [0,1,2,3,4,6,7,8,9] [240,241,242,243]
56203.238549382724 [0,1,2,3,4,6,7,8,9] [241,242,243,244,245,246]
56200.60444444445 [0,1,2,3,4,6,7,8,9] [250]
56200.604444444434 [0,1,2,3,4,6,7,8,9] [254]
56196.65340277777 [0,1,2,3,4,6,7,8,9] [248,249,250,251]
56196.088979591856 [0,1,2,3,4,6,7,8,9] [239,240,241,242,243,244,245]
56190.72710069445 [0,1,2,3,4,6,7,8,9] [244,245,246,247,248,249,250,251]
56190.06864197531 [0,1,2,3,4,6,7,8,9] [250,251,252]
56186.90809382714 [0,1,2,3,4,6,7,8,9] [240,241,242,243,244,245,246,247,248,249,250,251,252,253,254]
56186.77640624998 [0,1,2,3,4,6,7,8,9] [239,240,241,242,243,244,245,246]
56185.929846938765 [0,1,2,3,4,6,7,8,9] [240,241,242,243,244,245,246,247,248,249,250,251,252,253]
56184.80111111111 [0,1,2,3,4,6,7,8,9] [251,252]
56184.8011111111 [0,1,2,3,4,6,7,8,9] [242]
56180.28628117914 [0,1,2,3,4,6,7,8,9] [245,246,247,248,249,250,251]
56180.06054444445 [0,1,2,3,4,6,7,8,9] [242,243,244,245,246,247,248,249,250,251]
56179.53382716051 [0,1,2,3,4,6,7,8,9] [243,244,245,246,247,248,249,250,251]
56179.533827160485 [0,1,2,3,4,6,7,8,9] [242,243,244]
56179.05499540866 [0,1,2,3,4,6,7,8,9] [244,245,246,247,248,249,250,251,252,253,254]
56179.05499540864 [0,1,2,3,4,6,7,8,9] [241,242,243,244,245,246,247,248,249,250,251]
56178.723497698884 [0,1,2,3,4,6,7,8,9] [240,241,242,243,244,245,246,247,248,249,250,251,252]
56177.61851239671 [0,1,2,3,4,6,7,8,9] [240,241,242,243,244,245,246,247,248,249,250]
56176.900277777786 [0,1,2,3,4,6,7,8,9] [241,242]
56176.90027777777 [0,1,2,3,4,6,7,8,9] [244,245,246,247,248,249,250,251,252,253]
56176.90027777775 [0,1,2,3,4,6,7,8,9] [241,242,243,244]
56175.77163265307 [0,1,2,3,4,6,7,8,9] [248,249,250,251,252,253,254]
56175.32017777777 [0,1,2,3,4,6,7,8,9] [240,241,242,243,244,245,246,247,248,249]
56172.64621301775 [0,1,2,3,4,6,7,8,9] [242,243,244,245,246,247,248,249,250,251,252,253,254]
56172.38576530615 [0,1,2,3,4,6,7,8,9] [241,242,243,244,245,246,247,248,249,250,251,252,253,254]
56171.63336419753 [0,1,2,3,4,6,7,8,9] [243,244,245,246,247,248,249,250,251,252,253,254]
56170.58001111111 [0,1,2,3,4,6,7,8,9] [245,246,247,248,249,250,251,252,253,254]
56170.31667438272 [0,1,2,3,4,6,7,8,9] [242,243,244,245,246,247,248,249,250,251,252,253]
56170.21539119 [0,1,2,3,4,6,7,8,9] [241,242,243,244,245,246,247,248,249,250,251,252,253]
56169.00000000002 [0,1,2,3,4,6,7,8,9] [242,243,244,245,246,247]
56169.0 [0,1,2,3,4,6,7,8,9] [243,244,245,246,247,248,249,250,251,252,253]
56168.99999999998 [0,1,2,3,4,6,7,8,9] [241,242,243,244,245,246,247]
56168.01250434027 [0,1,2,3,4,6,7,8,9] [239,240,241,242,243,244,245,246,247,248,249,250,251,252,253,254]
56167.24445816187 [0,1,2,3,4,6,7,8,9] [245,246,247,248,249,250,251,252,253]
56165.84004444445 [0,1,2,3,4,6,7,8,9] [239,240,241,242,243,244,245,246,247,248,249,250,251,252,253]
56165.48894375859 [0,1,2,3,4,6,7,8,9] [244,245,246,247,248,249,250,251,252]
56163.73345679013 [0,1,2,3,4,6,7,8,9] [239,240,241,242,243,244]
56161.97799725651 [0,1,2,3,4,6,7,8,9] [240,241,242,243,244,245,246,247,248]
56161.10027777779 [0,1,2,3,4,6,7,8,9] [241,242,243,244,245,246,247,248,249,250,251,252]
56160.382148760356 [0,1,2,3,4,6,7,8,9] [242,243,244,245,246,247,248,249,250,251,252]
56159.97179138323 [0,1,2,3,4,6,7,8,9] [244,245,246,247,248,249,250]
56158.46716049382 [0,1,2,3,4,6,7,8,9] [245,246,247]
56157.94054444446 [0,1,2,3,4,6,7,8,9] [243,244,245,246,247,248,249,250,251,252]
56157.714852607714 [0,1,2,3,4,6,7,8,9] [239,240,241,242,243,244,245,246,247,248,249,250,251,252]
56157.15062499999 [0,1,2,3,4,6,7,8,9] [240,241,242,243,244,245,246,247,248,249,250,251,252,253,254,255]
56156.360711111105 [0,1,2,3,4,6,7,8,9] [241,242,243,244,245,246,247,248,249,250]
56154.956433470514 [0,1,2,3,4,6,7,8,9] [242,243,244,245,246,247,248,249,250]
56153.201111111106 [0,1,2,3,4,6,7,8,9] [245,246,247,248,249,250,251,252]
56153.20111111109 [0,1,2,3,4,6,7,8,9] [230]
56151.44581618656 [0,1,2,3,4,6,7,8,9] [241,242,243,244,245,246,247,248,249]
56151.22640625 [0,1,2,3,4,6,7,8,9] [243,244,245,246,247,248,249,250]
56150.94430839001 [0,1,2,3,4,6,7,8,9] [249,250,251,252,253,254,255]
56150.0416 [0,1,2,3,4,6,7,8,9] [248,249,250,251,252]
56149.25173611111 [0,1,2,3,4,6,7,8,9] [247,248,249,250,251,252,253,254]
56148.892708907275 [0,1,2,3,4,6,7,8,9] [239,240,241,242,243,244,245,246,247,248,249]
56147.93530864197 [0,1,2,3,4,6,7,8,9] [241,242,243]
56147.93530864196 [0,1,2,3,4,6,7,8,9] [252,253,254]
56146.18009602194 [0,1,2,3,4,6,7,8,9] [246,247,248,249,250,251,252,253,254]
56145.302500000005 [0,1,2,3,4,6,7,8,9] [246,247,248,249,250,251]
56144.837893118056 [0,1,2,3,4,6,7,8,9] [240,241,242,243,244,245,246,247,248,249,250,251,252,253,254,255,256]
56144.1741723356 [0,1,2,3,4,6,7,8,9] [243,244,245,246,247,248,249]
56143.72284444445 [0,1,2,3,4,6,7,8,9] [239,240,241,242,243]
56142.669753086426 [0,1,2,3,4,6,7,8,9] [245,246,247,248,249,250]
56141.91755102041 [0,1,2,3,4,6,7,8,9] [247,248,249,250,251,252,253]
56141.61667160493 [0,1,2,3,4,6,7,8,9] [241,242,243,244,245,246,247,248,249,250,251,252,253,254,255]
56141.12110726643 [0,1,2,3,4,6,7,8,9] [239,240,241,242,243,244,245,246,247,248,249,250,251,252,253,254,255]
56140.03706790125 [0,1,2,3,4,6,7,8,9] [244,245,246,247,248,249,250,251,252,253,254,255]
56139.6609750567 [0,1,2,3,4,6,7,8,9] [242,243,244,245,246,247,248,249,250,251,252,253,254,255]
56139.37890625 [0,1,2,3,4,6,7,8,9] [246,247,248,249,250,251,252,253]
56139.26276047673 [0,1,2,3,4,6,7,8,9] [238,239,240,241,242,243,244,245,246,247,248,249,250,251,252,253,254]
56137.40444444445 [0,1,2,3,4,6,7,8,9] [238,239,240,241,242,243,244,245,246,247,248,249,250,251]
