[Score] [Station index] [Time slots] 
58079.64099999999 [0,1,2,3,4,5,6,7,8,9] [242]
57983.14844444445 [0,1,2,3,4,5,6,7,8,9] [241,242,243]
57934.93225 [0,1,2,3,4,5,6,7,8,9] [242,243]
57932.39511111111 [0,1,2,3,4,5,6,7,8,9] [240,241,242]
57919.71024999999 [0,1,2,3,4,5,6,7,8,9] [241,242,243,244]
57918.18816 [0,1,2,3,4,5,6,7,8,9] [241,242,243,244,245]
57912.10000000001 [0,1,2,3,4,5,6,7,8,9] [241,242,243,244,245,246]
57912.1 [0,1,2,3,4,5,6,7,8,9] [245]
57896.880999999994 [0,1,2,3,4,5,6,7,8,9] [240,241,242,243]
57896.88099999998 [0,1,2,3,4,5,6,7,8,9] [245,246]
57881.66400000001 [0,1,2,3,4,5,6,7,8,9] [246]
57881.663999999975 [0,1,2,3,4,5,6,7,8,9] [236]
57878.62084000001 [0,1,2,3,4,5,6,7,8,9] [242,243,244,245,246]
57877.860062499996 [0,1,2,3,4,5,6,7,8,9] [242,243,244,245]
57875.14304081632 [0,1,2,3,4,5,6,7,8,9] [241,242,243,244,245,246,247]
57872.96946938777 [0,1,2,3,4,5,6,7,8,9] [240,241,242,243,244,245,246]
57871.520444444424 [0,1,2,3,4,5,6,7,8,9] [240,241,242,243,244,245]
57866.44900000001 [0,1,2,3,4,5,6,7,8,9] [242,243,244]
57863.406240000004 [0,1,2,3,4,5,6,7,8,9] [240,241,242,243,244]
57858.84225 [0,1,2,3,4,5,6,7,8,9] [240,241]
57845.531640625 [0,1,2,3,4,5,6,7,8,9] [240,241,242,243,244,245,246,247]
57841.728890625 [0,1,2,3,4,5,6,7,8,9] [241,242,243,244,245,246,247,248]
57841.095111111106 [0,1,2,3,4,5,6,7,8,9] [244,245,246]
57841.095111111084 [0,1,2,3,4,5,6,7,8,9] [242,243,244,245,246,247]
57828.42024999999 [0,1,2,3,4,5,6,7,8,9] [243,244,245,246]
57826.519140625 [0,1,2,3,4,5,6,7,8,9] [239,240,241,242,243,244,245,246]
57824.61806249999 [0,1,2,3,4,5,6,7,8,9] [239,240,241,242]
57820.81600000001 [0,1,2,3,4,5,6,7,8,9] [244,245]
57820.81599999998 [0,1,2,3,4,5,6,7,8,9] [236,237]
57819.12623456791 [0,1,2,3,4,5,6,7,8,9] [240,241,242,243,244,245,246,247,248]
57818.64344897961 [0,1,2,3,4,5,6,7,8,9] [239,240,241,242,243,244,245]
57817.774439999994 [0,1,2,3,4,5,6,7,8,9] [239,240,241,242,243]
57815.74677777776 [0,1,2,3,4,5,6,7,8,9] [245,246,247]
57813.90347933881 [0,1,2,3,4,5,6,7,8,9] [236,237,238,239,240,241,242,243,244,245,246]
57812.367419753085 [0,1,2,3,4,5,6,7,8,9] [238,239,240,241,242,243,244,245,246]
57810.67777777779 [0,1,2,3,4,5,6,7,8,9] [243,244,245]
57807.781306122466 [0,1,2,3,4,5,6,7,8,9] [242,243,244,245,246,247,248]
57807.298567901234 [0,1,2,3,4,5,6,7,8,9] [239,240,241,242,243,244,245,246,247]
57807.12961 [0,1,2,3,4,5,6,7,8,9] [236,237,238,239,240,241,242,243,244,245]
57807.12960999999 [0,1,2,3,4,5,6,7,8,9] [237,238,239,240,241,242,243,244,245,246]
57805.608999999975 [0,1,2,3,4,5,6,7,8,9] [236,237,238,239,240,241,242]
57803.708265625 [0,1,2,3,4,5,6,7,8,9] [236,237,238,239,240,241,242,243]
57803.708265624984 [0,1,2,3,4,5,6,7,8,9] [238,239,240,241,242,243,244,245]
57803.07469444446 [0,1,2,3,4,5,6,7,8,9] [239,240,241,242,243,244]
57800.54044444444 [0,1,2,3,4,5,6,7,8,9] [236,237,238,239,240,241,242,243,244,245,246,247]
57799.52675999998 [0,1,2,3,4,5,6,7,8,9] [238,239,240,241,242]
57798.85097530865 [0,1,2,3,4,5,6,7,8,9] [237,238,239,240,241,242,243,244,245]
57798.00624999996 [0,1,2,3,4,5,6,7,8,9] [238,239,240,241,242,243]
57796.48575999999 [0,1,2,3,4,5,6,7,8,9] [238,239,240,241,242,243,244,245,246,247]
57795.4721111111 [0,1,2,3,4,5,6,7,8,9] [236,237,238,239,240,241,242,243,244]
57794.20506249999 [0,1,2,3,4,5,6,7,8,9] [244,245,246,247]
57793.44484 [0,1,2,3,4,5,6,7,8,9] [243,244,245,246,247]
57793.16839669424 [0,1,2,3,4,5,6,7,8,9] [237,238,239,240,241,242,243,244,245,246,247]
57792.93802777778 [0,1,2,3,4,5,6,7,8,9] [237,238,239,240,241,242]
57792.57602040819 [0,1,2,3,4,5,6,7,8,9] [237,238,239,240,241,242,243]
57792.09334567903 [0,1,2,3,4,5,6,7,8,9] [241,242,243,244,245,246,247,248,249]
57790.404 [0,1,2,3,4,5,6,7,8,9] [243]
57788.23202040815 [0,1,2,3,4,5,6,7,8,9] [238,239,240,241,242,243,244]
57787.36323999999 [0,1,2,3,4,5,6,7,8,9] [239,240,241,242,243,244,245,246,247,248]
57785.725940828386 [0,1,2,3,4,5,6,7,8,9] [236,237,238,239,240,241,242,243,244,245,246,247,248]
57784.702640624986 [0,1,2,3,4,5,6,7,8,9] [237,238,239,240,241,242,243,244]
57781.535340277755 [0,1,2,3,4,5,6,7,8,9] [235,236,237,238,239,240,241,242,243,244,245,246]
57780.26844444446 [0,1,2,3,4,5,6,7,8,9] [236,237,238]
57779.34707438018 [0,1,2,3,4,5,6,7,8,9] [238,239,240,241,242,243,244,245,246,247,248]
57777.73469444444 [0,1,2,3,4,5,6,7,8,9] [237,238,239,240,241,242,243,244,245,246,247,248]
57776.72121 [0,1,2,3,4,5,6,7,8,9] [240,241,242,243,244,245,246,247,248,249]
57772.437033057875 [0,1,2,3,4,5,6,7,8,9] [235,236,237,238,239,240,241,242,243,244,245]
57771.69289940827 [0,1,2,3,4,5,6,7,8,9] [235,236,237,238,239,240,241,242,243,244,245,246,247]
57770.857653061204 [0,1,2,3,4,5,6,7,8,9] [233,234,235,236,237,238,239,240,241,242,243,244,245,246]
57770.64049000002 [0,1,2,3,4,5,6,7,8,9] [241,242,243,244,245,246,247,248,249,250]
57767.600249999996 [0,1,2,3,4,5,6,7,8,9] [246,247]
57767.01559763313 [0,1,2,3,4,5,6,7,8,9] [234,235,236,237,238,239,240,241,242,243,244,245,246]
57763.8000625 [0,1,2,3,4,5,6,7,8,9] [245,246,247,248]
57763.040040000014 [0,1,2,3,4,5,6,7,8,9] [233,234,235,236,237,238,239,240,241,242,243,244,245,246,247]
57762.53336111109 [0,1,2,3,4,5,6,7,8,9] [243,244,245,246,247,248]
57762.33848520708 [0,1,2,3,4,5,6,7,8,9] [233,234,235,236,237,238,239,240,241,242,243,244,245]
57761.68890123456 [0,1,2,3,4,5,6,7,8,9] [235,236,237,238,239,240,241,242,243]
57760.0 [0,1,2,3,4,5,6,7,8,9] [235,236,237,238,239,240,241,242,243,244,245,246,247,248]
57759.999999999985 [0,1,2,3,4,5,6,7,8,9] [236,237,238,239,240,241]
57758.91429081631 [0,1,2,3,4,5,6,7,8,9] [234,235,236,237,238,239,240,241,242,243,244,245,246,247]
57758.61819008265 [0,1,2,3,4,5,6,7,8,9] [240,241,242,243,244,245,246,247,248,249,250]
57758.48001 [0,1,2,3,4,5,6,7,8,9] [235,236,237,238,239,240,241,242,243,244]
57758.100015624994 [0,1,2,3,4,5,6,7,8,9] [235,236,237,238,239,240,241,242]
57757.82859183671 [0,1,2,3,4,5,6,7,8,9] [236,237,238,239,240,241,242,243,244,245,246,247,248,249]
57757.46669444444 [0,1,2,3,4,5,6,7,8,9] [234,235,236,237,238,239,240,241,242,243,244,245]
57756.96003999999 [0,1,2,3,4,5,6,7,8,9] [244,245,246,247,248]
57756.20006250002 [0,1,2,3,4,5,6,7,8,9] [242,243,244,245,246,247,248,249]
57753.35019140623 [0,1,2,3,4,5,6,7,8,9] [233,234,235,236,237,238,239,240,241,242,243,244,245,246,247,248]
57751.709388429765 [0,1,2,3,4,5,6,7,8,9] [239,240,241,242,243,244,245,246,247,248,249]
57749.86711111112 [0,1,2,3,4,5,6,7,8,9] [233,234,235,236,237,238,239,240,241,242,243,244]
57749.8671111111 [0,1,2,3,4,5,6,7,8,9] [232,233,234,235,236,237,238,239,240,241,242,243,244,245,246]
57748.85387111112 [0,1,2,3,4,5,6,7,8,9] [234,235,236,237,238,239,240,241,242,243,244,245,246,247,248]
57748.308284023646 [0,1,2,3,4,5,6,7,8,9] [237,238,239,240,241,242,243,244,245,246,247,248,249]
57747.84064000001 [0,1,2,3,4,5,6,7,8,9] [233,234,235,236,237,238,239,240,241,242]
57747.33402777779 [0,1,2,3,4,5,6,7,8,9] [238,239,240,241,242,243,244,245,246,247,248,249]
57745.81420444445 [0,1,2,3,4,5,6,7,8,9] [236,237,238,239,240,241,242,243,244,245,246,247,248,249,250]
57744.801 [0,1,2,3,4,5,6,7,8,9] [234,235,236,237,238,239,240,241,242,243]
57743.851128906244 [0,1,2,3,4,5,6,7,8,9] [232,233,234,235,236,237,238,239,240,241,242,243,244,245,246,247]
57743.419371900825 [0,1,2,3,4,5,6,7,8,9] [234,235,236,237,238,239,240,241,242,243,244]
57742.0377603306 [0,1,2,3,4,5,6,7,8,9] [241,242,243,244,245,246,247,248,249,250,251]
