[Score] [Station index] [Time slots] 
56501.29000000001 [0,1,2,3,4,5,6,7,8] [0]
56453.75999999999 [0,1,2,3,4,5,6,7,8] [0,1]
56416.80604938272 [0,1,2,3,4,5,6,7,8] [0,1,2]
56406.25 [0,1,2,3,4,5,6,7,8] [1]
56374.587777777786 [0,1,2,3,4,5,6,7,8] [1,2]
56342.93444444445 [0,1,2,3,4,5,6,7,8] [2]
56240.12249999999 [0,1,2,3,4,5,6,7,8] [0,1,2,3]
56153.201111111106 [0,1,2,3,4,5,6,7,8] [1,2,3]
56048.98417777778 [0,1,2,3,4,5,6,7,8] [0,1,2,3,4]
56026.889999999985 [0,1,2,3,4,5,6,7,8] [2,3]
55936.19173611113 [0,1,2,3,4,5,6,7,8] [1,2,3,4]
55835.06447530864 [0,1,2,3,4,5,6,7,8] [0,1,2,3,4,5]
55779.94271604938 [0,1,2,3,4,5,6,7,8] [2,3,4]
55711.734444444446 [0,1,2,3,4,5,6,7,8] [3]
55702.29351111111 [0,1,2,3,4,5,6,7,8] [1,2,3,4,5]
55599.394308390016 [0,1,2,3,4,5,6,7,8] [0,1,2,3,4,5,6]
55526.99506944444 [0,1,2,3,4,5,6,7,8] [2,3,4,5]
55499.50694444442 [0,1,2,3,4,5,6,7,8] [3,4]
55449.78382716051 [0,1,2,3,4,5,6,7,8] [1,2,3,4,5,6]
55350.40444444444 [0,1,2,3,4,5,6,7,8] [0,1,2,3,4,5,6,7]
55287.68444444444 [0,1,2,3,4,5,6,7,8] [4]
55259.47204444445 [0,1,2,3,4,5,6,7,8] [2,3,4,5,6]
55256.33777777778 [0,1,2,3,4,5,6,7,8] [3,4,5]
55186.95893424036 [0,1,2,3,4,5,6,7,8] [1,2,3,4,5,6,7]
55124.083182441675 [0,1,2,3,4,5,6,7,8] [0,1,2,3,4,5,6,7,8]
55029.34027777778 [0,1,2,3,4,5,6,7,8] [4,5]
54990.25 [0,1,2,3,4,5,6,7,8] [3,4,5,6]
54985.03901234569 [0,1,2,3,4,5,6,7,8] [2,3,4,5,6,7]
54953.12710069443 [0,1,2,3,4,5,6,7,8] [1,2,3,4,5,6,7,8]
54874.624177777776 [0,1,2,3,4,5,6,7,8] [0,1,2,3,4,5,6,7,8,9]
54771.60111111109 [0,1,2,3,4,5,6,7,8] [5]
54750.80012345679 [0,1,2,3,4,5,6,7,8] [4,5,6]
54747.08607709751 [0,1,2,3,4,5,6,7,8] [2,3,4,5,6,7,8]
54715.447511111095 [0,1,2,3,4,5,6,7,8] [3,4,5,6,7]
54695.350137174224 [0,1,2,3,4,5,6,7,8] [1,2,3,4,5,6,7,8,9]
54629.85455463729 [0,1,2,3,4,5,6,7,8] [0,1,2,3,4,5,6,7,8,9,10]
54483.34027777778 [0,1,2,3,4,5,6,7,8] [2,3,4,5,6,7,8,9]
54467.780277777776 [0,1,2,3,4,5,6,7,8] [4,5,6,7]
54444.444444444445 [0,1,2,3,4,5,6,7,8] [1,2,3,4,5,6,7,8,9,10]
54395.19632716049 [0,1,2,3,4,5,6,7,8] [0,1,2,3,4,5,6,7,8,9,10,11]
54239.30471111112 [0,1,2,3,4,5,6,7,8] [4,5,6,7,8]
54228.609396433465 [0,1,2,3,4,5,6,7,8] [2,3,4,5,6,7,8,9,10]
54220.23131519275 [0,1,2,3,4,5,6,7,8] [3,4,5,6,7,8,9]
54205.716813590436 [0,1,2,3,4,5,6,7,8] [1,2,3,4,5,6,7,8,9,10,11]
54195.84 [0,1,2,3,4,5,6,7,8] [5,6,7]
54149.29000000001 [0,1,2,3,4,5,6,7,8] [0,1,2,3,4,5,6,7,8,9,10,11,12]
53988.071511111106 [0,1,2,3,4,5,6,7,8] [2,3,4,5,6,7,8,9,10,11]
53978.77777777778 [0,1,2,3,4,5,6,7,8] [5,6,7,8]
53973.614938271596 [0,1,2,3,4,5,6,7,8] [4,5,6,7,8,9]
53967.16173611113 [0,1,2,3,4,5,6,7,8] [3,4,5,6,7,8,9,10]
53955.546944444446 [0,1,2,3,4,5,6,7,8] [1,2,3,4,5,6,7,8,9,10,11,12]
53923.47448979591 [0,1,2,3,4,5,6,7,8] [0,1,2,3,4,5,6,7,8,9,10,11,12,13]
53909.10027777777 [0,1,2,3,4,5,6,7,8] [6,7]
53735.45462809916 [0,1,2,3,4,5,6,7,8] [2,3,4,5,6,7,8,9,10,11,12]
53729.52297668039 [0,1,2,3,4,5,6,7,8] [3,4,5,6,7,8,9,10,11]
53727.67390532544 [0,1,2,3,4,5,6,7,8] [1,2,3,4,5,6,7,8,9,10,11,12,13]
53720.202471655306 [0,1,2,3,4,5,6,7,8] [4,5,6,7,8,9,10]
53715.78777777779 [0,1,2,3,4,5,6,7,8] [6,7,8]
53712.69759999999 [0,1,2,3,4,5,6,7,8] [5,6,7,8,9]
53686.94957530862 [0,1,2,3,4,5,6,7,8] [0,1,2,3,4,5,6,7,8,9,10,11,12,13,14]
53623.12111111112 [0,1,2,3,4,5,6,7,8] [7]
53507.40027777778 [0,1,2,3,4,5,6,7,8] [2,3,4,5,6,7,8,9,10,11,12,13]
53488.67628117914 [0,1,2,3,4,5,6,7,8] [1,2,3,4,5,6,7,8,9,10,11,12,13,14]
53484.271111111106 [0,1,2,3,4,5,6,7,8] [4,5,6,7,8,9,10,11]
53478.10417777778 [0,1,2,3,4,5,6,7,8] [3,4,5,6,7,8,9,10,11,12]
53476.5625 [0,1,2,3,4,5,6,7,8] [7,8]
53461.14694444444 [0,1,2,3,4,5,6,7,8] [5,6,7,8,9,10]
53453.43999999998 [0,1,2,3,4,5,6,7,8] [0,1,2,3,4,5,6,7,8,9,10,11,12,13,14,15]
53449.5867361111 [0,1,2,3,4,5,6,7,8] [6,7,8,9]
53330.20444444443 [0,1,2,3,4,5,6,7,8] [8]
53267.45641683101 [0,1,2,3,4,5,6,7,8] [2,3,4,5,6,7,8,9,10,11,12,13,14]
53253.25444444447 [0,1,2,3,4,5,6,7,8] [1,2,3,4,5,6,7,8,9,10,11,12,13,14,15]
53253.254444444436 [0,1,2,3,4,5,6,7,8] [3,4,5,6,7,8,9,10,11,12,13]
53232.743827160506 [0,1,2,3,4,5,6,7,8] [4,5,6,7,8,9,10,11,12]
53229.081632653055 [0,1,2,3,4,5,6,7,8] [5,6,7,8,9,10,11]
53214.347958477505 [0,1,2,3,4,5,6,7,8] [0,1,2,3,4,5,6,7,8,9,10,11,12,13,14,15,16]
53201.98530864198 [0,1,2,3,4,5,6,7,8] [7,8,9]
53200.96017777778 [0,1,2,3,4,5,6,7,8] [6,7,8,9,10]
53084.16 [0,1,2,3,4,5,6,7,8] [205]
53059.202934027766 [0,1,2,3,4,5,6,7,8] [204,205,206,207,208,209,210,211]
53037.18686658979 [0,1,2,3,4,5,6,7,8] [199,200,201,202,203,204,205,206,207,208,209,210,211,212,213,214,215]
53031.51020408166 [0,1,2,3,4,5,6,7,8] [2,3,4,5,6,7,8,9,10,11,12,13,14,15]
53020.69098271604 [0,1,2,3,4,5,6,7,8] [200,201,202,203,204,205,206,207,208,209,210,211,212,213,214]
53019.32647462276 [0,1,2,3,4,5,6,7,8] [203,204,205,206,207,208,209,210,211]
53015.0625 [0,1,2,3,4,5,6,7,8] [3,4,5,6,7,8,9,10,11,12,13,14]
53012.18441406249 [0,1,2,3,4,5,6,7,8] [1,2,3,4,5,6,7,8,9,10,11,12,13,14,15,16]
53010.4576 [0,1,2,3,4,5,6,7,8] [4,5,6,7,8,9,10,11,12,13]
53006.535065157754 [0,1,2,3,4,5,6,7,8] [0,1,2,3,4,5,6,7,8,9,10,11,12,13,14,15,16,17]
53001.806510560156 [0,1,2,3,4,5,6,7,8] [202,203,204,205,206,207,208,209,210,211,212]
53000.30391190007 [0,1,2,3,4,5,6,7,8] [201,202,203,204,205,206,207,208,209,210,211,212,213]
52992.039999999986 [0,1,2,3,4,5,6,7,8] [8,9]
52988.9707111111 [0,1,2,3,4,5,6,7,8] [205,206,207,208,209]
52987.655328798195 [0,1,2,3,4,5,6,7,8] [204,205,206,207,208,209,210]
52984.36694444444 [0,1,2,3,4,5,6,7,8] [205,206]
52978.612517361136 [0,1,2,3,4,5,6,7,8] [5,6,7,8,9,10,11,12]
52974.13706790123 [0,1,2,3,4,5,6,7,8] [6,7,8,9,10,11]
52974.13706790122 [0,1,2,3,4,5,6,7,8] [198,199,200,201,202,203,204,205,206,207,208,209,210,211,212,213,214,215]
52961.35111111113 [0,1,2,3,4,5,6,7,8] [199,200,201,202,203,204,205,206,207,208,209,210,211,212,213,214]
52953.68027777776 [0,1,2,3,4,5,6,7,8] [7,8,9,10]
52951.76265624998 [0,1,2,3,4,5,6,7,8] [203,204,205,206,207,208,209,210]
