[Score] [Station index] [Time slots] 
65416.58777777779 [0,1,2,3,4,6,7,8,9] [245]
65331.360000000015 [0,1,2,3,4,6,7,8,9] [243,244,245]
65331.359999999986 [0,1,2,3,4,6,7,8,9] [244,245]
65327.10006944446 [0,1,2,3,4,6,7,8,9] [242,243,244,245]
65322.84027777778 [0,1,2,3,4,6,7,8,9] [242,243]
65321.136399999996 [0,1,2,3,4,6,7,8,9] [241,242,243,244,245]
65314.3211111111 [0,1,2,3,4,6,7,8,9] [247]
65308.64197530865 [0,1,2,3,4,6,7,8,9] [245,246,247]
65305.80250000002 [0,1,2,3,4,6,7,8,9] [245,246]
65305.80249999999 [0,1,2,3,4,6,7,8,9] [241,242]
65302.96308641977 [0,1,2,3,4,6,7,8,9] [242,243,244,245,246,247]
65302.15183673468 [0,1,2,3,4,6,7,8,9] [241,242,243,244,245,246,247]
65300.691600000035 [0,1,2,3,4,6,7,8,9] [243,244,245,246,247]
65300.691600000006 [0,1,2,3,4,6,7,8,9] [242,243,244,245,246]
65300.12373456788 [0,1,2,3,4,6,7,8,9] [241,242,243,244,245,246]
65297.28444444445 [0,1,2,3,4,6,7,8,9] [243,244,245,246]
65297.28444444443 [0,1,2,3,4,6,7,8,9] [242,243,244]
65293.02562499998 [0,1,2,3,4,6,7,8,9] [244,245,246,247]
65288.766944444455 [0,1,2,3,4,6,7,8,9] [243,244]
65288.76694444444 [0,1,2,3,4,6,7,8,9] [241,242,243,244,245,246,247,248]
65287.55020408164 [0,1,2,3,4,6,7,8,9] [242,243,244,245,246,247,248]
65285.927901234565 [0,1,2,3,4,6,7,8,9] [244,245,246]
65283.08891975311 [0,1,2,3,4,6,7,8,9] [243,244,245,246,247,248]
65280.25 [0,1,2,3,4,6,7,8,9] [245,246,247,248]
65273.43684444443 [0,1,2,3,4,6,7,8,9] [244,245,246,247,248]
65261.32544581619 [0,1,2,3,4,6,7,8,9] [241,242,243,244,245,246,247,248,249]
65256.83126736113 [0,1,2,3,4,6,7,8,9] [242,243,244,245,246,247,248,249]
65254.70250000003 [0,1,2,3,4,6,7,8,9] [247,248]
65254.7025 [0,1,2,3,4,6,7,8,9] [246,247]
65248.62049886621 [0,1,2,3,4,6,7,8,9] [243,244,245,246,247,248,249]
65246.18777777777 [0,1,2,3,4,6,7,8,9] [244]
65235.97084444443 [0,1,2,3,4,6,7,8,9] [241,242,243,244,245,246,247,248,249,250]
65234.83567901235 [0,1,2,3,4,6,7,8,9] [246,247,248]
65234.83567901232 [0,1,2,3,4,6,7,8,9] [244,245,246,247,248,249]
65233.416736111096 [0,1,2,3,4,6,7,8,9] [240,241,242,243,244,245,246,247]
65232.56537777778 [0,1,2,3,4,6,7,8,9] [245,246,247,248,249]
65229.16 [0,1,2,3,4,6,7,8,9] [242,243,244,245,246,247,248,249,250]
65229.159999999996 [0,1,2,3,4,6,7,8,9] [240,241,242,243,244,245,246,247,248]
65226.32225308644 [0,1,2,3,4,6,7,8,9] [240,241,242,243,244,245]
65221.86306122449 [0,1,2,3,4,6,7,8,9] [240,241,242,243,244,245,246]
65218.51876736114 [0,1,2,3,4,6,7,8,9] [243,244,245,246,247,248,249,250]
65214.02606310014 [0,1,2,3,4,6,7,8,9] [239,240,241,242,243,244,245,246,247]
65212.13444444447 [0,1,2,3,4,6,7,8,9] [239,240,241,242,243,244,245,246,247,248]
65210.432011111094 [0,1,2,3,4,6,7,8,9] [240,241,242,243,244,245,246,247,248,249]
65209.03912764004 [0,1,2,3,4,6,7,8,9] [241,242,243,244,245,246,247,248,249,250,251]
65202.40655328799 [0,1,2,3,4,6,7,8,9] [239,240,241,242,243,244,245]
65202.406553287976 [0,1,2,3,4,6,7,8,9] [244,245,246,247,248,249,250]
65201.49460069443 [0,1,2,3,4,6,7,8,9] [239,240,241,242,243,244,245,246]
65200.21787777777 [0,1,2,3,4,6,7,8,9] [242,243,244,245,246,247,248,249,250,251]
65196.65859504132 [0,1,2,3,4,6,7,8,9] [239,240,241,242,243,244,245,246,247,248,249]
65195.11111111111 [0,1,2,3,4,6,7,8,9] [245,246,247,248,249,250]
65192.01619834712 [0,1,2,3,4,6,7,8,9] [240,241,242,243,244,245,246,247,248,249,250]
65188.30240000001 [0,1,2,3,4,6,7,8,9] [240,241,242,243,244]
65187.5458984911 [0,1,2,3,4,6,7,8,9] [243,244,245,246,247,248,249,250,251]
65186.60027777776 [0,1,2,3,4,6,7,8,9] [246,247,248,249]
65183.76345679011 [0,1,2,3,4,6,7,8,9] [247,248,249]
65180.926697530864 [0,1,2,3,4,6,7,8,9] [239,240,241,242,243,244,245,246,247,248,249,250]
65178.09000000002 [0,1,2,3,4,6,7,8,9] [241,242,243,244,245,246,247,248,249,250,251,252]
65173.835069444445 [0,1,2,3,4,6,7,8,9] [240,241,242,243]
65171.901056014714 [0,1,2,3,4,6,7,8,9] [238,239,240,241,242,243,244,245,246,247,248]
65170.998526234594 [0,1,2,3,4,6,7,8,9] [240,241,242,243,244,245,246,247,248,249,250,251]
65169.58027777781 [0,1,2,3,4,6,7,8,9] [238,239,240,241,242,243,244,245,246,247]
65169.58027777778 [0,1,2,3,4,6,7,8,9] [244,245,246,247,248,249,250,251]
65167.25954086317 [0,1,2,3,4,6,7,8,9] [242,243,244,245,246,247,248,249,250,251,252]
65166.7438271605 [0,1,2,3,4,6,7,8,9] [239,240,241,242,243,244]
65162.38017751478 [0,1,2,3,4,6,7,8,9] [239,240,241,242,243,244,245,246,247,248,249,250,251]
65161.07111111112 [0,1,2,3,4,6,7,8,9] [238,239,240,241,242,243,244,245,246,247,248,249]
65158.640022675725 [0,1,2,3,4,6,7,8,9] [245,246,247,248,249,250,251]
65153.50787379972 [0,1,2,3,4,6,7,8,9] [238,239,240,241,242,243,244,245,246]
65152.5625 [0,1,2,3,4,6,7,8,9] [243,244,245,246,247,248,249,250,251,252]
65150.86084444445 [0,1,2,3,4,6,7,8,9] [239,240,241,242,243]
65150.86084444443 [0,1,2,3,4,6,7,8,9] [246,247,248,249,250]
65149.290105193984 [0,1,2,3,4,6,7,8,9] [238,239,240,241,242,243,244,245,246,247,248,249,250]
65148.3084027778 [0,1,2,3,4,6,7,8,9] [238,239,240,241,242,243,244,245]
65145.36333990794 [0,1,2,3,4,6,7,8,9] [240,241,242,243,244,245,246,247,248,249,250,251,252]
65139.800624999996 [0,1,2,3,4,6,7,8,9] [247,248,249,250]
65139.192947845804 [0,1,2,3,4,6,7,8,9] [239,240,241,242,243,244,245,246,247,248,249,250,251,252]
65134.89254437868 [0,1,2,3,4,6,7,8,9] [241,242,243,244,245,246,247,248,249,250,251,252,253]
65134.3316326531 [0,1,2,3,4,6,7,8,9] [238,239,240,241,242,243,244,245,246,247,248,249,250,251]
65132.71123456789 [0,1,2,3,4,6,7,8,9] [244,245,246,247,248,249,250,251,252]
65121.36901234569 [0,1,2,3,4,6,7,8,9] [242,243,244,245,246,247,248,249,250,251,252,253]
65118.53361111114 [0,1,2,3,4,6,7,8,9] [245,246,247,248,249,250,251,252]
65118.533611111096 [0,1,2,3,4,6,7,8,9] [248,249]
65115.69827160495 [0,1,2,3,4,6,7,8,9] [246,247,248,249,250,251]
65114.56415308642 [0,1,2,3,4,6,7,8,9] [238,239,240,241,242,243,244,245,246,247,248,249,250,251,252]
65112.644898093386 [0,1,2,3,4,6,7,8,9] [237,238,239,240,241,242,243,244,245,246,247,248,249]
65111.57425160698 [0,1,2,3,4,6,7,8,9] [237,238,239,240,241,242,243,244,245,246,247]
65110.02777777778 [0,1,2,3,4,6,7,8,9] [238,239,240,241,242,243,244]
65107.59764172335 [0,1,2,3,4,6,7,8,9] [240,241,242,243,244,245,246,247,248,249,250,251,252,253]
65105.775069444455 [0,1,2,3,4,6,7,8,9] [239,240,241,242]
65105.16755102041 [0,1,2,3,4,6,7,8,9] [237,238,239,240,241,242,243,244,245,246,247,248,249,250]
65104.35753086416 [0,1,2,3,4,6,7,8,9] [239,240,241,242,243,244,245,246,247,248,249,250,251,252,253]
65103.95252267577 [0,1,2,3,4,6,7,8,9] [241,242,243,244,245,246,247,248,249,250,251,252,253,254]
65103.84206611573 [0,1,2,3,4,6,7,8,9] [243,244,245,246,247,248,249,250,251,252,253]
65099.82151111112 [0,1,2,3,4,6,7,8,9] [247,248,249,250,251]
65094.15170864197 [0,1,2,3,4,6,7,8,9] [237,238,239,240,241,242,243,244,245,246,247,248,249,250,251]
65091.31690000001 [0,1,2,3,4,6,7,8,9] [237,238,239,240,241,242,243,244,245,246]
65089.09270874424 [0,1,2,3,4,6,7,8,9] [242,243,244,245,246,247,248,249,250,251,252,253,254]
65087.34827160496 [0,1,2,3,4,6,7,8,9] [238,239,240,241,242,243]
65083.45062934029 [0,1,2,3,4,6,7,8,9] [238,239,240,241,242,243,244,245,246,247,248,249,250,251,252,253]
