[Score] [Station index] [Time slots] 
63616.57599999999 [0,1,2,3,4,5,6,7,8,9] [249]
63600.625 [0,1,2,3,4,5,6,7,8,9] [251]
63592.65024999999 [0,1,2,3,4,5,6,7,8,9] [250,251]
63584.676 [0,1,2,3,4,5,6,7,8,9] [249,250,251,252]
63574.04444444445 [0,1,2,3,4,5,6,7,8,9] [250,251,252]
63568.72899999999 [0,1,2,3,4,5,6,7,8,9] [251,252]
63555.97283999999 [0,1,2,3,4,5,6,7,8,9] [249,250,251,252,253]
63552.78400000002 [0,1,2,3,4,5,6,7,8,9] [248,249,250,251]
63549.59524000003 [0,1,2,3,4,5,6,7,8,9] [248,249,250,251,252]
63540.8265625 [0,1,2,3,4,5,6,7,8,9] [250,251,252,253]
63536.841 [0,1,2,3,4,5,6,7,8,9] [252]
63531.52711111111 [0,1,2,3,4,5,6,7,8,9] [248,249,250,251,252,253]
63526.213444444445 [0,1,2,3,4,5,6,7,8,9] [251,252,253]
63520.90000000002 [0,1,2,3,4,5,6,7,8,9] [249,250,251,252,253,254]
63512.93025000001 [0,1,2,3,4,5,6,7,8,9] [248,249]
63504.96100000003 [0,1,2,3,4,5,6,7,8,9] [248,249,250,251,252,253,254]
63504.960999999974 [0,1,2,3,4,5,6,7,8,9] [247,248,249,250,251,252]
63501.77343999998 [0,1,2,3,4,5,6,7,8,9] [250,251,252,253,254]
63498.58595999998 [0,1,2,3,4,5,6,7,8,9] [247,248,249,250,251]
63495.85389795917 [0,1,2,3,4,5,6,7,8,9] [247,248,249,250,251,252,253]
63489.02399999999 [0,1,2,3,4,5,6,7,8,9] [252,253]
63481.05624999998 [0,1,2,3,4,5,6,7,8,9] [251,252,253,254]
63477.072562500005 [0,1,2,3,4,5,6,7,8,9] [247,248,249,250,251,252,253,254]
63473.089000000014 [0,1,2,3,4,5,6,7,8,9] [247,248,249,250]
63441.22500000002 [0,1,2,3,4,5,6,7,8,9] [252,253,254]
63441.225 [0,1,2,3,4,5,6,7,8,9] [253]
63441.22499999998 [0,1,2,3,4,5,6,7,8,9] [240,241]
63435.91511111109 [0,1,2,3,4,5,6,7,8,9] [247,248,249]
63420.74522448981 [0,1,2,3,4,5,6,7,8,9] [249,250,251,252,253,254,255]
63419.32314062499 [0,1,2,3,4,5,6,7,8,9] [248,249,250,251,252,253,254,255]
63415.34139062501 [0,1,2,3,4,5,6,7,8,9] [246,247,248,249,250,251,252,253]
63411.64416326532 [0,1,2,3,4,5,6,7,8,9] [246,247,248,249,250,251,252]
63409.369000000006 [0,1,2,3,4,5,6,7,8,9] [258]
63409.36899999999 [0,1,2,3,4,5,6,7,8,9] [239,240,241]
63407.5994567901 [0,1,2,3,4,5,6,7,8,9] [246,247,248,249,250,251,252,253,254]
63404.06044444443 [0,1,2,3,4,5,6,7,8,9] [247,248,249,250,251,252,253,254,255]
63393.444 [0,1,2,3,4,5,6,7,8,9] [253,254]
63393.443999999996 [0,1,2,3,4,5,6,7,8,9] [241,242]
63390.790027777795 [0,1,2,3,4,5,6,7,8,9] [246,247,248,249,250,251]
63388.136111111104 [0,1,2,3,4,5,6,7,8,9] [250,251,252,253,254,255]
63377.520999999986 [0,1,2,3,4,5,6,7,8,9] [240,241,242]
63369.56025000002 [0,1,2,3,4,5,6,7,8,9] [239,240,241,242]
63369.560249999995 [0,1,2,3,4,5,6,7,8,9] [234,235]
63364.78404 [0,1,2,3,4,5,6,7,8,9] [238,239,240,241,242]
63358.416040000004 [0,1,2,3,4,5,6,7,8,9] [237,238,239,240,241]
63348.86464000003 [0,1,2,3,4,5,6,7,8,9] [246,247,248,249,250]
63348.86464 [0,1,2,3,4,5,6,7,8,9] [251,252,253,254,255]
63345.68100000002 [0,1,2,3,4,5,6,7,8,9] [238,239]
63345.681 [0,1,2,3,4,5,6,7,8,9] [254]
63345.68099999998 [0,1,2,3,4,5,6,7,8,9] [239,240]
63340.37511111111 [0,1,2,3,4,5,6,7,8,9] [237,238,239,240,241,242]
63327.99556790126 [0,1,2,3,4,5,6,7,8,9] [248,249,250,251,252,253,254,255,256]
63323.39775999998 [0,1,2,3,4,5,6,7,8,9] [247,248,249,250,251,252,253,254,255,256]
63317.827562500024 [0,1,2,3,4,5,6,7,8,9] [249,250,251,252,253,254,255,256]
63315.44041 [0,1,2,3,4,5,6,7,8,9] [245,246,247,248,249,250,251,252,253,254]
63313.84899999999 [0,1,2,3,4,5,6,7,8,9] [237,238,239,240]
63312.402280991744 [0,1,2,3,4,5,6,7,8,9] [248,249,250,251,252,253,254,255,256,257,258]
63312.08079012347 [0,1,2,3,4,5,6,7,8,9] [245,246,247,248,249,250,251,252,253]
63309.87056250001 [0,1,2,3,4,5,6,7,8,9] [247,248,249,250,251,252,253,254,255,256,257,258]
63305.89225000001 [0,1,2,3,4,5,6,7,8,9] [258,259]
63304.75561224489 [0,1,2,3,4,5,6,7,8,9] [235,236,237,238,239,240,241]
63303.240111111125 [0,1,2,3,4,5,6,7,8,9] [248,249,250,251,252,253,254,255,256,257,258,259]
63303.2401111111 [0,1,2,3,4,5,6,7,8,9] [237,238,239]
63302.70969 [0,1,2,3,4,5,6,7,8,9] [248,249,250,251,252,253,254,255,256,257]
63302.709689999974 [0,1,2,3,4,5,6,7,8,9] [249,250,251,252,253,254,255,256,257,258]
63301.608053254466 [0,1,2,3,4,5,6,7,8,9] [247,248,249,250,251,252,253,254,255,256,257,258,259]
63300.82912396692 [0,1,2,3,4,5,6,7,8,9] [247,248,249,250,251,252,253,254,255,256,257]
63297.93599999999 [0,1,2,3,4,5,6,7,8,9] [235,236,237,238,239,240,241,242]
63295.94701562502 [0,1,2,3,4,5,6,7,8,9] [245,246,247,248,249,250,251,252]
63293.596438016524 [0,1,2,3,4,5,6,7,8,9] [249,250,251,252,253,254,255,256,257,258,259]
63292.63211111112 [0,1,2,3,4,5,6,7,8,9] [234,235,236,237,238,239,240,241,242]
63290.864197530864 [0,1,2,3,4,5,6,7,8,9] [249,250,251,252,253,254,255,256,257]
63289.980249999986 [0,1,2,3,4,5,6,7,8,9] [246,247,248,249]
63286.00256250001 [0,1,2,3,4,5,6,7,8,9] [252,253,254,255]
63285.69659171599 [0,1,2,3,4,5,6,7,8,9] [248,249,250,251,252,253,254,255,256,257,258,259,260]
63285.43433163267 [0,1,2,3,4,5,6,7,8,9] [247,248,249,250,251,252,253,254,255,256,257,258,259,260]
63282.025 [0,1,2,3,4,5,6,7,8,9] [247]
63282.02499999998 [0,1,2,3,4,5,6,7,8,9] [237,238]
63280.5786446281 [0,1,2,3,4,5,6,7,8,9] [246,247,248,249,250,251,252,253,254,255,256]
63279.90368444445 [0,1,2,3,4,5,6,7,8,9] [247,248,249,250,251,252,253,254,255,256,257,258,259,260,261]
63279.75216326532 [0,1,2,3,4,5,6,7,8,9] [248,249,250,251,252,253,254,255,256,257,258,259,260,261]
63275.39600694444 [0,1,2,3,4,5,6,7,8,9] [249,250,251,252,253,254,255,256,257,258,259,260]
63275.20661224491 [0,1,2,3,4,5,6,7,8,9] [250,251,252,253,254,255,256]
63274.682136094685 [0,1,2,3,4,5,6,7,8,9] [246,247,248,249,250,251,252,253,254,255,256,257,258]
63274.07025000001 [0,1,2,3,4,5,6,7,8,9] [236,237,238,239,240,241]
63270.6612244898 [0,1,2,3,4,5,6,7,8,9] [236,237,238,239,240,241,242]
63270.4546198347 [0,1,2,3,4,5,6,7,8,9] [245,246,247,248,249,250,251,252,253,254,255]
63269.78713017753 [0,1,2,3,4,5,6,7,8,9] [249,250,251,252,253,254,255,256,257,258,259,260,261]
63269.5249030612 [0,1,2,3,4,5,6,7,8,9] [246,247,248,249,250,251,252,253,254,255,256,257,258,259]
63267.883567901226 [0,1,2,3,4,5,6,7,8,9] [250,251,252,253,254,255,256,257,258]
63266.115999999995 [0,1,2,3,4,5,6,7,8,9] [235,236,237,238,239,240]
63264.348456790125 [0,1,2,3,4,5,6,7,8,9] [233,234,235,236,237,238,239,240,241]
63263.843448979605 [0,1,2,3,4,5,6,7,8,9] [234,235,236,237,238,239,240]
63263.46469444444 [0,1,2,3,4,5,6,7,8,9] [246,247,248,249,250,251,252,253,254,255,256,257]
63263.13328515628 [0,1,2,3,4,5,6,7,8,9] [247,248,249,250,251,252,253,254,255,256,257,258,259,260,261,262]
63262.93444 [0,1,2,3,4,5,6,7,8,9] [233,234,235,236,237,238,239,240,241,242]
63261.87393777779 [0,1,2,3,4,5,6,7,8,9] [248,249,250,251,252,253,254,255,256,257,258,259,260,261,262]
63261.570938775534 [0,1,2,3,4,5,6,7,8,9] [245,246,247,248,249,250,251]
63261.343689999994 [0,1,2,3,4,5,6,7,8,9] [250,251,252,253,254,255,256,257,258,259]
63256.57155999999 [0,1,2,3,4,5,6,7,8,9] [246,247,248,249,250,251,252,253,254,255,256,257,258,259,260]
