[Score] [Station index] [Time slots] 
73170.916 [0,1,2,3,4,5,6,7,8,9] [247]
73111.05025 [0,1,2,3,4,5,6,7,8,9] [247,248]
73051.209 [0,1,2,3,4,5,6,7,8,9] [248]
73017.02500000002 [0,1,2,3,4,5,6,7,8,9] [243]
72974.30625 [0,1,2,3,4,5,6,7,8,9] [242,243]
72948.68100000001 [0,1,2,3,4,5,6,7,8,9] [240]
72931.6 [0,1,2,3,4,5,6,7,8,9] [242]
72880.369 [0,1,2,3,4,5,6,7,8,9] [251,252]
72880.36899999998 [0,1,2,3,4,5,6,7,8,9] [252]
72800.71211111109 [0,1,2,3,4,5,6,7,8,9] [250,251,252]
72760.9 [0,1,2,3,4,5,6,7,8,9] [250,251]
72522.25600000001 [0,1,2,3,4,5,6,7,8,9] [232]
72513.74024999997 [0,1,2,3,4,5,6,7,8,9] [231,232]
72505.225 [0,1,2,3,4,5,6,7,8,9] [237]
72471.16900000001 [0,1,2,3,4,5,6,7,8,9] [256,257]
72445.63225000001 [0,1,2,3,4,5,6,7,8,9] [232,233]
72420.1 [0,1,2,3,4,5,6,7,8,9] [257]
71944.32400000001 [0,1,2,3,4,5,6,7,8,9] [225]
71740.90000000002 [0,1,2,3,4,5,6,7,8,9] [223,224,225]
71683.31555999999 [0,1,2,3,4,5,6,7,8,9] [222,223,224,225,226]
71643.52806249999 [0,1,2,3,4,5,6,7,8,9] [220,221,222,223,224,225,226,227]
71639.29600000002 [0,1,2,3,4,5,6,7,8,9] [223,224]
71636.47469444446 [0,1,2,3,4,5,6,7,8,9] [221,222,223,224,225,226]
71622.36899999999 [0,1,2,3,4,5,6,7,8,9] [222,223,224,225]
71607.8617346939 [0,1,2,3,4,5,6,7,8,9] [220,221,222,223,224,225,226]
71578.36816000001 [0,1,2,3,4,5,6,7,8,9] [221,222,223,224,225]
71569.90801 [0,1,2,3,4,5,6,7,8,9] [218,219,220,221,222,223,224,225,226,227]
71559.29507438015 [0,1,2,3,4,5,6,7,8,9] [217,218,219,220,221,222,223,224,225,226,227]
71554.68099999998 [0,1,2,3,4,5,6,7,8,9] [220,221,222,223,224,225]
71537.764 [0,1,2,3,4,5,6,7,8,9] [218]
71534.00493827162 [0,1,2,3,4,5,6,7,8,9] [218,219,220,221,222,223,224,225,226]
71533.53506250001 [0,1,2,3,4,5,6,7,8,9] [219,220,221,222,223,224,225,226]
71525.92328999998 [0,1,2,3,4,5,6,7,8,9] [217,218,219,220,221,222,223,224,225,226]
71515.2111111111 [0,1,2,3,4,5,6,7,8,9] [222,223,224]
71512.39225 [0,1,2,3,4,5,6,7,8,9] [216,217,218,219,220,221,222,223,224,225,226,227]
71500.03328402365 [0,1,2,3,4,5,6,7,8,9] [215,216,217,218,219,220,221,222,223,224,225,226,227]
71495.48024999998 [0,1,2,3,4,5,6,7,8,9] [217,218]
71493.78916000001 [0,1,2,3,4,5,6,7,8,9] [214,215,216,217,218,219,220,221,222,223,224,225,226,227,228]
71487.025 [0,1,2,3,4,5,6,7,8,9] [221,222,223,224]
71487.02499999998 [0,1,2,3,4,5,6,7,8,9] [223]
71484.91126562499 [0,1,2,3,4,5,6,7,8,9] [218,219,220,221,222,223,224,225]
71481.38844444444 [0,1,2,3,4,5,6,7,8,9] [217,218,219,220,221,222,223,224,225]
71477.80166115702 [0,1,2,3,4,5,6,7,8,9] [216,217,218,219,220,221,222,223,224,225,226]
71477.36246938774 [0,1,2,3,4,5,6,7,8,9] [219,220,221,222,223,224,225]
71476.87936 [0,1,2,3,4,5,6,7,8,9] [220,221,222,223,224]
71467.2980277778 [0,1,2,3,4,5,6,7,8,9] [215,216,217,218,219,220,221,222,223,224,225,226]
71464.07755612247 [0,1,2,3,4,5,6,7,8,9] [214,215,216,217,218,219,220,221,222,223,224,225,226,227]
71453.209 [0,1,2,3,4,5,6,7,8,9] [217]
71436.304 [0,1,2,3,4,5,6,7,8,9] [220]
71432.92324 [0,1,2,3,4,5,6,7,8,9] [216,217,218,219,220,221,222,223,224,225]
71431.10286390534 [0,1,2,3,4,5,6,7,8,9] [214,215,216,217,218,219,220,221,222,223,224,225,226]
71425.5473140496 [0,1,2,3,4,5,6,7,8,9] [215,216,217,218,219,220,221,222,223,224,225]
71423.6265625 [0,1,2,3,4,5,6,7,8,9] [217,218,219,220,221,222,223,224]
71419.40099999998 [0,1,2,3,4,5,6,7,8,9] [218,219,220,221,222,223,224]
71417.1474177778 [0,1,2,3,4,5,6,7,8,9] [213,214,215,216,217,218,219,220,221,222,223,224,225,226,227]
71402.50000000003 [0,1,2,3,4,5,6,7,8,9] [221]
71399.68336111112 [0,1,2,3,4,5,6,7,8,9] [219,220,221,222,223,224]
71398.2750625 [0,1,2,3,4,5,6,7,8,9] [220,221,222,223]
71395.10644140624 [0,1,2,3,4,5,6,7,8,9] [212,213,214,215,216,217,218,219,220,221,222,223,224,225,226,227]
71389.82556250003 [0,1,2,3,4,5,6,7,8,9] [214,215,216,217,218,219,220,221,222,223,224,225]
71385.601 [0,1,2,3,4,5,6,7,8,9] [221,222,223]
71383.18702040815 [0,1,2,3,4,5,6,7,8,9] [213,214,215,216,217,218,219,220,221,222,223,224,225,226]
71377.15225000001 [0,1,2,3,4,5,6,7,8,9] [222,223]
71376.21353086419 [0,1,2,3,4,5,6,7,8,9] [216,217,218,219,220,221,222,223,224]
71373.77289000001 [0,1,2,3,4,5,6,7,8,9] [215,216,217,218,219,220,221,222,223,224]
71371.11773469388 [0,1,2,3,4,5,6,7,8,9] [217,218,219,220,221,222,223]
71368.70400000001 [0,1,2,3,4,5,6,7,8,9] [217,218,219,220,221]
71368.704 [0,1,2,3,4,5,6,7,8,9] [220,221,222]
71361.94576000002 [0,1,2,3,4,5,6,7,8,9] [212,213,214,215,216,217,218,219,220,221,222,223,224,225,226]
71360.25625 [0,1,2,3,4,5,6,7,8,9] [217,218,219,220]
71357.44044444445 [0,1,2,3,4,5,6,7,8,9] [218,219,220,221,222,223]
71351.80900000001 [0,1,2,3,4,5,6,7,8,9] [217,218,219,220,221,222]
71347.5855625 [0,1,2,3,4,5,6,7,8,9] [218,219,220,221]
71345.84653633222 [0,1,2,3,4,5,6,7,8,9] [211,212,213,214,215,216,217,218,219,220,221,222,223,224,225,226,227]
71341.41307100593 [0,1,2,3,4,5,6,7,8,9] [213,214,215,216,217,218,219,220,221,222,223,224,225]
71339.52298347106 [0,1,2,3,4,5,6,7,8,9] [214,215,216,217,218,219,220,221,222,223,224]
71334.91600000003 [0,1,2,3,4,5,6,7,8,9] [215,216,217,218]
71334.916 [0,1,2,3,4,5,6,7,8,9] [221,222]
71334.91599999998 [0,1,2,3,4,5,6,7,8,9] [217,218,219]
71331.53763999998 [0,1,2,3,4,5,6,7,8,9] [218,219,220,221,222]
71329.28544444445 [0,1,2,3,4,5,6,7,8,9] [218,219,220]
71329.28544444442 [0,1,2,3,4,5,6,7,8,9] [216,217,218]
71327.4086419753 [0,1,2,3,4,5,6,7,8,9] [215,216,217,218,219,220,221,222,223]
71324.35889062501 [0,1,2,3,4,5,6,7,8,9] [216,217,218,219,220,221,222,223]
71321.64433163268 [0,1,2,3,4,5,6,7,8,9] [212,213,214,215,216,217,218,219,220,221,222,223,224,225]
71321.40303999999 [0,1,2,3,4,5,6,7,8,9] [219,220,221,222,223]
71313.19936734697 [0,1,2,3,4,5,6,7,8,9] [215,216,217,218,219,220,221]
71311.69139062501 [0,1,2,3,4,5,6,7,8,9] [211,212,213,214,215,216,217,218,219,220,221,222,223,224,225,226]
71307.46914062502 [0,1,2,3,4,5,6,7,8,9] [215,216,217,218,219,220,221,222]
71306.76544444446 [0,1,2,3,4,5,6,7,8,9] [216,217,218,219,220,221]
71301.136 [0,1,2,3,4,5,6,7,8,9] [216,217,218,219,220,221,222]
71298.32136111113 [0,1,2,3,4,5,6,7,8,9] [215,216,217,218,219,220]
71294.38096000002 [0,1,2,3,4,5,6,7,8,9] [214,215,216,217,218,219,220,221,222,223]
71291.28500694445 [0,1,2,3,4,5,6,7,8,9] [213,214,215,216,217,218,219,220,221,222,223,224]
71287.62624000003 [0,1,2,3,4,5,6,7,8,9] [216,217,218,219,220]
71284.24899999998 [0,1,2,3,4,5,6,7,8,9] [219,220,221]
71280.0275625 [0,1,2,3,4,5,6,7,8,9] [219,220,221,222]
71275.80625 [0,1,2,3,4,5,6,7,8,9] [218,219]
71273.85799408282 [0,1,2,3,4,5,6,7,8,9] [212,213,214,215,216,217,218,219,220,221,222,223,224]
71273.69564062501 [0,1,2,3,4,5,6,7,8,9] [214,215,216,217,218,219,220,221]
