[Score] [Station index] [Time slots] 
50183.056 [0,1,2,3,4,5,6,7,8,9] [245]
50140.561 [0,1,2,3,4,5,6,7,8,9] [239]
50098.08399999999 [0,1,2,3,4,5,6,7,8,9] [250]
50069.776 [0,1,2,3,4,5,6,7,8,9] [233,234]
50041.475999999995 [0,1,2,3,4,5,6,7,8,9] [233]
50006.112249999984 [0,1,2,3,4,5,6,7,8,9] [238,239]
49999.041000000005 [0,1,2,3,4,5,6,7,8,9] [233,234,235]
49984.9 [0,1,2,3,4,5,6,7,8,9] [250,251]
49981.36506249999 [0,1,2,3,4,5,6,7,8,9] [233,234,235,236]
49980.186777777766 [0,1,2,3,4,5,6,7,8,9] [245,246,247]
49977.830250000006 [0,1,2,3,4,5,6,7,8,9] [249,250]
49977.83024999999 [0,1,2,3,4,5,6,7,8,9] [234,235]
49970.761 [0,1,2,3,4,5,6,7,8,9] [247]
49962.68246938776 [0,1,2,3,4,5,6,7,8,9] [233,234,235,236,237,238,239]
49961.3361111111 [0,1,2,3,4,5,6,7,8,9] [234,235,236]
49956.62400000001 [0,1,2,3,4,5,6,7,8,9] [245,246,247,248,249,250]
49949.556250000016 [0,1,2,3,4,5,6,7,8,9] [234,235,236,237,238,239]
49947.20044444443 [0,1,2,3,4,5,6,7,8,9] [238,239,240]
49946.02256250002 [0,1,2,3,4,5,6,7,8,9] [233,234,235,236,237,238,239,240]
49946.02256249999 [0,1,2,3,4,5,6,7,8,9] [245,246,247,248]
49945.31583999999 [0,1,2,3,4,5,6,7,8,9] [233,234,235,236,237]
49944.5081632653 [0,1,2,3,4,5,6,7,8,9] [245,246,247,248,249,250,251]
49942.48899999999 [0,1,2,3,4,5,6,7,8,9] [249,250,251]
49937.77777777776 [0,1,2,3,4,5,6,7,8,9] [237,238,239]
49935.422249999996 [0,1,2,3,4,5,6,7,8,9] [236,237,238,239]
49933.06677777779 [0,1,2,3,4,5,6,7,8,9] [233,234,235,236,237,238]
49933.06677777778 [0,1,2,3,4,5,6,7,8,9] [248,249,250]
49933.066777777756 [0,1,2,3,4,5,6,7,8,9] [239,240,241]
49932.39379591836 [0,1,2,3,4,5,6,7,8,9] [234,235,236,237,238,239,240]
49928.35600000001 [0,1,2,3,4,5,6,7,8,9] [245,246,247,248,249]
49928.355999999985 [0,1,2,3,4,5,6,7,8,9] [247,248,249,250,251]
49922.70336000001 [0,1,2,3,4,5,6,7,8,9] [233,234,235,236,237,238,239,240,241,242]
49921.29024999999 [0,1,2,3,4,5,6,7,8,9] [234,235,236,237]
49919.87715999999 [0,1,2,3,4,5,6,7,8,9] [235,236,237,238,239]
49919.523890625 [0,1,2,3,4,5,6,7,8,9] [234,235,236,237,238,239,240,241]
49919.52389062499 [0,1,2,3,4,5,6,7,8,9] [232,233,234,235,236,237,238,239]
49918.935111111125 [0,1,2,3,4,5,6,7,8,9] [232,233,234]
49917.75756250001 [0,1,2,3,4,5,6,7,8,9] [238,239,240,241]
49917.757562499995 [0,1,2,3,4,5,6,7,8,9] [248,249,250,251]
49914.22500000002 [0,1,2,3,4,5,6,7,8,9] [236,237,238,239,240]
49911.399040000004 [0,1,2,3,4,5,6,7,8,9] [246,247,248,249,250]
49911.39903999999 [0,1,2,3,4,5,6,7,8,9] [234,235,236,237,238]
49910.692562499986 [0,1,2,3,4,5,6,7,8,9] [237,238,239,240]
49909.51511111112 [0,1,2,3,4,5,6,7,8,9] [234,235,236,237,238,239,240,241,242]
49908.57316000001 [0,1,2,3,4,5,6,7,8,9] [232,233,234,235,236]
49907.16025 [0,1,2,3,4,5,6,7,8,9] [247,248]
49907.16024999999 [0,1,2,3,4,5,6,7,8,9] [239,240,241,242]
49904.80544444447 [0,1,2,3,4,5,6,7,8,9] [246,247,248,249,250,251]
49904.80544444446 [0,1,2,3,4,5,6,7,8,9] [235,236,237,238,239,240]
49903.62806249998 [0,1,2,3,4,5,6,7,8,9] [232,233,234,235]
49901.508810000014 [0,1,2,3,4,5,6,7,8,9] [231,232,233,234,235,236,237,238,239,240]
49901.50880999999 [0,1,2,3,4,5,6,7,8,9] [232,233,234,235,236,237,238,239,240,241]
49900.09600000001 [0,1,2,3,4,5,6,7,8,9] [236,237,238,239,240,241]
49900.096 [0,1,2,3,4,5,6,7,8,9] [238,239,240,241,242]
49898.81164462811 [0,1,2,3,4,5,6,7,8,9] [233,234,235,236,237,238,239,240,241,242,243]
49897.74136111111 [0,1,2,3,4,5,6,7,8,9] [233,234,235,236,237,238,239,240,241,242,243,244,245,246,247,248,249,250]
49896.5640625 [0,1,2,3,4,5,6,7,8,9] [231,232,233,234]
49896.37817451522 [0,1,2,3,4,5,6,7,8,9] [233,234,235,236,237,238,239,240,241,242,243,244,245,246,247,248,249,250,251]
49896.05951020409 [0,1,2,3,4,5,6,7,8,9] [244,245,246,247,248,249,250]
49895.38677777778 [0,1,2,3,4,5,6,7,8,9] [231,232,233,234,235,236]
49894.95867768595 [0,1,2,3,4,5,6,7,8,9] [232,233,234,235,236,237,238,239,240,241,242]
49894.958677685936 [0,1,2,3,4,5,6,7,8,9] [231,232,233,234,235,236,237,238,239,240,241]
49894.44496 [0,1,2,3,4,5,6,7,8,9] [237,238,239,240,241]
49894.04132653061 [0,1,2,3,4,5,6,7,8,9] [235,236,237,238,239,240,241]
49893.032250000004 [0,1,2,3,4,5,6,7,8,9] [244,245,246,247,248,249,250,251]
49892.48890532546 [0,1,2,3,4,5,6,7,8,9] [233,234,235,236,237,238,239,240,241,242,243,244,245]
49890.67777777777 [0,1,2,3,4,5,6,7,8,9] [247,248,249]
49890.005081632655 [0,1,2,3,4,5,6,7,8,9] [236,237,238,239,240,241,242]
49889.50056250002 [0,1,2,3,4,5,6,7,8,9] [231,232,233,234,235,236,237,238,239,240,241,242]
49889.2928200692 [0,1,2,3,4,5,6,7,8,9] [234,235,236,237,238,239,240,241,242,243,244,245,246,247,248,249,250]
49888.79424 [0,1,2,3,4,5,6,7,8,9] [231,232,233,234,235]
49888.32336111112 [0,1,2,3,4,5,6,7,8,9] [234,235,236,237,238,239,240,241,242,243,244,245,246,247,248,249,250,251]
49887.98702040814 [0,1,2,3,4,5,6,7,8,9] [232,233,234,235,236,237,238]
49887.73476562502 [0,1,2,3,4,5,6,7,8,9] [233,234,235,236,237,238,239,240,241,242,243,244,245,246,247,248]
49885.96900000001 [0,1,2,3,4,5,6,7,8,9] [233,234,235,236,237,238,239,240,241,242,243,244,245,246,247,248,249]
49884.96000510202 [0,1,2,3,4,5,6,7,8,9] [233,234,235,236,237,238,239,240,241,242,243,244,245,246]
49884.55641 [0,1,2,3,4,5,6,7,8,9] [234,235,236,237,238,239,240,241,242,243]
49883.61469444444 [0,1,2,3,4,5,6,7,8,9] [237,238,239,240,241,242]
49882.995149584494 [0,1,2,3,4,5,6,7,8,9] [232,233,234,235,236,237,238,239,240,241,242,243,244,245,246,247,248,249,250]
49882.437562499996 [0,1,2,3,4,5,6,7,8,9] [232,233,234,235,236,237,238,239,240,241,242,243,244,245,246,247,248,249,250,251]
49881.93308163264 [0,1,2,3,4,5,6,7,8,9] [231,232,233,234,235,236,237]
49880.67189062501 [0,1,2,3,4,5,6,7,8,9] [231,232,233,234,235,236,237,238]
49880.67189062499 [0,1,2,3,4,5,6,7,8,9] [245,246,247,248,249,250,251,252]
49880.31876000001 [0,1,2,3,4,5,6,7,8,9] [231,232,233,234,235,236,237,238,239,240,241,242,243,244,245,246,247,248,249,250]
49880.08334027779 [0,1,2,3,4,5,6,7,8,9] [234,235,236,237,238,239,240,241,242,243,244,245]
49880.083340277764 [0,1,2,3,4,5,6,7,8,9] [239,240,241,242,243,244,245,246,247,248,249,250]
49879.915183673475 [0,1,2,3,4,5,6,7,8,9] [231,232,233,234,235,236,237,238,239,240,241,242,243,244,245,246,247,248,249,250,251]
49879.91518367345 [0,1,2,3,4,5,6,7,8,9] [234,235,236,237,238,239,240,241,242,243,244,245,246,247]
49879.449520710055 [0,1,2,3,4,5,6,7,8,9] [239,240,241,242,243,244,245,246,247,248,249,250,251]
49879.44952071003 [0,1,2,3,4,5,6,7,8,9] [238,239,240,241,242,243,244,245,246,247,248,249,250]
49878.906250000015 [0,1,2,3,4,5,6,7,8,9] [238,239,240,241,242,243,244,245,246,247,248,249,250,251]
49878.90625 [0,1,2,3,4,5,6,7,8,9] [246,247]
49877.49376 [0,1,2,3,4,5,6,7,8,9] [234,235,236,237,238,239,240,241,242,243,244,245,246,247,248]
49877.49375999998 [0,1,2,3,4,5,6,7,8,9] [236,237,238,239,240,241,242,243,244,245,246,247,248,249,250]
49877.14064062501 [0,1,2,3,4,5,6,7,8,9] [236,237,238,239,240,241,242,243,244,245,246,247,248,249,250,251]
49876.25784765624 [0,1,2,3,4,5,6,7,8,9] [235,236,237,238,239,240,241,242,243,244,245,246,247,248,249,250]
49875.99820415225 [0,1,2,3,4,5,6,7,8,9] [235,236,237,238,239,240,241,242,243,244,245,246,247,248,249,250,251]
49875.37506249999 [0,1,2,3,4,5,6,7,8,9] [232,233,234,235,236,237,238,239,240,241,242,243]
49873.86173469387 [0,1,2,3,4,5,6,7,8,9] [237,238,239,240,241,242,243,244,245,246,247,248,249,250]
49873.72721777776 [0,1,2,3,4,5,6,7,8,9] [237,238,239,240,241,242,243,244,245,246,247,248,249,250,251]
