[Score] [Station index] [Time slots] 
52854.00999999999 [0,1,2,3,4,6,7,8,9] [236]
52808.04000000001 [0,1,2,3,4,6,7,8,9] [236,237]
52800.38027777776 [0,1,2,3,4,6,7,8,9] [235,236]
52787.61530864197 [0,1,2,3,4,6,7,8,9] [235,236,237]
52767.19456790123 [0,1,2,3,4,6,7,8,9] [234,235,236]
52765.91840277778 [0,1,2,3,4,6,7,8,9] [234,235,236,237]
52762.09000000002 [0,1,2,3,4,6,7,8,9] [237]
52746.77777777778 [0,1,2,3,4,6,7,8,9] [247]
52746.77777777776 [0,1,2,3,4,6,7,8,9] [235]
52727.640625 [0,1,2,3,4,6,7,8,9] [235,236,237,238]
52723.81361111111 [0,1,2,3,4,6,7,8,9] [234,235]
52722.28284444445 [0,1,2,3,4,6,7,8,9] [234,235,236,237,238]
52721.26234567902 [0,1,2,3,4,6,7,8,9] [236,237,238]
52719.22137777778 [0,1,2,3,4,6,7,8,9] [233,234,235,236,237]
52708.506944444445 [0,1,2,3,4,6,7,8,9] [233,234,235,236]
52700.85444444445 [0,1,2,3,4,6,7,8,9] [234]
52690.65197530866 [0,1,2,3,4,6,7,8,9] [233,234,235,236,237,238]
52690.65197530864 [0,1,2,3,4,6,7,8,9] [232,233,234,235,236,237]
52676.37017777779 [0,1,2,3,4,6,7,8,9] [232,233,234,235,236]
52670.25000000002 [0,1,2,3,4,6,7,8,9] [232,233,234,235,236,237,238]
52670.24999999998 [0,1,2,3,4,6,7,8,9] [243]
52665.1501234568 [0,1,2,3,4,6,7,8,9] [234,235,236,237,238,239]
52660.050493827155 [0,1,2,3,4,6,7,8,9] [233,234,235]
52658.0107111111 [0,1,2,3,4,6,7,8,9] [235,236,237,238,239]
52657.136530612224 [0,1,2,3,4,6,7,8,9] [231,232,233,234,235,236,237]
52654.95111111112 [0,1,2,3,4,6,7,8,9] [237,238]
52647.30250000002 [0,1,2,3,4,6,7,8,9] [247,248]
52646.20988662131 [0,1,2,3,4,6,7,8,9] [233,234,235,236,237,238,239]
52643.47840277778 [0,1,2,3,4,6,7,8,9] [231,232,233,234,235,236,237,238]
52639.65444444445 [0,1,2,3,4,6,7,8,9] [231,232,233,234,235,236]
52639.65444444442 [0,1,2,3,4,6,7,8,9] [241]
52635.83062499997 [0,1,2,3,4,6,7,8,9] [236,237,238,239]
52634.55604938273 [0,1,2,3,4,6,7,8,9] [241,242,243]
52633.9187673611 [0,1,2,3,4,6,7,8,9] [232,233,234,235,236,237,238,239]
52632.006944444445 [0,1,2,3,4,6,7,8,9] [246,247]
52630.477511111094 [0,1,2,3,4,6,7,8,9] [234,235,236,237,238,239,240,241,242,243]
52630.09515624999 [0,1,2,3,4,6,7,8,9] [234,235,236,237,238,239,240,241]
52628.72961451245 [0,1,2,3,4,6,7,8,9] [234,235,236,237,238,239,240]
52626.059272976665 [0,1,2,3,4,6,7,8,9] [234,235,236,237,238,239,240,241,242]
52622.66075445816 [0,1,2,3,4,6,7,8,9] [235,236,237,238,239,240,241,242,243]
52621.57943067035 [0,1,2,3,4,6,7,8,9] [233,234,235,236,237,238,239,240,241,242,243]
52620.18917355373 [0,1,2,3,4,6,7,8,9] [234,235,236,237,238,239,240,241,242,243,244]
52619.990566893444 [0,1,2,3,4,6,7,8,9] [235,236,237,238,239,240,241]
52619.26234567901 [0,1,2,3,4,6,7,8,9] [233,234,235,236,237,238,239,240,241]
52618.89823696143 [0,1,2,3,4,6,7,8,9] [234,235,236,237,238,239,240,241,242,243,244,245,246,247]
52616.713611111125 [0,1,2,3,4,6,7,8,9] [241,242]
52616.71361111111 [0,1,2,3,4,6,7,8,9] [234,235,236,237,238,239,240,241,242,243,244,245]
52616.71361111109 [0,1,2,3,4,6,7,8,9] [233,234,235,236,237,238,239,240,241,242]
52615.43926697531 [0,1,2,3,4,6,7,8,9] [232,233,234,235,236,237,238,239,240,241,242,243]
52614.16493827162 [0,1,2,3,4,6,7,8,9] [234,235,236,237,238,239,240,241,242,243,244,245,246,247,248]
52614.1649382716 [0,1,2,3,4,6,7,8,9] [245,246,247]
52613.14548641974 [0,1,2,3,4,6,7,8,9] [233,234,235,236,237,238,239,240,241,242,243,244,245,246,247]
52612.890625 [0,1,2,3,4,6,7,8,9] [233,234,235,236,237,238,239,240,241,242,243,244]
52612.596554898104 [0,1,2,3,4,6,7,8,9] [235,236,237,238,239,240,241,242,243,244,245,246,247]
52612.12604444444 [0,1,2,3,4,6,7,8,9] [235,236,237,238,239,240,241,242,243,244]
52610.97918402777 [0,1,2,3,4,6,7,8,9] [230,231,232,233,234,235,236,237]
52610.4578879706 [0,1,2,3,4,6,7,8,9] [232,233,234,235,236,237,238,239,240,241,242]
52610.244023668645 [0,1,2,3,4,6,7,8,9] [233,234,235,236,237,238,239,240,241,242,243,244,245]
52609.0677777778 [0,1,2,3,4,6,7,8,9] [241,242,243,244,245,246,247]
52609.06777777778 [0,1,2,3,4,6,7,8,9] [233,234,235,236,237,238,239,240,241,242,243,244,245,246,247,248]
52607.97556122449 [0,1,2,3,4,6,7,8,9] [235,236,237,238,239,240,241,242,243,244,245,246,247,248]
52607.891545036146 [0,1,2,3,4,6,7,8,9] [232,233,234,235,236,237,238,239,240,241,242,243,244]
52607.15640625 [0,1,2,3,4,6,7,8,9] [236,237,238,239,240,241,242,243]
52606.00959999999 [0,1,2,3,4,6,7,8,9] [243,244,245,246,247]
52605.791162131514 [0,1,2,3,4,6,7,8,9] [232,233,234,235,236,237,238,239,240,241,242,243,244,245]
52605.46993079586 [0,1,2,3,4,6,7,8,9] [232,233,234,235,236,237,238,239,240,241,242,243,244,245,246,247,248]
52605.24506944445 [0,1,2,3,4,6,7,8,9] [241,242,243,244]
52603.97086419754 [0,1,2,3,4,6,7,8,9] [246,247,248]
52603.60680839002 [0,1,2,3,4,6,7,8,9] [233,234,235,236,237,238,239,240,241,242,243,244,245,246]
52603.18674556213 [0,1,2,3,4,6,7,8,9] [231,232,233,234,235,236,237,238,239,240,241,242,243]
52601.42249999999 [0,1,2,3,4,6,7,8,9] [241,242,243,244,245,246,247,248]
52600.073391003454 [0,1,2,3,4,6,7,8,9] [231,232,233,234,235,236,237,238,239,240,241,242,243,244,245,246,247]
52599.89351111112 [0,1,2,3,4,6,7,8,9] [241,242,243,244,245]
52599.893511111106 [0,1,2,3,4,6,7,8,9] [232,233,234,235,236,237,238,239,240,241,242,243,244,245,246]
52598.87419753086 [0,1,2,3,4,6,7,8,9] [236,237,238,239,240,241]
52598.14612244899 [0,1,2,3,4,6,7,8,9] [236,237,238,239,240,241,242]
52597.94755739209 [0,1,2,3,4,6,7,8,9] [231,232,233,234,235,236,237,238,239,240,241]
52597.60006944444 [0,1,2,3,4,6,7,8,9] [245,246,247,248]
52597.60006944442 [0,1,2,3,4,6,7,8,9] [231,232,233,234,235,236,237,238,239,240,241,242]
52597.306042077566 [0,1,2,3,4,6,7,8,9] [236,237,238,239,240,241,242,243,244,245,246,247,248]
52597.17536351166 [0,1,2,3,4,6,7,8,9] [231,232,233,234,235,236,237,238,239,240,241,242,243,244,245,246,247,248]
52597.17536351164 [0,1,2,3,4,6,7,8,9] [236,237,238,239,240,241,242,243,244]
52597.05401927439 [0,1,2,3,4,6,7,8,9] [231,232,233,234,235,236,237,238,239,240,241,242,243,244]
52596.83559999998 [0,1,2,3,4,6,7,8,9] [231,232,233,234,235]
52596.32595679012 [0,1,2,3,4,6,7,8,9] [243,244,245,246,247,248]
52595.961927437645 [0,1,2,3,4,6,7,8,9] [242,243,244,245,246,247,248]
52595.81631604938 [0,1,2,3,4,6,7,8,9] [231,232,233,234,235,236,237,238,239,240,241,242,243,244,245]
52595.30667777776 [0,1,2,3,4,6,7,8,9] [236,237,238,239,240,241,242,243,244,245]
52593.777777777796 [0,1,2,3,4,6,7,8,9] [242,243,244]
52593.77777777778 [0,1,2,3,4,6,7,8,9] [243,244]
52590.91115017362 [0,1,2,3,4,6,7,8,9] [231,232,233,234,235,236,237,238,239,240,241,242,243,244,245,246]
52590.911150173604 [0,1,2,3,4,6,7,8,9] [234,235,236,237,238,239,240,241,242,243,244,245,246,247,248,249]
52590.720044444446 [0,1,2,3,4,6,7,8,9] [236,237,238,239,240]
52589.955625000024 [0,1,2,3,4,6,7,8,9] [244,245,246,247]
52589.95562499998 [0,1,2,3,4,6,7,8,9] [242,243,244,245]
52589.409614512464 [0,1,2,3,4,6,7,8,9] [230,231,232,233,234,235,236]
52588.681604938276 [0,1,2,3,4,6,7,8,9] [243,244,245]
52588.218328741954 [0,1,2,3,4,6,7,8,9] [236,237,238,239,240,241,242,243,244,245,246]
52587.482541330246 [0,1,2,3,4,6,7,8,9] [233,234,235,236,237,238,239,240,241,242,243,244,245,246,247,248,249]
52586.1336111111 [0,1,2,3,4,6,7,8,9] [241,242,243,244,245,246]
