[Score] [Station index] [Time slots] 
67059.72099999999 [0,1,2,3,4,5,6,7,8,9] [234]
67051.53225 [0,1,2,3,4,5,6,7,8,9] [234,235]
67043.34400000001 [0,1,2,3,4,5,6,7,8,9] [235]
66972.40011111108 [0,1,2,3,4,5,6,7,8,9] [234,235,236]
66941.03306249999 [0,1,2,3,4,5,6,7,8,9] [234,235,236,237]
66928.761 [0,1,2,3,4,5,6,7,8,9] [235,236]
66905.85616 [0,1,2,3,4,5,6,7,8,9] [234,235,236,237,238]
66901.4937777778 [0,1,2,3,4,5,6,7,8,9] [235,236,237]
66896.041 [0,1,2,3,4,5,6,7,8,9] [233,234,235]
66875.5950625 [0,1,2,3,4,5,6,7,8,9] [233,234,235,236]
66869.87076000002 [0,1,2,3,4,5,6,7,8,9] [233,234,235,236,237]
66867.41756249998 [0,1,2,3,4,5,6,7,8,9] [235,236,237,238]
66863.329 [0,1,2,3,4,5,6,7,8,9] [234,235,236,237,238,239]
66852.42677777777 [0,1,2,3,4,5,6,7,8,9] [233,234,235,236,237,238]
66846.976 [0,1,2,3,4,5,6,7,8,9] [237]
66830.625 [0,1,2,3,4,5,6,7,8,9] [232,233,234,235,236,237]
66830.62499999997 [0,1,2,3,4,5,6,7,8,9] [236,237]
66828.28930612245 [0,1,2,3,4,5,6,7,8,9] [234,235,236,237,238,239,240]
66827.35504000001 [0,1,2,3,4,5,6,7,8,9] [232,233,234,235,236]
66824.08516 [0,1,2,3,4,5,6,7,8,9] [235,236,237,238,239]
66823.6180408163 [0,1,2,3,4,5,6,7,8,9] [233,234,235,236,237,238,239]
66822.45025000001 [0,1,2,3,4,5,6,7,8,9] [233,234]
66822.45025 [0,1,2,3,4,5,6,7,8,9] [234,235,236,237,238,239,240,241]
66821.28246938776 [0,1,2,3,4,5,6,7,8,9] [232,233,234,235,236,237,238]
66814.276 [0,1,2,3,4,5,6,7,8,9] [236]
66808.82677777778 [0,1,2,3,4,5,6,7,8,9] [236,237,238]
66806.10225000001 [0,1,2,3,4,5,6,7,8,9] [237,238]
66799.972265625 [0,1,2,3,4,5,6,7,8,9] [232,233,234,235,236,237,238,239]
66797.92899999999 [0,1,2,3,4,5,6,7,8,9] [233,234,235,236,237,238,239,240]
66796.11279012346 [0,1,2,3,4,5,6,7,8,9] [234,235,236,237,238,239,240,241,242]
66796.11279012341 [0,1,2,3,4,5,6,7,8,9] [233,234,235,236,237,238,239,240,241]
66789.75625 [0,1,2,3,4,5,6,7,8,9] [235,236,237,238,239,240]
66788.58875510203 [0,1,2,3,4,5,6,7,8,9] [235,236,237,238,239,240,241]
66781.584 [0,1,2,3,4,5,6,7,8,9] [241]
66779.94960999998 [0,1,2,3,4,5,6,7,8,9] [232,233,234,235,236,237,238,239,240,241]
66779.7680123457 [0,1,2,3,4,5,6,7,8,9] [232,233,234,235,236,237,238,239,240]
66775.04656000002 [0,1,2,3,4,5,6,7,8,9] [233,234,235,236,237,238,239,240,241,242]
66773.41225000002 [0,1,2,3,4,5,6,7,8,9] [234,235,236,237,238,239,240,241,242,243]
66769.32656250002 [0,1,2,3,4,5,6,7,8,9] [236,237,238,239]
66765.24100000001 [0,1,2,3,4,5,6,7,8,9] [238]
66763.19826562502 [0,1,2,3,4,5,6,7,8,9] [235,236,237,238,239,240,241,242]
66762.26976033059 [0,1,2,3,4,5,6,7,8,9] [232,233,234,235,236,237,238,239,240,241,242]
66759.7937777778 [0,1,2,3,4,5,6,7,8,9] [232,233,234]
66756.32747933886 [0,1,2,3,4,5,6,7,8,9] [233,234,235,236,237,238,239,240,241,242,243]
66756.32747933883 [0,1,2,3,4,5,6,7,8,9] [234,235,236,237,238,239,240,241,242,243,244]
66754.3467777778 [0,1,2,3,4,5,6,7,8,9] [237,238,239]
66746.85751562502 [0,1,2,3,4,5,6,7,8,9] [231,232,233,234,235,236,237,238]
66746.17669444445 [0,1,2,3,4,5,6,7,8,9] [236,237,238,239,240,241]
66746.17669444442 [0,1,2,3,4,5,6,7,8,9] [232,233,234,235,236,237,238,239,240,241,242,243]
66744.23151020407 [0,1,2,3,4,5,6,7,8,9] [231,232,233,234,235,236,237]
66742.09184027775 [0,1,2,3,4,5,6,7,8,9] [233,234,235,236,237,238,239,240,241,242,243,244]
66741.63797530867 [0,1,2,3,4,5,6,7,8,9] [235,236,237,238,239,240,241,242,243]
66739.8225308642 [0,1,2,3,4,5,6,7,8,9] [230,231,232,233,234,235,236,237,238]
66739.09636000003 [0,1,2,3,4,5,6,7,8,9] [236,237,238,239,240]
66736.64556250001 [0,1,2,3,4,5,6,7,8,9] [230,231,232,233,234,235,236,237]
66736.1917160494 [0,1,2,3,4,5,6,7,8,9] [231,232,233,234,235,236,237,238,239]
66733.81777514791 [0,1,2,3,4,5,6,7,8,9] [232,233,234,235,236,237,238,239,240,241,242,243,244]
66732.561 [0,1,2,3,4,5,6,7,8,9] [237,238,239,240,241]
66730.92721 [0,1,2,3,4,5,6,7,8,9] [230,231,232,233,234,235,236,237,238,239]
66729.5904876033 [0,1,2,3,4,5,6,7,8,9] [231,232,233,234,235,236,237,238,239,240,241]
66727.11511111111 [0,1,2,3,4,5,6,7,8,9] [231,232,233,234,235,236]
66726.02595999998 [0,1,2,3,4,5,6,7,8,9] [235,236,237,238,239,240,241,242,243,244]
66725.75367361112 [0,1,2,3,4,5,6,7,8,9] [234,235,236,237,238,239,240,241,242,243,244,245]
66725.75367361109 [0,1,2,3,4,5,6,7,8,9] [230,231,232,233,234,235,236,237,238,239,240,241]
66724.39225000002 [0,1,2,3,4,5,6,7,8,9] [231,232,233,234,235,236,237,238,239,240]
66723.2253265306 [0,1,2,3,4,5,6,7,8,9] [236,237,238,239,240,241,242]
66720.89151020409 [0,1,2,3,4,5,6,7,8,9] [230,231,232,233,234,235,236]
66720.67934710743 [0,1,2,3,4,5,6,7,8,9] [230,231,232,233,234,235,236,237,238,239,240]
66720.3080625 [0,1,2,3,4,5,6,7,8,9] [237,238,239,240]
66717.58534027779 [0,1,2,3,4,5,6,7,8,9] [231,232,233,234,235,236,237,238,239,240,241,242]
66714.96739053256 [0,1,2,3,4,5,6,7,8,9] [230,231,232,233,234,235,236,237,238,239,240,241,242]
66714.96739053253 [0,1,2,3,4,5,6,7,8,9] [233,234,235,236,237,238,239,240,241,242,243,244,245]
66711.32329000001 [0,1,2,3,4,5,6,7,8,9] [229,230,231,232,233,234,235,236,237,238]
66711.1976331361 [0,1,2,3,4,5,6,7,8,9] [234,235,236,237,238,239,240,241,242,243,244,245,246]
66709.68975999998 [0,1,2,3,4,5,6,7,8,9] [231,232,233,234,235]
66709.22304081633 [0,1,2,3,4,5,6,7,8,9] [232,233,234,235,236,237,238,239,240,241,242,243,244,245]
66708.05625000002 [0,1,2,3,4,5,6,7,8,9] [238,239]
66708.05625 [0,1,2,3,4,5,6,7,8,9] [237,238,239,240,241,242]
66706.17145562131 [0,1,2,3,4,5,6,7,8,9] [231,232,233,234,235,236,237,238,239,240,241,242,243]
66705.82876859503 [0,1,2,3,4,5,6,7,8,9] [229,230,231,232,233,234,235,236,237,238,239]
66705.3337777778 [0,1,2,3,4,5,6,7,8,9] [230,231,232,233,234,235]
66705.33377777778 [0,1,2,3,4,5,6,7,8,9] [229,230,231,232,233,234,235,236,237]
66704.91494082841 [0,1,2,3,4,5,6,7,8,9] [229,230,231,232,233,234,235,236,237,238,239,240,241]
66704.55593877549 [0,1,2,3,4,5,6,7,8,9] [230,231,232,233,234,235,236,237,238,239,240,241,242,243]
66703.97256250001 [0,1,2,3,4,5,6,7,8,9] [236,237,238,239,240,241,242,243]
66702.22244897959 [0,1,2,3,4,5,6,7,8,9] [233,234,235,236,237,238,239,240,241,242,243,244,245,246]
66699.88900000001 [0,1,2,3,4,5,6,7,8,9] [240,241]
66698.52784027776 [0,1,2,3,4,5,6,7,8,9] [229,230,231,232,233,234,235,236,237,238,239,240]
66697.71115111113 [0,1,2,3,4,5,6,7,8,9] [232,233,234,235,236,237,238,239,240,241,242,243,244,245,246]
66697.55559183673 [0,1,2,3,4,5,6,7,8,9] [231,232,233,234,235,236,237,238,239,240,241,242,243,244]
66696.62224 [0,1,2,3,4,5,6,7,8,9] [230,231,232,233,234,235,236,237,238,239,240,241,242,243,244]
66696.3889030612 [0,1,2,3,4,5,6,7,8,9] [229,230,231,232,233,234,235,236,237,238,239,240,241,242]
66695.43434710744 [0,1,2,3,4,5,6,7,8,9] [235,236,237,238,239,240,241,242,243,244,245]
66690.81486419754 [0,1,2,3,4,5,6,7,8,9] [236,237,238,239,240,241,242,243,244]
66688.22236734693 [0,1,2,3,4,5,6,7,8,9] [237,238,239,240,241,242,243]
66687.91127111111 [0,1,2,3,4,5,6,7,8,9] [229,230,231,232,233,234,235,236,237,238,239,240,241,242,243]
66687.6390625 [0,1,2,3,4,5,6,7,8,9] [229,230,231,232,233,234,235,236]
66683.55600000001 [0,1,2,3,4,5,6,7,8,9] [241,242]
66682.19500694444 [0,1,2,3,4,5,6,7,8,9] [235,236,237,238,239,240,241,242,243,244,245,246]
66681.51451562501 [0,1,2,3,4,5,6,7,8,9] [229,230,231,232,233,234,235,236,237,238,239,240,241,242,243,244]
