[Score] [Station index] [Time slots] 
50161.067777777775 [0,1,2,3,4,6,7,8,9] [240]
50093.90027777778 [0,1,2,3,4,6,7,8,9] [239,240]
50086.439999999995 [0,1,2,3,4,6,7,8,9] [240,241]
50066.54864197531 [0,1,2,3,4,6,7,8,9] [239,240,241]
50026.77777777778 [0,1,2,3,4,6,7,8,9] [239]
50026.77777777776 [0,1,2,3,4,6,7,8,9] [238,239,240]
50023.05006944445 [0,1,2,3,4,6,7,8,9] [238,239,240,241]
50011.86777777778 [0,1,2,3,4,6,7,8,9] [241]
49996.96000000001 [0,1,2,3,4,6,7,8,9] [236]
49991.9912345679 [0,1,2,3,4,6,7,8,9] [236,237,238,239,240,241]
49990.99751111111 [0,1,2,3,4,6,7,8,9] [237,238,239,240,241]
49989.50694444447 [0,1,2,3,4,6,7,8,9] [239,240,241,242]
49988.0164 [0,1,2,3,4,6,7,8,9] [236,237,238,239,240]
49985.780624999985 [0,1,2,3,4,6,7,8,9] [237,238,239,240]
49982.05444444444 [0,1,2,3,4,6,7,8,9] [245]
49977.79612244896 [0,1,2,3,4,6,7,8,9] [235,236,237,238,239,240,241]
49977.08641975308 [0,1,2,3,4,6,7,8,9] [240,241,242]
49972.11864197531 [0,1,2,3,4,6,7,8,9] [235,236,237,238,239,240]
49970.1316 [0,1,2,3,4,6,7,8,9] [238,239,240,241,242]
49967.15111111112 [0,1,2,3,4,6,7,8,9] [234,235,236,237,238,239,240,241]
49960.76464852607 [0,1,2,3,4,6,7,8,9] [234,235,236,237,238,239,240]
49959.70027777777 [0,1,2,3,4,6,7,8,9] [238,239]
49958.63591836733 [0,1,2,3,4,6,7,8,9] [236,237,238,239,240,241,242]
49952.25 [0,1,2,3,4,6,7,8,9] [244,245]
49950.387517361116 [0,1,2,3,4,6,7,8,9] [235,236,237,238,239,240,241,242]
49944.80027777779 [0,1,2,3,4,6,7,8,9] [233,234,235,236,237,238,239,240]
49944.800277777766 [0,1,2,3,4,6,7,8,9] [236,237,238,239]
49943.972565157754 [0,1,2,3,4,6,7,8,9] [234,235,236,237,238,239,240,241,242]
49941.607709750555 [0,1,2,3,4,6,7,8,9] [239,240,241,242,243,244,245]
49937.35111111113 [0,1,2,3,4,6,7,8,9] [245,246]
49937.35111111111 [0,1,2,3,4,6,7,8,9] [239,240,241,242,243]
49935.48890625001 [0,1,2,3,4,6,7,8,9] [238,239,240,241,242,243,244,245]
49935.48890624999 [0,1,2,3,4,6,7,8,9] [239,240,241,242,243,244,245,246]
49934.868179012345 [0,1,2,3,4,6,7,8,9] [239,240,241,242,243,244]
49934.37160000001 [0,1,2,3,4,6,7,8,9] [236,237,238,239,240,241,242,243,244,245]
49934.3716 [0,1,2,3,4,6,7,8,9] [235,236,237,238,239]
49932.88187777779 [0,1,2,3,4,6,7,8,9] [233,234,235,236,237,238,239,240,241,242]
49932.38530864198 [0,1,2,3,4,6,7,8,9] [244,245,246]
49932.38530864196 [0,1,2,3,4,6,7,8,9] [239,240,241,242,243,244,245,246,247]
49930.73009602196 [0,1,2,3,4,6,7,8,9] [238,239,240,241,242,243,244,245,246]
49930.57962350783 [0,1,2,3,4,6,7,8,9] [236,237,238,239,240,241,242,243,244,245,246]
49930.57962350781 [0,1,2,3,4,6,7,8,9] [235,236,237,238,239,240,241,242,243,244,245]
49929.90250000002 [0,1,2,3,4,6,7,8,9] [238,239,240,241,242,243]
49929.07491083676 [0,1,2,3,4,6,7,8,9] [236,237,238,239,240,241,242,243,244]
49928.838458049904 [0,1,2,3,4,6,7,8,9] [238,239,240,241,242,243,244]
49928.66111882716 [0,1,2,3,4,6,7,8,9] [236,237,238,239,240,241,242,243,244,245,246,247]
49928.41284444445 [0,1,2,3,4,6,7,8,9] [238,239,240,241,242,243,244,245,246,247]
49927.419753086426 [0,1,2,3,4,6,7,8,9] [245,246,247]
49927.41975308641 [0,1,2,3,4,6,7,8,9] [240,241,242,243,244,245]
49926.17840277779 [0,1,2,3,4,6,7,8,9] [244,245,246,247]
49925.89193951349 [0,1,2,3,4,6,7,8,9] [235,236,237,238,239,240,241,242,243,244,245,246,247]
49925.76462277093 [0,1,2,3,4,6,7,8,9] [235,236,237,238,239,240,241,242,243]
49925.43360000001 [0,1,2,3,4,6,7,8,9] [235,236,237,238,239,240,241,242,243,244]
49924.74609467456 [0,1,2,3,4,6,7,8,9] [234,235,236,237,238,239,240,241,242,243,244,245,246]
49923.94401111108 [0,1,2,3,4,6,7,8,9] [237,238,239,240,241,242,243,244,245,246]
49923.51841836734 [0,1,2,3,4,6,7,8,9] [234,235,236,237,238,239,240,241,242,243,244,245,246,247]
49922.454444444455 [0,1,2,3,4,6,7,8,9] [234,235,236,237,238,239,240,241,242,243]
49922.45444444444 [0,1,2,3,4,6,7,8,9] [237,238,239,240,241,242,243,244,245,246,247]
49920.59251736112 [0,1,2,3,4,6,7,8,9] [237,238,239,240,241,242,243,244]
49920.592517361096 [0,1,2,3,4,6,7,8,9] [240,241,242,243,244,245,246,247]
49920.326530612256 [0,1,2,3,4,6,7,8,9] [237,238,239,240,241,242,243]
49920.162846811305 [0,1,2,3,4,6,7,8,9] [233,234,235,236,237,238,239,240,241,242,243,244,245]
49919.47537777777 [0,1,2,3,4,6,7,8,9] [232,233,234,235,236,237,238,239,240,241]
49918.19866213153 [0,1,2,3,4,6,7,8,9] [233,234,235,236,237,238,239,240,241,242,243,244,245,246]
49917.98587777779 [0,1,2,3,4,6,7,8,9] [239,240,241,242,243,244,245,246,247,248]
49917.871301775136 [0,1,2,3,4,6,7,8,9] [236,237,238,239,240,241,242,243,244,245,246,247,248]
49917.48938271604 [0,1,2,3,4,6,7,8,9] [233,234,235,236,237,238,239,240,241,242,243,244,245,246,247]
49916.49639999998 [0,1,2,3,4,6,7,8,9] [240,241,242,243,244]
49916.07083900229 [0,1,2,3,4,6,7,8,9] [235,236,237,238,239,240,241,242,243,244,245,246,247,248]
49915.68396694216 [0,1,2,3,4,6,7,8,9] [238,239,240,241,242,243,244,245,246,247,248]
49915.006944444445 [0,1,2,3,4,6,7,8,9] [233,234,235,236,237,238,239,240,241,242,243,244]
49914.51046419755 [0,1,2,3,4,6,7,8,9] [234,235,236,237,238,239,240,241,242,243,244,245,246,247,248]
49914.32992653809 [0,1,2,3,4,6,7,8,9] [233,234,235,236,237,238,239,240,241,242,243]
49913.94306122449 [0,1,2,3,4,6,7,8,9] [233,234,235,236,237,238,239]
49911.81532879818 [0,1,2,3,4,6,7,8,9] [236,237,238,239,240,241,242,243,244,245,246,247,248,249]
49911.28340277778 [0,1,2,3,4,6,7,8,9] [235,236,237,238]
49911.283402777764 [0,1,2,3,4,6,7,8,9] [237,238,239,240,241,242,243,244,245,246,247,248]
49910.53871111111 [0,1,2,3,4,6,7,8,9] [235,236,237,238,239,240,241,242,243,244,245,246,247,248,249]
49910.267915518845 [0,1,2,3,4,6,7,8,9] [239,240,241,242,243,244,245,246,247,248,249]
49909.42168402777 [0,1,2,3,4,6,7,8,9] [233,234,235,236,237,238,239,240,241,242,243,244,245,246,247,248]
49909.42168402776 [0,1,2,3,4,6,7,8,9] [234,235,236,237,238,239,240,241,242,243,244,245,246,247,248,249]
49909.21482853223 [0,1,2,3,4,6,7,8,9] [232,233,234,235,236,237,238,239,240]
49908.80111882716 [0,1,2,3,4,6,7,8,9] [238,239,240,241,242,243,244,245,246,247,248,249]
49907.560000000005 [0,1,2,3,4,6,7,8,9] [247]
49907.55999999999 [0,1,2,3,4,6,7,8,9] [234,235,236,237,238]
49905.905198902605 [0,1,2,3,4,6,7,8,9] [240,241,242,243,244,245,246,247,248]
49905.26874424721 [0,1,2,3,4,6,7,8,9] [237,238,239,240,241,242,243,244,245,246,247,248,249]
49904.93179930797 [0,1,2,3,4,6,7,8,9] [233,234,235,236,237,238,239,240,241,242,243,244,245,246,247,248,249]
49904.85215794306 [0,1,2,3,4,6,7,8,9] [232,233,234,235,236,237,238,239,240,241,242]
49903.836736111116 [0,1,2,3,4,6,7,8,9] [233,234,235,236]
49900.11361111113 [0,1,2,3,4,6,7,8,9] [246,247]
49899.18285156251 [0,1,2,3,4,6,7,8,9] [232,233,234,235,236,237,238,239,240,241,242,243,244,245,246,247]
49899.04988662133 [0,1,2,3,4,6,7,8,9] [232,233,234,235,236,237,238,239,240,241,242,243,244,245]
49898.624400000015 [0,1,2,3,4,6,7,8,9] [240,241,242,243,244,245,246,247,248,249]
49898.6244 [0,1,2,3,4,6,7,8,9] [244,245,246,247,248]
49896.638819753105 [0,1,2,3,4,6,7,8,9] [236,237,238,239,240,241,242,243,244,245,246,247,248,249,250]
49896.390625 [0,1,2,3,4,6,7,8,9] [235,236,237,238,239,240,241,242,243,244,245,246,247,248,249,250]
49896.17163014225 [0,1,2,3,4,6,7,8,9] [234,235,236,237,238,239,240,241,242,243,244,245,246,247,248,249,250]
49895.64604444443 [0,1,2,3,4,6,7,8,9] [233,234,235,236,237]
49895.14966049381 [0,1,2,3,4,6,7,8,9] [233,234,235,236,237,238]
