[Score] [Station index] [Time slots] 
21242.880999999998 [0,1,2,3,4,5,6,7,8,9] [0]
21137.00625 [0,1,2,3,4,5,6,7,8,9] [0,1]
21043.627111111105 [0,1,2,3,4,5,6,7,8,9] [0,1,2]
21031.396 [0,1,2,3,4,5,6,7,8,9] [1]
20948.928999999996 [0,1,2,3,4,5,6,7,8,9] [0,1,2,3]
20944.35225 [0,1,2,3,4,5,6,7,8,9] [1,2]
20897.697960000005 [0,1,2,3,4,5,6,7,8,9] [0,1,2,3,4]
20857.488999999998 [0,1,2,3,4,5,6,7,8,9] [2]
20851.40011111111 [0,1,2,3,4,5,6,7,8,9] [1,2,3]
20836.181777777776 [0,1,2,3,4,5,6,7,8,9] [0,1,2,3,4,5]
20811.844 [0,1,2,3,4,5,6,7,8,9] [1,2,3,4]
20768.853081632657 [0,1,2,3,4,5,6,7,8,9] [0,1,2,3,4,5,6]
20761.69225 [0,1,2,3,4,5,6,7,8,9] [2,3]
20755.31364 [0,1,2,3,4,5,6,7,8,9] [1,2,3,4,5]
20738.916000000005 [0,1,2,3,4,5,6,7,8,9] [2,3,4]
20709.325562500006 [0,1,2,3,4,5,6,7,8,9] [0,1,2,3,4,5,6,7]
20693.401000000005 [0,1,2,3,4,5,6,7,8,9] [4]
20690.368444444444 [0,1,2,3,4,5,6,7,8,9] [1,2,3,4,5,6]
20686.578062499997 [0,1,2,3,4,5,6,7,8,9] [2,3,4,5]
20679.75625 [0,1,2,3,4,5,6,7,8,9] [3,4]
20666.11599999999 [0,1,2,3,4,5,6,7,8,9] [3]
20664.095604938266 [0,1,2,3,4,5,6,7,8,9] [0,1,2,3,4,5,6,7,8]
20633.657326530614 [0,1,2,3,4,5,6,7,8,9] [1,2,3,4,5,6,7]
20629.763999999992 [0,1,2,3,4,5,6,7,8,9] [3,4,5]
20622.497439999996 [0,1,2,3,4,5,6,7,8,9] [2,3,4,5,6]
20615.232160000003 [0,1,2,3,4,5,6,7,8,9] [0,1,2,3,4,5,6,7,8,9]
20611.599999999995 [0,1,2,3,4,5,6,7,8,9] [4,5]
20592.309515625002 [0,1,2,3,4,5,6,7,8,9] [1,2,3,4,5,6,7,8]
20576.12073553719 [0,1,2,3,4,5,6,7,8,9] [0,1,2,3,4,5,6,7,8,9,10]
20567.736694444444 [0,1,2,3,4,5,6,7,8,9] [2,3,4,5,6,7]
20563.957562499996 [0,1,2,3,4,5,6,7,8,9] [3,4,5,6]
20548.088999999996 [0,1,2,3,4,5,6,7,8,9] [0,1,2,3,4,5,6,7,8,9,10,11]
20546.074382716044 [0,1,2,3,4,5,6,7,8,9] [1,2,3,4,5,6,7,8,9]
20529.961000000003 [0,1,2,3,4,5,6,7,8,9] [4,5,6]
20529.960999999996 [0,1,2,3,4,5,6,7,8,9] [2,3,4,5,6,7,8]
20527.86982248521 [0,1,2,3,4,5,6,7,8,9] [0,1,2,3,4,5,6,7,8,9,10,11,12]
20517.664413265316 [0,1,2,3,4,5,6,7,8,9] [0,1,2,3,4,5,6,7,8,9,10,11,12,13]
20510.02944 [0,1,2,3,4,5,6,7,8,9] [3,4,5,6,7]
20510.029439999995 [0,1,2,3,4,5,6,7,8,9] [1,2,3,4,5,6,7,8,9,10]
20485.807515625 [0,1,2,3,4,5,6,7,8,9] [2,3,4,5,6,7,8,9]
20485.498917355373 [0,1,2,3,4,5,6,7,8,9] [1,2,3,4,5,6,7,8,9,10,11]
20475.624999999993 [0,1,2,3,4,5,6,7,8,9] [3,4,5,6,7,8]
20473.21173777778 [0,1,2,3,4,5,6,7,8,9] [0,1,2,3,4,5,6,7,8,9,10,11,12,13,14]
20471.10025 [0,1,2,3,4,5,6,7,8,9] [4,5,6,7]
20468.838062500003 [0,1,2,3,4,5,6,7,8,9] [1,2,3,4,5,6,7,8,9,10,11,12]
20462.400213017754 [0,1,2,3,4,5,6,7,8,9] [1,2,3,4,5,6,7,8,9,10,11,12,13]
20452.503753086417 [0,1,2,3,4,5,6,7,8,9] [2,3,4,5,6,7,8,9,10]
20448.484 [0,1,2,3,4,5,6,7,8,9] [5,6]
20437.63264 [0,1,2,3,4,5,6,7,8,9] [4,5,6,7,8]
20436.050390624994 [0,1,2,3,4,5,6,7,8,9] [0,1,2,3,4,5,6,7,8,9,10,11,12,13,14,15]
20432.982938775513 [0,1,2,3,4,5,6,7,8,9] [3,4,5,6,7,8,9]
20431.30401 [0,1,2,3,4,5,6,7,8,9] [2,3,4,5,6,7,8,9,10,11]
20418.77879591837 [0,1,2,3,4,5,6,7,8,9] [1,2,3,4,5,6,7,8,9,10,11,12,13,14]
20418.074586776856 [0,1,2,3,4,5,6,7,8,9] [2,3,4,5,6,7,8,9,10,11,12]
20415.336111111104 [0,1,2,3,4,5,6,7,8,9] [2,3,4,5,6,7,8,9,10,11,12,13]
20406.477595155706 [0,1,2,3,4,5,6,7,8,9] [0,1,2,3,4,5,6,7,8,9,10,11,12,13,14,15,16]
20403.288999999997 [0,1,2,3,4,5,6,7,8,9] [38]
20402.159765625 [0,1,2,3,4,5,6,7,8,9] [3,4,5,6,7,8,9,10]
20397.266777777782 [0,1,2,3,4,5,6,7,8,9] [5,6,7]
20394.256 [0,1,2,3,4,5,6,7,8,9] [4,5,6,7,8,9]
20394.255999999998 [0,1,2,3,4,5,6,7,8,9] [37,38]
20391.245444444437 [0,1,2,3,4,5,6,7,8,9] [36,37,38]
20387.231716049384 [0,1,2,3,4,5,6,7,8,9] [0,1,2,3,4,5,6,7,8,9,10,11,12,13,14,15,16,17]
20385.225 [0,1,2,3,4,5,6,7,8,9] [37]
20384.22167901235 [0,1,2,3,4,5,6,7,8,9] [3,4,5,6,7,8,9,10,11]
20382.96756249999 [0,1,2,3,4,5,6,7,8,9] [36,37,38,39]
20382.81707111112 [0,1,2,3,4,5,6,7,8,9] [1,2,3,4,5,6,7,8,9,10,11,12,13,14,15]
20382.215111111112 [0,1,2,3,4,5,6,7,8,9] [37,38,39]
20380.710249999996 [0,1,2,3,4,5,6,7,8,9] [38,39]
20378.096675900277 [0,1,2,3,4,5,6,7,8,9] [0,1,2,3,4,5,6,7,8,9,10,11,12,13,14,15,16,17,18]
20375.375280991735 [0,1,2,3,4,5,6,7,8,9] [3,4,5,6,7,8,9,10,11,12,13]
20374.390439999996 [0,1,2,3,4,5,6,7,8,9] [3,4,5,6,7,8,9,10,11,12]
20373.9390625 [0,1,2,3,4,5,6,7,8,9] [5,6,7,8]
20372.02944378698 [0,1,2,3,4,5,6,7,8,9] [2,3,4,5,6,7,8,9,10,11,12,13,14]
20367.6203025 [0,1,2,3,4,5,6,7,8,9] [0,1,2,3,4,5,6,7,8,9,10,11,12,13,14,15,16,17,18,19]
20367.169000000005 [0,1,2,3,4,5,6,7,8,9] [6]
20364.590224489795 [0,1,2,3,4,5,6,7,8,9] [4,5,6,7,8,9,10]
20358.144000000004 [0,1,2,3,4,5,6,7,8,9] [39]
20358.144 [0,1,2,3,4,5,6,7,8,9] [36,37,38,39,40]
20354.760140625007 [0,1,2,3,4,5,6,7,8,9] [1,2,3,4,5,6,7,8,9,10,11,12,13,14,15,16]
20354.276755102044 [0,1,2,3,4,5,6,7,8,9] [0,1,2,3,4,5,6,7,8,9,10,11,12,13,14,15,16,17,18,19,20]
20351.3765625 [0,1,2,3,4,5,6,7,8,9] [37,38,39,40]
20349.121000000006 [0,1,2,3,4,5,6,7,8,9] [4,5,6,7,8,9,10,11]
20346.414490000003 [0,1,2,3,4,5,6,7,8,9] [4,5,6,7,8,9,10,11,12,13]
20345.51236 [0,1,2,3,4,5,6,7,8,9] [35,36,37,38,39]
20342.355062500003 [0,1,2,3,4,5,6,7,8,9] [35,36,37,38]
20342.104493827166 [0,1,2,3,4,5,6,7,8,9] [4,5,6,7,8,9,10,11,12]
20340.1 [0,1,2,3,4,5,6,7,8,9] [38,39,40]
20340.099999999995 [0,1,2,3,4,5,6,7,8,9] [0,1,2,3,4,5,6,7,8,9,10,11,12,13,14,15,16,17,18,19,20,21]
20337.44714532872 [0,1,2,3,4,5,6,7,8,9] [1,2,3,4,5,6,7,8,9,10,11,12,13,14,15,16,17]
20336.87869897959 [0,1,2,3,4,5,6,7,8,9] [2,3,4,5,6,7,8,9,10,11,12,13,14,15]
20335.590249999994 [0,1,2,3,4,5,6,7,8,9] [12,13]
20334.688360000007 [0,1,2,3,4,5,6,7,8,9] [5,6,7,8,9]
20331.832506944447 [0,1,2,3,4,5,6,7,8,9] [3,4,5,6,7,8,9,10,11,12,13,14]
20331.08100000001 [0,1,2,3,4,5,6,7,8,9] [6,7]
20331.081000000002 [0,1,2,3,4,5,6,7,8,9] [35,36,37,38,39,40]
20330.58000308642 [0,1,2,3,4,5,6,7,8,9] [1,2,3,4,5,6,7,8,9,10,11,12,13,14,15,16,17,18]
20326.572250000005 [0,1,2,3,4,5,6,7,8,9] [36,37,38,39,40,41]
20326.37622873346 [0,1,2,3,4,5,6,7,8,9] [0,1,2,3,4,5,6,7,8,9,10,11,12,13,14,15,16,17,18,19,20,21,22]
20322.064000000002 [0,1,2,3,4,5,6,7,8,9] [6,7,8]
