[Score] [Station index] [Time slots] 
26173.456000000002 [0,1,2,3,4,5,6,7,8,9] [226]
26168.34025000001 [0,1,2,3,4,5,6,7,8,9] [225,226]
26163.225 [0,1,2,3,4,5,6,7,8,9] [226,227]
26152.995999999996 [0,1,2,3,4,5,6,7,8,9] [227]
26142.769 [0,1,2,3,4,5,6,7,8,9] [225,226,227,228]
26140.212562499994 [0,1,2,3,4,5,6,7,8,9] [224,225,226,227]
26135.952111111113 [0,1,2,3,4,5,6,7,8,9] [226,227,228]
26135.952111111106 [0,1,2,3,4,5,6,7,8,9] [224,225,226]
26128.454560000002 [0,1,2,3,4,5,6,7,8,9] [224,225,226,227,228]
26120.276640000004 [0,1,2,3,4,5,6,7,8,9] [223,224,225,226,227]
26117.21025 [0,1,2,3,4,5,6,7,8,9] [227,228]
26114.144040000006 [0,1,2,3,4,5,6,7,8,9] [225,226,227,228,229]
26113.80336111111 [0,1,2,3,4,5,6,7,8,9] [223,224,225,226,227,228]
26112.099999999995 [0,1,2,3,4,5,6,7,8,9] [223,224,225,226]
26106.99025 [0,1,2,3,4,5,6,7,8,9] [224,225,226,227,228,229]
26101.880999999987 [0,1,2,3,4,5,6,7,8,9] [226,227,228,229]
26100.17802777778 [0,1,2,3,4,5,6,7,8,9] [222,223,224,225,226,227]
26097.502040816325 [0,1,2,3,4,5,6,7,8,9] [223,224,225,226,227,228,229]
26097.50204081632 [0,1,2,3,4,5,6,7,8,9] [222,223,224,225,226,227,228]
26091.663999999997 [0,1,2,3,4,5,6,7,8,9] [223,224,225]
26089.620839999992 [0,1,2,3,4,5,6,7,8,9] [222,223,224,225,226]
26085.279390625008 [0,1,2,3,4,5,6,7,8,9] [222,223,224,225,226,227,228,229]
26083.151361111108 [0,1,2,3,4,5,6,7,8,9] [225,226,227,228,229,230]
26081.449 [0,1,2,3,4,5,6,7,8,9] [224,225,226,227,228,229,230]
26078.044444444447 [0,1,2,3,4,5,6,7,8,9] [227,228,229]
26076.342250000005 [0,1,2,3,4,5,6,7,8,9] [221,222,223,224,225,226,227,228]
26076.342249999998 [0,1,2,3,4,5,6,7,8,9] [223,224,225,226,227,228,229,230]
26075.612755102044 [0,1,2,3,4,5,6,7,8,9] [221,222,223,224,225,226,227]
26071.236000000008 [0,1,2,3,4,5,6,7,8,9] [224]
26068.683062499993 [0,1,2,3,4,5,6,7,8,9] [222,223,224,225]
26067.83211111111 [0,1,2,3,4,5,6,7,8,9] [222,223,224,225,226,227,228,229,230]
26067.15136 [0,1,2,3,4,5,6,7,8,9] [226,227,228,229,230]
26063.577562500002 [0,1,2,3,4,5,6,7,8,9] [224,225,226,227,228,229,230,231]
26062.72669444444 [0,1,2,3,4,5,6,7,8,9] [221,222,223,224,225,226]
26062.48359183673 [0,1,2,3,4,5,6,7,8,9] [225,226,227,228,229,230,231]
26061.025000000005 [0,1,2,3,4,5,6,7,8,9] [223,224,225,226,227,228,229,230,231]
26058.756160493827 [0,1,2,3,4,5,6,7,8,9] [220,221,222,223,224,225,226,227,228]
26055.920250000003 [0,1,2,3,4,5,6,7,8,9] [220,221,222,223,224,225,226,227]
26055.92025 [0,1,2,3,4,5,6,7,8,9] [223,224]
26054.899359999992 [0,1,2,3,4,5,6,7,8,9] [222,223,224,225,226,227,228,229,230,231]
26053.878489999996 [0,1,2,3,4,5,6,7,8,9] [221,222,223,224,225,226,227,228,229,230]
26052.85764000001 [0,1,2,3,4,5,6,7,8,9] [220,221,222,223,224,225,226,227,228,229]
26045.712249999997 [0,1,2,3,4,5,6,7,8,9] [226,227,228,229,230,231]
26044.01111111111 [0,1,2,3,4,5,6,7,8,9] [224,225,226,227,228,229,230,231,232]
26043.670889999994 [0,1,2,3,4,5,6,7,8,9] [223,224,225,226,227,228,229,230,231,232]
26043.39252892562 [0,1,2,3,4,5,6,7,8,9] [221,222,223,224,225,226,227,228,229,230,231]
26042.06702040816 [0,1,2,3,4,5,6,7,8,9] [220,221,222,223,224,225,226]
26041.53682644628 [0,1,2,3,4,5,6,7,8,9] [220,221,222,223,224,225,226,227,228,229,230]
26040.609000000008 [0,1,2,3,4,5,6,7,8,9] [225,226,227,228,229,230,231,232]
26040.609000000004 [0,1,2,3,4,5,6,7,8,9] [228,229]
26040.608999999997 [0,1,2,3,4,5,6,7,8,9] [227,228,229,230]
26039.681190082647 [0,1,2,3,4,5,6,7,8,9] [222,223,224,225,226,227,228,229,230,231,232]
26037.207111111107 [0,1,2,3,4,5,6,7,8,9] [222,223,224]
26036.897859504134 [0,1,2,3,4,5,6,7,8,9] [219,220,221,222,223,224,225,226,227,228,229]
26036.073197530866 [0,1,2,3,4,5,6,7,8,9] [219,220,221,222,223,224,225,226,227]
26032.955062500005 [0,1,2,3,4,5,6,7,8,9] [220,221,222,223,224,225,226,227,228,229,230,231]
26030.404000000002 [0,1,2,3,4,5,6,7,8,9] [221,222,223,224,225,226,227,228,229,230,231,232]
26027.853062499995 [0,1,2,3,4,5,6,7,8,9] [219,220,221,222,223,224,225,226,227,228,229,230]
26023.115938775518 [0,1,2,3,4,5,6,7,8,9] [226,227,228,229,230,231,232]
26021.77056213018 [0,1,2,3,4,5,6,7,8,9] [220,221,222,223,224,225,226,227,228,229,230,231,232]
26021.476265625002 [0,1,2,3,4,5,6,7,8,9] [219,220,221,222,223,224,225,226]
26021.128462809913 [0,1,2,3,4,5,6,7,8,9] [218,219,220,221,222,223,224,225,226,227,228]
26020.985775147932 [0,1,2,3,4,5,6,7,8,9] [219,220,221,222,223,224,225,226,227,228,229,230,231]
26020.200999999994 [0,1,2,3,4,5,6,7,8,9] [227,228,229,230,231]
26019.35084027778 [0,1,2,3,4,5,6,7,8,9] [218,219,220,221,222,223,224,225,226,227,228,229]
26018.34612396694 [0,1,2,3,4,5,6,7,8,9] [223,224,225,226,227,228,229,230,231,232,233]
26016.800444444438 [0,1,2,3,4,5,6,7,8,9] [222,223,224,225,226,227,228,229,230,231,232,233]
26016.12036 [0,1,2,3,4,5,6,7,8,9] [224,225,226,227,228,229,230,231,232,233]
26015.10025 [0,1,2,3,4,5,6,7,8,9] [218,219,220,221,222,223,224,225,226,227]
26012.353899408285 [0,1,2,3,4,5,6,7,8,9] [218,219,220,221,222,223,224,225,226,227,228,229,230]
26011.457163265302 [0,1,2,3,4,5,6,7,8,9] [219,220,221,222,223,224,225,226,227,228,229,230,231,232]
26010.000000000007 [0,1,2,3,4,5,6,7,8,9] [221,222,223,224,225,226,227,228,229,230,231,232,233]
26010.0 [0,1,2,3,4,5,6,7,8,9] [225,226,227,228,229,230,231,232,233]
26007.085795918374 [0,1,2,3,4,5,6,7,8,9] [218,219,220,221,222,223,224,225,226,227,228,229,230,231]
26004.050340277783 [0,1,2,3,4,5,6,7,8,9] [217,218,219,220,221,222,223,224,225,226,227,228]
26003.723455621304 [0,1,2,3,4,5,6,7,8,9] [217,218,219,220,221,222,223,224,225,226,227,228,229]
26003.443270408166 [0,1,2,3,4,5,6,7,8,9] [220,221,222,223,224,225,226,227,228,229,230,231,232,233]
26003.20044444444 [0,1,2,3,4,5,6,7,8,9] [228,229,230]
25999.801000000014 [0,1,2,3,4,5,6,7,8,9] [219,220,221,222,223,224,225]
25999.801000000003 [0,1,2,3,4,5,6,7,8,9] [218,219,220,221,222,223,224,225,226]
25999.801 [0,1,2,3,4,5,6,7,8,9] [229]
25999.121137777773 [0,1,2,3,4,5,6,7,8,9] [218,219,220,221,222,223,224,225,226,227,228,229,230,231,232]
25998.3441632653 [0,1,2,3,4,5,6,7,8,9] [217,218,219,220,221,222,223,224,225,226,227,228,229,230]
25998.101361111105 [0,1,2,3,4,5,6,7,8,9] [227,228,229,230,231,232]
25997.019801652896 [0,1,2,3,4,5,6,7,8,9] [217,218,219,220,221,222,223,224,225,226,227]
25995.042151111113 [0,1,2,3,4,5,6,7,8,9] [219,220,221,222,223,224,225,226,227,228,229,230,231,232,233]
25994.362351111107 [0,1,2,3,4,5,6,7,8,9] [217,218,219,220,221,222,223,224,225,226,227,228,229,230,231]
25994.310059171607 [0,1,2,3,4,5,6,7,8,9] [222,223,224,225,226,227,228,229,230,231,232,233,234]
25993.852506944448 [0,1,2,3,4,5,6,7,8,9] [223,224,225,226,227,228,229,230,231,232,233,234]
25991.643239999998 [0,1,2,3,4,5,6,7,8,9] [220,221,222,223,224]
25991.060591836744 [0,1,2,3,4,5,6,7,8,9] [216,217,218,219,220,221,222,223,224,225,226,227,228,229]
25990.878515625 [0,1,2,3,4,5,6,7,8,9] [226,227,228,229,230,231,232,233]
25990.38831360947 [0,1,2,3,4,5,6,7,8,9] [216,217,218,219,220,221,222,223,224,225,226,227,228]
25989.604000000007 [0,1,2,3,4,5,6,7,8,9] [224,225,226,227,228,229,230,231,232,233,234]
25989.603999999996 [0,1,2,3,4,5,6,7,8,9] [221,222,223]
25987.69228515625 [0,1,2,3,4,5,6,7,8,9] [217,218,219,220,221,222,223,224,225,226,227,228,229,230,231,232]
25987.055062500003 [0,1,2,3,4,5,6,7,8,9] [228,229,230,231]
25986.885137777776 [0,1,2,3,4,5,6,7,8,9] [216,217,218,219,220,221,222,223,224,225,226,227,228,229,230]
25984.84608444445 [0,1,2,3,4,5,6,7,8,9] [220,221,222,223,224,225,226,227,228,229,230,231,232,233,234]
25984.50625 [0,1,2,3,4,5,6,7,8,9] [218,219,220,221,222,223,224,225,226,227,228,229,230,231,232,233]
