[Score] [Station index] [Time slots] 
68046.001 [0,1,2,3,4,5,6,7,8,9] [185]
67955.29224999998 [0,1,2,3,4,5,6,7,8,9] [185,186]
67864.644 [0,1,2,3,4,5,6,7,8,9] [186]
67859.15211111109 [0,1,2,3,4,5,6,7,8,9] [185,186,187]
67819.34256250001 [0,1,2,3,4,5,6,7,8,9] [185,186,187,188]
67818.51904 [0,1,2,3,4,5,6,7,8,9] [185,186,187,188,189]
67815.225 [0,1,2,3,4,5,6,7,8,9] [189]
67793.26677777778 [0,1,2,3,4,5,6,7,8,9] [184,185,186]
67782.28899999999 [0,1,2,3,4,5,6,7,8,9] [185,186,187,188,189,190]
67765.82400000001 [0,1,2,3,4,5,6,7,8,9] [186,187]
67761.70806250001 [0,1,2,3,4,5,6,7,8,9] [184,185,186,187]
67761.7080625 [0,1,2,3,4,5,6,7,8,9] [186,187,188,189]
67760.3361111111 [0,1,2,3,4,5,6,7,8,9] [184,185,186,187,188,189]
67757.59225000002 [0,1,2,3,4,5,6,7,8,9] [184,185]
67757.59225 [0,1,2,3,4,5,6,7,8,9] [188,189]
67749.361 [0,1,2,3,4,5,6,7,8,9] [184,185,186,187,188]
67743.87377777777 [0,1,2,3,4,5,6,7,8,9] [186,187,188]
67737.60293877553 [0,1,2,3,4,5,6,7,8,9] [184,185,186,187,188,189,190]
67729.60803999999 [0,1,2,3,4,5,6,7,8,9] [186,187,188,189,190]
67727.41344444445 [0,1,2,3,4,5,6,7,8,9] [187,188,189]
67725.84589795917 [0,1,2,3,4,5,6,7,8,9] [183,184,185,186,187,188,189]
67724.67024999997 [0,1,2,3,4,5,6,7,8,9] [183,184,185,186]
67714.38376562498 [0,1,2,3,4,5,6,7,8,9] [182,183,184,185,186,187,188,189]
67713.14944 [0,1,2,3,4,5,6,7,8,9] [183,184,185,186,187]
67710.9551111111 [0,1,2,3,4,5,6,7,8,9] [183,184,185,186,187,188]
67710.26939062499 [0,1,2,3,4,5,6,7,8,9] [183,184,185,186,187,188,189,190]
67708.21225000001 [0,1,2,3,4,5,6,7,8,9] [189,190]
67706.56656 [0,1,2,3,4,5,6,7,8,9] [182,183,184,185,186]
67705.46944444443 [0,1,2,3,4,5,6,7,8,9] [188,189,190]
67701.81245679012 [0,1,2,3,4,5,6,7,8,9] [182,183,184,185,186,187,188,189,190]
67699.98400000003 [0,1,2,3,4,5,6,7,8,9] [182,183,184,185,186,187]
67699.98400000001 [0,1,2,3,4,5,6,7,8,9] [188]
67695.87006250002 [0,1,2,3,4,5,6,7,8,9] [187,188,189,190]
67683.529 [0,1,2,3,4,5,6,7,8,9] [187,188]
67678.04444444444 [0,1,2,3,4,5,6,7,8,9] [183,184,185]
67667.07600000003 [0,1,2,3,4,5,6,7,8,9] [182,183,184,185]
67667.07599999999 [0,1,2,3,4,5,6,7,8,9] [187]
67660.02532653062 [0,1,2,3,4,5,6,7,8,9] [185,186,187,188,189,190,191]
67636.232015625 [0,1,2,3,4,5,6,7,8,9] [184,185,186,187,188,189,190,191]
67634.17600000004 [0,1,2,3,4,5,6,7,8,9] [182]
67624.30756000002 [0,1,2,3,4,5,6,7,8,9] [182,183,184,185,186,187,188,189,190,191]
67623.2111111111 [0,1,2,3,4,5,6,7,8,9] [183,184,185,186,187,188,189,190,191]
67611.56189062499 [0,1,2,3,4,5,6,7,8,9] [185,186,187,188,189,190,191,192]
67601.28399999999 [0,1,2,3,4,5,6,7,8,9] [190]
67595.80277777779 [0,1,2,3,4,5,6,7,8,9] [184,185,186,187,188,189,190,191,192]
67595.80277777778 [0,1,2,3,4,5,6,7,8,9] [186,187,188,189,190,191]
67592.3148429752 [0,1,2,3,4,5,6,7,8,9] [182,183,184,185,186,187,188,189,190,191,192]
67589.77368999997 [0,1,2,3,4,5,6,7,8,9] [181,182,183,184,185,186,187,188,189,190]
67588.49482716052 [0,1,2,3,4,5,6,7,8,9] [181,182,183,184,185,186,187,188,189]
67588.12944 [0,1,2,3,4,5,6,7,8,9] [183,184,185,186,187,188,189,190,191,192]
67577.5336419753 [0,1,2,3,4,5,6,7,8,9] [185,186,187,188,189,190,191,192,193]
67576.62024999999 [0,1,2,3,4,5,6,7,8,9] [182,183]
67568.4 [0,1,2,3,4,5,6,7,8,9] [195]
67566.75601 [0,1,2,3,4,5,6,7,8,9] [184,185,186,187,188,189,190,191,192,193]
67563.91643801653 [0,1,2,3,4,5,6,7,8,9] [185,186,187,188,189,190,191,192,193,194,195]
67563.46809000002 [0,1,2,3,4,5,6,7,8,9] [185,186,187,188,189,190,191,192,193,194]
67562.42195041323 [0,1,2,3,4,5,6,7,8,9] [183,184,185,186,187,188,189,190,191,192,193]
67560.18025 [0,1,2,3,4,5,6,7,8,9] [181,182,183,184,185,186,187,188]
67559.00604081634 [0,1,2,3,4,5,6,7,8,9] [182,183,184,185,186,187,188,189,190,191,192,193,194,195]
67558.2834556213 [0,1,2,3,4,5,6,7,8,9] [182,183,184,185,186,187,188,189,190,191,192,193,194]
67556.07056250001 [0,1,2,3,4,5,6,7,8,9] [184,185,186,187,188,189,190,191,192,193,194,195]
67554.9497603306 [0,1,2,3,4,5,6,7,8,9] [184,185,186,187,188,189,190,191,192,193,194]
67553.22546745563 [0,1,2,3,4,5,6,7,8,9] [183,184,185,186,187,188,189,190,191,192,193,194,195]
67551.96100000001 [0,1,2,3,4,5,6,7,8,9] [183,184,185,186,187,188,189,190,191,192,193,194]
67549.61273469387 [0,1,2,3,4,5,6,7,8,9] [186,187,188,189,190,191,192]
67542.09855999998 [0,1,2,3,4,5,6,7,8,9] [187,188,189,190,191]
67541.00277777779 [0,1,2,3,4,5,6,7,8,9] [182,183,184]
67540.22008163265 [0,1,2,3,4,5,6,7,8,9] [181,182,183,184,185,186,187]
67534.4282711111 [0,1,2,3,4,5,6,7,8,9] [182,183,184,185,186,187,188,189,190,191,192,193,194,195,196]
67532.78469444446 [0,1,2,3,4,5,6,7,8,9] [185,186,187,188,189,190,191,192,193,194,195,196]
67529.54740495872 [0,1,2,3,4,5,6,7,8,9] [181,182,183,184,185,186,187,188,189,190,191]
67527.9383668639 [0,1,2,3,4,5,6,7,8,9] [184,185,186,187,188,189,190,191,192,193,194,195,196]
67527.30625 [0,1,2,3,4,5,6,7,8,9] [183,184,185,186,187,188,189,190,191,192,193,194,195,196]
67519.089 [0,1,2,3,4,5,6,7,8,9] [186,187,188,189,190,191,192,193]
67516.00766015625 [0,1,2,3,4,5,6,7,8,9] [182,183,184,185,186,187,188,189,190,191,192,193,194,195,196,197]
67515.80224000002 [0,1,2,3,4,5,6,7,8,9] [186,187,188,189,190,191,192,193,194,195]
67510.87224999999 [0,1,2,3,4,5,6,7,8,9] [188,189,190,191]
67510.24021301774 [0,1,2,3,4,5,6,7,8,9] [185,186,187,188,189,190,191,192,193,194,195,196,197]
67509.95930864199 [0,1,2,3,4,5,6,7,8,9] [186,187,188,189,190,191,192,193,194]
67508.13344444444 [0,1,2,3,4,5,6,7,8,9] [181,182,183,184,185,186,187,188,189,190,191,192]
67508.13344444442 [0,1,2,3,4,5,6,7,8,9] [183,184,185,186,187,188,189,190,191,192,193,194,195,196,197]
67507.3509387755 [0,1,2,3,4,5,6,7,8,9] [184,185,186,187,188,189,190,191,192,193,194,195,196,197]
67507.1375289256 [0,1,2,3,4,5,6,7,8,9] [180,181,182,183,184,185,186,187,188,189,190]
67502.656 [0,1,2,3,4,5,6,7,8,9] [194,195]
67497.72649 [0,1,2,3,4,5,6,7,8,9] [180,181,182,183,184,185,186,187,188,189]
67497.1787777778 [0,1,2,3,4,5,6,7,8,9] [187,188,189,190,191,192]
67494.92351557093 [0,1,2,3,4,5,6,7,8,9] [182,183,184,185,186,187,188,189,190,191,192,193,194,195,196,197,198]
67494.44025000001 [0,1,2,3,4,5,6,7,8,9] [183,184]
67493.8925511111 [0,1,2,3,4,5,6,7,8,9] [181,182,183,184,185,186,187,188,189,190,191,192,193,194,195]
67492.54437869825 [0,1,2,3,4,5,6,7,8,9] [181,182,183,184,185,186,187,188,189,190,191,192,193]
67488.57216326533 [0,1,2,3,4,5,6,7,8,9] [181,182,183,184,185,186,187,188,189,190,191,192,193,194]
67486.22500000002 [0,1,2,3,4,5,6,7,8,9] [186,187,188,189,190,191,192,193,194,195,196]
67486.225 [0,1,2,3,4,5,6,7,8,9] [183,184,185,186,187,188,189,190,191,192,193,194,195,196,197,198]
67485.05143367346 [0,1,2,3,4,5,6,7,8,9] [185,186,187,188,189,190,191,192,193,194,195,196,197,198]
67484.03435111111 [0,1,2,3,4,5,6,7,8,9] [184,185,186,187,188,189,190,191,192,193,194,195,196,197,198]
67478.01024999999 [0,1,2,3,4,5,6,7,8,9] [182,183,184,185,186,187,188,189,190,191,192,193,194,195,196,197,198,199]
67477.09753086418 [0,1,2,3,4,5,6,7,8,9] [187,188,189,190,191,192,193,194,195]
67474.92984765623 [0,1,2,3,4,5,6,7,8,9] [181,182,183,184,185,186,187,188,189,190,191,192,193,194,195,196]
67469.79600000002 [0,1,2,3,4,5,6,7,8,9] [184]
67469.796 [0,1,2,3,4,5,6,7,8,9] [187,188,189,190,191,192,193]
