[Score] [Station index] [Time slots] 
65689.69 [0,1,2,3,4,6,7,8,9] [251]
65621.36111111111 [0,1,2,3,4,6,7,8,9] [250,251]
65609.9764197531 [0,1,2,3,4,6,7,8,9] [249,250,251]
65587.21000000002 [0,1,2,3,4,6,7,8,9] [249]
65570.1377777778 [0,1,2,3,4,6,7,8,9] [249,250]
65553.06777777777 [0,1,2,3,4,6,7,8,9] [250]
65548.80062499999 [0,1,2,3,4,6,7,8,9] [248,249,250,251]
65531.73340277778 [0,1,2,3,4,6,7,8,9] [249,250,251,252]
65518.934444444436 [0,1,2,3,4,6,7,8,9] [249,250,251,252,253]
65513.24641975309 [0,1,2,3,4,6,7,8,9] [250,251,252]
65505.2836 [0,1,2,3,4,6,7,8,9] [247,248,249,250,251]
65501.87111111112 [0,1,2,3,4,6,7,8,9] [250,251,252,253]
65501.871111111104 [0,1,2,3,4,6,7,8,9] [248,249,250]
65498.4587111111 [0,1,2,3,4,6,7,8,9] [248,249,250,251,252]
65493.34027777778 [0,1,2,3,4,6,7,8,9] [251,252]
65493.34027777777 [0,1,2,3,4,6,7,8,9] [248,249,250,251,252,253]
65484.81000000003 [0,1,2,3,4,6,7,8,9] [251,252,253]
65484.80999999999 [0,1,2,3,4,6,7,8,9] [245,246,247,248,249,250,251]
65481.96669753087 [0,1,2,3,4,6,7,8,9] [246,247,248,249,250,251]
65481.96669753086 [0,1,2,3,4,6,7,8,9] [249,250,251,252,253,254]
65476.2802777778 [0,1,2,3,4,6,7,8,9] [248,249]
65470.59410493829 [0,1,2,3,4,6,7,8,9] [247,248,249,250,251,252]
65470.18795918368 [0,1,2,3,4,6,7,8,9] [247,248,249,250,251,252,253]
65467.75111111114 [0,1,2,3,4,6,7,8,9] [253]
65465.31430839001 [0,1,2,3,4,6,7,8,9] [248,249,250,251,252,253,254]
65462.06530864196 [0,1,2,3,4,6,7,8,9] [245,246,247,248,249,250,251,252,253]
65461.35460069443 [0,1,2,3,4,6,7,8,9] [245,246,247,248,249,250,251,252]
65460.928177777765 [0,1,2,3,4,6,7,8,9] [250,251,252,253,254]
65460.44083900226 [0,1,2,3,4,6,7,8,9] [249,250,251,252,253,254,255]
65459.2225 [0,1,2,3,4,6,7,8,9] [247,248,249,250]
65457.090434027756 [0,1,2,3,4,6,7,8,9] [246,247,248,249,250,251,252,253]
65455.56755102042 [0,1,2,3,4,6,7,8,9] [246,247,248,249,250,251,252]
65450.69444444446 [0,1,2,3,4,6,7,8,9] [245,246,247,248,249,250]
65448.56251736112 [0,1,2,3,4,6,7,8,9] [248,249,250,251,252,253,254,255]
65448.562517361104 [0,1,2,3,4,6,7,8,9] [247,248,249,250,251,252,253,254]
65445.57787777776 [0,1,2,3,4,6,7,8,9] [245,246,247,248,249,250,251,252,253,254]
65440.46151111112 [0,1,2,3,4,6,7,8,9] [246,247,248,249,250]
65440.03515625 [0,1,2,3,4,6,7,8,9] [244,245,246,247,248,249,250,251]
65439.32456790124 [0,1,2,3,4,6,7,8,9] [250,251,252,253,254,255]
65437.90340277779 [0,1,2,3,4,6,7,8,9] [251,252,253,254]
65435.534828532225 [0,1,2,3,4,6,7,8,9] [247,248,249,250,251,252,253,254,255]
65435.19031221303 [0,1,2,3,4,6,7,8,9] [245,246,247,248,249,250,251,252,253,254,255]
65433.640000000014 [0,1,2,3,4,6,7,8,9] [245,246]
65430.22937777775 [0,1,2,3,4,6,7,8,9] [245,246,247,248,249]
65428.524100000024 [0,1,2,3,4,6,7,8,9] [246,247,248,249,250,251,252,253,254,255]
65428.5241 [0,1,2,3,4,6,7,8,9] [244,245,246,247,248,249,250,251,252,253]
65427.955679012346 [0,1,2,3,4,6,7,8,9] [247,248,249]
65424.16626886145 [0,1,2,3,4,6,7,8,9] [244,245,246,247,248,249,250,251,252]
65416.58777777779 [0,1,2,3,4,6,7,8,9] [251,252,253,254,255]
65412.32506944446 [0,1,2,3,4,6,7,8,9] [249,250,251,252,253,254,255,256]
65412.325069444436 [0,1,2,3,4,6,7,8,9] [246,247,248,249]
65410.90419753086 [0,1,2,3,4,6,7,8,9] [243,244,245,246,247,248,249,250,251]
65409.483341049374 [0,1,2,3,4,6,7,8,9] [244,245,246,247,248,249,250,251,252,253,254,255]
65407.11528120712 [0,1,2,3,4,6,7,8,9] [248,249,250,251,252,253,254,255,256]
65405.73752066114 [0,1,2,3,4,6,7,8,9] [243,244,245,246,247,248,249,250,251,252,253]
65405.22086419754 [0,1,2,3,4,6,7,8,9] [245,246,247,248,249,250,251,252,253,254,255,256]
65404.40897959185 [0,1,2,3,4,6,7,8,9] [244,245,246,247,248,249,250]
65399.53777777779 [0,1,2,3,4,6,7,8,9] [247,248,249,250,251,252,253,254,255,256]
65396.6963271605 [0,1,2,3,4,6,7,8,9] [243,244,245,246,247,248,249,250,251,252,253,254]
65396.43801652893 [0,1,2,3,4,6,7,8,9] [246,247,248,249,250,251,252,253,254,255,256]
65396.12804444446 [0,1,2,3,4,6,7,8,9] [242,243,244,245,246,247,248,249,250,251]
65393.8549382716 [0,1,2,3,4,6,7,8,9] [242,243,244,245,246,247,248,249,250,251,252,253]
65391.669296515436 [0,1,2,3,4,6,7,8,9] [243,244,245,246,247,248,249,250,251,252,253,254,255]
65391.01361111113 [0,1,2,3,4,6,7,8,9] [245,246,247,248]
65387.36056689341 [0,1,2,3,4,6,7,8,9] [250,251,252,253,254,255,256]
65387.13917355371 [0,1,2,3,4,6,7,8,9] [242,243,244,245,246,247,248,249,250,251,252]
65386.42390532544 [0,1,2,3,4,6,7,8,9] [242,243,244,245,246,247,248,249,250,251,252,253,254]
65383.80128862591 [0,1,2,3,4,6,7,8,9] [245,246,247,248,249,250,251,252,253,254,255,256,257]
65382.49000000003 [0,1,2,3,4,6,7,8,9] [252,253]
65382.490000000005 [0,1,2,3,4,6,7,8,9] [253,254]
65382.48999999999 [0,1,2,3,4,6,7,8,9] [242,243,244,245,246,247,248,249,250,251,252,253,254,255]
65380.59593964336 [0,1,2,3,4,6,7,8,9] [249,250,251,252,253,254,255,256,257]
65379.86746219591 [0,1,2,3,4,6,7,8,9] [241,242,243,244,245,246,247,248,249,250,251,252,253]
65379.64891975307 [0,1,2,3,4,6,7,8,9] [244,245,246,247,248,249]
65379.39064279156 [0,1,2,3,4,6,7,8,9] [241,242,243,244,245,246,247,248,249,250,251]
65379.08071111111 [0,1,2,3,4,6,7,8,9] [248,249,250,251,252,253,254,255,256,257]
65376.09765625 [0,1,2,3,4,6,7,8,9] [243,244,245,246,247,248,249,250]
65374.74174471994 [0,1,2,3,4,6,7,8,9] [247,248,249,250,251,252,253,254,255,256,257]
65373.96694444443 [0,1,2,3,4,6,7,8,9] [246,247,248,249,250,251,252,253,254,255,256,257]
65372.54648919753 [0,1,2,3,4,6,7,8,9] [241,242,243,244,245,246,247,248,249,250,251,252]
65371.126049382714 [0,1,2,3,4,6,7,8,9] [241,242,243,244,245,246,247,248,249,250,251,252,253,254,255]
65369.09687641726 [0,1,2,3,4,6,7,8,9] [243,244,245,246,247,248,249,250,251,252,253,254,255,256]
65365.44444444446 [0,1,2,3,4,6,7,8,9] [253,254,255]
65365.444444444445 [0,1,2,3,4,6,7,8,9] [244,245,246,247,248,249,250,251,252,253,254,255,256,257]
65363.55063100136 [0,1,2,3,4,6,7,8,9] [242,243,244,245,246,247,248,249,250]
65362.03560000001 [0,1,2,3,4,6,7,8,9] [242,243,244,245,246,247,248,249,250,251,252,253,254,255,256]
65359.763086419756 [0,1,2,3,4,6,7,8,9] [251,252,253,254,255,256]
65354.79210069443 [0,1,2,3,4,6,7,8,9] [250,251,252,253,254,255,256,257]
65354.08197530865 [0,1,2,3,4,6,7,8,9] [246,247,248]
65354.08197530863 [0,1,2,3,4,6,7,8,9] [252,253,254]
65352.94578271607 [0,1,2,3,4,6,7,8,9] [243,244,245,246,247,248,249,250,251,252,253,254,255,256,257]
65352.661736111106 [0,1,2,3,4,6,7,8,9] [241,242,243,244,245,246,247,248,249,250,251,252,253,254,255,256]
65350.835736961424 [0,1,2,3,4,6,7,8,9] [243,244,245,246,247,248,249]
65348.401111111125 [0,1,2,3,4,6,7,8,9] [241,242,243,244,245,246,247,248,249,250]
65348.40111111111 [0,1,2,3,4,6,7,8,9] [245,246,247,248,249,250,251,252,253,254,255,256,257,258]
65348.40111111108 [0,1,2,3,4,6,7,8,9] [252,253,254,255]
65347.335976562514 [0,1,2,3,4,6,7,8,9] [242,243,244,245,246,247,248,249,250,251,252,253,254,255,256,257]
65347.183815192744 [0,1,2,3,4,6,7,8,9] [240,241,242,243,244,245,246,247,248,249,250,251,252,253]
65343.85659753082 [0,1,2,3,4,6,7,8,9] [240,241,242,243,244,245,246,247,248,249,250,251,252,253,254]
65343.075525173605 [0,1,2,3,4,6,7,8,9] [240,241,242,243,244,245,246,247,248,249,250,251,252,253,254,255]
