[Score] [Station index] [Time slots] 
56945.86777777777 [0,1,2,3,4,6,7,8,9] [238]
56850.454444444455 [0,1,2,3,4,6,7,8,9] [237,238]
56802.77777777778 [0,1,2,3,4,6,7,8,9] [238,239]
56786.88999999999 [0,1,2,3,4,6,7,8,9] [237,238,239]
56755.12111111112 [0,1,2,3,4,6,7,8,9] [237]
56702.19271604939 [0,1,2,3,4,6,7,8,9] [236,237,238]
56691.610000000015 [0,1,2,3,4,6,7,8,9] [236,237,238,239]
56659.86777777776 [0,1,2,3,4,6,7,8,9] [239]
56644.0 [0,1,2,3,4,6,7,8,9] [237,238,239,240]
56606.98382716049 [0,1,2,3,4,6,7,8,9] [238,239,240]
56596.41 [0,1,2,3,4,6,7,8,9] [236,237,238,239,240]
56580.5511111111 [0,1,2,3,4,6,7,8,9] [236,237]
56567.8656 [0,1,2,3,4,6,7,8,9] [235,236,237,238,239]
56544.87673611111 [0,1,2,3,4,6,7,8,9] [235,236,237,238]
56509.21361111111 [0,1,2,3,4,6,7,8,9] [235,236,237,238,239,240]
56482.2756 [0,1,2,3,4,6,7,8,9] [237,238,239,240,241]
56469.60111111111 [0,1,2,3,4,6,7,8,9] [236,237,238,239,240,241]
56437.9211111111 [0,1,2,3,4,6,7,8,9] [239,240]
56435.281512345675 [0,1,2,3,4,6,7,8,9] [234,235,236,237,238,239]
56414.166944444456 [0,1,2,3,4,6,7,8,9] [238,239,240,241]
56413.03591836736 [0,1,2,3,4,6,7,8,9] [235,236,237,238,239,240,241]
56411.52790123456 [0,1,2,3,4,6,7,8,9] [235,236,237]
56406.25000000002 [0,1,2,3,4,6,7,8,9] [236]
56403.98811791385 [0,1,2,3,4,6,7,8,9] [234,235,236,237,238,239,240]
56390.41777777776 [0,1,2,3,4,6,7,8,9] [234,235,236,237,238]
56385.89469387754 [0,1,2,3,4,6,7,8,9] [236,237,238,239,240,241,242]
56382.502500000024 [0,1,2,3,4,6,7,8,9] [237,238,239,240,241,242]
56346.890625 [0,1,2,3,4,6,7,8,9] [235,236,237,238,239,240,241,242]
56333.04460069445 [0,1,2,3,4,6,7,8,9] [234,235,236,237,238,239,240,241]
56311.29000000001 [0,1,2,3,4,6,7,8,9] [233,234,235,236,237,238,239]
56308.12604444442 [0,1,2,3,4,6,7,8,9] [238,239,240,241,242]
56299.42562499999 [0,1,2,3,4,6,7,8,9] [233,234,235,236,237,238,239,240]
56289.539600694436 [0,1,2,3,4,6,7,8,9] [236,237,238,239,240,241,242,243]
56283.169067215356 [0,1,2,3,4,6,7,8,9] [234,235,236,237,238,239,240,241,242]
56272.876553287984 [0,1,2,3,4,6,7,8,9] [237,238,239,240,241,242,243]
56265.597050754455 [0,1,2,3,4,6,7,8,9] [235,236,237,238,239,240,241,242,243]
56253.298271604915 [0,1,2,3,4,6,7,8,9] [233,234,235,236,237,238]
56251.98062500001 [0,1,2,3,4,6,7,8,9] [234,235,236,237]
56248.02777777778 [0,1,2,3,4,6,7,8,9] [233,234,235,236,237,238,239,240,241]
56240.12249999999 [0,1,2,3,4,6,7,8,9] [235,236]
56237.487530864186 [0,1,2,3,4,6,7,8,9] [239,240,241]
56216.41000000001 [0,1,2,3,4,6,7,8,9] [240]
56216.409999999996 [0,1,2,3,4,6,7,8,9] [234,235,236,237,238,239,240,241,242,243]
56211.668099999995 [0,1,2,3,4,6,7,8,9] [233,234,235,236,237,238,239,240,241,242]
56192.702499999985 [0,1,2,3,4,6,7,8,9] [238,239,240,241,242,243]
56186.556927297665 [0,1,2,3,4,6,7,8,9] [232,233,234,235,236,237,238,239,240]
56182.82585069446 [0,1,2,3,4,6,7,8,9] [232,233,234,235,236,237,238,239]
56157.509678604234 [0,1,2,3,4,6,7,8,9] [233,234,235,236,237,238,239,240,241,242,243]
56151.62134444446 [0,1,2,3,4,6,7,8,9] [232,233,234,235,236,237,238,239,240,241]
56149.25173611111 [0,1,2,3,4,6,7,8,9] [239,240,241,242]
56133.89437585733 [0,1,2,3,4,6,7,8,9] [236,237,238,239,240,241,242,243,244]
56127.92751111111 [0,1,2,3,4,6,7,8,9] [235,236,237,238,239,240,241,242,243,244]
56127.35317722682 [0,1,2,3,4,6,7,8,9] [232,233,234,235,236,237,238,239,240,241,242]
56115.292844444455 [0,1,2,3,4,6,7,8,9] [233,234,235,236,237]
56114.84163265304 [0,1,2,3,4,6,7,8,9] [232,233,234,235,236,237,238]
56108.97604444445 [0,1,2,3,4,6,7,8,9] [231,232,233,234,235,236,237,238,239,240]
56099.89626736111 [0,1,2,3,4,6,7,8,9] [237,238,239,240,241,242,243,244]
56097.045281207116 [0,1,2,3,4,6,7,8,9] [231,232,233,234,235,236,237,238,239]
56095.76933884298 [0,1,2,3,4,6,7,8,9] [234,235,236,237,238,239,240,241,242,243,244]
56092.89852157941 [0,1,2,3,4,6,7,8,9] [230,231,232,233,234,235,236,237,238,239,240]
56088.71204475307 [0,1,2,3,4,6,7,8,9] [229,230,231,232,233,234,235,236,237,238,239,240]
56085.16976331361 [0,1,2,3,4,6,7,8,9] [228,229,230,231,232,233,234,235,236,237,238,239,240]
56084.76493827161 [0,1,2,3,4,6,7,8,9] [234,235,236]
56084.76493827159 [0,1,2,3,4,6,7,8,9] [232,233,234,235,236,237,238,239,240,241,242,243]
56084.28651056015 [0,1,2,3,4,6,7,8,9] [231,232,233,234,235,236,237,238,239,240,241]
56080.554844444414 [0,1,2,3,4,6,7,8,9] [230,231,232,233,234,235,236,237,238,239]
56077.11033976126 [0,1,2,3,4,6,7,8,9] [229,230,231,232,233,234,235,236,237,238,239]
56074.24 [0,1,2,3,4,6,7,8,9] [228,229,230,231,232,233,234,235,236,237,238,239]
56071.60891975308 [0,1,2,3,4,6,7,8,9] [230,231,232,233,234,235,236,237,238,239,240,241]
56069.38266929651 [0,1,2,3,4,6,7,8,9] [229,230,231,232,233,234,235,236,237,238,239,240,241]
56067.66241512346 [0,1,2,3,4,6,7,8,9] [231,232,233,234,235,236,237,238,239,240,241,242]
56067.474489795924 [0,1,2,3,4,6,7,8,9] [228,229,230,231,232,233,234,235,236,237,238,239,240,241]
56057.24026298487 [0,1,2,3,4,6,7,8,9] [230,231,232,233,234,235,236,237,238,239,240,241,242]
56056.19954648525 [0,1,2,3,4,6,7,8,9] [229,230,231,232,233,234,235,236,237,238,239,240,241,242]
56055.2976 [0,1,2,3,4,6,7,8,9] [228,229,230,231,232,233,234,235,236,237,238,239,240,241,242]
56051.87778549382 [0,1,2,3,4,6,7,8,9] [233,234,235,236,237,238,239,240,241,242,243,244]
56042.671111111114 [0,1,2,3,4,6,7,8,9] [239,240,241,242,243]
56042.6711111111 [0,1,2,3,4,6,7,8,9] [228,229]
56039.289257369615 [0,1,2,3,4,6,7,8,9] [227,228,229,230,231,232,233,234,235,236,237,238,239,240]
56032.95939513477 [0,1,2,3,4,6,7,8,9] [231,232,233,234,235,236,237,238,239,240,241,242,243]
56027.876254340285 [0,1,2,3,4,6,7,8,9] [228,229,230,231,232,233,234,235,236,237,238,239,240,241,242,243]
56026.89000000002 [0,1,2,3,4,6,7,8,9] [240,241]
56026.889999999985 [0,1,2,3,4,6,7,8,9] [229,230,231,232,233,234,235,236,237,238,239,240,241,242,243]
56025.838004938276 [0,1,2,3,4,6,7,8,9] [227,228,229,230,231,232,233,234,235,236,237,238,239,240,241]
56025.7628628118 [0,1,2,3,4,6,7,8,9] [230,231,232,233,234,235,236,237,238,239,240,241,242,243]
56025.676160420764 [0,1,2,3,4,6,7,8,9] [227,228,229,230,231,232,233,234,235,236,237,238,239]
56021.151965105586 [0,1,2,3,4,6,7,8,9] [228,229,230,231,232,233,234,235,236,237,238]
56019.00027777777 [0,1,2,3,4,6,7,8,9] [229,230,231,232,233,234,235,236,237,238]
56017.027934027785 [0,1,2,3,4,6,7,8,9] [227,228,229,230,231,232,233,234,235,236,237,238,239,240,241,242]
56016.370493827155 [0,1,2,3,4,6,7,8,9] [230,231,232,233,234,235,236,237,238]
56006.603265306134 [0,1,2,3,4,6,7,8,9] [238,239,240,241,242,243,244]
56005.851975308644 [0,1,2,3,4,6,7,8,9] [228,229,230]
55993.47851211074 [0,1,2,3,4,6,7,8,9] [227,228,229,230,231,232,233,234,235,236,237,238,239,240,241,242,243]
55992.90746219594 [0,1,2,3,4,6,7,8,9] [232,233,234,235,236,237,238,239,240,241,242,243,244]
55987.44694444445 [0,1,2,3,4,6,7,8,9] [229,230]
55979.56000000001 [0,1,2,3,4,6,7,8,9] [240,241,242]
55976.93114197531 [0,1,2,3,4,6,7,8,9] [232,233,234,235,236,237]
55972.98797067903 [0,1,2,3,4,6,7,8,9] [227,228,229,230,231,232,233,234,235,236,237,238]
55961.00467512495 [0,1,2,3,4,6,7,8,9] [228,229,230,231,232,233,234,235,236,237,238,239,240,241,242,243,244]
55960.63360000001 [0,1,2,3,4,6,7,8,9] [226,227,228,229,230,231,232,233,234,235,236,237,238,239,240]
