[Score] [Station index] [Time slots] 
58644.96400000002 [0,1,2,3,4,5,6,7,8,9] [235]
58591.37024999996 [0,1,2,3,4,5,6,7,8,9] [234,235]
58588.81877777779 [0,1,2,3,4,5,6,7,8,9] [233,234,235]
58583.716000000015 [0,1,2,3,4,5,6,7,8,9] [235,236]
58583.71599999999 [0,1,2,3,4,5,6,7,8,9] [233]
58576.06225 [0,1,2,3,4,5,6,7,8,9] [232,233,234,235]
58572.235562500005 [0,1,2,3,4,5,6,7,8,9] [233,234,235,236]
58568.40900000001 [0,1,2,3,4,5,6,7,8,9] [234,235,236]
58565.34783999999 [0,1,2,3,4,5,6,7,8,9] [232,233,234,235,236]
58560.75625 [0,1,2,3,4,5,6,7,8,9] [233,234]
58560.75624999999 [0,1,2,3,4,5,6,7,8,9] [232,233]
58553.10400000001 [0,1,2,3,4,5,6,7,8,9] [232,233,234]
58546.982559999975 [0,1,2,3,4,5,6,7,8,9] [233,234,235,236,237]
58545.452249999995 [0,1,2,3,4,5,6,7,8,9] [232,233,234,235,236,237]
58537.801 [0,1,2,3,4,5,6,7,8,9] [235,236,237]
58528.62015999999 [0,1,2,3,4,5,6,7,8,9] [231,232,233,234,235]
58527.6001111111 [0,1,2,3,4,5,6,7,8,9] [231,232,233,234,235,236]
58522.5 [0,1,2,3,4,5,6,7,8,9] [236]
58515.94304081633 [0,1,2,3,4,5,6,7,8,9] [231,232,233,234,235,236,237]
58499.55225000001 [0,1,2,3,4,5,6,7,8,9] [231,232,233,234]
58489.71887755101 [0,1,2,3,4,5,6,7,8,9] [230,231,232,233,234,235,236]
58486.80544444446 [0,1,2,3,4,5,6,7,8,9] [231,232,233]
58485.34875510202 [0,1,2,3,4,5,6,7,8,9] [232,233,234,235,236,237,238]
58484.25625 [0,1,2,3,4,5,6,7,8,9] [236,237]
58476.60900000001 [0,1,2,3,4,5,6,7,8,9] [233,234,235,236,237,238]
58474.697265625015 [0,1,2,3,4,5,6,7,8,9] [229,230,231,232,233,234,235,236]
58471.511111111126 [0,1,2,3,4,5,6,7,8,9] [229,230,231,232,233,234,235,236,237]
58467.869897959186 [0,1,2,3,4,5,6,7,8,9] [229,230,231,232,233,234,235]
58467.050640625006 [0,1,2,3,4,5,6,7,8,9] [231,232,233,234,235,236,237,238]
58455.19935999999 [0,1,2,3,4,5,6,7,8,9] [234,235,236,237,238]
58452.141160000014 [0,1,2,3,4,5,6,7,8,9] [230,231,232,233,234]
58446.025 [0,1,2,3,4,5,6,7,8,9] [237]
58444.32612345678 [0,1,2,3,4,5,6,7,8,9] [230,231,232,233,234,235,236,237,238]
58438.38025000001 [0,1,2,3,4,5,6,7,8,9] [231,232]
58438.38024999999 [0,1,2,3,4,5,6,7,8,9] [229,230,231,232,233,234]
58436.85136000001 [0,1,2,3,4,5,6,7,8,9] [229,230,231,232,233,234,235,236,237,238]
58434.55806249999 [0,1,2,3,4,5,6,7,8,9] [235,236,237,238]
58433.79363999999 [0,1,2,3,4,5,6,7,8,9] [228,229,230,231,232,233,234,235,236,237]
58432.43467901234 [0,1,2,3,4,5,6,7,8,9] [228,229,230,231,232,233,234,235,236]
58430.736 [0,1,2,3,4,5,6,7,8,9] [230,231,232,233]
58423.09224999999 [0,1,2,3,4,5,6,7,8,9] [232,233,234,235,236,237,238,239]
58421.18139062502 [0,1,2,3,4,5,6,7,8,9] [228,229,230,231,232,233,234,235]
58418.506239999995 [0,1,2,3,4,5,6,7,8,9] [229,230,231,232,233]
58413.75056790122 [0,1,2,3,4,5,6,7,8,9] [231,232,233,234,235,236,237,238,239]
58409.89058677685 [0,1,2,3,4,5,6,7,8,9] [227,228,229,230,231,232,233,234,235,236,237]
58406.714469387734 [0,1,2,3,4,5,6,7,8,9] [233,234,235,236,237,238,239]
58406.277760000004 [0,1,2,3,4,5,6,7,8,9] [227,228,229,230,231,232,233,234,235,236]
58405.72195041323 [0,1,2,3,4,5,6,7,8,9] [228,229,230,231,232,233,234,235,236,237,238]
58398.63560999998 [0,1,2,3,4,5,6,7,8,9] [230,231,232,233,234,235,236,237,238,239]
58395.99571074381 [0,1,2,3,4,5,6,7,8,9] [229,230,231,232,233,234,235,236,237,238,239]
58393.37130864196 [0,1,2,3,4,5,6,7,8,9] [227,228,229,230,231,232,233,234,235]
58392.522249999995 [0,1,2,3,4,5,6,7,8,9] [226,227,228,229,230,231,232,233,234,235,236,237]
58389.247367346965 [0,1,2,3,4,5,6,7,8,9] [228,229,230,231,232,233,234]
58387.6595785124 [0,1,2,3,4,5,6,7,8,9] [226,227,228,229,230,231,232,233,234,235,236]
58386.15450694443 [0,1,2,3,4,5,6,7,8,9] [227,228,229,230,231,232,233,234,235,236,237,238]
58384.88100000001 [0,1,2,3,4,5,6,7,8,9] [232,233,234,235,236,237,238,239,240]
58380.29649 [0,1,2,3,4,5,6,7,8,9] [231,232,233,234,235,236,237,238,239,240]
58379.78711111112 [0,1,2,3,4,5,6,7,8,9] [230,231,232]
58377.24025000001 [0,1,2,3,4,5,6,7,8,9] [234,235,236,237,238,239]
58377.240249999995 [0,1,2,3,4,5,6,7,8,9] [229,230,231,232]
58374.18408999998 [0,1,2,3,4,5,6,7,8,9] [226,227,228,229,230,231,232,233,234,235]
58371.95079289939 [0,1,2,3,4,5,6,7,8,9] [226,227,228,229,230,231,232,233,234,235,236,237,238]
58370.87334027778 [0,1,2,3,4,5,6,7,8,9] [228,229,230,231,232,233,234,235,236,237,238,239]
58369.6 [0,1,2,3,4,5,6,7,8,9] [229,230,231,232,233,234,235,236,237,238,239,240]
58369.59999999999 [0,1,2,3,4,5,6,7,8,9] [230,231,232,233,234,235,236,237,238,239,240]
58365.78006250002 [0,1,2,3,4,5,6,7,8,9] [233,234,235,236,237,238,239,240]
58364.50677777778 [0,1,2,3,4,5,6,7,8,9] [236,237,238]
58361.960250000004 [0,1,2,3,4,5,6,7,8,9] [227,228,229,230,231,232,233,234]
58358.90449 [0,1,2,3,4,5,6,7,8,9] [232,233,234,235,236,237,238,239,240,241]
58357.098851239694 [0,1,2,3,4,5,6,7,8,9] [231,232,233,234,235,236,237,238,239,240,241]
58355.49623668638 [0,1,2,3,4,5,6,7,8,9] [227,228,229,230,231,232,233,234,235,236,237,238,239]
58350.79536094674 [0,1,2,3,4,5,6,7,8,9] [229,230,231,232,233,234,235,236,237,238,239,240,241]
58349.22844444442 [0,1,2,3,4,5,6,7,8,9] [230,231,232,233,234,235,236,237,238,239,240,241]
58348.44499408285 [0,1,2,3,4,5,6,7,8,9] [225,226,227,228,229,230,231,232,233,234,235,236,237]
58348.444994082834 [0,1,2,3,4,5,6,7,8,9] [228,229,230,231,232,233,234,235,236,237,238,239,240]
58345.15456000002 [0,1,2,3,4,5,6,7,8,9] [235,236,237,238,239]
58344.49984183673 [0,1,2,3,4,5,6,7,8,9] [226,227,228,229,230,231,232,233,234,235,236,237,238,239]
58344.13611111111 [0,1,2,3,4,5,6,7,8,9] [226,227,228,229,230,231,232,233,234]
58340.31700694446 [0,1,2,3,4,5,6,7,8,9] [225,226,227,228,229,230,231,232,233,234,235,236]
58339.043999999994 [0,1,2,3,4,5,6,7,8,9] [233,234,235,236,237,238,239,240,241]
58336.86173469385 [0,1,2,3,4,5,6,7,8,9] [227,228,229,230,231,232,233]
58335.77061734694 [0,1,2,3,4,5,6,7,8,9] [227,228,229,230,231,232,233,234,235,236,237,238,239,240]
58334.67951020406 [0,1,2,3,4,5,6,7,8,9] [234,235,236,237,238,239,240]
58332.49732653061 [0,1,2,3,4,5,6,7,8,9] [225,226,227,228,229,230,231,232,233,234,235,236,237,238]
58332.497326530596 [0,1,2,3,4,5,6,7,8,9] [228,229,230,231,232,233,234,235,236,237,238,239,240,241]
58331.406249999985 [0,1,2,3,4,5,6,7,8,9] [224,225,226,227,228,229,230,231,232,233,234,235,236,237]
58326.823840000005 [0,1,2,3,4,5,6,7,8,9] [226,227,228,229,230,231,232,233,234,235,236,237,238,239,240]
58323.76900000003 [0,1,2,3,4,5,6,7,8,9] [229,230,231]
58323.76900000001 [0,1,2,3,4,5,6,7,8,9] [225,226,227,228,229,230,231,232,233,234,235]
58322.59408284024 [0,1,2,3,4,5,6,7,8,9] [224,225,226,227,228,229,230,231,232,233,234,235,236]
58321.73248444444 [0,1,2,3,4,5,6,7,8,9] [227,228,229,230,231,232,233,234,235,236,237,238,239,240,241]
58320.714240000016 [0,1,2,3,4,5,6,7,8,9] [228,229,230,231,232]
58319.95056249999 [0,1,2,3,4,5,6,7,8,9] [226,227,228,229,230,231,232,233]
58318.67777777779 [0,1,2,3,4,5,6,7,8,9] [223,224,225,226,227,228,229,230,231,232,233,234,235,236,237]
58317.659560000015 [0,1,2,3,4,5,6,7,8,9] [224,225,226,227,228,229,230,231,232,233,234,235,236,237,238]
58316.13225 [0,1,2,3,4,5,6,7,8,9] [229,230]
58314.22314062501 [0,1,2,3,4,5,6,7,8,9] [226,227,228,229,230,231,232,233,234,235,236,237,238,239,240,241]
58312.85951020407 [0,1,2,3,4,5,6,7,8,9] [229,230,231,232,233,234,235,236,237,238,239,240,241,242]
58312.3140625 [0,1,2,3,4,5,6,7,8,9] [231,232,233,234,235,236,237,238,239,240,241,242]
58309.884371900815 [0,1,2,3,4,5,6,7,8,9] [232,233,234,235,236,237,238,239,240,241,242]
