[Score] [Station index] [Time slots] 
45427.599999999984 [0,1,2,3,4,5,6,7,8,9] [227]
45373.696 [0,1,2,3,4,5,6,7,8,9] [226,227]
45337.77777777777 [0,1,2,3,4,5,6,7,8,9] [225,226,227]
45326.55624999998 [0,1,2,3,4,5,6,7,8,9] [227,228]
45324.312111111096 [0,1,2,3,4,5,6,7,8,9] [226,227,228]
45319.82400000001 [0,1,2,3,4,5,6,7,8,9] [226]
45309.726562499985 [0,1,2,3,4,5,6,7,8,9] [225,226,227,228]
45302.99556250001 [0,1,2,3,4,5,6,7,8,9] [224,225,226,227]
45292.9 [0,1,2,3,4,5,6,7,8,9] [225,226]
45287.51616000002 [0,1,2,3,4,5,6,7,8,9] [224,225,226,227,228]
45282.132639999996 [0,1,2,3,4,5,6,7,8,9] [223,224,225,226,227]
45272.71224999999 [0,1,2,3,4,5,6,7,8,9] [223,224,225,226,227,228]
45265.98400000001 [0,1,2,3,4,5,6,7,8,9] [225]
45261.49877777778 [0,1,2,3,4,5,6,7,8,9] [224,225,226]
45260.60176000001 [0,1,2,3,4,5,6,7,8,9] [225,226,227,228,229]
45259.25625 [0,1,2,3,4,5,6,7,8,9] [226,227,228,229]
45250.286694444454 [0,1,2,3,4,5,6,7,8,9] [224,225,226,227,228,229]
45245.802250000015 [0,1,2,3,4,5,6,7,8,9] [223,224,225,226]
45242.919510204076 [0,1,2,3,4,5,6,7,8,9] [223,224,225,226,227,228,229]
45241.31802777778 [0,1,2,3,4,5,6,7,8,9] [222,223,224,225,226,227]
45239.076 [0,1,2,3,4,5,6,7,8,9] [227,228,229]
45232.350249999996 [0,1,2,3,4,5,6,7,8,9] [224,225]
45225.624999999985 [0,1,2,3,4,5,6,7,8,9] [228]
45221.14177777778 [0,1,2,3,4,5,6,7,8,9] [223,224,225]
45217.219140625 [0,1,2,3,4,5,6,7,8,9] [222,223,224,225,226,227,228,229]
45204.107560000004 [0,1,2,3,4,5,6,7,8,9] [222,223,224,225,226]
45198.72900000001 [0,1,2,3,4,5,6,7,8,9] [224]
45198.72899999999 [0,1,2,3,4,5,6,7,8,9] [223,224]
45188.64506250001 [0,1,2,3,4,5,6,7,8,9] [221,222,223,224,225,226,227,228]
45183.363448979595 [0,1,2,3,4,5,6,7,8,9] [221,222,223,224,225,226,227]
45176.88189062501 [0,1,2,3,4,5,6,7,8,9] [223,224,225,226,227,228,229,230]
45175.2015625 [0,1,2,3,4,5,6,7,8,9] [222,223,224,225]
45174.82816049383 [0,1,2,3,4,5,6,7,8,9] [221,222,223,224,225,226,227,228,229]
45173.76130612244 [0,1,2,3,4,5,6,7,8,9] [224,225,226,227,228,229,230]
45169.60069444445 [0,1,2,3,4,5,6,7,8,9] [225,226,227,228,229,230]
45161.38671604938 [0,1,2,3,4,5,6,7,8,9] [222,223,224,225,226,227,228,229,230]
45152.42686419754 [0,1,2,3,4,5,6,7,8,9] [220,221,222,223,224,225,226,227,228]
45150.33636000001 [0,1,2,3,4,5,6,7,8,9] [226,227,228,229,230]
45144.960999999996 [0,1,2,3,4,5,6,7,8,9] [228,229]
45143.61721 [0,1,2,3,4,5,6,7,8,9] [220,221,222,223,224,225,226,227,228,229]
45143.28126562501 [0,1,2,3,4,5,6,7,8,9] [220,221,222,223,224,225,226,227]
45142.72136111111 [0,1,2,3,4,5,6,7,8,9] [221,222,223,224,225,226]
45128.83684000001 [0,1,2,3,4,5,6,7,8,9] [221,222,223,224,225,226,227,228,229,230]
45119.432409999994 [0,1,2,3,4,5,6,7,8,9] [219,220,221,222,223,224,225,226,227,228]
45118.08899999999 [0,1,2,3,4,5,6,7,8,9] [222,223]
45114.42525619836 [0,1,2,3,4,5,6,7,8,9] [219,220,221,222,223,224,225,226,227,228,229]
45113.61111111111 [0,1,2,3,4,5,6,7,8,9] [223,224,225,226,227,228,229,230,231]
45108.0140625 [0,1,2,3,4,5,6,7,8,9] [227,228,229,230]
45107.64093827161 [0,1,2,3,4,5,6,7,8,9] [219,220,221,222,223,224,225,226,227]
45107.342439999986 [0,1,2,3,4,5,6,7,8,9] [221,222,223,224,225]
45105.99920999999 [0,1,2,3,4,5,6,7,8,9] [222,223,224,225,226,227,228,229,230,231]
45104.65600000002 [0,1,2,3,4,5,6,7,8,9] [220,221,222,223,224,225,226,227,228,229,230]
45103.43491735536 [0,1,2,3,4,5,6,7,8,9] [218,219,220,221,222,223,224,225,226,227,228]
45102.97701562498 [0,1,2,3,4,5,6,7,8,9] [224,225,226,227,228,229,230,231]
45102.73716326528 [0,1,2,3,4,5,6,7,8,9] [220,221,222,223,224,225,226]
45100.17877777777 [0,1,2,3,4,5,6,7,8,9] [218,219,220,221,222,223,224,225,226,227,228,229]
45091.225 [0,1,2,3,4,5,6,7,8,9] [218,219,220,221,222,223,224,225,226,227]
45089.30644897959 [0,1,2,3,4,5,6,7,8,9] [225,226,227,228,229,230,231]
45081.45825619837 [0,1,2,3,4,5,6,7,8,9] [221,222,223,224,225,226,227,228,229,230,231]
45081.153062499994 [0,1,2,3,4,5,6,7,8,9] [219,220,221,222,223,224,225,226,227,228,229,230]
45070.565828402374 [0,1,2,3,4,5,6,7,8,9] [218,219,220,221,222,223,224,225,226,227,228,229,230]
45068.84444444442 [0,1,2,3,4,5,6,7,8,9] [217,218,219,220,221,222,223,224,225,226,227,228]
45068.50017159765 [0,1,2,3,4,5,6,7,8,9] [217,218,219,220,221,222,223,224,225,226,227,228,229]
45067.7255625 [0,1,2,3,4,5,6,7,8,9] [221,222,223,224]
45067.725562499996 [0,1,2,3,4,5,6,7,8,9] [219,220,221,222,223,224,225,226]
45066.60669444445 [0,1,2,3,4,5,6,7,8,9] [220,221,222,223,224,225]
45064.36900000001 [0,1,2,3,4,5,6,7,8,9] [229]
45063.25017361111 [0,1,2,3,4,5,6,7,8,9] [220,221,222,223,224,225,226,227,228,229,230,231]
45059.893777777776 [0,1,2,3,4,5,6,7,8,9] [226,227,228,229,230,231]
45054.60516528924 [0,1,2,3,4,5,6,7,8,9] [217,218,219,220,221,222,223,224,225,226,227]
45053.92716049384 [0,1,2,3,4,5,6,7,8,9] [218,219,220,221,222,223,224,225,226]
45047.10865306122 [0,1,2,3,4,5,6,7,8,9] [216,217,218,219,220,221,222,223,224,225,226,227,228,229]
45045.78107100593 [0,1,2,3,4,5,6,7,8,9] [216,217,218,219,220,221,222,223,224,225,226,227,228]
45044.74852071006 [0,1,2,3,4,5,6,7,8,9] [219,220,221,222,223,224,225,226,227,228,229,230,231]
45043.27346938775 [0,1,2,3,4,5,6,7,8,9] [217,218,219,220,221,222,223,224,225,226,227,228,229,230]
45037.521 [0,1,2,3,4,5,6,7,8,9] [218,219,220,221,222,223,224,225,226,227,228,229,230,231]
45037.52099999999 [0,1,2,3,4,5,6,7,8,9] [222]
45033.86052892561 [0,1,2,3,4,5,6,7,8,9] [222,223,224,225,226,227,228,229,230,231,232]
45033.494490000005 [0,1,2,3,4,5,6,7,8,9] [223,224,225,226,227,228,229,230,231,232]
45031.76889795918 [0,1,2,3,4,5,6,7,8,9] [219,220,221,222,223,224,225]
45030.810249999995 [0,1,2,3,4,5,6,7,8,9] [216,217,218,219,220,221,222,223,224,225,226,227]
45028.57344444444 [0,1,2,3,4,5,6,7,8,9] [215,216,217,218,219,220,221,222,223,224,225,226,227,228,229]
45026.78404 [0,1,2,3,4,5,6,7,8,9] [220,221,222,223,224]
45026.01716326529 [0,1,2,3,4,5,6,7,8,9] [215,216,217,218,219,220,221,222,223,224,225,226,227,228]
45024.99467111111 [0,1,2,3,4,5,6,7,8,9] [216,217,218,219,220,221,222,223,224,225,226,227,228,229,230]
45024.1 [0,1,2,3,4,5,6,7,8,9] [221,222,223]
45020.74506250002 [0,1,2,3,4,5,6,7,8,9] [218,219,220,221,222,223,224,225]
45017.39025000001 [0,1,2,3,4,5,6,7,8,9] [221,222,223,224,225,226,227,228,229,230,231,232]
45015.153777777785 [0,1,2,3,4,5,6,7,8,9] [224,225,226,227,228,229,230,231,232]
45014.25920444444 [0,1,2,3,4,5,6,7,8,9] [217,218,219,220,221,222,223,224,225,226,227,228,229,230,231]
45010.68100000001 [0,1,2,3,4,5,6,7,8,9] [215,216,217,218,219,220,221,222,223,224,225,226,227]
45009.003765625006 [0,1,2,3,4,5,6,7,8,9] [215,216,217,218,219,220,221,222,223,224,225,226,227,228,229,230]
45007.99744 [0,1,2,3,4,5,6,7,8,9] [227,228,229,230,231]
45005.52037869823 [0,1,2,3,4,5,6,7,8,9] [220,221,222,223,224,225,226,227,228,229,230,231,232]
45003.13369140625 [0,1,2,3,4,5,6,7,8,9] [214,215,216,217,218,219,220,221,222,223,224,225,226,227,228,229]
45001.73611111113 [0,1,2,3,4,5,6,7,8,9] [228,229,230]
44999.05281777778 [0,1,2,3,4,5,6,7,8,9] [214,215,216,217,218,219,220,221,222,223,224,225,226,227,228]
44998.941015625016 [0,1,2,3,4,5,6,7,8,9] [216,217,218,219,220,221,222,223,224,225,226,227,228,229,230,231]
44994.82476033059 [0,1,2,3,4,5,6,7,8,9] [216,217,218,219,220,221,222,223,224,225,226]
44992.792111111106 [0,1,2,3,4,5,6,7,8,9] [219,220,221,222,223,224]
