[Score] [Station index] [Time slots] 
65672.60444444444 [0,1,2,3,4,6,7,8,9] [247]
65587.21000000002 [0,1,2,3,4,6,7,8,9] [242]
65561.60250000001 [0,1,2,3,4,6,7,8,9] [247,248]
65561.6025 [0,1,2,3,4,6,7,8,9] [242,243]
65536.0 [0,1,2,3,4,6,7,8,9] [229]
65535.999999999985 [0,1,2,3,4,6,7,8,9] [243]
65530.31123456788 [0,1,2,3,4,6,7,8,9] [241,242,243]
65527.46694444443 [0,1,2,3,4,6,7,8,9] [241,242]
65518.93444444446 [0,1,2,3,4,6,7,8,9] [247,248,249]
65518.934444444436 [0,1,2,3,4,6,7,8,9] [231]
65484.810000000005 [0,1,2,3,4,6,7,8,9] [240,241,242,243]
65472.015625 [0,1,2,3,4,6,7,8,9] [247,248,249,250]
65467.75111111111 [0,1,2,3,4,6,7,8,9] [240,241,242]
65467.7511111111 [0,1,2,3,4,6,7,8,9] [241]
65450.694444444445 [0,1,2,3,4,6,7,8,9] [248]
65447.283377777785 [0,1,2,3,4,6,7,8,9] [239,240,241,242,243]
65442.16694444445 [0,1,2,3,4,6,7,8,9] [241,242,243,244]
65442.16694444444 [0,1,2,3,4,6,7,8,9] [248,249]
65433.640000000014 [0,1,2,3,4,6,7,8,9] [247,248,249,250,251]
65433.64 [0,1,2,3,4,6,7,8,9] [249]
65429.37673611111 [0,1,2,3,4,6,7,8,9] [246,247,248,249]
65427.95567901233 [0,1,2,3,4,6,7,8,9] [246,247,248]
65425.11361111112 [0,1,2,3,4,6,7,8,9] [239,240,241,242]
65423.40840000002 [0,1,2,3,4,6,7,8,9] [240,241,242,243,244]
65422.271604938265 [0,1,2,3,4,6,7,8,9] [227,228,229]
65416.58777777779 [0,1,2,3,4,6,7,8,9] [246,247]
65416.58777777777 [0,1,2,3,4,6,7,8,9] [231,232]
65410.90419753086 [0,1,2,3,4,6,7,8,9] [229,230,231]
65409.76751111109 [0,1,2,3,4,6,7,8,9] [246,247,248,249,250]
65408.062499999985 [0,1,2,3,4,6,7,8,9] [240,241]
65405.22086419754 [0,1,2,3,4,6,7,8,9] [248,249,250]
65402.379290123456 [0,1,2,3,4,6,7,8,9] [247,248,249,250,251,252]
65402.37929012344 [0,1,2,3,4,6,7,8,9] [239,240,241,242,243,244]
65399.53777777779 [0,1,2,3,4,6,7,8,9] [241,242,243,244,245,246,247,248,249]
65397.102244897964 [0,1,2,3,4,6,7,8,9] [237,238,239,240,241,242,243]
65395.275624999995 [0,1,2,3,4,6,7,8,9] [241,242,243,244,245,246,247,248]
65394.42321111112 [0,1,2,3,4,6,7,8,9] [240,241,242,243,244,245,246,247,248,249]
65393.85493827162 [0,1,2,3,4,6,7,8,9] [238,239,240,241,242,243]
65392.71840000004 [0,1,2,3,4,6,7,8,9] [227,228,229,230,231]
65392.7184 [0,1,2,3,4,6,7,8,9] [241,242,243,244,245,246,247,248,249,250]
65391.01361111109 [0,1,2,3,4,6,7,8,9] [242,243,244,245,246,247,248,249]
65390.06651577502 [0,1,2,3,4,6,7,8,9] [240,241,242,243,244,245,246,247,248]
65388.68893480256 [0,1,2,3,4,6,7,8,9] [240,241,242,243,244,245,246,247,248,249,250]
65388.172345679006 [0,1,2,3,4,6,7,8,9] [246,247,248,249,250,251]
65387.360566893396 [0,1,2,3,4,6,7,8,9] [241,242,243,244,245,246,247]
65386.751736111095 [0,1,2,3,4,6,7,8,9] [229,230,231,232]
65385.58943067034 [0,1,2,3,4,6,7,8,9] [239,240,241,242,243,244,245,246,247,248,249]
65384.925260770986 [0,1,2,3,4,6,7,8,9] [242,243,244,245,246,247,248]
65384.384087791484 [0,1,2,3,4,6,7,8,9] [242,243,244,245,246,247,248,249,250]
65382.490000000005 [0,1,2,3,4,6,7,8,9] [241,242,243,244,245,246,247,248,249,250,251]
65382.48999999999 [0,1,2,3,4,6,7,8,9] [240,241,242,243,244,245,246,247]
65381.069452160504 [0,1,2,3,4,6,7,8,9] [239,240,241,242,243,244,245,246,247,248,249,250]
65380.78534444448 [0,1,2,3,4,6,7,8,9] [239,240,241,242,243,244,245,246,247,248]
65379.6489197531 [0,1,2,3,4,6,7,8,9] [240,241,242,243,244,245,246,247,248,249,250,251]
65379.64891975307 [0,1,2,3,4,6,7,8,9] [227,228,229,230,231,232]
65375.6715111111 [0,1,2,3,4,6,7,8,9] [241,242,243,244,245]
65373.96694444446 [0,1,2,3,4,6,7,8,9] [237,238,239,240,241,242]
65373.96694444443 [0,1,2,3,4,6,7,8,9] [248,249,250,251]
65373.96694444442 [0,1,2,3,4,6,7,8,9] [242,243,244,245,246,247,248,249,250,251]
65373.311347797484 [0,1,2,3,4,6,7,8,9] [239,240,241,242,243,244,245,246,247,248,249,250,251]
65373.01997256515 [0,1,2,3,4,6,7,8,9] [239,240,241,242,243,244,245,246,247]
65371.12604938273 [0,1,2,3,4,6,7,8,9] [240,241,242,243,244,245]
65371.12604938269 [0,1,2,3,4,6,7,8,9] [241,242,243,244,245,246,247,248,249,250,251,252]
65369.70562499998 [0,1,2,3,4,6,7,8,9] [237,238,239,240,241,242,243,244]
65369.37783694936 [0,1,2,3,4,6,7,8,9] [240,241,242,243,244,245,246,247,248,249,250,251,252]
65368.06669296517 [0,1,2,3,4,6,7,8,9] [237,238,239,240,241,242,243,244,245,246,247,248,249]
65367.87938775509 [0,1,2,3,4,6,7,8,9] [246,247,248,249,250,251,252]
65367.5750173611 [0,1,2,3,4,6,7,8,9] [236,237,238,239,240,241,242,243]
65365.444444444445 [0,1,2,3,4,6,7,8,9] [237,238,239,240,241,242,243,244,245,246,247,248,249,250]
65364.22698979589 [0,1,2,3,4,6,7,8,9] [239,240,241,242,243,244,245,246,247,248,249,250,251,252]
65364.02408179012 [0,1,2,3,4,6,7,8,9] [238,239,240,241,242,243,244,245,246,247,248,249]
65363.00954648528 [0,1,2,3,4,6,7,8,9] [243,244,245,246,247,248,249]
65363.009546485264 [0,1,2,3,4,6,7,8,9] [238,239,240,241,242,243,244]
65363.009546485235 [0,1,2,3,4,6,7,8,9] [226,227,228,229,230,231,232]
65362.60373456791 [0,1,2,3,4,6,7,8,9] [237,238,239,240,241,242,243,244,245,246,247,248]
65362.34549127641 [0,1,2,3,4,6,7,8,9] [242,243,244,245,246,247,248,249,250,251,252]
65361.51117028271 [0,1,2,3,4,6,7,8,9] [238,239,240,241,242,243,244,245,246,247,248,249,250]
65361.18340277778 [0,1,2,3,4,6,7,8,9] [227,228,229,230]
65361.183402777766 [0,1,2,3,4,6,7,8,9] [228,229,230,231]
65360.57469387756 [0,1,2,3,4,6,7,8,9] [239,240,241,242,243,244,245]
65359.76308641977 [0,1,2,3,4,6,7,8,9] [245,246,247,248,249,250]
65359.763086419756 [0,1,2,3,4,6,7,8,9] [237,238,239,240,241,242,243,244,245,246,247,248,249,250,251]
65359.05293402777 [0,1,2,3,4,6,7,8,9] [243,244,245,246,247,248,249,250]
65357.69719926541 [0,1,2,3,4,6,7,8,9] [238,239,240,241,242,243,244,245,246,247,248]
65356.922500000015 [0,1,2,3,4,6,7,8,9] [229,230]
65356.92249999997 [0,1,2,3,4,6,7,8,9] [243,244]
65355.70512471659 [0,1,2,3,4,6,7,8,9] [227,228,229,230,231,232,233]
65355.70512471656 [0,1,2,3,4,6,7,8,9] [238,239,240,241,242,243,244,245,246,247,248,249,250,251]
65354.59842975208 [0,1,2,3,4,6,7,8,9] [237,238,239,240,241,242,243,244,245,246,247]
65353.270408163284 [0,1,2,3,4,6,7,8,9] [236,237,238,239,240,241,242,243,244,245,246,247,248,249]
65353.27040816328 [0,1,2,3,4,6,7,8,9] [247,248,249,250,251,252,253]
65352.66173611112 [0,1,2,3,4,6,7,8,9] [237,238,239,240,241,242,243,244,245,246,247,248,249,250,251,252]
65352.661736111106 [0,1,2,3,4,6,7,8,9] [242,243,244,245]
65351.8096 [0,1,2,3,4,6,7,8,9] [236,237,238,239,240,241,242,243,244,245,246,247,248,249,250]
65351.241512345696 [0,1,2,3,4,6,7,8,9] [243,244,245,246,247,248]
65350.29470507546 [0,1,2,3,4,6,7,8,9] [243,244,245,246,247,248,249,250,251]
65348.401111111125 [0,1,2,3,4,6,7,8,9] [238,239,240,241,242,243,244,245,246,247,248,249,250,251,252]
65348.40111111111 [0,1,2,3,4,6,7,8,9] [248,249,250,251,252]
65348.40111111108 [0,1,2,3,4,6,7,8,9] [227,228,229,230,231,232,233,234]
65347.398631295655 [0,1,2,3,4,6,7,8,9] [227,228,229,230,231,232,233,234,235,236,237,238,239,240,241,242,243]
