[Score] [Station index] [Time slots] 
75359.761 [0,1,2,3,4,5,6,7,8,9] [233]
75351.08024999998 [0,1,2,3,4,5,6,7,8,9] [233,234]
75342.39999999998 [0,1,2,3,4,5,6,7,8,9] [234]
75325.041 [0,1,2,3,4,5,6,7,8,9] [218]
75313.46944444443 [0,1,2,3,4,5,6,7,8,9] [233,234,235]
75290.329 [0,1,2,3,4,5,6,7,8,9] [234,235]
75278.76011111109 [0,1,2,3,4,5,6,7,8,9] [232,233,234]
75268.63806249999 [0,1,2,3,4,5,6,7,8,9] [232,233,234,235]
75255.625 [0,1,2,3,4,5,6,7,8,9] [217,218]
75246.95025000001 [0,1,2,3,4,5,6,7,8,9] [232,233]
75238.27600000004 [0,1,2,3,4,5,6,7,8,9] [235]
75216.5925625 [0,1,2,3,4,5,6,7,8,9] [233,234,235,236]
75203.584 [0,1,2,3,4,5,6,7,8,9] [223]
75200.11523999998 [0,1,2,3,4,5,6,7,8,9] [232,233,234,235,236]
75186.24100000001 [0,1,2,3,4,5,6,7,8,9] [217]
75168.9 [0,1,2,3,4,5,6,7,8,9] [234,235,236]
75134.22399999999 [0,1,2,3,4,5,6,7,8,9] [231,232,233,234,235]
75108.22225000002 [0,1,2,3,4,5,6,7,8,9] [231,232,233,234]
75099.55599999998 [0,1,2,3,4,5,6,7,8,9] [231,232,233,234,235,236]
75082.22499999998 [0,1,2,3,4,5,6,7,8,9] [235,236]
75076.44844444445 [0,1,2,3,4,5,6,7,8,9] [217,218,219]
75070.6721111111 [0,1,2,3,4,5,6,7,8,9] [232,233,234,235,236,237]
75064.896 [0,1,2,3,4,5,6,7,8,9] [224]
75057.96496 [0,1,2,3,4,5,6,7,8,9] [233,234,235,236,237]
75053.34444444443 [0,1,2,3,4,5,6,7,8,9] [230,231,232,233,234,235]
75047.569 [0,1,2,3,4,5,6,7,8,9] [222,223,224]
75043.23756250001 [0,1,2,3,4,5,6,7,8,9] [223,224,225,226]
75035.19379591836 [0,1,2,3,4,5,6,7,8,9] [230,231,232,233,234,235,236]
75030.244 [0,1,2,3,4,5,6,7,8,9] [231,232,233]
75021.58225 [0,1,2,3,4,5,6,7,8,9] [222,223,224,225]
75016.38544 [0,1,2,3,4,5,6,7,8,9] [230,231,232,233,234]
75009.45664000002 [0,1,2,3,4,5,6,7,8,9] [222,223,224,225,226]
75004.26025000002 [0,1,2,3,4,5,6,7,8,9] [224,225]
75003.02304081632 [0,1,2,3,4,5,6,7,8,9] [231,232,233,234,235,236,237]
74999.06404000001 [0,1,2,3,4,5,6,7,8,9] [223,224,225,226,227]
74993.12573469387 [0,1,2,3,4,5,6,7,8,9] [229,230,231,232,233,234,235]
74989.82677777778 [0,1,2,3,4,5,6,7,8,9] [224,225,226]
74988.67215999999 [0,1,2,3,4,5,6,7,8,9] [221,222,223,224,225]
74984.77539062497 [0,1,2,3,4,5,6,7,8,9] [229,230,231,232,233,234,235,236]
74984.0537777778 [0,1,2,3,4,5,6,7,8,9] [221,222,223,224,225,226]
74982.61056249999 [0,1,2,3,4,5,6,7,8,9] [234,235,236,237]
74978.28100000002 [0,1,2,3,4,5,6,7,8,9] [222,223,224,225,226,227]
74962.29600591716 [0,1,2,3,4,5,6,7,8,9] [223,224,225,226,227,228,229,230,231,232,233,234,235]
74960.964 [0,1,2,3,4,5,6,7,8,9] [221,222,223,224,225,226,227]
74960.96399999999 [0,1,2,3,4,5,6,7,8,9] [226]
74959.72714795917 [0,1,2,3,4,5,6,7,8,9] [223,224,225,226,227,228,229,230,231,232,233,234,235,236]
74958.79951562501 [0,1,2,3,4,5,6,7,8,9] [230,231,232,233,234,235,236,237]
74956.0166530612 [0,1,2,3,4,5,6,7,8,9] [222,223,224,225,226,227,228,229,230,231,232,233,234,235]
74955.49588919667 [0,1,2,3,4,5,6,7,8,9] [217,218,219,220,221,222,223,224,225,226,227,228,229,230,231,232,233,234,235]
74954.03776 [0,1,2,3,4,5,6,7,8,9] [217,218,219,220,221,222,223,224,225,226,227,228,229,230,231,232,233,234,235,236]
74954.03775999998 [0,1,2,3,4,5,6,7,8,9] [222,223,224,225,226,227,228,229,230,231,232,233,234,235,236]
74952.30624999998 [0,1,2,3,4,5,6,7,8,9] [229,230,231,232,233,234]
74949.42044444445 [0,1,2,3,4,5,6,7,8,9] [221,222,223,224,225,226,227,228,229,230,231,232,233,234,235]
74947.9775625 [0,1,2,3,4,5,6,7,8,9] [221,222,223,224,225,226,227,228,229,230,231,232,233,234,235,236]
74947.97756249999 [0,1,2,3,4,5,6,7,8,9] [224,225,226,227]
74943.64900000002 [0,1,2,3,4,5,6,7,8,9] [225]
74942.68711419751 [0,1,2,3,4,5,6,7,8,9] [218,219,220,221,222,223,224,225,226,227,228,229,230,231,232,233,234,235]
74942.20617361114 [0,1,2,3,4,5,6,7,8,9] [224,225,226,227,228,229,230,231,232,233,234,235]
74941.82648476455 [0,1,2,3,4,5,6,7,8,9] [218,219,220,221,222,223,224,225,226,227,228,229,230,231,232,233,234,235,236]
74940.98533136098 [0,1,2,3,4,5,6,7,8,9] [224,225,226,227,228,229,230,231,232,233,234,235,236]
74939.80149382717 [0,1,2,3,4,5,6,7,8,9] [217,218,219,220,221,222,223,224,225,226,227,228,229,230,231,232,233,234]
74939.3205625 [0,1,2,3,4,5,6,7,8,9] [228,229,230,231,232,233,234,235]
74937.87777777779 [0,1,2,3,4,5,6,7,8,9] [228,229,230,231,232,233,234,235,236]
74934.99225000001 [0,1,2,3,4,5,6,7,8,9] [230,231,232,233]
74934.32636686388 [0,1,2,3,4,5,6,7,8,9] [222,223,224,225,226,227,228,229,230,231,232,233,234]
74933.75561224489 [0,1,2,3,4,5,6,7,8,9] [232,233,234,235,236,237,238]
74932.82814062499 [0,1,2,3,4,5,6,7,8,9] [220,221,222,223,224,225,226,227,228,229,230,231,232,233,234,235]
74932.4462422145 [0,1,2,3,4,5,6,7,8,9] [220,221,222,223,224,225,226,227,228,229,230,231,232,233,234,235,236]
74931.05752892561 [0,1,2,3,4,5,6,7,8,9] [225,226,227,228,229,230,231,232,233,234,235]
74930.66406250003 [0,1,2,3,4,5,6,7,8,9] [225,226,227,228,229,230,231,232,233,234,235,236]
74929.79843999998 [0,1,2,3,4,5,6,7,8,9] [226,227,228,229,230,231,232,233,234,235]
74929.48366942148 [0,1,2,3,4,5,6,7,8,9] [226,227,228,229,230,231,232,233,234,235,236]
74928.8091632653 [0,1,2,3,4,5,6,7,8,9] [217,218,219,220,221,222,223,224,225,226,227,228,229,230,231,232,233,234,235,236,237]
74926.336 [0,1,2,3,4,5,6,7,8,9] [227,228,229,230,231,232,233,234,235]
74926.33599999998 [0,1,2,3,4,5,6,7,8,9] [236]
74925.31765051903 [0,1,2,3,4,5,6,7,8,9] [218,219,220,221,222,223,224,225,226,227,228,229,230,231,232,233,234]
74924.68724716551 [0,1,2,3,4,5,6,7,8,9] [216,217,218,219,220,221,222,223,224,225,226,227,228,229,230,231,232,233,234,235,236]
74924.60481 [0,1,2,3,4,5,6,7,8,9] [216,217,218,219,220,221,222,223,224,225,226,227,228,229,230,231,232,233,234,235]
74924.0277511111 [0,1,2,3,4,5,6,7,8,9] [223,224,225,226,227,228,229,230,231,232,233,234,235,236,237]
74922.4889382716 [0,1,2,3,4,5,6,7,8,9] [229,230,231,232,233,234,235,236,237]
74920.92609765624 [0,1,2,3,4,5,6,7,8,9] [222,223,224,225,226,227,228,229,230,231,232,233,234,235,236,237]
74920.56544444444 [0,1,2,3,4,5,6,7,8,9] [219,220,221,222,223,224,225,226,227,228,229,230,231,232,233,234,235,236]
74920.2260069204 [0,1,2,3,4,5,6,7,8,9] [219,220,221,222,223,224,225,226,227,228,229,230,231,232,233,234,235]
74918.91675510204 [0,1,2,3,4,5,6,7,8,9] [222,223,224,225,226,227,228]
74917.17110380622 [0,1,2,3,4,5,6,7,8,9] [221,222,223,224,225,226,227,228,229,230,231,232,233,234,235,236,237]
74916.15281660898 [0,1,2,3,4,5,6,7,8,9] [217,218,219,220,221,222,223,224,225,226,227,228,229,230,231,232,233]
74915.94915999997 [0,1,2,3,4,5,6,7,8,9] [218,219,220,221,222,223,224,225,226,227,228,229,230,231,232,233,234,235,236,237]
74915.31967768593 [0,1,2,3,4,5,6,7,8,9] [224,225,226,227,228,229,230,231,232,233,234]
74912.48704 [0,1,2,3,4,5,6,7,8,9] [220,221,222,223,224,225,226,227,228,229,230,231,232,233,234]
74911.18876562497 [0,1,2,3,4,5,6,7,8,9] [221,222,223,224,225,226,227,228]
74910.5986446281 [0,1,2,3,4,5,6,7,8,9] [218,219,220,221,222,223,224,225,226,227,228]
74910.35654437871 [0,1,2,3,4,5,6,7,8,9] [217,218,219,220,221,222,223,224,225,226,227,228,229]
74909.025 [0,1,2,3,4,5,6,7,8,9] [225,226,227]
74908.11395013849 [0,1,2,3,4,5,6,7,8,9] [216,217,218,219,220,221,222,223,224,225,226,227,228,229,230,231,232,233,234]
74904.21674382713 [0,1,2,3,4,5,6,7,8,9] [220,221,222,223,224,225,226,227,228,229,230,231,232,233,234,235,236,237]
74904.07936734696 [0,1,2,3,4,5,6,7,8,9] [224,225,226,227,228,229,230,231,232,233,234,235,236,237]
74903.25511111112 [0,1,2,3,4,5,6,7,8,9] [219,220,221,222,223,224,225,226,227]
74902.73058677684 [0,1,2,3,4,5,6,7,8,9] [223,224,225,226,227,228,229,230,231,232,233]
74901.94380371901 [0,1,2,3,4,5,6,7,8,9] [216,217,218,219,220,221,222,223,224,225,226,227,228,229,230,231,232,233,234,235,236,237]
74900.37025 [0,1,2,3,4,5,6,7,8,9] [233,234,235,236,237,238]
