[Score] [Station index] [Time slots] 
52446.564 [0,1,2,3,4,5,6,7,8,9] [239]
52381.40625 [0,1,2,3,4,5,6,7,8,9] [238,239]
52321.11111111112 [0,1,2,3,4,5,6,7,8,9] [237,238,239]
52316.288999999975 [0,1,2,3,4,5,6,7,8,9] [238]
52297.00277777779 [0,1,2,3,4,5,6,7,8,9] [238,239,240]
52287.36099999999 [0,1,2,3,4,5,6,7,8,9] [239,240]
52272.9 [0,1,2,3,4,5,6,7,8,9] [237,238,239,240]
52258.441 [0,1,2,3,4,5,6,7,8,9] [245]
52251.212250000004 [0,1,2,3,4,5,6,7,8,9] [245,246]
52243.984000000026 [0,1,2,3,4,5,6,7,8,9] [236,237,238,239]
52243.98400000001 [0,1,2,3,4,5,6,7,8,9] [246]
52240.37006249999 [0,1,2,3,4,5,6,7,8,9] [243,244,245,246]
52239.16544444444 [0,1,2,3,4,5,6,7,8,9] [244,245,246]
52236.75625 [0,1,2,3,4,5,6,7,8,9] [244,245]
52229.529 [0,1,2,3,4,5,6,7,8,9] [243,244]
52220.85696 [0,1,2,3,4,5,6,7,8,9] [236,237,238,239,240]
52218.6890625 [0,1,2,3,4,5,6,7,8,9] [238,239,240,241]
52215.076000000015 [0,1,2,3,4,5,6,7,8,9] [244]
52215.076 [0,1,2,3,4,5,6,7,8,9] [243,244,245,246,247]
52211.864493827146 [0,1,2,3,4,5,6,7,8,9] [238,239,240,241,242,243,244,245,246]
52210.74048999999 [0,1,2,3,4,5,6,7,8,9] [237,238,239,240,241,242,243,244,245,246]
52207.850249999996 [0,1,2,3,4,5,6,7,8,9] [244,245,246,247]
52207.04741975306 [0,1,2,3,4,5,6,7,8,9] [237,238,239,240,241,242,243,244,245]
52206.40516000001 [0,1,2,3,4,5,6,7,8,9] [242,243,244,245,246]
52205.441777777756 [0,1,2,3,4,5,6,7,8,9] [245,246,247]
52202.07001000001 [0,1,2,3,4,5,6,7,8,9] [238,239,240,241,242,243,244,245,246,247]
52201.9386446281 [0,1,2,3,4,5,6,7,8,9] [237,238,239,240,241,242,243,244,245,246,247]
52200.625000000015 [0,1,2,3,4,5,6,7,8,9] [237,238,239,240,241,242,243,244]
52200.625 [0,1,2,3,4,5,6,7,8,9] [238,239,240,241,242,243,244]
52198.81876562501 [0,1,2,3,4,5,6,7,8,9] [239,240,241,242,243,244,245,246]
52198.56073469389 [0,1,2,3,4,5,6,7,8,9] [237,238,239,240,241,242,243]
52198.21669444445 [0,1,2,3,4,5,6,7,8,9] [238,239,240,241,242,243]
52197.012562499986 [0,1,2,3,4,5,6,7,8,9] [242,243,244,245]
52192.74347933887 [0,1,2,3,4,5,6,7,8,9] [236,237,238,239,240,241,242,243,244,245,246]
52192.368183673476 [0,1,2,3,4,5,6,7,8,9] [239,240,241,242,243,244,245]
52190.9921111111 [0,1,2,3,4,5,6,7,8,9] [242,243,244,245,246,247]
52189.38671604938 [0,1,2,3,4,5,6,7,8,9] [239,240,241,242,243,244,245,246,247]
52189.06564000001 [0,1,2,3,4,5,6,7,8,9] [238,239,240,241,242]
52188.584027777775 [0,1,2,3,4,5,6,7,8,9] [235,236,237,238,239,240]
52187.62080999999 [0,1,2,3,4,5,6,7,8,9] [236,237,238,239,240,241,242,243,244,245]
52186.176000000014 [0,1,2,3,4,5,6,7,8,9] [239,240,241]
52186.17599999999 [0,1,2,3,4,5,6,7,8,9] [236,237,238,239,240,241,242,243,244,245,246,247]
52181.36011111111 [0,1,2,3,4,5,6,7,8,9] [239,240,241,242,243,244]
52179.75486419754 [0,1,2,3,4,5,6,7,8,9] [236,237,238,239,240,241,242,243,244]
52178.95225 [0,1,2,3,4,5,6,7,8,9] [246,247]
52178.95224999999 [0,1,2,3,4,5,6,7,8,9] [230,231]
52176.544444444466 [0,1,2,3,4,5,6,7,8,9] [236,237,238]
52176.54444444443 [0,1,2,3,4,5,6,7,8,9] [242,243,244]
52175.34056250001 [0,1,2,3,4,5,6,7,8,9] [237,238,239,240,241,242,243,244,245,246,247,248]
52175.34056249999 [0,1,2,3,4,5,6,7,8,9] [236,237,238,239,240,241,242,243]
52174.61824 [0,1,2,3,4,5,6,7,8,9] [239,240,241,242,243]
52173.951485207115 [0,1,2,3,4,5,6,7,8,9] [235,236,237,238,239,240,241,242,243,244,245,246,247]
52173.04228099173 [0,1,2,3,4,5,6,7,8,9] [238,239,240,241,242,243,244,245,246,247,248]
52169.665306122435 [0,1,2,3,4,5,6,7,8,9] [234,235,236,237,238,239,240]
52169.50656213019 [0,1,2,3,4,5,6,7,8,9] [234,235,236,237,238,239,240,241,242,243,244,245,246]
52169.32136111112 [0,1,2,3,4,5,6,7,8,9] [241,242,243,244,245,246]
52165.53804081634 [0,1,2,3,4,5,6,7,8,9] [234,235,236,237,238,239,240,241,242,243,244,245,246,247]
52165.53804081633 [0,1,2,3,4,5,6,7,8,9] [236,237,238,239,240,241,242]
52164.50625 [0,1,2,3,4,5,6,7,8,9] [235,236,237,238,239,240,241,242,243,244]
52163.47446938777 [0,1,2,3,4,5,6,7,8,9] [240,241,242,243,244,245,246]
52163.30250694444 [0,1,2,3,4,5,6,7,8,9] [234,235,236,237,238,239,240,241,242,243,244,245]
52162.839532544385 [0,1,2,3,4,5,6,7,8,9] [236,237,238,239,240,241,242,243,244,245,246,247,248]
52161.41093877552 [0,1,2,3,4,5,6,7,8,9] [233,234,235,236,237,238,239,240,241,242,243,244,245,246]
52161.4109387755 [0,1,2,3,4,5,6,7,8,9] [241,242,243,244,245,246,247]
52159.691361111116 [0,1,2,3,4,5,6,7,8,9] [243,244,245,246,247,248]
52159.347448979584 [0,1,2,3,4,5,6,7,8,9] [235,236,237,238,239,240,241]
52158.88890123455 [0,1,2,3,4,5,6,7,8,9] [235,236,237,238,239,240,241,242,243]
52158.72841 [0,1,2,3,4,5,6,7,8,9] [239,240,241,242,243,244,245,246,247,248]
52158.24693777778 [0,1,2,3,4,5,6,7,8,9] [233,234,235,236,237,238,239,240,241,242,243,244,245,246,247]
52157.28400000001 [0,1,2,3,4,5,6,7,8,9] [240,241,242,243,244,245,246,247]
52157.28399999999 [0,1,2,3,4,5,6,7,8,9] [230]
52156.17292899411 [0,1,2,3,4,5,6,7,8,9] [237,238,239,240,241,242,243,244,245,246,247,248,249]
52155.478515625 [0,1,2,3,4,5,6,7,8,9] [233,234,235,236,237,238,239,240]
52155.061869822486 [0,1,2,3,4,5,6,7,8,9] [233,234,235,236,237,238,239,240,241,242,243,244,245]
52154.657851239695 [0,1,2,3,4,5,6,7,8,9] [234,235,236,237,238,239,240,241,242,243,244]
52154.39524 [0,1,2,3,4,5,6,7,8,9] [241,242,243,244,245]
52153.885467128035 [0,1,2,3,4,5,6,7,8,9] [230,231,232,233,234,235,236,237,238,239,240,241,242,243,244,245,246]
52153.67306249999 [0,1,2,3,4,5,6,7,8,9] [231,232,233,234,235,236,237,238,239,240,241,242,243,244,245,246]
52153.1572244898 [0,1,2,3,4,5,6,7,8,9] [235,236,237,238,239,240,241,242,243,244,245,246,247,248]
52152.46944444444 [0,1,2,3,4,5,6,7,8,9] [238,239,240,241,242,243,244,245,246,247,248,249]
52151.667040123466 [0,1,2,3,4,5,6,7,8,9] [230,231,232,233,234,235,236,237,238,239,240,241,242,243,244,245,246,247]
52151.336640138405 [0,1,2,3,4,5,6,7,8,9] [231,232,233,234,235,236,237,238,239,240,241,242,243,244,245,246,247]
52150.54368444444 [0,1,2,3,4,5,6,7,8,9] [232,233,234,235,236,237,238,239,240,241,242,243,244,245,246]
52150.062249999995 [0,1,2,3,4,5,6,7,8,9] [240,241,242,243,244,245]
52148.61796000002 [0,1,2,3,4,5,6,7,8,9] [234,235,236,237,238,239,240,241,242,243]
52148.25689062501 [0,1,2,3,4,5,6,7,8,9] [232,233,234,235,236,237,238,239,240,241,242,243,244,245,246,247]
52147.655111111126 [0,1,2,3,4,5,6,7,8,9] [231,232,233,234,235,236,237,238,239,240,241,242,243,244,245]
52147.17368999998 [0,1,2,3,4,5,6,7,8,9] [230,231,232,233,234,235,236,237,238,239]
52146.96736734694 [0,1,2,3,4,5,6,7,8,9] [242,243,244,245,246,247,248]
52146.692271111126 [0,1,2,3,4,5,6,7,8,9] [234,235,236,237,238,239,240,241,242,243,244,245,246,247,248]
52146.4515625 [0,1,2,3,4,5,6,7,8,9] [233,234,235,236,237,238,239,240,241,242,243,244]
52146.451562499984 [0,1,2,3,4,5,6,7,8,9] [234,235,236,237,238,239,240,241]
52146.05038271604 [0,1,2,3,4,5,6,7,8,9] [231,232,233,234,235,236,237,238,239]
52145.935760204076 [0,1,2,3,4,5,6,7,8,9] [236,237,238,239,240,241,242,243,244,245,246,247,248,249]
52145.46685123967 [0,1,2,3,4,5,6,7,8,9] [230,231,232,233,234,235,236,237,238,239,240]
52144.28521 [0,1,2,3,4,5,6,7,8,9] [231,232,233,234,235,236,237,238,239,240]
52143.8725765306 [0,1,2,3,4,5,6,7,8,9] [232,233,234,235,236,237,238,239,240,241,242,243,244,245]
52142.84100000002 [0,1,2,3,4,5,6,7,8,9] [244,245,246,247,248]
52142.038669753085 [0,1,2,3,4,5,6,7,8,9] [229,230,231,232,233,234,235,236,237,238,239,240,241,242,243,244,245,246]
52141.03576562501 [0,1,2,3,4,5,6,7,8,9] [233,234,235,236,237,238,239,240,241,242,243,244,245,246,247,248]
