[Score] [Station index] [Time slots] 
15705.369 [0,1,2,3,4,5,6,7,8,9] [249]
15681.60000000001 [0,1,2,3,4,5,6,7,8,9] [249,250]
15681.6 [0,1,2,3,4,5,6,7,8,9] [248,249]
15673.681000000002 [0,1,2,3,4,5,6,7,8,9] [248,249,250]
15665.763999999996 [0,1,2,3,4,5,6,7,8,9] [256]
15660.487111111113 [0,1,2,3,4,5,6,7,8,9] [249,250,251]
15659.8275625 [0,1,2,3,4,5,6,7,8,9] [248,249,250,251]
15657.848999999998 [0,1,2,3,4,5,6,7,8,9] [250]
15657.848999999993 [0,1,2,3,4,5,6,7,8,9] [248]
15648.353639999998 [0,1,2,3,4,5,6,7,8,9] [248,249,250,251,252]
15645.980250000002 [0,1,2,3,4,5,6,7,8,9] [249,250,251,252]
15642.025 [0,1,2,3,4,5,6,7,8,9] [247,248,249,250]
15640.706694444447 [0,1,2,3,4,5,6,7,8,9] [248,249,250,251,252,253]
15638.070249999995 [0,1,2,3,4,5,6,7,8,9] [250,251]
15637.27936 [0,1,2,3,4,5,6,7,8,9] [249,250,251,252,253]
15637.279359999995 [0,1,2,3,4,5,6,7,8,9] [247,248,249,250,251]
15636.752111111116 [0,1,2,3,4,5,6,7,8,9] [247,248,249]
15634.116000000004 [0,1,2,3,4,5,6,7,8,9] [255,256]
15631.480111111112 [0,1,2,3,4,5,6,7,8,9] [247,248,249,250,251,252]
15627.33844897959 [0,1,2,3,4,5,6,7,8,9] [247,248,249,250,251,252,253]
15627.08745679012 [0,1,2,3,4,5,6,7,8,9] [248,249,250,251,252,253,254,255,256]
15626.208999999997 [0,1,2,3,4,5,6,7,8,9] [250,251,252]
15625.079591836733 [0,1,2,3,4,5,6,7,8,9] [248,249,250,251,252,253,254]
15623.244390624992 [0,1,2,3,4,5,6,7,8,9] [249,250,251,252,253,254,255,256]
15622.256250000006 [0,1,2,3,4,5,6,7,8,9] [248,249,250,251,252,253,254,255,256,257]
15622.256249999995 [0,1,2,3,4,5,6,7,8,9] [256,257]
15621.465760000001 [0,1,2,3,4,5,6,7,8,9] [246,247,248,249,250]
15620.93877777778 [0,1,2,3,4,5,6,7,8,9] [246,247,248,249,250,251]
15620.280062499998 [0,1,2,3,4,5,6,7,8,9] [250,251,252,253]
15619.621361111112 [0,1,2,3,4,5,6,7,8,9] [249,250,251,252,253,254]
15619.09441 [0,1,2,3,4,5,6,7,8,9] [247,248,249,250,251,252,253,254,255,256]
15618.304000000004 [0,1,2,3,4,5,6,7,8,9] [249,250,251,252,253,254,255,256,257]
15618.303999999998 [0,1,2,3,4,5,6,7,8,9] [246,247,248,249,250,251,252]
15617.174877551017 [0,1,2,3,4,5,6,7,8,9] [249,250,251,252,253,254,255]
15616.3280625 [0,1,2,3,4,5,6,7,8,9] [246,247,248,249,250,251,252,253]
15615.66944444444 [0,1,2,3,4,5,6,7,8,9] [255,256,257]
15615.429950413221 [0,1,2,3,4,5,6,7,8,9] [247,248,249,250,251,252,253,254,255,256,257]
15615.340140624996 [0,1,2,3,4,5,6,7,8,9] [247,248,249,250,251,252,253,254]
15613.913197530865 [0,1,2,3,4,5,6,7,8,9] [247,248,249,250,251,252,253,254,255]
15612.376562500009 [0,1,2,3,4,5,6,7,8,9] [246,247,248,249]
15611.83776033058 [0,1,2,3,4,5,6,7,8,9] [246,247,248,249,250,251,252,253,254,255,256]
15611.52987755102 [0,1,2,3,4,5,6,7,8,9] [250,251,252,253,254,255,256]
15611.119371900824 [0,1,2,3,4,5,6,7,8,9] [248,249,250,251,252,253,254,255,256,257,258]
15610.400999999998 [0,1,2,3,4,5,6,7,8,9] [251,252]
15609.084027777775 [0,1,2,3,4,5,6,7,8,9] [246,247,248,249,250,251,252,253,254,255,256,257]
15607.767111111107 [0,1,2,3,4,5,6,7,8,9] [251,252,253]
15607.437890624995 [0,1,2,3,4,5,6,7,8,9] [250,251,252,253,254,255,256,257]
15606.889197530869 [0,1,2,3,4,5,6,7,8,9] [246,247,248,249,250,251,252,253,254]
15606.450250000005 [0,1,2,3,4,5,6,7,8,9] [246,247,248,249,250,251,252,253,254,255]
15606.45025 [0,1,2,3,4,5,6,7,8,9] [249,250,251,252,253,254,255,256,257,258]
15606.450249999998 [0,1,2,3,4,5,6,7,8,9] [243,244]
15605.791840277776 [0,1,2,3,4,5,6,7,8,9] [247,248,249,250,251,252,253,254,255,256,257,258]
15603.816694444447 [0,1,2,3,4,5,6,7,8,9] [251,252,253,254,255,256]
15603.377790123457 [0,1,2,3,4,5,6,7,8,9] [243,244,245,246,247,248,249,250,251]
15603.290009999993 [0,1,2,3,4,5,6,7,8,9] [243,244,245,246,247,248,249,250,251,252]
15603.218190082644 [0,1,2,3,4,5,6,7,8,9] [243,244,245,246,247,248,249,250,251,252,253]
15602.500000000005 [0,1,2,3,4,5,6,7,8,9] [252]
15602.5 [0,1,2,3,4,5,6,7,8,9] [243,244,245,246,247,248,249,250,251,252,253,254,255,256]
15602.499999999995 [0,1,2,3,4,5,6,7,8,9] [250,251,252,253,254,255]
15601.841673611107 [0,1,2,3,4,5,6,7,8,9] [245,246,247,248,249,250,251,252,253,254,255,256]
15601.512515625 [0,1,2,3,4,5,6,7,8,9] [243,244,245,246,247,248,249,250]
15600.920039999997 [0,1,2,3,4,5,6,7,8,9] [243,244,245,246,247,248,249,250,251,252,253,254,255,256,257]
15600.67697633136 [0,1,2,3,4,5,6,7,8,9] [246,247,248,249,250,251,252,253,254,255,256,257,258]
15600.5250625 [0,1,2,3,4,5,6,7,8,9] [248,249,250,251,252,253,254,255,256,257,258,259]
15600.242938775511 [0,1,2,3,4,5,6,7,8,9] [251,252,253,254,255,256,257]
15600.069325443785 [0,1,2,3,4,5,6,7,8,9] [245,246,247,248,249,250,251,252,253,254,255,256,257]
15599.86677777778 [0,1,2,3,4,5,6,7,8,9] [254,255,256]
15599.866777777777 [0,1,2,3,4,5,6,7,8,9] [245,246,247,248,249,250]
15598.246443786982 [0,1,2,3,4,5,6,7,8,9] [244,245,246,247,248,249,250,251,252,253,254,255,256]
15597.76036 [0,1,2,3,4,5,6,7,8,9] [244,245,246,247,248,249,250,251,252,253]
15597.638840236687 [0,1,2,3,4,5,6,7,8,9] [243,244,245,246,247,248,249,250,251,252,253,254,255]
15597.233777777778 [0,1,2,3,4,5,6,7,8,9] [252,253,254,255,256,257]
15597.233777777776 [0,1,2,3,4,5,6,7,8,9] [244,245,246,247,248,249,250,251,252]
15596.857653061224 [0,1,2,3,4,5,6,7,8,9] [244,245,246,247,248,249,250,251,252,253,254,255,256,257]
15596.575562499997 [0,1,2,3,4,5,6,7,8,9] [244,245,246,247,248,249,250,251]
15596.423668639047 [0,1,2,3,4,5,6,7,8,9] [247,248,249,250,251,252,253,254,255,256,257,258,259]
15596.18064 [0,1,2,3,4,5,6,7,8,9] [253,254,255,256,257]
15596.037033057848 [0,1,2,3,4,5,6,7,8,9] [245,246,247,248,249,250,251,252,253,254,255]
15595.478567901233 [0,1,2,3,4,5,6,7,8,9] [250,251,252,253,254,255,256,257,258]
15595.390810000003 [0,1,2,3,4,5,6,7,8,9] [245,246,247,248,249,250,251,252,253,254]
15595.319008264461 [0,1,2,3,4,5,6,7,8,9] [249,250,251,252,253,254,255,256,257,258,259]
15594.600999999999 [0,1,2,3,4,5,6,7,8,9] [243,244,245,246,247,248,249,250,251,252,253,254,255,256,257,258]
15593.472734693883 [0,1,2,3,4,5,6,7,8,9] [244,245,246,247,248,249,250]
15593.472734693878 [0,1,2,3,4,5,6,7,8,9] [243,244,245,246,247,248,249]
15593.021439999993 [0,1,2,3,4,5,6,7,8,9] [242,243,244,245,246,247,248,249,250,251,252,253,254,255,256]
15592.908617346935 [0,1,2,3,4,5,6,7,8,9] [245,246,247,248,249,250,251,252,253,254,255,256,257,258]
15592.6265625 [0,1,2,3,4,5,6,7,8,9] [244,245,246,247,248,249,250,251,252,253,254,255]
15592.34451020408 [0,1,2,3,4,5,6,7,8,9] [246,247,248,249,250,251,252,253,254,255,256,257,258,259]
15592.132972656249 [0,1,2,3,4,5,6,7,8,9] [242,243,244,245,246,247,248,249,250,251,252,253,254,255,256,257]
15591.729132231409 [0,1,2,3,4,5,6,7,8,9] [244,245,246,247,248,249,250,251,252,253,254]
15591.441959999996 [0,1,2,3,4,5,6,7,8,9] [251,252,253,254,255]
15591.310340277778 [0,1,2,3,4,5,6,7,8,9] [242,243,244,245,246,247,248,249,250,251,252,253]
15590.38901777778 [0,1,2,3,4,5,6,7,8,9] [244,245,246,247,248,249,250,251,252,253,254,255,256,257,258]
15590.293297520659 [0,1,2,3,4,5,6,7,8,9] [242,243,244,245,246,247,248,249,250,251,252]
15589.072889999992 [0,1,2,3,4,5,6,7,8,9] [242,243,244,245,246,247,248,249,250,251]
15588.678062499996 [0,1,2,3,4,5,6,7,8,9] [251,252,253,254]
15588.283240000004 [0,1,2,3,4,5,6,7,8,9] [245,246,247,248,249]
15588.097442906568 [0,1,2,3,4,5,6,7,8,9] [243,244,245,246,247,248,249,250,251,252,253,254,255,256,257,258,259]
15587.832020408163 [0,1,2,3,4,5,6,7,8,9] [242,243,244,245,246,247,248,249,250,251,252,253,254,255]
15587.691015625 [0,1,2,3,4,5,6,7,8,9] [251,252,253,254,255,256,257,258]
