[Score] [Station index] [Time slots] 
40309.801000000014 [0,1,2,3,4,5,6,7,8,9] [0]
40119.556 [0,1,2,3,4,5,6,7,8,9] [0,1]
39929.761 [0,1,2,3,4,5,6,7,8,9] [1]
39849.760444444444 [0,1,2,3,4,5,6,7,8,9] [0,1,2]
39620.73025000001 [0,1,2,3,4,5,6,7,8,9] [1,2]
39595.55625000001 [0,1,2,3,4,5,6,7,8,9] [0,1,2,3]
39360.56644 [0,1,2,3,4,5,6,7,8,9] [0,1,2,3,4]
39358.893444444446 [0,1,2,3,4,5,6,7,8,9] [1,2,3]
39312.9 [0,1,2,3,4,5,6,7,8,9] [2]
39133.365444444455 [0,1,2,3,4,5,6,7,8,9] [0,1,2,3,4,5]
39125.025 [0,1,2,3,4,5,6,7,8,9] [1,2,3,4]
39075.001000000004 [0,1,2,3,4,5,6,7,8,9] [2,3]
38900.16899999999 [0,1,2,3,4,5,6,7,8,9] [1,2,3,4,5]
38858.60011111111 [0,1,2,3,4,5,6,7,8,9] [2,3,4]
38852.06987755103 [0,1,2,3,4,5,6,7,8,9] [0,1,2,3,4,5,6]
38837.82400000001 [0,1,2,3,4,5,6,7,8,9] [3]
38644.87225 [0,1,2,3,4,5,6,7,8,9] [2,3,4,5]
38632.44025000001 [0,1,2,3,4,5,6,7,8,9] [3,4]
38611.72469444444 [0,1,2,3,4,5,6,7,8,9] [1,2,3,4,5,6]
38602.922265625 [0,1,2,3,4,5,6,7,8,9] [0,1,2,3,4,5,6,7]
38427.60100000001 [0,1,2,3,4,5,6,7,8,9] [4]
38423.46844444443 [0,1,2,3,4,5,6,7,8,9] [3,4,5]
38362.096653061235 [0,1,2,3,4,5,6,7,8,9] [1,2,3,4,5,6,7]
38350.771839999994 [0,1,2,3,4,5,6,7,8,9] [2,3,4,5,6]
38324.35377777778 [0,1,2,3,4,5,6,7,8,9] [0,1,2,3,4,5,6,7,8]
38217.123999999996 [0,1,2,3,4,5,6,7,8,9] [4,5]
38114.57168999999 [0,1,2,3,4,5,6,7,8,9] [0,1,2,3,4,5,6,7,8,9]
38112.10225000002 [0,1,2,3,4,5,6,7,8,9] [3,4,5,6]
38103.87136111112 [0,1,2,3,4,5,6,7,8,9] [2,3,4,5,6,7]
38079.69826562498 [0,1,2,3,4,5,6,7,8,9] [1,2,3,4,5,6,7,8]
38007.225 [0,1,2,3,4,5,6,7,8,9] [5]
37944.480008264465 [0,1,2,3,4,5,6,7,8,9] [0,1,2,3,4,5,6,7,8,9,10]
37874.45116049382 [0,1,2,3,4,5,6,7,8,9] [1,2,3,4,5,6,7,8,9]
37871.716 [0,1,2,3,4,5,6,7,8,9] [4,5,6]
37864.331560000006 [0,1,2,3,4,5,6,7,8,9] [3,4,5,6,7]
37818.98579591837 [0,1,2,3,4,5,6,7,8,9] [2,3,4,5,6,7,8]
37763.073361111106 [0,1,2,3,4,5,6,7,8,9] [0,1,2,3,4,5,6,7,8,9,10,11]
37711.88099999999 [0,1,2,3,4,5,6,7,8,9] [1,2,3,4,5,6,7,8,9,10]
37622.88906249999 [0,1,2,3,4,5,6,7,8,9] [4,5,6,7]
37621.35564062501 [0,1,2,3,4,5,6,7,8,9] [2,3,4,5,6,7,8,9]
37595.29225000001 [0,1,2,3,4,5,6,7,8,9] [5,6]
37572.81344444445 [0,1,2,3,4,5,6,7,8,9] [3,4,5,6,7,8]
37552.384 [0,1,2,3,4,5,6,7,8,9] [0,1,2,3,4,5,6,7,8,9,10,11,12]
37535.6731322314 [0,1,2,3,4,5,6,7,8,9] [1,2,3,4,5,6,7,8,9,10,11]
37469.36149382715 [0,1,2,3,4,5,6,7,8,9] [2,3,4,5,6,7,8,9,10]
37382.742877551005 [0,1,2,3,4,5,6,7,8,9] [3,4,5,6,7,8,9]
37370.51559183673 [0,1,2,3,4,5,6,7,8,9] [0,1,2,3,4,5,6,7,8,9,10,11,12,13]
37356.54400000001 [0,1,2,3,4,5,6,7,8,9] [5,6,7]
37327.00850694444 [0,1,2,3,4,5,6,7,8,9] [1,2,3,4,5,6,7,8,9,10,11,12]
37322.32463999999 [0,1,2,3,4,5,6,7,8,9] [4,5,6,7,8]
37300.334760000005 [0,1,2,3,4,5,6,7,8,9] [2,3,4,5,6,7,8,9,10,11]
37242.031890624996 [0,1,2,3,4,5,6,7,8,9] [3,4,5,6,7,8,9,10]
37185.60400000001 [0,1,2,3,4,5,6,7,8,9] [6]
37163.654439999984 [0,1,2,3,4,5,6,7,8,9] [0,1,2,3,4,5,6,7,8,9,10,11,12,13,14]
37149.025 [0,1,2,3,4,5,6,7,8,9] [1,2,3,4,5,6,7,8,9,10,11,12,13]
37142.93024999999 [0,1,2,3,4,5,6,7,8,9] [4,5,6,7,8,9]
37094.743933884296 [0,1,2,3,4,5,6,7,8,9] [2,3,4,5,6,7,8,9,10,11,12]
37079.98044444442 [0,1,2,3,4,5,6,7,8,9] [3,4,5,6,7,8,9,10,11]
37048.52556250001 [0,1,2,3,4,5,6,7,8,9] [5,6,7,8]
37033.310249999995 [0,1,2,3,4,5,6,7,8,9] [6,7]
37016.794306122436 [0,1,2,3,4,5,6,7,8,9] [4,5,6,7,8,9,10]
36979.32112890624 [0,1,2,3,4,5,6,7,8,9] [0,1,2,3,4,5,6,7,8,9,10,11,12,13,14,15]
36943.820591836746 [0,1,2,3,4,5,6,7,8,9] [1,2,3,4,5,6,7,8,9,10,11,12,13,14]
36921.826777777795 [0,1,2,3,4,5,6,7,8,9] [2,3,4,5,6,7,8,9,10,11,12,13]
36888.61696 [0,1,2,3,4,5,6,7,8,9] [5,6,7,8,9]
36881.32899999999 [0,1,2,3,4,5,6,7,8,9] [7]
36876.47075999998 [0,1,2,3,4,5,6,7,8,9] [3,4,5,6,7,8,9,10,11,12]
36863.11225 [0,1,2,3,4,5,6,7,8,9] [4,5,6,7,8,9,10,11]
36811.34411418685 [0,1,2,3,4,5,6,7,8,9] [0,1,2,3,4,5,6,7,8,9,10,11,12,13,14,15,16]
36784.225 [0,1,2,3,4,5,6,7,8,9] [5,6,7,8,9,10]
36762.39424000001 [0,1,2,3,4,5,6,7,8,9] [1,2,3,4,5,6,7,8,9,10,11,12,13,14,15]
36731.680444444435 [0,1,2,3,4,5,6,7,8,9] [6,7,8]
36718.93860946747 [0,1,2,3,4,5,6,7,8,9] [2,3,4,5,6,7,8,9,10,11,12,13,14]
36708.17616528926 [0,1,2,3,4,5,6,7,8,9] [3,4,5,6,7,8,9,10,11,12,13]
36670.42592901234 [0,1,2,3,4,5,6,7,8,9] [0,1,2,3,4,5,6,7,8,9,10,11,12,13,14,15,16,17]
36661.679456790116 [0,1,2,3,4,5,6,7,8,9] [4,5,6,7,8,9,10,11,12]
36642.26793877551 [0,1,2,3,4,5,6,7,8,9] [5,6,7,8,9,10,11]
36611.575562499995 [0,1,2,3,4,5,6,7,8,9] [6,7,8,9]
36597.962640625 [0,1,2,3,4,5,6,7,8,9] [1,2,3,4,5,6,7,8,9,10,11,12,13,14,15,16]
36542.02499999999 [0,1,2,3,4,5,6,7,8,9] [6,7,8,9,10]
36541.16143367348 [0,1,2,3,4,5,6,7,8,9] [2,3,4,5,6,7,8,9,10,11,12,13,14,15]
36535.02586149585 [0,1,2,3,4,5,6,7,8,9] [0,1,2,3,4,5,6,7,8,9,10,11,12,13,14,15,16,17,18]
36506.77100694445 [0,1,2,3,4,5,6,7,8,9] [3,4,5,6,7,8,9,10,11,12,13,14]
36505.76399999999 [0,1,2,3,4,5,6,7,8,9] [7,8]
36498.51396 [0,1,2,3,4,5,6,7,8,9] [4,5,6,7,8,9,10,11,12,13]
36461.70624221454 [0,1,2,3,4,5,6,7,8,9] [1,2,3,4,5,6,7,8,9,10,11,12,13,14,15,16,17]
36443.859765625 [0,1,2,3,4,5,6,7,8,9] [5,6,7,8,9,10,11,12]
36429.070922499996 [0,1,2,3,4,5,6,7,8,9] [0,1,2,3,4,5,6,7,8,9,10,11,12,13,14,15,16,17,18,19]
36421.225 [0,1,2,3,4,5,6,7,8,9] [7,8,9]
36417.201777777766 [0,1,2,3,4,5,6,7,8,9] [6,7,8,9,10,11]
36382.0080625 [0,1,2,3,4,5,6,7,8,9] [7,8,9,10]
36381.00277777777 [0,1,2,3,4,5,6,7,8,9] [2,3,4,5,6,7,8,9,10,11,12,13,14,15,16]
36332.147224852066 [0,1,2,3,4,5,6,7,8,9] [3,4,5,6,7,8,9,10,11,12,13,14,15]
36330.75625 [0,1,2,3,4,5,6,7,8,9] [1,2,3,4,5,6,7,8,9,10,11,12,13,14,15,16,17,18]
36298.43412396693 [0,1,2,3,4,5,6,7,8,9] [4,5,6,7,8,9,10,11,12,13,14]
36293.16585941043 [0,1,2,3,4,5,6,7,8,9] [0,1,2,3,4,5,6,7,8,9,10,11,12,13,14,15,16,17,18,19,20]
36287.237345679 [0,1,2,3,4,5,6,7,8,9] [5,6,7,8,9,10,11,12,13]
36264.48400000001 [0,1,2,3,4,5,6,7,8,9] [7,8,9,10,11]
36264.48399999999 [0,1,2,3,4,5,6,7,8,9] [10]
36258.46225 [0,1,2,3,4,5,6,7,8,9] [9,10]
