[Score] [Station index] [Time slots] 
28068.803999999996 [0,1,2,3,4,5,6,7,8,9] [247]
28015.848999999995 [0,1,2,3,4,5,6,7,8,9] [252]
28005.263999999996 [0,1,2,3,4,5,6,7,8,9] [256]
27994.681 [0,1,2,3,4,5,6,7,8,9] [250]
27994.68099999999 [0,1,2,3,4,5,6,7,8,9] [252,253]
27984.1 [0,1,2,3,4,5,6,7,8,9] [245]
27978.81024999999 [0,1,2,3,4,5,6,7,8,9] [255,256]
27975.636639999993 [0,1,2,3,4,5,6,7,8,9] [252,253,254,255,256]
27973.521000000008 [0,1,2,3,4,5,6,7,8,9] [252,253,254]
27973.520999999997 [0,1,2,3,4,5,6,7,8,9] [253]
27970.8765625 [0,1,2,3,4,5,6,7,8,9] [244,245,246,247]
27968.23225 [0,1,2,3,4,5,6,7,8,9] [252,253,254,255]
27965.58806249999 [0,1,2,3,4,5,6,7,8,9] [253,254,255,256]
27962.943999999996 [0,1,2,3,4,5,6,7,8,9] [252,253,254,255,256,257]
27959.41877777779 [0,1,2,3,4,5,6,7,8,9] [250,251,252]
27957.65625 [0,1,2,3,4,5,6,7,8,9] [251,252,253,254,255,256]
27956.59876 [0,1,2,3,4,5,6,7,8,9] [250,251,252,253,254]
27955.89377777778 [0,1,2,3,4,5,6,7,8,9] [250,251,252,253,254,255]
27955.012562500004 [0,1,2,3,4,5,6,7,8,9] [250,251,252,253,254,255,256,257]
27952.369000000006 [0,1,2,3,4,5,6,7,8,9] [255,256,257]
27952.368999999995 [0,1,2,3,4,5,6,7,8,9] [256,257]
27949.34793877551 [0,1,2,3,4,5,6,7,8,9] [251,252,253,254,255,256,257]
27948.13956 [0,1,2,3,4,5,6,7,8,9] [251,252,253,254,255]
27947.082250000007 [0,1,2,3,4,5,6,7,8,9] [254,255,256,257]
27947.082249999996 [0,1,2,3,4,5,6,7,8,9] [251,252,253,254]
27943.91044 [0,1,2,3,4,5,6,7,8,9] [244,245,246,247,248]
27941.796000000002 [0,1,2,3,4,5,6,7,8,9] [254,255]
27941.79599999999 [0,1,2,3,4,5,6,7,8,9] [251,252]
27939.153062499994 [0,1,2,3,4,5,6,7,8,9] [245,246,247,248]
27938.775510204083 [0,1,2,3,4,5,6,7,8,9] [252,253,254,255,256,257,258]
27938.624490000006 [0,1,2,3,4,5,6,7,8,9] [247,248,249,250,251,252,253,254,255,256]
27938.543171597634 [0,1,2,3,4,5,6,7,8,9] [244,245,246,247,248,249,250,251,252,253,254,255,256]
27938.272111111117 [0,1,2,3,4,5,6,7,8,9] [244,245,246]
27937.097530864197 [0,1,2,3,4,5,6,7,8,9] [250,251,252,253,254,255,256,257,258]
27936.51025000001 [0,1,2,3,4,5,6,7,8,9] [245,246,247,248,249,250,251,252,253,254,255,256]
27935.755183673464 [0,1,2,3,4,5,6,7,8,9] [244,245,246,247,248,249,250,251,252,253,254,255,256,257]
27935.188890624988 [0,1,2,3,4,5,6,7,8,9] [249,250,251,252,253,254,255,256]
27935.068768595047 [0,1,2,3,4,5,6,7,8,9] [247,248,249,250,251,252,253,254,255,256,257]
27933.66428402367 [0,1,2,3,4,5,6,7,8,9] [245,246,247,248,249,250,251,252,253,254,255,256,257]
27932.986694444444 [0,1,2,3,4,5,6,7,8,9] [244,245,246,247,248,249,250,251,252,253,254,255]
27932.185917355382 [0,1,2,3,4,5,6,7,8,9] [246,247,248,249,250,251,252,253,254,255,256]
27931.225000000013 [0,1,2,3,4,5,6,7,8,9] [244,245,246,247,248,249,250,251,252,253]
27931.225 [0,1,2,3,4,5,6,7,8,9] [249,250,251,252,253,254,255,256,257]
27930.264099173557 [0,1,2,3,4,5,6,7,8,9] [245,246,247,248,249,250,251,252,253,254,255]
27929.903765624993 [0,1,2,3,4,5,6,7,8,9] [251,252,253,254,255,256,257,258]
27929.463361111113 [0,1,2,3,4,5,6,7,8,9] [246,247,248,249,250,251,252,253,254,255,256,257]
27929.11104 [0,1,2,3,4,5,6,7,8,9] [243,244,245,246,247,248,249,250,251,252,253,254,255,256,257]
27928.5825625 [0,1,2,3,4,5,6,7,8,9] [247,248,249,250,251,252,253,254]
27928.205081632645 [0,1,2,3,4,5,6,7,8,9] [247,248,249,250,251,252,253]
27928.05409 [0,1,2,3,4,5,6,7,8,9] [245,246,247,248,249,250,251,252,253,254]
27927.70177777778 [0,1,2,3,4,5,6,7,8,9] [245,246,247,248,249,250,251,252,253]
27926.52741975308 [0,1,2,3,4,5,6,7,8,9] [244,245,246,247,248,249,250,251,252]
27926.292551111103 [0,1,2,3,4,5,6,7,8,9] [244,245,246,247,248,249,250,251,252,253,254,255,256,257,258]
27925.940250000003 [0,1,2,3,4,5,6,7,8,9] [243,244,245,246,247,248]
27925.940249999992 [0,1,2,3,4,5,6,7,8,9] [253,254,255,256,257,258]
27925.533751479285 [0,1,2,3,4,5,6,7,8,9] [243,244,245,246,247,248,249,250,251,252,253,254,255]
27925.185326530616 [0,1,2,3,4,5,6,7,8,9] [249,250,251,252,253,254,255]
27924.883360000007 [0,1,2,3,4,5,6,7,8,9] [246,247,248,249,250,251,252,253,254,255]
27924.17877777777 [0,1,2,3,4,5,6,7,8,9] [248,249,250,251,252,253,254,255,256]
27923.675510204084 [0,1,2,3,4,5,6,7,8,9] [245,246,247,248,249,250,251,252,253,254,255,256,257,258]
27923.2980625 [0,1,2,3,4,5,6,7,8,9] [247,248,249,250,251,252,253,254,255,256,257,258]
27922.577487603303 [0,1,2,3,4,5,6,7,8,9] [243,244,245,246,247,248,249,250,251,252,253]
27922.16573469388 [0,1,2,3,4,5,6,7,8,9] [244,245,246,247,248,249,250]
27921.977015625005 [0,1,2,3,4,5,6,7,8,9] [245,246,247,248,249,250,251,252]
27921.83023456789 [0,1,2,3,4,5,6,7,8,9] [246,247,248,249,250,251,252,253,254]
27921.712809999997 [0,1,2,3,4,5,6,7,8,9] [248,249,250,251,252,253,254,255,256,257]
27921.36053777778 [0,1,2,3,4,5,6,7,8,9] [242,243,244,245,246,247,248,249,250,251,252,253,254,255,256]
27920.656 [0,1,2,3,4,5,6,7,8,9] [243,244,245,246,247,248,249,250,251,252,253,254,255,256,257,258]
27919.99550390626 [0,1,2,3,4,5,6,7,8,9] [242,243,244,245,246,247,248,249,250,251,252,253,254,255,256,257]
27919.03017751478 [0,1,2,3,4,5,6,7,8,9] [246,247,248,249,250,251,252,253,254,255,256,257,258]
27918.54244 [0,1,2,3,4,5,6,7,8,9] [249,250,251,252,253]
27917.48569 [0,1,2,3,4,5,6,7,8,9] [249,250,251,252,253,254,255,256,257,258]
27917.48568999999 [0,1,2,3,4,5,6,7,8,9] [243,244,245,246,247,248,249,250,251,252]
27917.133444444444 [0,1,2,3,4,5,6,7,8,9] [242,243,244,245,246,247]
27916.42896 [0,1,2,3,4,5,6,7,8,9] [254,255,256,257,258]
27915.372250000004 [0,1,2,3,4,5,6,7,8,9] [242,243,244,245,246,247,248,249,250,251,252,253,254,255]
27915.372249999993 [0,1,2,3,4,5,6,7,8,9] [245,246,247,248,249,250]
27914.051390624994 [0,1,2,3,4,5,6,7,8,9] [248,249,250,251,252,253,254,255]
27913.10793877551 [0,1,2,3,4,5,6,7,8,9] [246,247,248,249,250,251,252]
27912.730562500004 [0,1,2,3,4,5,6,7,8,9] [255,256,257,258]
27912.730562499994 [0,1,2,3,4,5,6,7,8,9] [243,244,245,246]
27912.575173010388 [0,1,2,3,4,5,6,7,8,9] [242,243,244,245,246,247,248,249,250,251,252,253,254,255,256,257,258]
27912.527360946755 [0,1,2,3,4,5,6,7,8,9] [242,243,244,245,246,247,248,249,250,251,252,253,254]
27912.07016015624 [0,1,2,3,4,5,6,7,8,9] [241,242,243,244,245,246,247,248,249,250,251,252,253,254,255,256]
27911.409765625012 [0,1,2,3,4,5,6,7,8,9] [243,244,245,246,247,248,249,250]
27911.332072664365 [0,1,2,3,4,5,6,7,8,9] [241,242,243,244,245,246,247,248,249,250,251,252,253,254,255,256,257]
27910.96950694445 [0,1,2,3,4,5,6,7,8,9] [242,243,244,245,246,247,248,249,250,251,252,253]
27910.089000000007 [0,1,2,3,4,5,6,7,8,9] [244,245,246,247,248,249]
27910.088999999996 [0,1,2,3,4,5,6,7,8,9] [248,249,250,251,252,253,254,255,256,257,258]
27908.57959183674 [0,1,2,3,4,5,6,7,8,9] [245,246,247,248,249,250,251]
27908.57959183673 [0,1,2,3,4,5,6,7,8,9] [248,249,250,251,252,253,254]
27907.447562499998 [0,1,2,3,4,5,6,7,8,9] [244,245,246,247,248,249,250,251,252,253,254,255,256,257,258,259]
27906.567111111122 [0,1,2,3,4,5,6,7,8,9] [243,244,245,246,247,248,249,250,251]
27905.86276 [0,1,2,3,4,5,6,7,8,9] [241,242,243,244,245,246,247,248,249,250,251,252,253,254,255]
27905.86275999999 [0,1,2,3,4,5,6,7,8,9] [250,251,252,253,254,255,256,257,258,259]
27905.560897959185 [0,1,2,3,4,5,6,7,8,9] [242,243,244,245,246,247,248]
27905.28647933884 [0,1,2,3,4,5,6,7,8,9] [242,243,244,245,246,247,248,249,250,251,252]
27904.80625 [0,1,2,3,4,5,6,7,8,9] [241,242,243,244,245,246,247,248,249,250,251,252,253,254,255,256,257,258]
27903.749759999988 [0,1,2,3,4,5,6,7,8,9] [245,246,247,248,249,250,251,252,253,254,255,256,257,258,259]
27903.252595155696 [0,1,2,3,4,5,6,7,8,9] [243,244,245,246,247,248,249,250,251,252,253,254,255,256,257,258,259]
