[Score] [Station index] [Time slots] 
69089.344 [0,1,2,3,4,5,6,7,8,9] [224]
69072.72100000002 [0,1,2,3,4,5,6,7,8,9] [223,224]
69056.10000000002 [0,1,2,3,4,5,6,7,8,9] [223]
69006.24900000001 [0,1,2,3,4,5,6,7,8,9] [223,224,225]
68995.17344444443 [0,1,2,3,4,5,6,7,8,9] [222,223,224]
68981.33024999998 [0,1,2,3,4,5,6,7,8,9] [224,225]
68964.72025000001 [0,1,2,3,4,5,6,7,8,9] [222,223,224,225]
68948.11225 [0,1,2,3,4,5,6,7,8,9] [222,223]
68873.40100000001 [0,1,2,3,4,5,6,7,8,9] [225]
68856.80399999999 [0,1,2,3,4,5,6,7,8,9] [212]
68840.20899999999 [0,1,2,3,4,5,6,7,8,9] [222]
68807.02499999998 [0,1,2,3,4,5,6,7,8,9] [221,222,223,224,225]
68798.73025000001 [0,1,2,3,4,5,6,7,8,9] [212,213]
68790.43600000002 [0,1,2,3,4,5,6,7,8,9] [222,223,224,225,226]
68777.9955625 [0,1,2,3,4,5,6,7,8,9] [223,224,225,226]
68740.68100000001 [0,1,2,3,4,5,6,7,8,9] [220,221,222,223,224,225]
68740.68099999998 [0,1,2,3,4,5,6,7,8,9] [213]
68714.15236 [0,1,2,3,4,5,6,7,8,9] [220,221,222,223,224]
68713.04711111113 [0,1,2,3,4,5,6,7,8,9] [212,213,214]
68711.66556249998 [0,1,2,3,4,5,6,7,8,9] [212,213,214,215]
68707.521 [0,1,2,3,4,5,6,7,8,9] [215]
68698.04818367345 [0,1,2,3,4,5,6,7,8,9] [219,220,221,222,223,224,225]
68690.94399999997 [0,1,2,3,4,5,6,7,8,9] [221,222,223]
68688.1813611111 [0,1,2,3,4,5,6,7,8,9] [221,222,223,224,225,226]
68685.41877777778 [0,1,2,3,4,5,6,7,8,9] [224,225,226]
68668.84444444443 [0,1,2,3,4,5,6,7,8,9] [219,220,221,222,223,224]
68663.32011111108 [0,1,2,3,4,5,6,7,8,9] [213,214,215]
68648.32661224488 [0,1,2,3,4,5,6,7,8,9] [220,221,222,223,224,225,226]
68641.225 [0,1,2,3,4,5,6,7,8,9] [213,214]
68637.91104 [0,1,2,3,4,5,6,7,8,9] [212,213,214,215,216]
68637.0825625 [0,1,2,3,4,5,6,7,8,9] [218,219,220,221,222,223,224,225]
68628.20633163265 [0,1,2,3,4,5,6,7,8,9] [212,213,214,215,216,217,218,219,220,221,222,223,224,225]
68624.65600000002 [0,1,2,3,4,5,6,7,8,9] [214,215]
68622.81512345678 [0,1,2,3,4,5,6,7,8,9] [217,218,219,220,221,222,223,224,225]
68622.585015625 [0,1,2,3,4,5,6,7,8,9] [219,220,221,222,223,224,225,226]
68620.51406249998 [0,1,2,3,4,5,6,7,8,9] [220,221,222,223]
68618.02896 [0,1,2,3,4,5,6,7,8,9] [211,212,213,214,215]
68616.37225 [0,1,2,3,4,5,6,7,8,9] [212,213,214,215,216,217]
68613.61111111114 [0,1,2,3,4,5,6,7,8,9] [211,212,213]
68610.63763905325 [0,1,2,3,4,5,6,7,8,9] [213,214,215,216,217,218,219,220,221,222,223,224,225]
68609.36331360947 [0,1,2,3,4,5,6,7,8,9] [212,213,214,215,216,217,218,219,220,221,222,223,224]
68605.07703305784 [0,1,2,3,4,5,6,7,8,9] [215,216,217,218,219,220,221,222,223,224,225]
68603.35593877551 [0,1,2,3,4,5,6,7,8,9] [218,219,220,221,222,223,224]
68602.5671111111 [0,1,2,3,4,5,6,7,8,9] [211,212,213,214,215,216,217,218,219,220,221,222,223,224,225]
68599.80625 [0,1,2,3,4,5,6,7,8,9] [214,215,216,217,218,219,220,221,222,223,224,225]
68595.6650625 [0,1,2,3,4,5,6,7,8,9] [211,212,213,214]
68594.83683999997 [0,1,2,3,4,5,6,7,8,9] [216,217,218,219,220,221,222,223,224,225]
68592.62827111114 [0,1,2,3,4,5,6,7,8,9] [212,213,214,215,216,217,218,219,220,221,222,223,224,225,226]
68591.52399999999 [0,1,2,3,4,5,6,7,8,9] [217,218,219,220,221,222,223,224]
68588.76336111112 [0,1,2,3,4,5,6,7,8,9] [213,214,215,216,217,218,219,220,221,222,223,224]
68584.89855999999 [0,1,2,3,4,5,6,7,8,9] [219,220,221,222,223]
68583.24225000001 [0,1,2,3,4,5,6,7,8,9] [213,214,215,216]
68583.24225 [0,1,2,3,4,5,6,7,8,9] [211,212,213,214,215,216,217,218,219,220,221,222,223,224]
68578.27343999999 [0,1,2,3,4,5,6,7,8,9] [215,216,217,218,219,220,221,222,223,224]
68576.8012345679 [0,1,2,3,4,5,6,7,8,9] [218,219,220,221,222,223,224,225,226]
68574.961 [0,1,2,3,4,5,6,7,8,9] [214,215,216,217,218,219,220,221,222,223,224]
68573.77800510202 [0,1,2,3,4,5,6,7,8,9] [213,214,215,216,217,218,219,220,221,222,223,224,225,226]
68572.20069444444 [0,1,2,3,4,5,6,7,8,9] [211,212,213,214,215,216]
68570.82056250001 [0,1,2,3,4,5,6,7,8,9] [211,212,213,214,215,216,217,218,219,220,221,222,223,224,225,226]
68569.99248999999 [0,1,2,3,4,5,6,7,8,9] [217,218,219,220,221,222,223,224,225,226]
68569.44044444444 [0,1,2,3,4,5,6,7,8,9] [212,213,214,215,216,217,218,219,220,221,222,223]
68568.33636 [0,1,2,3,4,5,6,7,8,9] [213,214,215,216,217]
68563.9201111111 [0,1,2,3,4,5,6,7,8,9] [222,223,224,225,226,227]
68563.13151020408 [0,1,2,3,4,5,6,7,8,9] [211,212,213,214,215,216,217]
68562.54006249997 [0,1,2,3,4,5,6,7,8,9] [215,216,217,218,219,220,221,222,223,224,225,226]
68560.94771597633 [0,1,2,3,4,5,6,7,8,9] [214,215,216,217,218,219,220,221,222,223,224,225,226]
68558.4 [0,1,2,3,4,5,6,7,8,9] [212,213,214,215,216,217,218]
68551.15519140626 [0,1,2,3,4,5,6,7,8,9] [210,211,212,213,214,215,216,217,218,219,220,221,222,223,224,225]
68550.12025 [0,1,2,3,4,5,6,7,8,9] [211,212]
68549.36757024792 [0,1,2,3,4,5,6,7,8,9] [216,217,218,219,220,221,222,223,224,225,226]
68544.38840828402 [0,1,2,3,4,5,6,7,8,9] [211,212,213,214,215,216,217,218,219,220,221,222,223]
68543.91076562498 [0,1,2,3,4,5,6,7,8,9] [212,213,214,215,216,217,218,219]
68543.34628099173 [0,1,2,3,4,5,6,7,8,9] [213,214,215,216,217,218,219,220,221,222,223]
68541.84099999999 [0,1,2,3,4,5,6,7,8,9] [214]
68530.80277777776 [0,1,2,3,4,5,6,7,8,9] [214,215,216]
68529.69900444444 [0,1,2,3,4,5,6,7,8,9] [210,211,212,213,214,215,216,217,218,219,220,221,222,223,224]
68528.9631604938 [0,1,2,3,4,5,6,7,8,9] [212,213,214,215,216,217,218,219,220]
68525.284 [0,1,2,3,4,5,6,7,8,9] [212,213,214,215,216,217,218,219,220,221,222]
68524.31012110726 [0,1,2,3,4,5,6,7,8,9] [210,211,212,213,214,215,216,217,218,219,220,221,222,223,224,225,226]
68523.62840999999 [0,1,2,3,4,5,6,7,8,9] [214,215,216,217,218,219,220,221,222,223]
68522.52469444447 [0,1,2,3,4,5,6,7,8,9] [218,219,220,221,222,223]
68521.6049382716 [0,1,2,3,4,5,6,7,8,9] [215,216,217,218,219,220,221,222,223]
68520.55379591837 [0,1,2,3,4,5,6,7,8,9] [217,218,219,220,221,222,223]
68520.11034765624 [0,1,2,3,4,5,6,7,8,9] [212,213,214,215,216,217,218,219,220,221,222,223,224,225,226,227]
68519.76544444445 [0,1,2,3,4,5,6,7,8,9] [215,216,217]
68519.075640625 [0,1,2,3,4,5,6,7,8,9] [211,212,213,214,215,216,217,218]
68510.56834567901 [0,1,2,3,4,5,6,7,8,9] [211,212,213,214,215,216,217,218,219]
68508.72900000002 [0,1,2,3,4,5,6,7,8,9] [221,222,223,224,225,226,227]
68508.729 [0,1,2,3,4,5,6,7,8,9] [221,222]
68508.72899999999 [0,1,2,3,4,5,6,7,8,9] [223,224,225,226,227]
68503.86026297577 [0,1,2,3,4,5,6,7,8,9] [211,212,213,214,215,216,217,218,219,220,221,222,223,224,225,226,227]
68501.8316736111 [0,1,2,3,4,5,6,7,8,9] [211,212,213,214,215,216,217,218,219,220,221,222]
68500.45225 [0,1,2,3,4,5,6,7,8,9] [211,212,213,214,215,216,217,218,219,220]
68499.2698979592 [0,1,2,3,4,5,6,7,8,9] [213,214,215,216,217,218,219]
68498.383140625 [0,1,2,3,4,5,6,7,8,9] [216,217,218,219,220,221,222,223]
68497.69344444442 [0,1,2,3,4,5,6,7,8,9] [213,214,215,216,217,218,219,220,221,222,223,224,225,226,227]
68496.3140625 [0,1,2,3,4,5,6,7,8,9] [220,221,222,223,224,225,226,227]
68493.83121 [0,1,2,3,4,5,6,7,8,9] [212,213,214,215,216,217,218,219,220,221]
68492.17599999999 [0,1,2,3,4,5,6,7,8,9] [213,214,215,216,217,218,219,220,221,222]
68490.33690123458 [0,1,2,3,4,5,6,7,8,9] [219,220,221,222,223,224,225,226,227]
