[Score] [Station index] [Time slots] 
64224.195999999974 [0,1,2,3,4,5,6,7,8,9] [0]
64016.00099999997 [0,1,2,3,4,5,6,7,8,9] [0,1]
63968.00399999999 [0,1,2,3,4,5,6,7,8,9] [0,1,2]
63872.06399999999 [0,1,2,3,4,5,6,7,8,9] [2]
63840.1 [0,1,2,3,4,5,6,7,8,9] [1,2]
63824.121 [0,1,2,3,4,5,6,7,8,9] [0,1,2,3]
63808.14399999999 [0,1,2,3,4,5,6,7,8,9] [1]
63693.168640000025 [0,1,2,3,4,5,6,7,8,9] [0,1,2,3,4]
63691.04044444446 [0,1,2,3,4,5,6,7,8,9] [1,2,3]
63632.529 [0,1,2,3,4,5,6,7,8,9] [2,3]
63608.600249999974 [0,1,2,3,4,5,6,7,8,9] [0,1,2,3,4,5]
63561.895183673434 [0,1,2,3,4,5,6,7,8,9] [0,1,2,3,4,5,6]
63560.75625 [0,1,2,3,4,5,6,7,8,9] [1,2,3,4]
63485.83683999999 [0,1,2,3,4,5,6,7,8,9] [1,2,3,4,5]
63478.40044444444 [0,1,2,3,4,5,6,7,8,9] [2,3,4]
63473.089000000014 [0,1,2,3,4,5,6,7,8,9] [0,1,2,3,4,5,6,7]
63451.845444444436 [0,1,2,3,4,5,6,7,8,9] [1,2,3,4,5,6]
63405.3875625 [0,1,2,3,4,5,6,7,8,9] [2,3,4,5]
63393.44400000003 [0,1,2,3,4,5,6,7,8,9] [3]
63380.705440000005 [0,1,2,3,4,5,6,7,8,9] [2,3,4,5,6]
63366.14865306123 [0,1,2,3,4,5,6,7,8,9] [1,2,3,4,5,6,7]
63345.681 [0,1,2,3,4,5,6,7,8,9] [0,1,2,3,4,5,6,7,8]
63292.63211111112 [0,1,2,3,4,5,6,7,8,9] [2,3,4,5,6,7]
63282.025 [0,1,2,3,4,5,6,7,8,9] [6]
63258.16225000001 [0,1,2,3,4,5,6,7,8,9] [3,4,5,6]
63250.20900000003 [0,1,2,3,4,5,6,7,8,9] [3,4,5]
63236.292015625004 [0,1,2,3,4,5,6,7,8,9] [1,2,3,4,5,6,7,8]
63234.304000000004 [0,1,2,3,4,5,6,7,8,9] [5,6]
63213.10044444443 [0,1,2,3,4,5,6,7,8,9] [4,5,6]
63192.960360000005 [0,1,2,3,4,5,6,7,8,9] [0,1,2,3,4,5,6,7,8,9]
63186.60100000001 [0,1,2,3,4,5,6,7,8,9] [5]
63178.65225000001 [0,1,2,3,4,5,6,7,8,9] [4,5]
63177.062560000006 [0,1,2,3,4,5,6,7,8,9] [3,4,5,6,7]
63170.70399999999 [0,1,2,3,4,5,6,7,8,9] [4]
63154.80899999999 [0,1,2,3,4,5,6,7,8,9] [2,3,4,5,6,7,8]
63123.025 [0,1,2,3,4,5,6,7,8,9] [4,5,6,7]
63107.136 [0,1,2,3,4,5,6,7,8,9] [5,6,7]
63078.893827160486 [0,1,2,3,4,5,6,7,8,9] [1,2,3,4,5,6,7,8,9]
63067.42225000002 [0,1,2,3,4,5,6,7,8,9] [6,7]
63043.6 [0,1,2,3,4,5,6,7,8,9] [0,1,2,3,4,5,6,7,8,9,10]
63035.66025 [0,1,2,3,4,5,6,7,8,9] [3,4,5,6,7,8]
62988.032250000004 [0,1,2,3,4,5,6,7,8,9] [2,3,4,5,6,7,8,9]
62964.225 [0,1,2,3,4,5,6,7,8,9] [4,5,6,7,8]
62926.14276000002 [0,1,2,3,4,5,6,7,8,9] [1,2,3,4,5,6,7,8,9,10]
62912.65806249999 [0,1,2,3,4,5,6,7,8,9] [5,6,7,8]
62892.830249999985 [0,1,2,3,4,5,6,7,8,9] [0,1,2,3,4,5,6,7,8,9,10,11]
62862.24489795921 [0,1,2,3,4,5,6,7,8,9] [3,4,5,6,7,8,9]
62853.18400000001 [0,1,2,3,4,5,6,7,8,9] [7]
62828.5215308642 [0,1,2,3,4,5,6,7,8,9] [2,3,4,5,6,7,8,9,10]
62821.476 [0,1,2,3,4,5,6,7,8,9] [6,7,8]
62773.92900000002 [0,1,2,3,4,5,6,7,8,9] [4,5,6,7,8,9]
62772.488462809924 [0,1,2,3,4,5,6,7,8,9] [1,2,3,4,5,6,7,8,9,10,11]
62743.45962130178 [0,1,2,3,4,5,6,7,8,9] [0,1,2,3,4,5,6,7,8,9,10,11,12]
62698.68306250001 [0,1,2,3,4,5,6,7,8,9] [3,4,5,6,7,8,9,10]
62694.72400000001 [0,1,2,3,4,5,6,7,8,9] [5,6,7,8,9]
62669.38896 [0,1,2,3,4,5,6,7,8,9] [2,3,4,5,6,7,8,9,10,11]
62622.35175510205 [0,1,2,3,4,5,6,7,8,9] [0,1,2,3,4,5,6,7,8,9,10,11,12,13]
62620.84444444445 [0,1,2,3,4,5,6,7,8,9] [1,2,3,4,5,6,7,8,9,10,11,12]
62599.744000000006 [0,1,2,3,4,5,6,7,8,9] [4,5,6,7,8,9,10]
62591.832250000014 [0,1,2,3,4,5,6,7,8,9] [7,8]
62572.05506250002 [0,1,2,3,4,5,6,7,8,9] [6,7,8,9]
62536.46400000002 [0,1,2,3,4,5,6,7,8,9] [3,4,5,6,7,8,9,10,11]
62533.300839999996 [0,1,2,3,4,5,6,7,8,9] [0,1,2,3,4,5,6,7,8,9,10,11,12,13,14]
62513.46102479339 [0,1,2,3,4,5,6,7,8,9] [2,3,4,5,6,7,8,9,10,11,12]
62504.835999999996 [0,1,2,3,4,5,6,7,8,9] [20]
62499.97086390535 [0,1,2,3,4,5,6,7,8,9] [1,2,3,4,5,6,7,8,9,10,11,12,13]
62466.300191406255 [0,1,2,3,4,5,6,7,8,9] [0,1,2,3,4,5,6,7,8,9,10,11,12,13,14,15]
62433.702249999995 [0,1,2,3,4,5,6,7,8,9] [20,21]
62429.75156249998 [0,1,2,3,4,5,6,7,8,9] [4,5,6,7,8,9,10,11]
62423.01244290658 [0,1,2,3,4,5,6,7,8,9] [0,1,2,3,4,5,6,7,8,9,10,11,12,13,14,15,16]
62413.385760204066 [0,1,2,3,4,5,6,7,8,9] [1,2,3,4,5,6,7,8,9,10,11,12,13,14]
62392.44567901235 [0,1,2,3,4,5,6,7,8,9] [0,1,2,3,4,5,6,7,8,9,10,11,12,13,14,15,16,17]
62391.56802777777 [0,1,2,3,4,5,6,7,8,9] [2,3,4,5,6,7,8,9,10,11,12,13]
62383.66944444444 [0,1,2,3,4,5,6,7,8,9] [20,21,22]
62378.404000000024 [0,1,2,3,4,5,6,7,8,9] [3,4,5,6,7,8,9,10,11,12]
62375.07857063711 [0,1,2,3,4,5,6,7,8,9] [0,1,2,3,4,5,6,7,8,9,10,11,12,13,14,15,16,17,18]
62374.64310430838 [0,1,2,3,4,5,6,7,8,9] [0,1,2,3,4,5,6,7,8,9,10,11,12,13,14,15,16,17,18,19,20]
62374.09607438017 [0,1,2,3,4,5,6,7,8,9] [0,1,2,3,4,5,6,7,8,9,10,11,12,13,14,15,16,17,18,19,20,21]
62370.50625 [0,1,2,3,4,5,6,7,8,9] [19,20]
62370.16288090737 [0,1,2,3,4,5,6,7,8,9] [0,1,2,3,4,5,6,7,8,9,10,11,12,13,14,15,16,17,18,19,20,21,22]
62368.92675999998 [0,1,2,3,4,5,6,7,8,9] [6,7,8,9,10]
62368.13702250001 [0,1,2,3,4,5,6,7,8,9] [0,1,2,3,4,5,6,7,8,9,10,11,12,13,14,15,16,17,18,19]
62367.873777777786 [0,1,2,3,4,5,6,7,8,9] [19,20,21]
62362.60900000001 [0,1,2,3,4,5,6,7,8,9] [30]
62362.60899999998 [0,1,2,3,4,5,6,7,8,9] [21]
62361.29284027776 [0,1,2,3,4,5,6,7,8,9] [0,1,2,3,4,5,6,7,8,9,10,11,12,13,14,15,16,17,18,19,20,21,22,23]
62353.764673599995 [0,1,2,3,4,5,6,7,8,9] [0,1,2,3,4,5,6,7,8,9,10,11,12,13,14,15,16,17,18,19,20,21,22,23,24]
62349.97444 [0,1,2,3,4,5,6,7,8,9] [1,2,3,4,5,6,7,8,9,10,11,12,13,14,15]
62346.81599999998 [0,1,2,3,4,5,6,7,8,9] [19,20,21,22]
62336.28844444446 [0,1,2,3,4,5,6,7,8,9] [7,8,9]
62334.66889940829 [0,1,2,3,4,5,6,7,8,9] [0,1,2,3,4,5,6,7,8,9,10,11,12,13,14,15,16,17,18,19,20,21,22,23,24,25]
62331.02499999998 [0,1,2,3,4,5,6,7,8,9] [8]
62327.077562500024 [0,1,2,3,4,5,6,7,8,9] [20,21,22,23]
62324.258040816334 [0,1,2,3,4,5,6,7,8,9] [5,6,7,8,9,10,11]
62323.13025000001 [0,1,2,3,4,5,6,7,8,9] [21,22]
62320.498777777786 [0,1,2,3,4,5,6,7,8,9] [0,1,2,3,4,5,6,7,8,9,10,11,12,13,14,15,16,17,18,19,20,21,22,23,24,25,26]
62311.28906249996 [0,1,2,3,4,5,6,7,8,9] [1,2,3,4,5,6,7,8,9,10,11,12,13,14,15,16]
62308.92095999998 [0,1,2,3,4,5,6,7,8,9] [19,20,21,22,23]
62307.34224999999 [0,1,2,3,4,5,6,7,8,9] [30,31]
62306.735059171624 [0,1,2,3,4,5,6,7,8,9] [2,3,4,5,6,7,8,9,10,11,12,13,14]
