[Score] [Station index] [Time slots] 
65672.60444444444 [0,1,2,3,4,6,7,8,9] [227]
65638.43999999999 [0,1,2,3,4,6,7,8,9] [227,228]
65604.28444444443 [0,1,2,3,4,6,7,8,9] [228]
65473.437160493835 [0,1,2,3,4,6,7,8,9] [227,228,229]
65462.06530864198 [0,1,2,3,4,6,7,8,9] [226,227,228]
65429.37673611111 [0,1,2,3,4,6,7,8,9] [227,228,229,230]
65413.17759999999 [0,1,2,3,4,6,7,8,9] [227,228,229,230,231]
65399.53777777779 [0,1,2,3,4,6,7,8,9] [240]
65391.013611111106 [0,1,2,3,4,6,7,8,9] [226,227]
65382.490000000005 [0,1,2,3,4,6,7,8,9] [226,227,228,229]
65373.96694444443 [0,1,2,3,4,6,7,8,9] [228,229]
65365.444444444445 [0,1,2,3,4,6,7,8,9] [226,227,228,229,230]
65362.60373456791 [0,1,2,3,4,6,7,8,9] [226,227,228,229,230,231]
65348.401111111125 [0,1,2,3,4,6,7,8,9] [228,229,230,231]
65348.40111111111 [0,1,2,3,4,6,7,8,9] [231]
65322.84027777778 [0,1,2,3,4,6,7,8,9] [230,231]
65314.3211111111 [0,1,2,3,4,6,7,8,9] [243]
65305.80250000002 [0,1,2,3,4,6,7,8,9] [227,228,229,230,231,232]
65297.28444444445 [0,1,2,3,4,6,7,8,9] [230]
65277.816689342406 [0,1,2,3,4,6,7,8,9] [226,227,228,229,230,231,232]
65275.991736111144 [0,1,2,3,4,6,7,8,9] [225,226,227,228]
65270.51702947845 [0,1,2,3,4,6,7,8,9] [225,226,227,228,229,230,231]
65263.21777777776 [0,1,2,3,4,6,7,8,9] [229,230,231]
65257.54086419754 [0,1,2,3,4,6,7,8,9] [225,226,227,228,229,230]
65254.7025 [0,1,2,3,4,6,7,8,9] [239,240]
65249.593599999986 [0,1,2,3,4,6,7,8,9] [225,226,227,228,229]
65232.56537777778 [0,1,2,3,4,6,7,8,9] [228,229,230,231,232]
65229.16 [0,1,2,3,4,6,7,8,9] [240,241]
65229.159999999996 [0,1,2,3,4,6,7,8,9] [238,239,240]
65220.646944444445 [0,1,2,3,4,6,7,8,9] [240,241,242,243]
65220.64694444442 [0,1,2,3,4,6,7,8,9] [229,230]
65212.134444444455 [0,1,2,3,4,6,7,8,9] [242,243]
65207.878402777766 [0,1,2,3,4,6,7,8,9] [225,226,227,228,229,230,231,232]
65203.622499999976 [0,1,2,3,4,6,7,8,9] [243,244]
65202.406553287976 [0,1,2,3,4,6,7,8,9] [227,228,229,230,231,232,233]
65198.51559999999 [0,1,2,3,4,6,7,8,9] [239,240,241,242,243]
65195.111111111124 [0,1,2,3,4,6,7,8,9] [240,241,242,243,244]
65195.11111111111 [0,1,2,3,4,6,7,8,9] [238,239,240,241,242,243]
65190.855625000004 [0,1,2,3,4,6,7,8,9] [226,227,228,229,230,231,232,233]
65189.43716049386 [0,1,2,3,4,6,7,8,9] [239,240,241]
65189.437160493835 [0,1,2,3,4,6,7,8,9] [240,241,242]
65186.60027777779 [0,1,2,3,4,6,7,8,9] [238,239,240,241]
65184.47265625 [0,1,2,3,4,6,7,8,9] [224,225,226,227,228,229,230,231]
65180.92669753087 [0,1,2,3,4,6,7,8,9] [239,240,241,242,243,244]
65180.52145124717 [0,1,2,3,4,6,7,8,9] [238,239,240,241,242,243,244]
65178.09 [0,1,2,3,4,6,7,8,9] [238]
65173.835069444445 [0,1,2,3,4,6,7,8,9] [237,238,239,240]
65172.41679012346 [0,1,2,3,4,6,7,8,9] [242,243,244]
65171.28217777778 [0,1,2,3,4,6,7,8,9] [238,239,240,241,242]
65169.58027777778 [0,1,2,3,4,6,7,8,9] [239,240,241,242]
65168.36464852608 [0,1,2,3,4,6,7,8,9] [237,238,239,240,241,242,243]
65166.743827160484 [0,1,2,3,4,6,7,8,9] [225,226,227]
65161.0711111111 [0,1,2,3,4,6,7,8,9] [224,225,226,227,228,229,230]
65161.07111111109 [0,1,2,3,4,6,7,8,9] [241,242,243]
65158.94390625001 [0,1,2,3,4,6,7,8,9] [237,238,239,240,241,242,243,244]
65150.86084444445 [0,1,2,3,4,6,7,8,9] [237,238,239,240,241]
65144.05444444445 [0,1,2,3,4,6,7,8,9] [241,242,243,244]
65139.800624999996 [0,1,2,3,4,6,7,8,9] [238,239,240,241,242,243,244,245]
65138.382716049404 [0,1,2,3,4,6,7,8,9] [240,241,242,243,244,245]
65138.382716049375 [0,1,2,3,4,6,7,8,9] [225,226,227,228,229,230,231,232,233]
65137.24840000001 [0,1,2,3,4,6,7,8,9] [224,225,226,227,228]
65135.546944444446 [0,1,2,3,4,6,7,8,9] [236,237,238,239,240,241,242,243]
65134.331632653055 [0,1,2,3,4,6,7,8,9] [239,240,241,242,243,244,245]
65130.82079561043 [0,1,2,3,4,6,7,8,9] [236,237,238,239,240,241,242,243,244]
65125.14964334707 [0,1,2,3,4,6,7,8,9] [237,238,239,240,241,242,243,244,245]
65124.20447530867 [0,1,2,3,4,6,7,8,9] [228,229,230,231,232,233]
65120.234844444436 [0,1,2,3,4,6,7,8,9] [236,237,238,239,240]
65117.588491083676 [0,1,2,3,4,6,7,8,9] [238,239,240,241,242,243,244,245,246]
65116.407100694436 [0,1,2,3,4,6,7,8,9] [227,228,229,230,231,232,233,234]
65116.0318377547 [0,1,2,3,4,6,7,8,9] [227,228,229,230,231,232,233,234,235,236,237,238,239,240,241,242,243]
65115.69827160497 [0,1,2,3,4,6,7,8,9] [226,227,228,229,230,231,232,233,234,235,236,237,238,239,240,241,242,243]
65115.698271604924 [0,1,2,3,4,6,7,8,9] [235,236,237,238,239,240,241,242,243]
65114.75317215364 [0,1,2,3,4,6,7,8,9] [227,228,229,230,231,232,233,234,235,236,237,238,239,240,241,242,243,244]
65114.50446291168 [0,1,2,3,4,6,7,8,9] [226,227,228,229,230,231,232,233,234,235,236,237,238,239,240,241,242,243,244]
65113.43004444442 [0,1,2,3,4,6,7,8,9] [235,236,237,238,239,240,241,242,243,244]
65110.02777777778 [0,1,2,3,4,6,7,8,9] [240,241,242,243,244,245,246]
65110.02777777777 [0,1,2,3,4,6,7,8,9] [239,240,241,242,243,244,245,246]
65106.6256 [0,1,2,3,4,6,7,8,9] [237,238,239,240,241,242,243,244,245,246]
65106.38259070298 [0,1,2,3,4,6,7,8,9] [227,228,229,230,231,232,233,234,235,236,237,238,239,240]
65104.02399461746 [0,1,2,3,4,6,7,8,9] [226,227,228,229,230,231,232,233,234,235,236,237,238,239,240,241,242]
65103.648767361134 [0,1,2,3,4,6,7,8,9] [227,228,229,230,231,232,233,234,235,236,237,238,239,240,241,242]
65103.22351111112 [0,1,2,3,4,6,7,8,9] [236,237,238,239,240,241,242,243,244,245]
65101.52249999999 [0,1,2,3,4,6,7,8,9] [226,227,228,229,230,231,232,233,234,235,236,237,238,239,240,241,242,243,244,245]
65101.07486919051 [0,1,2,3,4,6,7,8,9] [227,228,229,230,231,232,233,234,235,236,237,238,239,240,241,242,243,244,245]
65099.82151111112 [0,1,2,3,4,6,7,8,9] [226,227,228,229,230,231,232,233,234,235]
65099.821511111106 [0,1,2,3,4,6,7,8,9] [238,239,240,241,242,243,244,245,246,247]
65098.68753086421 [0,1,2,3,4,6,7,8,9] [237,238,239]
65094.80819944598 [0,1,2,3,4,6,7,8,9] [225,226,227,228,229,230,231,232,233,234,235,236,237,238,239,240,241,242,243]
65094.71867777777 [0,1,2,3,4,6,7,8,9] [225,226,227,228,229,230,231,232,233,234,235,236,237,238,239,240,241,242,243,244]
65093.82772738726 [0,1,2,3,4,6,7,8,9] [226,227,228,229,230,231,232,233,234,235,236,237,238,239,240,241,242,243,244,245,246]
65093.01777777779 [0,1,2,3,4,6,7,8,9] [227,228,229,230,231,232,233,234,235,236,237,238,239,240,241,242,243,244,245,246]
65093.01777777777 [0,1,2,3,4,6,7,8,9] [242,243,244,245]
65093.01777777776 [0,1,2,3,4,6,7,8,9] [237,238]
65091.47152433425 [0,1,2,3,4,6,7,8,9] [237,238,239,240,241,242,243,244,245,246,247]
65091.127914952 [0,1,2,3,4,6,7,8,9] [239,240,241,242,243,244,245,246,247]
65090.89168402777 [0,1,2,3,4,6,7,8,9] [235,236,237,238,239,240,241,242]
65089.9252892562 [0,1,2,3,4,6,7,8,9] [235,236,237,238,239,240,241,242,243,244,245]
65088.765624999985 [0,1,2,3,4,6,7,8,9] [240,241,242,243,244,245,246,247]
65088.379072543634 [0,1,2,3,4,6,7,8,9] [236,237,238,239,240,241,242,243,244,245,246]
65088.15818594105 [0,1,2,3,4,6,7,8,9] [235,236,237,238,239,240,241]
