[Score] [Station index] [Time slots] 
54040.75111111111 [0,1,2,3,4,6,7,8,9] [248]
53901.36111111111 [0,1,2,3,4,6,7,8,9] [248,249]
53854.937777777785 [0,1,2,3,4,6,7,8,9] [247,248]
53824.0 [0,1,2,3,4,6,7,8,9] [247,248,249]
53782.763456790126 [0,1,2,3,4,6,7,8,9] [246,247,248]
53777.61000000002 [0,1,2,3,4,6,7,8,9] [248,249,250]
53777.61000000001 [0,1,2,3,4,6,7,8,9] [246,247,248,249]
53762.151111111096 [0,1,2,3,4,6,7,8,9] [249]
53759.05959999999 [0,1,2,3,4,6,7,8,9] [245,246,247,248,249]
53758.28673611112 [0,1,2,3,4,6,7,8,9] [245,246,247,248]
53750.558402777795 [0,1,2,3,4,6,7,8,9] [247,248,249,250]
53744.118549382736 [0,1,2,3,4,6,7,8,9] [244,245,246,247,248,249]
53740.51240000001 [0,1,2,3,4,6,7,8,9] [244,245,246,247,248]
53728.149377777794 [0,1,2,3,4,6,7,8,9] [246,247,248,249,250]
53723.51361111113 [0,1,2,3,4,6,7,8,9] [248,249,250,251]
53720.93827160492 [0,1,2,3,4,6,7,8,9] [245,246,247,248,249,250]
53713.58049886624 [0,1,2,3,4,6,7,8,9] [244,245,246,247,248,249,250]
53712.69759999999 [0,1,2,3,4,6,7,8,9] [247,248,249,250,251]
53700.33777777778 [0,1,2,3,4,6,7,8,9] [246,247,248,249,250,251]
53698.13081632656 [0,1,2,3,4,6,7,8,9] [245,246,247,248,249,250,251]
53694.54460069445 [0,1,2,3,4,6,7,8,9] [244,245,246,247,248,249,250,251]
53684.889999999985 [0,1,2,3,4,6,7,8,9] [245]
53678.27020408163 [0,1,2,3,4,6,7,8,9] [243,244,245,246,247,248,249]
53677.16694444444 [0,1,2,3,4,6,7,8,9] [244,245]
53671.37501736112 [0,1,2,3,4,6,7,8,9] [242,243,244,245,246,247,248,249]
53669.444444444445 [0,1,2,3,4,6,7,8,9] [247]
53665.58340277778 [0,1,2,3,4,6,7,8,9] [244,245,246,247]
53664.29641975309 [0,1,2,3,4,6,7,8,9] [243,244,245,246,247,248]
53661.72249999999 [0,1,2,3,4,6,7,8,9] [245,246]
53659.792100694445 [0,1,2,3,4,6,7,8,9] [243,244,245,246,247,248,249,250]
53658.41326530614 [0,1,2,3,4,6,7,8,9] [242,243,244,245,246,247,248]
53655.71692729766 [0,1,2,3,4,6,7,8,9] [242,243,244,245,246,247,248,249,250]
53654.00111111111 [0,1,2,3,4,6,7,8,9] [246,247]
53650.56956104252 [0,1,2,3,4,6,7,8,9] [244,245,246,247,248,249,250,251,252]
53648.85382716048 [0,1,2,3,4,6,7,8,9] [243,244,245,246,247,248,249,250,251]
53648.21043402779 [0,1,2,3,4,6,7,8,9] [245,246,247,248,249,250,251,252]
53647.138120713316 [0,1,2,3,4,6,7,8,9] [241,242,243,244,245,246,247,248,249]
53646.28027777778 [0,1,2,3,4,6,7,8,9] [242,243,244,245,246,247,248,249,250,251]
53643.70679012346 [0,1,2,3,4,6,7,8,9] [247,248,249,250,251,252]
53642.971519274375 [0,1,2,3,4,6,7,8,9] [246,247,248,249,250,251,252]
53638.56000000001 [0,1,2,3,4,6,7,8,9] [248,249,250,251,252]
53638.55999999999 [0,1,2,3,4,6,7,8,9] [246]
53635.472044444476 [0,1,2,3,4,6,7,8,9] [240,241,242,243,244,245,246,247,248,249]
53635.472044444454 [0,1,2,3,4,6,7,8,9] [241,242,243,244,245,246,247,248,249,250]
53632.77015625001 [0,1,2,3,4,6,7,8,9] [241,242,243,244,245,246,247,248]
53628.73499540865 [0,1,2,3,4,6,7,8,9] [241,242,243,244,245,246,247,248,249,250,251]
53625.928016528924 [0,1,2,3,4,6,7,8,9] [240,241,242,243,244,245,246,247,248,249,250]
53623.12111111113 [0,1,2,3,4,6,7,8,9] [242]
53621.405816186554 [0,1,2,3,4,6,7,8,9] [240,241,242,243,244,245,246,247,248]
53620.54817901235 [0,1,2,3,4,6,7,8,9] [240,241,242,243,244,245,246,247,248,249,250,251]
53617.97530864199 [0,1,2,3,4,6,7,8,9] [249,250,251]
53614.70083562902 [0,1,2,3,4,6,7,8,9] [242,243,244,245,246,247,248,249,250,251,252]
53613.85884444444 [0,1,2,3,4,6,7,8,9] [243,244,245,246,247,248,249,250,251,252]
53606.140900000006 [0,1,2,3,4,6,7,8,9] [244,245,246,247,248,249,250,251,252,253]
53601.25315586421 [0,1,2,3,4,6,7,8,9] [241,242,243,244,245,246,247,248,249,250,251,252]
53599.109478738006 [0,1,2,3,4,6,7,8,9] [245,246,247,248,249,250,251,252,253]
53595.81159763312 [0,1,2,3,4,6,7,8,9] [240,241,242,243,244,245,246,247,248,249,250,251,252]
53594.82225308644 [0,1,2,3,4,6,7,8,9] [242,243,244,245,246,247]
53589.443976124894 [0,1,2,3,4,6,7,8,9] [239,240,241,242,243,244,245,246,247,248,249]
53589.16337777776 [0,1,2,3,4,6,7,8,9] [243,244,245,246,247]
53588.3917361111 [0,1,2,3,4,6,7,8,9] [246,247,248,249,250,251,252,253]
53584.5336111111 [0,1,2,3,4,6,7,8,9] [239,240,241,242,243,244,245,246,247,248,249,250]
53582.752984878345 [0,1,2,3,4,6,7,8,9] [239,240,241,242,243,244,245,246,247,248,249,250,251]
53582.42923783288 [0,1,2,3,4,6,7,8,9] [244,245,246,247,248,249,250,251,252,253,254]
53581.226757369615 [0,1,2,3,4,6,7,8,9] [247,248,249,250,251,252,253]
53580.675624999996 [0,1,2,3,4,6,7,8,9] [242,243,244,245,246,247,248,249,250,251,252,253]
53579.904044444454 [0,1,2,3,4,6,7,8,9] [242,243,244,245,246]
53576.81777777779 [0,1,2,3,4,6,7,8,9] [243,244,245,246,247,248,249,250,251,252,253]
53574.61335600906 [0,1,2,3,4,6,7,8,9] [241,242,243,244,245,246,247]
53573.7316 [0,1,2,3,4,6,7,8,9] [245,246,247,248,249,250,251,252,253,254]
53572.18854444443 [0,1,2,3,4,6,7,8,9] [239,240,241,242,243,244,245,246,247,248]
53570.88289940828 [0,1,2,3,4,6,7,8,9] [241,242,243,244,245,246,247,248,249,250,251,252,253]
53569.10250000001 [0,1,2,3,4,6,7,8,9] [240,241,242,243,244,245,246,247]
53568.00036281178 [0,1,2,3,4,6,7,8,9] [240,241,242,243,244,245,246,247,248,249,250,251,252,253]
53566.530864197535 [0,1,2,3,4,6,7,8,9] [248,249,250,251,252,253]
53565.24506944445 [0,1,2,3,4,6,7,8,9] [242,243,244,245]
53562.57462195925 [0,1,2,3,4,6,7,8,9] [242,243,244,245,246,247,248,249,250,251,252,253,254]
53562.48984693877 [0,1,2,3,4,6,7,8,9] [239,240,241,242,243,244,245,246,247,248,249,250,251,252]
53561.38777777779 [0,1,2,3,4,6,7,8,9] [251]
53561.38777777777 [0,1,2,3,4,6,7,8,9] [246,247,248,249,250,251,252,253,254]
53558.81632716051 [0,1,2,3,4,6,7,8,9] [241,242,243,244,245,246]
53557.530625000014 [0,1,2,3,4,6,7,8,9] [243,244,245,246,247,248,249,250,251,252,253,254]
53554.77560090703 [0,1,2,3,4,6,7,8,9] [240,241,242,243,244,245,246]
53554.775600907014 [0,1,2,3,4,6,7,8,9] [241,242,243,244,245,246,247,248,249,250,251,252,253,254]
53553.15935308642 [0,1,2,3,4,6,7,8,9] [240,241,242,243,244,245,246,247,248,249,250,251,252,253,254]
53551.74515625001 [0,1,2,3,4,6,7,8,9] [247,248,249,250,251,252,253,254]
53545.96000000001 [0,1,2,3,4,6,7,8,9] [250,251]
53542.8747111111 [0,1,2,3,4,6,7,8,9] [241,242,243,244,245]
53540.817901234564 [0,1,2,3,4,6,7,8,9] [240,241,242,243,244,245]
53539.3487755102 [0,1,2,3,4,6,7,8,9] [238,239,240,241,242,243,244,245,246,247,248,249,250,251]
53538.76113086419 [0,1,2,3,4,6,7,8,9] [239,240,241,242,243,244,245,246,247,248,249,250,251,252,253]
53538.24694444446 [0,1,2,3,4,6,7,8,9] [249,250,251,252]
53538.24694444444 [0,1,2,3,4,6,7,8,9] [238,239,240,241,242,243,244,245,246,247,248,249]
53537.6536554898 [0,1,2,3,4,6,7,8,9] [238,239,240,241,242,243,244,245,246,247,248,249,250]
53535.67604938273 [0,1,2,3,4,6,7,8,9] [240,241,242]
53535.67604938272 [0,1,2,3,4,6,7,8,9] [244,245,246,247,248,249,250,251,252,253,254,255]
53534.94151927438 [0,1,2,3,4,6,7,8,9] [248,249,250,251,252,253,254]
53530.534444444434 [0,1,2,3,4,6,7,8,9] [250]
53526.67840277777 [0,1,2,3,4,6,7,8,9] [239,240,241,242,243,244,245,246,247,248,249,250,251,252,253,254]
53525.393086419775 [0,1,2,3,4,6,7,8,9] [242,243,244]
