[Score] [Station index] [Time slots] 
62733.5511111111 [0,1,2,3,4,6,7,8,9] [244]
62700.16 [0,1,2,3,4,6,7,8,9] [249]
62700.159999999996 [0,1,2,3,4,6,7,8,9] [242]
62691.81361111111 [0,1,2,3,4,6,7,8,9] [244,245]
62683.46777777778 [0,1,2,3,4,6,7,8,9] [242,243,244]
62683.46777777776 [0,1,2,3,4,6,7,8,9] [244,245,246]
62679.295069444444 [0,1,2,3,4,6,7,8,9] [244,245,246,247]
62675.12250000002 [0,1,2,3,4,6,7,8,9] [243,244]
62675.12249999999 [0,1,2,3,4,6,7,8,9] [242,243,244,245]
62673.453511111125 [0,1,2,3,4,6,7,8,9] [242,243,244,245,246]
62672.34086419753 [0,1,2,3,4,6,7,8,9] [242,243,244,245,246,247]
62666.77777777778 [0,1,2,3,4,6,7,8,9] [247]
62666.77777777777 [0,1,2,3,4,6,7,8,9] [246,247]
62661.21493827161 [0,1,2,3,4,6,7,8,9] [245,246,247]
62658.43361111112 [0,1,2,3,4,6,7,8,9] [242,243]
62658.4336111111 [0,1,2,3,4,6,7,8,9] [245,246]
62654.261736111104 [0,1,2,3,4,6,7,8,9] [240,241,242,243,244,245,246,247]
62652.47383219957 [0,1,2,3,4,6,7,8,9] [240,241,242,243,244,245,246]
62652.47383219955 [0,1,2,3,4,6,7,8,9] [241,242,243,244,245,246,247]
62651.75867777777 [0,1,2,3,4,6,7,8,9] [238,239,240,241,242,243,244,245,246,247]
62650.09000000002 [0,1,2,3,4,6,7,8,9] [245]
62650.09 [0,1,2,3,4,6,7,8,9] [242,243,244,245,246,247,248,249]
62648.004184027785 [0,1,2,3,4,6,7,8,9] [238,239,240,241,242,243,244,245]
62647.70621315195 [0,1,2,3,4,6,7,8,9] [238,239,240,241,242,243,244]
62647.308919753064 [0,1,2,3,4,6,7,8,9] [244,245,246,247,248,249]
62646.75271111111 [0,1,2,3,4,6,7,8,9] [241,242,243,244,245]
62646.381906721545 [0,1,2,3,4,6,7,8,9] [239,240,241,242,243,244,245,246,247]
62645.91840277778 [0,1,2,3,4,6,7,8,9] [241,242,243,244]
62643.832656250015 [0,1,2,3,4,6,7,8,9] [239,240,241,242,243,244,245,246]
62642.93877551019 [0,1,2,3,4,6,7,8,9] [243,244,245,246,247,248,249]
62641.74694444445 [0,1,2,3,4,6,7,8,9] [238,239]
62640.555124716564 [0,1,2,3,4,6,7,8,9] [239,240,241,242,243,244,245]
62640.35648919753 [0,1,2,3,4,6,7,8,9] [238,239,240,241,242,243,244,245,246,247,248,249]
62640.07840000003 [0,1,2,3,4,6,7,8,9] [240,241,242,243,244,245,246,247,248,249]
62638.966049382725 [0,1,2,3,4,6,7,8,9] [239,240,241,242,243,244]
62637.11215363513 [0,1,2,3,4,6,7,8,9] [241,242,243,244,245,246,247,248,249]
62636.741377777784 [0,1,2,3,4,6,7,8,9] [238,239,240,241,242]
62636.74137777777 [0,1,2,3,4,6,7,8,9] [244,245,246,247,248]
62635.25828532237 [0,1,2,3,4,6,7,8,9] [242,243,244,245,246,247,248,249,250]
62634.92122130396 [0,1,2,3,4,6,7,8,9] [238,239,240,241,242,243,244,245,246,247,248]
62634.921221303935 [0,1,2,3,4,6,7,8,9] [239,240,241,242,243,244,245,246,247,248,249]
62633.40444444446 [0,1,2,3,4,6,7,8,9] [240,241,242,243,244,245,246,247,248]
62633.40444444443 [0,1,2,3,4,6,7,8,9] [243,244,245,246,247,248]
62630.83763313609 [0,1,2,3,4,6,7,8,9] [238,239,240,241,242,243,244,245,246,247,248,249,250]
62630.06759999999 [0,1,2,3,4,6,7,8,9] [245,246,247,248,249]
62629.23340277778 [0,1,2,3,4,6,7,8,9] [240,241,242,243]
62629.233402777776 [0,1,2,3,4,6,7,8,9] [241,242,243,244,245,246,247,248]
62628.85422405876 [0,1,2,3,4,6,7,8,9] [240,241,242,243,244,245,246,247,248,249,250]
62628.637551020394 [0,1,2,3,4,6,7,8,9] [244,245,246,247,248,249,250]
62628.39921111113 [0,1,2,3,4,6,7,8,9] [239,240,241,242,243,244,245,246,247,248]
62627.14793402778 [0,1,2,3,4,6,7,8,9] [243,244,245,246,247,248,249,250]
62625.0625 [0,1,2,3,4,6,7,8,9] [239,240,241,242,243,244,245,246,247,248,249,250]
62625.062499999985 [0,1,2,3,4,6,7,8,9] [241,242,243,244,245,246,247,248,249,250]
62624.30416896237 [0,1,2,3,4,6,7,8,9] [237,238,239,240,241,242,243,244,245,246,247]
62620.89173611111 [0,1,2,3,4,6,7,8,9] [238,239,240,241]
62620.8917361111 [0,1,2,3,4,6,7,8,9] [239,240,241,242]
62620.05760000001 [0,1,2,3,4,6,7,8,9] [237,238,239,240,241,242,243,244,245,246]
62620.05759999998 [0,1,2,3,4,6,7,8,9] [239,240,241,242,243]
62618.004365548986 [0,1,2,3,4,6,7,8,9] [237,238,239,240,241,242,243,244,245,246,247,248,249]
62616.721111111125 [0,1,2,3,4,6,7,8,9] [241,242,243]
62616.721111111096 [0,1,2,3,4,6,7,8,9] [243]
62614.86754458163 [0,1,2,3,4,6,7,8,9] [237,238,239,240,241,242,243,244,245]
62614.337959183664 [0,1,2,3,4,6,7,8,9] [238,239,240,241,242,243,244,245,246,247,248,249,250,251]
62612.550624999996 [0,1,2,3,4,6,7,8,9] [245,246,247,248]
62611.71654444441 [0,1,2,3,4,6,7,8,9] [242,243,244,245,246,247,248,249,250,251]
62611.16049382718 [0,1,2,3,4,6,7,8,9] [245,246,247,248,249,250]
62611.160493827156 [0,1,2,3,4,6,7,8,9] [247,248,249]
62610.76331632653 [0,1,2,3,4,6,7,8,9] [237,238,239,240,241,242,243,244,245,246,247,248,249,250]
62610.465434027785 [0,1,2,3,4,6,7,8,9] [237,238,239,240,241,242,243,244]
62609.77037808642 [0,1,2,3,4,6,7,8,9] [240,241,242,243,244,245,246,247,248,249,250,251]
62608.38027777779 [0,1,2,3,4,6,7,8,9] [249,250]
62607.738698224835 [0,1,2,3,4,6,7,8,9] [239,240,241,242,243,244,245,246,247,248,249,250,251]
62605.60012345677 [0,1,2,3,4,6,7,8,9] [238,239,240,241,242,243,244,245,246,247,248,249,250,251,252]
62604.58917355371 [0,1,2,3,4,6,7,8,9] [241,242,243,244,245,246,247,248,249,250,251]
62603.37604444444 [0,1,2,3,4,6,7,8,9] [246,247,248,249,250]
62601.89334705075 [0,1,2,3,4,6,7,8,9] [243,244,245,246,247,248,249,250,251]
62600.04000000002 [0,1,2,3,4,6,7,8,9] [244,245,246,247,248,249,250,251]
62600.04 [0,1,2,3,4,6,7,8,9] [240,241,242,243,244,245,246,247,248,249,250,251,252]
62600.039999999986 [0,1,2,3,4,6,7,8,9] [242,243,244,245,246,247,248,249,250,251,252]
62598.84857709751 [0,1,2,3,4,6,7,8,9] [239,240,241,242,243,244,245,246,247,248,249,250,251,252]
62596.704044444436 [0,1,2,3,4,6,7,8,9] [237,238,239,240,241,242,243,244,245,246,247,248,249,250,251]
62594.48012345677 [0,1,2,3,4,6,7,8,9] [241,242,243,244,245,246,247,248,249,250,251,252]
62592.89163265306 [0,1,2,3,4,6,7,8,9] [236,237,238,239,240,241,242,243,244,245,246,247,248,249]
62590.0324 [0,1,2,3,4,6,7,8,9] [243,244,245,246,247,248,249,250,251,252]
62589.61543402778 [0,1,2,3,4,6,7,8,9] [237,238,239,240,241,242,243,244,245,246,247,248,249,250,251,252]
62588.92049382715 [0,1,2,3,4,6,7,8,9] [237,238,239,240,241,242]
62588.573025173595 [0,1,2,3,4,6,7,8,9] [238,239,240,241,242,243,244,245,246,247,248,249,250,251,252,253]
62587.909678604236 [0,1,2,3,4,6,7,8,9] [236,237,238,239,240,241,242,243,244,245,246]
62587.80859753086 [0,1,2,3,4,6,7,8,9] [236,237,238,239,240,241,242,243,244,245,246,247,248,249,250]
62587.530625000014 [0,1,2,3,4,6,7,8,9] [247,248,249,250]
62587.0673388203 [0,1,2,3,4,6,7,8,9] [244,245,246,247,248,249,250,251,252]
62584.64402366862 [0,1,2,3,4,6,7,8,9] [236,237,238,239,240,241,242,243,244,245,246,247,248]
62583.361111111095 [0,1,2,3,4,6,7,8,9] [248,249]
62581.13742716049 [0,1,2,3,4,6,7,8,9] [239,240,241,242,243,244,245,246,247,248,249,250,251,252,253]
62580.97859410431 [0,1,2,3,4,6,7,8,9] [240,241,242,243,244,245,246,247,248,249,250,251,252,253]
62580.025599999986 [0,1,2,3,4,6,7,8,9] [236,237,238,239,240,241,242,243,244,245]
62577.80197530865 [0,1,2,3,4,6,7,8,9] [242,243,244,245,246,247,248,249,250,251,252,253]
62576.064796006955 [0,1,2,3,4,6,7,8,9] [236,237,238,239,240,241,242,243,244,245,246,247,248,249,250,251]
62575.0225 [0,1,2,3,4,6,7,8,9] [237,238,239,240]
62574.5320107651 [0,1,2,3,4,6,7,8,9] [237,238,239,240,241,242,243,244,245,246,247,248,249,250,251,252,253]
