[Score] [Station index] [Time slots] 
42289.009 [0,1,2,3,4,5,6,7,8,9] [246]
42133.081000000006 [0,1,2,3,4,5,6,7,8,9] [245,246]
42113.61024999999 [0,1,2,3,4,5,6,7,8,9] [246,247]
42081.16899999999 [0,1,2,3,4,5,6,7,8,9] [244,245,246]
42068.196 [0,1,2,3,4,5,6,7,8,9] [245,246,247]
42051.98256250001 [0,1,2,3,4,5,6,7,8,9] [243,244,245,246]
42050.90177777778 [0,1,2,3,4,5,6,7,8,9] [246,247,248]
42045.498062499995 [0,1,2,3,4,5,6,7,8,9] [244,245,246,247]
42042.256 [0,1,2,3,4,5,6,7,8,9] [242,243,244,245,246]
42037.93344444443 [0,1,2,3,4,5,6,7,8,9] [241,242,243,244,245,246]
42032.53056249999 [0,1,2,3,4,5,6,7,8,9] [245,246,247,248]
42029.289000000004 [0,1,2,3,4,5,6,7,8,9] [243,244,245,246,247]
42024.96711111111 [0,1,2,3,4,5,6,7,8,9] [242,243,244,245,246,247]
42023.732326530604 [0,1,2,3,4,5,6,7,8,9] [241,242,243,244,245,246,247]
42022.80625 [0,1,2,3,4,5,6,7,8,9] [246,247,248,249]
42021.509760000015 [0,1,2,3,4,5,6,7,8,9] [244,245,246,247,248]
42020.02808163265 [0,1,2,3,4,5,6,7,8,9] [240,241,242,243,244,245,246]
42016.32400000001 [0,1,2,3,4,5,6,7,8,9] [246,247,248,249,250]
42016.32399999999 [0,1,2,3,4,5,6,7,8,9] [241]
42013.73124000001 [0,1,2,3,4,5,6,7,8,9] [245,246,247,248,249]
42012.00277777777 [0,1,2,3,4,5,6,7,8,9] [243,244,245,246,247,248]
42011.46264062497 [0,1,2,3,4,5,6,7,8,9] [241,242,243,244,245,246,247,248]
42010.768183673485 [0,1,2,3,4,5,6,7,8,9] [242,243,244,245,246,247,248]
42009.84225 [0,1,2,3,4,5,6,7,8,9] [245,246,247,248,249,250]
42009.84224999998 [0,1,2,3,4,5,6,7,8,9] [241,242]
42007.68177777779 [0,1,2,3,4,5,6,7,8,9] [244,245,246,247,248,249]
42005.21273469388 [0,1,2,3,4,5,6,7,8,9] [244,245,246,247,248,249,250]
42003.361000000004 [0,1,2,3,4,5,6,7,8,9] [241,242,243,244,245,246,247,248,249]
42002.06481 [0,1,2,3,4,5,6,7,8,9] [241,242,243,244,245,246,247,248,249,250]
42001.740765625014 [0,1,2,3,4,5,6,7,8,9] [242,243,244,245,246,247,248,249]
42001.50930612245 [0,1,2,3,4,5,6,7,8,9] [243,244,245,246,247,248,249]
42000.480604938275 [0,1,2,3,4,5,6,7,8,9] [242,243,244,245,246,247,248,249,250]
42000.48060493825 [0,1,2,3,4,5,6,7,8,9] [240,241,242,243,244,245,246,247,248]
42000.120562499986 [0,1,2,3,4,5,6,7,8,9] [243,244,245,246,247,248,249,250]
41996.88025000001 [0,1,2,3,4,5,6,7,8,9] [239,240,241,242,243,244,245,246]
41996.880249999995 [0,1,2,3,4,5,6,7,8,9] [246,247,248,249,250,251]
41994.720111111106 [0,1,2,3,4,5,6,7,8,9] [241,242,243]
41994.28808999998 [0,1,2,3,4,5,6,7,8,9] [240,241,242,243,244,245,246,247,248,249]
41994.10293877551 [0,1,2,3,4,5,6,7,8,9] [245,246,247,248,249,250,251]
41993.934619834705 [0,1,2,3,4,5,6,7,8,9] [240,241,242,243,244,245,246,247,248,249,250]
41992.75639669421 [0,1,2,3,4,5,6,7,8,9] [241,242,243,244,245,246,247,248,249,250,251]
41992.02001562501 [0,1,2,3,4,5,6,7,8,9] [244,245,246,247,248,249,250,251]
41990.400000000016 [0,1,2,3,4,5,6,7,8,9] [242,243,244,245,246,247,248,249,250,251]
41990.4 [0,1,2,3,4,5,6,7,8,9] [239,240,241,242,243,244,245,246,247]
41990.39999999998 [0,1,2,3,4,5,6,7,8,9] [250]
41988.96001234567 [0,1,2,3,4,5,6,7,8,9] [243,244,245,246,247,248,249,250,251]
41987.80804 [0,1,2,3,4,5,6,7,8,9] [241,242,243,244,245]
41986.0801111111 [0,1,2,3,4,5,6,7,8,9] [240,241,242,243,244,245,246,247,248,249,250,251]
41983.92025000001 [0,1,2,3,4,5,6,7,8,9] [242,243]
41983.92024999999 [0,1,2,3,4,5,6,7,8,9] [239,240,241,242,243,244,245,246,247,248]
41982.84034027777 [0,1,2,3,4,5,6,7,8,9] [241,242,243,244,245,246,247,248,249,250,251,252]
41981.76044444445 [0,1,2,3,4,5,6,7,8,9] [242,243,244]
41981.76044444442 [0,1,2,3,4,5,6,7,8,9] [238,239,240,241,242,243,244,245,246]
41980.68056250001 [0,1,2,3,4,5,6,7,8,9] [242,243,244,245]
41980.68056249999 [0,1,2,3,4,5,6,7,8,9] [239,240,241,242,243,244,245,246,247,248,249,250]
41979.79703305786 [0,1,2,3,4,5,6,7,8,9] [242,243,244,245,246,247,248,249,250,251,252]
41979.2921632653 [0,1,2,3,4,5,6,7,8,9] [246,247,248,249,250,251,252]
41979.06076562502 [0,1,2,3,4,5,6,7,8,9] [245,246,247,248,249,250,251,252]
41978.88079012346 [0,1,2,3,4,5,6,7,8,9] [244,245,246,247,248,249,250,251,252]
41977.441000000006 [0,1,2,3,4,5,6,7,8,9] [243,244,245,246,247,248,249,250,251,252]
41977.441 [0,1,2,3,4,5,6,7,8,9] [238,239,240,241,242,243,244,245,246,247]
41975.447485207085 [0,1,2,3,4,5,6,7,8,9] [241,242,243,244,245,246,247,248,249,250,251,252,253]
41975.28136111113 [0,1,2,3,4,5,6,7,8,9] [240,241,242,243,244,245]
41975.085033057854 [0,1,2,3,4,5,6,7,8,9] [236,237,238,239,240,241,242,243,244,245,246]
41974.84944 [0,1,2,3,4,5,6,7,8,9] [240,241,242,243,244]
41974.45074556214 [0,1,2,3,4,5,6,7,8,9] [239,240,241,242,243,244,245,246,247,248,249,250,251]
41974.2015625 [0,1,2,3,4,5,6,7,8,9] [240,241,242,243]
41973.12177777778 [0,1,2,3,4,5,6,7,8,9] [243,244,245]
41972.72913223143 [0,1,2,3,4,5,6,7,8,9] [238,239,240,241,242,243,244,245,246,247,248]
41972.042006944444 [0,1,2,3,4,5,6,7,8,9] [242,243,244,245,246,247,248,249,250,251,252,253]
41971.46059763314 [0,1,2,3,4,5,6,7,8,9] [238,239,240,241,242,243,244,245,246,247,248,249,250]
41970.96224999999 [0,1,2,3,4,5,6,7,8,9] [240,241,242,243,244,245,246,247,248,249,250,251,252,253]
41969.88250694445 [0,1,2,3,4,5,6,7,8,9] [238,239,240,241,242,243,244,245,246,247,248,249]
41969.66655999999 [0,1,2,3,4,5,6,7,8,9] [244,245,246,247,248,249,250,251,252,253]
41969.195404958686 [0,1,2,3,4,5,6,7,8,9] [243,244,245,246,247,248,249,250,251,252,253]
41968.80277777778 [0,1,2,3,4,5,6,7,8,9] [245,246,247,248,249,250,251,252,253]
41968.47055621301 [0,1,2,3,4,5,6,7,8,9] [236,237,238,239,240,241,242,243,244,245,246,247,248]
41968.37088999999 [0,1,2,3,4,5,6,7,8,9] [237,238,239,240,241,242,243,244,245,246]
41967.939004444444 [0,1,2,3,4,5,6,7,8,9] [236,237,238,239,240,241,242,243,244,245,246,247,248,249,250]
41967.723062499994 [0,1,2,3,4,5,6,7,8,9] [246,247,248,249,250,251,252,253]
41967.26033163265 [0,1,2,3,4,5,6,7,8,9] [239,240,241,242,243,244,245,246,247,248,249,250,251,252]
41966.33487755103 [0,1,2,3,4,5,6,7,8,9] [238,239,240,241,242,243,244,245,246,247,248,249,250,251]
41965.661826446274 [0,1,2,3,4,5,6,7,8,9] [237,238,239,240,241,242,243,244,245,246,247]
41964.48400000001 [0,1,2,3,4,5,6,7,8,9] [243]
41964.484 [0,1,2,3,4,5,6,7,8,9] [249,250]
41963.674253906254 [0,1,2,3,4,5,6,7,8,9] [236,237,238,239,240,241,242,243,244,245,246,247,248,249,250,251]
41962.633163265295 [0,1,2,3,4,5,6,7,8,9] [241,242,243,244,245,246,247,248,249,250,251,252,253,254]
41962.32469444444 [0,1,2,3,4,5,6,7,8,9] [237,238,239,240,241,242,243,244,245,246,247,248]
41961.89284 [0,1,2,3,4,5,6,7,8,9] [239,240,241,242,243,244,245,246,247,248,249,250,251,252,253]
41960.49763313609 [0,1,2,3,4,5,6,7,8,9] [237,238,239,240,241,242,243,244,245,246,247,248,249]
41960.16544444446 [0,1,2,3,4,5,6,7,8,9] [238,239,240,241,242,243,244,245,246,247,248,249,250,251,252]
41959.30176000002 [0,1,2,3,4,5,6,7,8,9] [240,241,242,243,244,245,246,247,248,249,250,251,252,253,254]
41958.50452071005 [0,1,2,3,4,5,6,7,8,9] [242,243,244,245,246,247,248,249,250,251,252,253,254]
41958.438084444446 [0,1,2,3,4,5,6,7,8,9] [237,238,239,240,241,242,243,244,245,246,247,248,249,250,251]
41958.38728027683 [0,1,2,3,4,5,6,7,8,9] [236,237,238,239,240,241,242,243,244,245,246,247,248,249,250,251,252]
41955.577222656255 [0,1,2,3,4,5,6,7,8,9] [238,239,240,241,242,243,244,245,246,247,248,249,250,251,252,253]
41955.230224489795 [0,1,2,3,4,5,6,7,8,9] [239,240,241,242,243,244,245]
41954.767562500005 [0,1,2,3,4,5,6,7,8,9] [243,244,245,246,247,248,249,250,251,252,253,254]
41954.407716049376 [0,1,2,3,4,5,6,7,8,9] [236,237,238,239,240,241,242,243,244,245,246,247,248,249,250,251,252,253]
41953.8843057851 [0,1,2,3,4,5,6,7,8,9] [244,245,246,247,248,249,250,251,252,253,254]
