[Score] [Station index] [Time slots] 
48748.32399999999 [0,1,2,3,4,5,6,7,8,9] [231]
48469.444 [0,1,2,3,4,5,6,7,8,9] [266]
48418.40277777777 [0,1,2,3,4,5,6,7,8,9] [265,266,267]
48375.50256250001 [0,1,2,3,4,5,6,7,8,9] [265,266,267,268]
48344.20899999999 [0,1,2,3,4,5,6,7,8,9] [266,267]
48330.304000000004 [0,1,2,3,4,5,6,7,8,9] [265,266,267,268,269]
48311.7671111111 [0,1,2,3,4,5,6,7,8,9] [266,267,268]
48293.23377777779 [0,1,2,3,4,5,6,7,8,9] [265,266,267,268,269,270]
48271.23006250001 [0,1,2,3,4,5,6,7,8,9] [266,267,268,269]
48246.916000000005 [0,1,2,3,4,5,6,7,8,9] [225]
48246.91599999998 [0,1,2,3,4,5,6,7,8,9] [268]
48238.581160000016 [0,1,2,3,4,5,6,7,8,9] [266,267,268,269,270]
48233.025000000016 [0,1,2,3,4,5,6,7,8,9] [267,268]
48233.025 [0,1,2,3,4,5,6,7,8,9] [228]
48219.136 [0,1,2,3,4,5,6,7,8,9] [267]
48205.248999999996 [0,1,2,3,4,5,6,7,8,9] [267,268,269]
48198.30625 [0,1,2,3,4,5,6,7,8,9] [268,269]
48180.9515625 [0,1,2,3,4,5,6,7,8,9] [267,268,269,270]
48179.79469444446 [0,1,2,3,4,5,6,7,8,9] [266,267,268,269,270,271]
48168.22677777779 [0,1,2,3,4,5,6,7,8,9] [268,269,270]
48149.721 [0,1,2,3,4,5,6,7,8,9] [225,226]
48121.969000000005 [0,1,2,3,4,5,6,7,8,9] [267,268,269,270,271]
48052.624 [0,1,2,3,4,5,6,7,8,9] [226]
47803.39599999999 [0,1,2,3,4,5,6,7,8,9] [222]
47685.93025000001 [0,1,2,3,4,5,6,7,8,9] [221,222]
47591.60177777778 [0,1,2,3,4,5,6,7,8,9] [220,221,222]
47537.5775625 [0,1,2,3,4,5,6,7,8,9] [219,220,221,222]
47403.225 [0,1,2,3,4,5,6,7,8,9] [220]
47389.456 [0,1,2,3,4,5,6,7,8,9] [219,220]
47238.12900000001 [0,1,2,3,4,5,6,7,8,9] [216]
46641.31141975309 [0,1,2,3,4,5,6,7,8,9] [266,267,268,269,270,271,272,273,274,275,276,277,278,279,280,281,282,283]
46534.86859515572 [0,1,2,3,4,5,6,7,8,9] [267,268,269,270,271,272,273,274,275,276,277,278,279,280,281,282,283]
46430.59600000001 [0,1,2,3,4,5,6,7,8,9] [268,269,270,271,272,273,274,275,276,277,278,279,280,281,282,283]
46314.07408641976 [0,1,2,3,4,5,6,7,8,9] [267,268,269,270,271,272,273,274,275,276,277,278,279,280,281,282,283,284]
46310.74704000001 [0,1,2,3,4,5,6,7,8,9] [269,270,271,272,273,274,275,276,277,278,279,280,281,282,283]
46208.07507750472 [0,1,2,3,4,5,6,7,8,9] [264,265,266,267,268,269,270,271,272,273,274,275,276,277,278,279,280,281,282,283,284,285,286]
46206.6860025 [0,1,2,3,4,5,6,7,8,9] [266,267,268,269,270,271,272,273,274,275,276,277,278,279,280,281,282,283,284,285]
46203.20732179931 [0,1,2,3,4,5,6,7,8,9] [268,269,270,271,272,273,274,275,276,277,278,279,280,281,282,283,284]
46180.76184183673 [0,1,2,3,4,5,6,7,8,9] [270,271,272,273,274,275,276,277,278,279,280,281,282,283]
46097.92747933886 [0,1,2,3,4,5,6,7,8,9] [272,273,274,275,276,277,278,279,280,281,282]
46093.60696074381 [0,1,2,3,4,5,6,7,8,9] [265,266,267,268,269,270,271,272,273,274,275,276,277,278,279,280,281,282,283,284,285,286]
46092.15037440001 [0,1,2,3,4,5,6,7,8,9] [263,264,265,266,267,268,269,270,271,272,273,274,275,276,277,278,279,280,281,282,283,284,285,286,287]
46089.09174792246 [0,1,2,3,4,5,6,7,8,9] [267,268,269,270,271,272,273,274,275,276,277,278,279,280,281,282,283,284,285]
46076.94400000001 [0,1,2,3,4,5,6,7,8,9] [269,270,271,272,273,274,275,276,277,278,279,280,281,282,283,284]
46056.582249999985 [0,1,2,3,4,5,6,7,8,9] [277,278]
46034.137331360944 [0,1,2,3,4,5,6,7,8,9] [271,272,273,274,275,276,277,278,279,280,281,282,283]
45987.612006944444 [0,1,2,3,4,5,6,7,8,9] [264,265,266,267,268,269,270,271,272,273,274,275,276,277,278,279,280,281,282,283,284,285,286,287]
45977.44044444445 [0,1,2,3,4,5,6,7,8,9] [266,267,268,269,270,271,272,273,274,275,276,277,278,279,280,281,282,283,284,285,286]
45976.875390625 [0,1,2,3,4,5,6,7,8,9] [274,275,276,277,278,279,280,281]
45972.16674382718 [0,1,2,3,4,5,6,7,8,9] [268,269,270,271,272,273,274,275,276,277,278,279,280,281,282,283,284,285]
45953.48521 [0,1,2,3,4,5,6,7,8,9] [273,274,275,276,277,278,279,280,281,282]
45940.380271111106 [0,1,2,3,4,5,6,7,8,9] [270,271,272,273,274,275,276,277,278,279,280,281,282,283,284]
45900.625 [0,1,2,3,4,5,6,7,8,9] [278]
45881.43117361111 [0,1,2,3,4,5,6,7,8,9] [272,273,274,275,276,277,278,279,280,281,282,283]
45868.817468809066 [0,1,2,3,4,5,6,7,8,9] [265,266,267,268,269,270,271,272,273,274,275,276,277,278,279,280,281,282,283,284,285,286,287]
45854.566560000014 [0,1,2,3,4,5,6,7,8,9] [267,268,269,270,271,272,273,274,275,276,277,278,279,280,281,282,283,284,285,286]
45841.9271111111 [0,1,2,3,4,5,6,7,8,9] [277,278,279]
45840.06851557094 [0,1,2,3,4,5,6,7,8,9] [269,270,271,272,273,274,275,276,277,278,279,280,281,282,283,284,285]
45830.19203999999 [0,1,2,3,4,5,6,7,8,9] [276,277,278,279,280]
45819.361 [0,1,2,3,4,5,6,7,8,9] [275,276,277,278,279,280,281]
45793.79279012345 [0,1,2,3,4,5,6,7,8,9] [274,275,276,277,278,279,280,281,282]
45787.45555612243 [0,1,2,3,4,5,6,7,8,9] [271,272,273,274,275,276,277,278,279,280,281,282,283,284]
45748.00661983473 [0,1,2,3,4,5,6,7,8,9] [266,267,268,269,270,271,272,273,274,275,276,277,278,279,280,281,282,283,284,285,286,287]
45731.76217174516 [0,1,2,3,4,5,6,7,8,9] [268,269,270,271,272,273,274,275,276,277,278,279,280,281,282,283,284,285,286]
45730.79147933885 [0,1,2,3,4,5,6,7,8,9] [273,274,275,276,277,278,279,280,281,282,283]
45697.6 [0,1,2,3,4,5,6,7,8,9] [270,271,272,273,274,275,276,277,278,279,280,281,282,283,284,285]
45697.599999999984 [0,1,2,3,4,5,6,7,8,9] [277,278,279,280]
45659.30136111112 [0,1,2,3,4,5,6,7,8,9] [276,277,278,279,280,281]
45657.049000000006 [0,1,2,3,4,5,6,7,8,9] [278,279]
45633.40256249999 [0,1,2,3,4,5,6,7,8,9] [275,276,277,278,279,280,281,282]
45627.94656213019 [0,1,2,3,4,5,6,7,8,9] [272,273,274,275,276,277,278,279,280,281,282,283,284]
45620.37551020408 [0,1,2,3,4,5,6,7,8,9] [267,268,269,270,271,272,273,274,275,276,277,278,279,280,281,282,283,284,285,286,287]
45594.00544444446 [0,1,2,3,4,5,6,7,8,9] [269,270,271,272,273,274,275,276,277,278,279,280,281,282,283,284,285,286]
45565.20004000001 [0,1,2,3,4,5,6,7,8,9] [274,275,276,277,278,279,280,281,282,283]
45539.10300444445 [0,1,2,3,4,5,6,7,8,9] [271,272,273,274,275,276,277,278,279,280,281,282,283,284,285]
45526.507111111096 [0,1,2,3,4,5,6,7,8,9] [278,279,280]
45519.310240000006 [0,1,2,3,4,5,6,7,8,9] [277,278,279,280,281]
45492.32704000002 [0,1,2,3,4,5,6,7,8,9] [268,269,270,271,272,273,274,275,276,277,278,279,280,281,282,283,284,285,286,287]
45469.975591836715 [0,1,2,3,4,5,6,7,8,9] [276,277,278,279,280,281,282]
45469.172840277766 [0,1,2,3,4,5,6,7,8,9] [273,274,275,276,277,278,279,280,281,282,283,284]
45445.83947750866 [0,1,2,3,4,5,6,7,8,9] [270,271,272,273,274,275,276,277,278,279,280,281,282,283,284,285,286]
45414.121000000014 [0,1,2,3,4,5,6,7,8,9] [279]
45397.64938271606 [0,1,2,3,4,5,6,7,8,9] [275,276,277,278,279,280,281,282,283]
45373.69599999999 [0,1,2,3,4,5,6,7,8,9] [272,273,274,275,276,277,278,279,280,281,282,283,284,285]
45349.591412742404 [0,1,2,3,4,5,6,7,8,9] [269,270,271,272,273,274,275,276,277,278,279,280,281,282,283,284,285,286,287]
45346.756 [0,1,2,3,4,5,6,7,8,9] [278,279,280,281]
45340.02225 [0,1,2,3,4,5,6,7,8,9] [279,280]
45322.068027777765 [0,1,2,3,4,5,6,7,8,9] [277,278,279,280,281,282]
45295.34730578512 [0,1,2,3,4,5,6,7,8,9] [274,275,276,277,278,279,280,281,282,283,284]
45281.96441015626 [0,1,2,3,4,5,6,7,8,9] [271,272,273,274,275,276,277,278,279,280,281,282,283,284,285,286]
45265.984 [0,1,2,3,4,5,6,7,8,9] [280]
45225.625 [0,1,2,3,4,5,6,7,8,9] [276,277,278,279,280,281,282,283]
45208.03824852072 [0,1,2,3,4,5,6,7,8,9] [273,274,275,276,277,278,279,280,281,282,283,284,285]
45196.488027777756 [0,1,2,3,4,5,6,7,8,9] [270,271,272,273,274,275,276,277,278,279,280,281,282,283,284,285,286,287]
45162.88011111109 [0,1,2,3,4,5,6,7,8,9] [279,280,281]
45144.960999999996 [0,1,2,3,4,5,6,7,8,9] [278,279,280,281,282]
45118.08899999999 [0,1,2,3,4,5,6,7,8,9] [275,276,277,278,279,280,281,282,283,284]
45110.924484444455 [0,1,2,3,4,5,6,7,8,9] [272,273,274,275,276,277,278,279,280,281,282,283,284,285,286]
45064.36899999999 [0,1,2,3,4,5,6,7,8,9] [277,278,279,280,281,282,283]
45037.521 [0,1,2,3,4,5,6,7,8,9] [280,281]
