[Score] [Station index] [Time slots] 
13912.9 [0,1,2,3,4,5,6,7,8,9] [227]
13845.841 [0,1,2,3,4,5,6,7,8,9] [226,227]
13778.944 [0,1,2,3,4,5,6,7,8,9] [226]
13724.555111111113 [0,1,2,3,4,5,6,7,8,9] [226,227,228]
13697.400999999998 [0,1,2,3,4,5,6,7,8,9] [227,228]
13671.506250000002 [0,1,2,3,4,5,6,7,8,9] [226,227,228,229]
13665.344444444447 [0,1,2,3,4,5,6,7,8,9] [225,226,227]
13635.78711111111 [0,1,2,3,4,5,6,7,8,9] [227,228,229]
13619.790249999996 [0,1,2,3,4,5,6,7,8,9] [225,226,227,228]
13599.5000625 [0,1,2,3,4,5,6,7,8,9] [224,225,226,227]
13598.393759999995 [0,1,2,3,4,5,6,7,8,9] [225,226,227,228,229]
13576.277160000003 [0,1,2,3,4,5,6,7,8,9] [224,225,226,227,228]
13573.329639999996 [0,1,2,3,4,5,6,7,8,9] [226,227,228,229,230]
13565.716694444443 [0,1,2,3,4,5,6,7,8,9] [224,225,226,227,228,229]
13542.4 [0,1,2,3,4,5,6,7,8,9] [225,226]
13528.910027777776 [0,1,2,3,4,5,6,7,8,9] [225,226,227,228,229,230]
13522.167562500006 [0,1,2,3,4,5,6,7,8,9] [227,228,229,230]
13512.976 [0,1,2,3,4,5,6,7,8,9] [229]
13510.87551020408 [0,1,2,3,4,5,6,7,8,9] [224,225,226,227,228,229,230]
13504.155040000001 [0,1,2,3,4,5,6,7,8,9] [223,224,225,226,227]
13502.475183673465 [0,1,2,3,4,5,6,7,8,9] [223,224,225,226,227,228,229]
13500.72544444445 [0,1,2,3,4,5,6,7,8,9] [223,224,225,226,227,228]
13498.275999999998 [0,1,2,3,4,5,6,7,8,9] [228,229]
13495.826777777776 [0,1,2,3,4,5,6,7,8,9] [224,225,226]
13483.583999999993 [0,1,2,3,4,5,6,7,8,9] [228]
13475.017361111106 [0,1,2,3,4,5,6,7,8,9] [226,227,228,229,230,231]
13462.478265624997 [0,1,2,3,4,5,6,7,8,9] [223,224,225,226,227,228,229,230]
13451.08018367347 [0,1,2,3,4,5,6,7,8,9] [225,226,227,228,229,230,231]
13445.055562500002 [0,1,2,3,4,5,6,7,8,9] [224,225,226,227,228,229,230,231]
13429.083755102038 [0,1,2,3,4,5,6,7,8,9] [226,227,228,229,230,231,232]
13414.638759999998 [0,1,2,3,4,5,6,7,8,9] [227,228,229,230,231]
13413.90625 [0,1,2,3,4,5,6,7,8,9] [225,226,227,228,229,230,231,232]
13412.685444444443 [0,1,2,3,4,5,6,7,8,9] [224,225,226,227,228,229,230,231,232]
13409.430234567903 [0,1,2,3,4,5,6,7,8,9] [223,224,225,226,227,228,229,230,231]
13402.920999999997 [0,1,2,3,4,5,6,7,8,9] [223,224,225,226]
13399.783183673466 [0,1,2,3,4,5,6,7,8,9] [222,223,224,225,226,227,228]
13393.160111111114 [0,1,2,3,4,5,6,7,8,9] [228,229,230]
13388.280999999999 [0,1,2,3,4,5,6,7,8,9] [222,223,224,225,226,227,228,229,230]
13385.841777777774 [0,1,2,3,4,5,6,7,8,9] [222,223,224,225,226,227]
13383.890560000003 [0,1,2,3,4,5,6,7,8,9] [223,224,225,226,227,228,229,230,231,232]
13371.21111111111 [0,1,2,3,4,5,6,7,8,9] [227,228,229,230,231,232]
13370.906390625003 [0,1,2,3,4,5,6,7,8,9] [226,227,228,229,230,231,232,233]
13367.798440000002 [0,1,2,3,4,5,6,7,8,9] [224,225,226,227,228,229,230,231,232,233]
13363.898777777784 [0,1,2,3,4,5,6,7,8,9] [225,226,227,228,229,230,231,232,233]
13355.370249999998 [0,1,2,3,4,5,6,7,8,9] [224,225]
13348.062249999997 [0,1,2,3,4,5,6,7,8,9] [222,223,224,225,226,227,228,229,230,231]
13345.73739669422 [0,1,2,3,4,5,6,7,8,9] [223,224,225,226,227,228,229,230,231,232,233]
13330.464826446283 [0,1,2,3,4,5,6,7,8,9] [222,223,224,225,226,227,228,229,230,231,232]
13321.688901234567 [0,1,2,3,4,5,6,7,8,9] [221,222,223,224,225,226,227,228,229]
13318.518479338842 [0,1,2,3,4,5,6,7,8,9] [224,225,226,227,228,229,230,231,232,233,234]
13313.115938775509 [0,1,2,3,4,5,6,7,8,9] [227,228,229,230,231,232,233]
13310.33611111111 [0,1,2,3,4,5,6,7,8,9] [226,227,228,229,230,231,232,233,234]
13310.09289 [0,1,2,3,4,5,6,7,8,9] [225,226,227,228,229,230,231,232,233,234]
13307.904 [0,1,2,3,4,5,6,7,8,9] [221,222,223,224,225,226,227,228,229,230]
13307.903999999999 [0,1,2,3,4,5,6,7,8,9] [225]
13302.432562500002 [0,1,2,3,4,5,6,7,8,9] [223,224,225,226,227,228,229,230,231,232,233,234]
13300.001173611108 [0,1,2,3,4,5,6,7,8,9] [222,223,224,225,226,227,228,229,230,231,232,233]
13297.873890625002 [0,1,2,3,4,5,6,7,8,9] [221,222,223,224,225,226,227,228]
13291.493062499994 [0,1,2,3,4,5,6,7,8,9] [228,229,230,231]
13281.651360000003 [0,1,2,3,4,5,6,7,8,9] [222,223,224,225,226]
13278.736 [0,1,2,3,4,5,6,7,8,9] [221,222,223,224,225,226,227,228,229,230,231]
13278.735999999999 [0,1,2,3,4,5,6,7,8,9] [223,224,225]
13276.9140625 [0,1,2,3,4,5,6,7,8,9] [224,225,226,227,228,229,230,231,232,233,234,235]
13271.449000000002 [0,1,2,3,4,5,6,7,8,9] [221,222,223,224,225,226,227]
13268.41334027778 [0,1,2,3,4,5,6,7,8,9] [221,222,223,224,225,226,227,228,229,230,231,232]
13265.488396694218 [0,1,2,3,4,5,6,7,8,9] [225,226,227,228,229,230,231,232,233,234,235]
13265.284639053254 [0,1,2,3,4,5,6,7,8,9] [223,224,225,226,227,228,229,230,231,232,233,234,235]
13264.163999999999 [0,1,2,3,4,5,6,7,8,9] [223,224]
13264.163999999995 [0,1,2,3,4,5,6,7,8,9] [228,229,230,231,232]
13263.603698224852 [0,1,2,3,4,5,6,7,8,9] [222,223,224,225,226,227,228,229,230,231,232,233,234]
13261.25056 [0,1,2,3,4,5,6,7,8,9] [226,227,228,229,230,231,232,233,234,235]
13252.330140624992 [0,1,2,3,4,5,6,7,8,9] [227,228,229,230,231,232,233,234]
13245.120378698228 [0,1,2,3,4,5,6,7,8,9] [221,222,223,224,225,226,227,228,229,230,231,232,233]
13239.40996 [0,1,2,3,4,5,6,7,8,9] [220,221,222,223,224,225,226,227,228,229]
13234.382553719004 [0,1,2,3,4,5,6,7,8,9] [220,221,222,223,224,225,226,227,228,229,230]
13231.925897959183 [0,1,2,3,4,5,6,7,8,9] [222,223,224,225,226,227,228,229,230,231,232,233,234,235]
13227.768999999995 [0,1,2,3,4,5,6,7,8,9] [229,230,231]
13225.5309408284 [0,1,2,3,4,5,6,7,8,9] [224,225,226,227,228,229,230,231,232,233,234,235,236]
13220.495999999996 [0,1,2,3,4,5,6,7,8,9] [238]
13218.418367346938 [0,1,2,3,4,5,6,7,8,9] [223,224,225,226,227,228,229,230,231,232,233,234,235,236]
13215.302224489798 [0,1,2,3,4,5,6,7,8,9] [221,222,223,224,225,226,227,228,229,230,231,232,233,234]
13214.679039999999 [0,1,2,3,4,5,6,7,8,9] [224,225,226,227,228,229,230,231,232,233,234,235,236,237,238]
13214.436694444448 [0,1,2,3,4,5,6,7,8,9] [228,229,230,231,232,233]
13214.263591836734 [0,1,2,3,4,5,6,7,8,9] [224,225,226,227,228,229,230,231,232,233,234,235,236,237]
13213.830840277777 [0,1,2,3,4,5,6,7,8,9] [220,221,222,223,224,225,226,227,228,229,230,231]
13210.80177777778 [0,1,2,3,4,5,6,7,8,9] [225,226,227,228,229,230,231,232,233,234,235,236]
13209.59025 [0,1,2,3,4,5,6,7,8,9] [229,230,231,232]
13209.31067455621 [0,1,2,3,4,5,6,7,8,9] [220,221,222,223,224,225,226,227,228,229,230,231,232]
13209.186419753087 [0,1,2,3,4,5,6,7,8,9] [220,221,222,223,224,225,226,227,228]
13209.135941406246 [0,1,2,3,4,5,6,7,8,9] [223,224,225,226,227,228,229,230,231,232,233,234,235,236,237,238]
13208.378777777772 [0,1,2,3,4,5,6,7,8,9] [223,224,225,226,227,228,229,230,231,232,233,234,235,236,237]
13207.318785156249 [0,1,2,3,4,5,6,7,8,9] [224,225,226,227,228,229,230,231,232,233,234,235,236,237,238,239]
13204.340938271602 [0,1,2,3,4,5,6,7,8,9] [227,228,229,230,231,232,233,234,235]
13202.535986159166 [0,1,2,3,4,5,6,7,8,9] [223,224,225,226,227,228,229,230,231,232,233,234,235,236,237,238,239]
13202.322249999997 [0,1,2,3,4,5,6,7,8,9] [208,209]
13201.9919338843 [0,1,2,3,4,5,6,7,8,9] [226,227,228,229,230,231,232,233,234,235,236]
13201.28412755102 [0,1,2,3,4,5,6,7,8,9] [225,226,227,228,229,230,231,232,233,234,235,236,237,238]
13199.80686982249 [0,1,2,3,4,5,6,7,8,9] [225,226,227,228,229,230,231,232,233,234,235,236,237]
13194.329760000002 [0,1,2,3,4,5,6,7,8,9] [225,226,227,228,229,230,231,232,233,234,235,236,237,238,239]
13193.100360946744 [0,1,2,3,4,5,6,7,8,9] [226,227,228,229,230,231,232,233,234,235,236,237,238]
