[Score] [Station index] [Time slots] 
34304.44899999999 [0,1,2,3,4,5,6,7,8,9] [205]
34281.025 [0,1,2,3,4,5,6,7,8,9] [202]
34275.17024999998 [0,1,2,3,4,5,6,7,8,9] [205,206]
34257.609 [0,1,2,3,4,5,6,7,8,9] [202,203]
34249.80544444445 [0,1,2,3,4,5,6,7,8,9] [205,206,207]
34245.903999999995 [0,1,2,3,4,5,6,7,8,9] [206]
34241.22256000001 [0,1,2,3,4,5,6,7,8,9] [202,203,204,205,206]
34240.05224999999 [0,1,2,3,4,5,6,7,8,9] [202,203,204,205]
34234.201 [0,1,2,3,4,5,6,7,8,9] [202,203,204,205,206,207]
34234.20099999999 [0,1,2,3,4,5,6,7,8,9] [203]
34231.275562500006 [0,1,2,3,4,5,6,7,8,9] [203,204,205,206]
34230.30044444444 [0,1,2,3,4,5,6,7,8,9] [204,205,206]
34226.40011111111 [0,1,2,3,4,5,6,7,8,9] [203,204,205]
34224.84004000001 [0,1,2,3,4,5,6,7,8,9] [203,204,205,206,207]
34222.5 [0,1,2,3,4,5,6,7,8,9] [204,205,206,207]
34222.499999999985 [0,1,2,3,4,5,6,7,8,9] [206,207]
34218.6001111111 [0,1,2,3,4,5,6,7,8,9] [202,203,204]
34215.8146122449 [0,1,2,3,4,5,6,7,8,9] [202,203,204,205,206,207,208]
34213.72556250001 [0,1,2,3,4,5,6,7,8,9] [205,206,207,208]
34206.90177777776 [0,1,2,3,4,5,6,7,8,9] [201,202,203,204,205,206]
34205.78775510203 [0,1,2,3,4,5,6,7,8,9] [201,202,203,204,205,206,207]
34204.95225 [0,1,2,3,4,5,6,7,8,9] [203,204,205,206,207,208]
34199.10399999999 [0,1,2,3,4,5,6,7,8,9] [204,205,206,207,208]
34193.25625 [0,1,2,3,4,5,6,7,8,9] [201,202,203,204,205,206,207,208]
34187.409 [0,1,2,3,4,5,6,7,8,9] [203,204]
34183.51111111112 [0,1,2,3,4,5,6,7,8,9] [206,207,208]
34178.6390625 [0,1,2,3,4,5,6,7,8,9] [200,201,202,203,204,205,206,207]
34175.71599999999 [0,1,2,3,4,5,6,7,8,9] [200,201,202,203,204,205,206]
34172.7930625 [0,1,2,3,4,5,6,7,8,9] [201,202,203,204]
34171.331640625 [0,1,2,3,4,5,6,7,8,9] [202,203,204,205,206,207,208,209]
34170.51975308642 [0,1,2,3,4,5,6,7,8,9] [200,201,202,203,204,205,206,207,208]
34164.02500000001 [0,1,2,3,4,5,6,7,8,9] [200,201,202,203,204,205]
34158.180250000005 [0,1,2,3,4,5,6,7,8,9] [201,202]
34156.23211111112 [0,1,2,3,4,5,6,7,8,9] [201,202,203,204,205,206,207,208,209]
34155.675510204084 [0,1,2,3,4,5,6,7,8,9] [203,204,205,206,207,208,209]
34152.335999999996 [0,1,2,3,4,5,6,7,8,9] [207,208]
34142.986240000006 [0,1,2,3,4,5,6,7,8,9] [205,206,207,208,209]
34142.59669444445 [0,1,2,3,4,5,6,7,8,9] [204,205,206,207,208,209]
34140.64900000001 [0,1,2,3,4,5,6,7,8,9] [204]
34139.48041 [0,1,2,3,4,5,6,7,8,9] [200,201,202,203,204,205,206,207,208,209]
34136.753777777776 [0,1,2,3,4,5,6,7,8,9] [199,200,201,202,203,204,205,206,207]
34135.97476 [0,1,2,3,4,5,6,7,8,9] [200,201,202,203,204]
34134.80625 [0,1,2,3,4,5,6,7,8,9] [200,201,202,203]
34133.63776 [0,1,2,3,4,5,6,7,8,9] [199,200,201,202,203,204,205,206,207,208]
34128.96400000001 [0,1,2,3,4,5,6,7,8,9] [199,200,201,202,203,204,205,206]
34123.771308641975 [0,1,2,3,4,5,6,7,8,9] [202,203,204,205,206,207,208,209,210]
34114.94463999999 [0,1,2,3,4,5,6,7,8,9] [201,202,203,204,205,206,207,208,209,210]
34112.274612244895 [0,1,2,3,4,5,6,7,8,9] [199,200,201,202,203,204,205]
34108.78552892563 [0,1,2,3,4,5,6,7,8,9] [199,200,201,202,203,204,205,206,207,208,209]
34105.60000000001 [0,1,2,3,4,5,6,7,8,9] [208]
34104.14001562501 [0,1,2,3,4,5,6,7,8,9] [203,204,205,206,207,208,209,210]
34103.47639669421 [0,1,2,3,4,5,6,7,8,9] [200,201,202,203,204,205,206,207,208,209,210]
34102.68006249999 [0,1,2,3,4,5,6,7,8,9] [206,207,208,209]
34101.70677777778 [0,1,2,3,4,5,6,7,8,9] [200,201,202]
34091.58544 [0,1,2,3,4,5,6,7,8,9] [202,203,204,205,206,207,208,209,210,211]
34088.613024793376 [0,1,2,3,4,5,6,7,8,9] [198,199,200,201,202,203,204,205,206,207,208]
34086.914560000005 [0,1,2,3,4,5,6,7,8,9] [198,199,200,201,202,203,204,205,206,207]
34086.489950413226 [0,1,2,3,4,5,6,7,8,9] [201,202,203,204,205,206,207,208,209,210,211]
34085.58008163265 [0,1,2,3,4,5,6,7,8,9] [204,205,206,207,208,209,210]
34080.29802777776 [0,1,2,3,4,5,6,7,8,9] [199,200,201,202,203,204]
34078.35211111112 [0,1,2,3,4,5,6,7,8,9] [199,200,201,202,203,204,205,206,207,208,209,210]
34078.35211111111 [0,1,2,3,4,5,6,7,8,9] [200,201,202,203,204,205,206,207,208,209,210,211]
34076.406250000015 [0,1,2,3,4,5,6,7,8,9] [205,206,207,208,209,210]
34074.460444444434 [0,1,2,3,4,5,6,7,8,9] [198,199,200,201,202,203,204,205,206]
34070.569 [0,1,2,3,4,5,6,7,8,9] [203,204,205,206,207,208,209,210,211]
34069.59617361111 [0,1,2,3,4,5,6,7,8,9] [198,199,200,201,202,203,204,205,206,207,208,209]
34068.234240000005 [0,1,2,3,4,5,6,7,8,9] [199,200,201,202,203]
34057.100331360954 [0,1,2,3,4,5,6,7,8,9] [199,200,201,202,203,204,205,206,207,208,209,210,211]
34056.773851239675 [0,1,2,3,4,5,6,7,8,9] [202,203,204,205,206,207,208,209,210,211,212]
34055.00544444444 [0,1,2,3,4,5,6,7,8,9] [201,202,203,204,205,206,207,208,209,210,211,212]
34053.060249999995 [0,1,2,3,4,5,6,7,8,9] [198,199,200,201,202,203,204,205]
34050.1425625 [0,1,2,3,4,5,6,7,8,9] [204,205,206,207,208,209,210,211]
34049.91813017752 [0,1,2,3,4,5,6,7,8,9] [200,201,202,203,204,205,206,207,208,209,210,211,212]
34044.53197633136 [0,1,2,3,4,5,6,7,8,9] [198,199,200,201,202,203,204,205,206,207,208,209,210]
34037.22287755102 [0,1,2,3,4,5,6,7,8,9] [205,206,207,208,209,210,211]
34035.55600000001 [0,1,2,3,4,5,6,7,8,9] [202,203,204,205,206,207,208,209,210,211,212,213]
34035.556 [0,1,2,3,4,5,6,7,8,9] [201]
34034.38921000001 [0,1,2,3,4,5,6,7,8,9] [203,204,205,206,207,208,209,210,211,212]
34032.22236734694 [0,1,2,3,4,5,6,7,8,9] [200,201,202,203,204,205,206,207,208,209,210,211,212,213]
34030.88896 [0,1,2,3,4,5,6,7,8,9] [206,207,208,209,210]
34029.722250000006 [0,1,2,3,4,5,6,7,8,9] [197,198,199,200,201,202,203,204,205,206,207,208]
34027.22222448978 [0,1,2,3,4,5,6,7,8,9] [198,199,200,201,202,203,204,205,206,207,208,209,210,211]
34026.805562500005 [0,1,2,3,4,5,6,7,8,9] [199,200,201,202]
34024.722290816324 [0,1,2,3,4,5,6,7,8,9] [201,202,203,204,205,206,207,208,209,210,211,212,213,214]
34023.888999999996 [0,1,2,3,4,5,6,7,8,9] [202,203,204,205,206,207,208,209,210,211,212,213,214]
34022.82846280992 [0,1,2,3,4,5,6,7,8,9] [197,198,199,200,201,202,203,204,205,206,207]
34022.33355111109 [0,1,2,3,4,5,6,7,8,9] [200,201,202,203,204,205,206,207,208,209,210,211,212,213,214]
34017.22304081633 [0,1,2,3,4,5,6,7,8,9] [198,199,200,201,202,203,204]
34016.889760000005 [0,1,2,3,4,5,6,7,8,9] [199,200,201,202,203,204,205,206,207,208,209,210,211,212,213]
34016.71030177515 [0,1,2,3,4,5,6,7,8,9] [197,198,199,200,201,202,203,204,205,206,207,208,209]
34013.28437190083 [0,1,2,3,4,5,6,7,8,9] [203,204,205,206,207,208,209,210,211,212,213]
34012.224 [0,1,2,3,4,5,6,7,8,9] [204,205,206,207,208,209,210,211,212]
34008.57909765626 [0,1,2,3,4,5,6,7,8,9] [199,200,201,202,203,204,205,206,207,208,209,210,211,212,213,214]
34006.003484444445 [0,1,2,3,4,5,6,7,8,9] [198,199,200,201,202,203,204,205,206,207,208,209,210,211,212]
34005.22596000001 [0,1,2,3,4,5,6,7,8,9] [197,198,199,200,201,202,203,204,205,206]
34002.50469444446 [0,1,2,3,4,5,6,7,8,9] [203,204,205,206,207,208,209,210,211,212,213,214]
33997.22908163265 [0,1,2,3,4,5,6,7,8,9] [197,198,199,200,201,202,203,204,205,206,207,208,209,210]
33996.67377777778 [0,1,2,3,4,5,6,7,8,9] [198,199,200,201,202,203]
33996.187890625 [0,1,2,3,4,5,6,7,8,9] [205,206,207,208,209,210,211,212]
33993.272640625 [0,1,2,3,4,5,6,7,8,9] [198,199,200,201,202,203,204,205,206,207,208,209,210,211,212,213]
