[Score] [Station index] [Time slots] 
54646.85444444444 [0,1,2,3,4,6,7,8,9] [234]
54568.96000000001 [0,1,2,3,4,6,7,8,9] [234,235]
54506.68444444442 [0,1,2,3,4,6,7,8,9] [233,234]
54501.49641975309 [0,1,2,3,4,6,7,8,9] [233,234,235]
54491.12111111112 [0,1,2,3,4,6,7,8,9] [235]
54423.705679012346 [0,1,2,3,4,6,7,8,9] [234,235,236]
54409.45006944444 [0,1,2,3,4,6,7,8,9] [233,234,235,236]
54366.694444444445 [0,1,2,3,4,6,7,8,9] [233]
54316.1867361111 [0,1,2,3,4,6,7,8,9] [232,233,234,235]
54312.30250000002 [0,1,2,3,4,6,7,8,9] [235,236]
54279.680400000005 [0,1,2,3,4,6,7,8,9] [232,233,234,235,236]
54261.043600000005 [0,1,2,3,4,6,7,8,9] [233,234,235,236,237]
54257.937777777755 [0,1,2,3,4,6,7,8,9] [232,233,234]
54234.64694444446 [0,1,2,3,4,6,7,8,9] [234,235,236,237]
54216.53530864197 [0,1,2,3,4,6,7,8,9] [233,234,235,236,237,238]
54215.796122448985 [0,1,2,3,4,6,7,8,9] [233,234,235,236,237,238,239]
54211.36111111111 [0,1,2,3,4,6,7,8,9] [239]
54208.25671111111 [0,1,2,3,4,6,7,8,9] [231,232,233,234,235]
54199.720069444455 [0,1,2,3,4,6,7,8,9] [233,234,235,236,237,238,239,240]
54195.84000000001 [0,1,2,3,4,6,7,8,9] [231,232,233,234,235,236]
54190.66679012346 [0,1,2,3,4,6,7,8,9] [234,235,236,237,238,239]
54186.52839999998 [0,1,2,3,4,6,7,8,9] [234,235,236,237,238]
54177.73484567903 [0,1,2,3,4,6,7,8,9] [232,233,234,235,236,237]
54175.887551020394 [0,1,2,3,4,6,7,8,9] [234,235,236,237,238,239,240]
54158.9862673611 [0,1,2,3,4,6,7,8,9] [232,233,234,235,236,237,238,239]
54151.506213151915 [0,1,2,3,4,6,7,8,9] [232,233,234,235,236,237,238]
54151.013717421134 [0,1,2,3,4,6,7,8,9] [232,233,234,235,236,237,238,239,240]
54149.29000000001 [0,1,2,3,4,6,7,8,9] [239,240]
54137.655624999985 [0,1,2,3,4,6,7,8,9] [231,232,233,234]
54133.77777777778 [0,1,2,3,4,6,7,8,9] [233,234,235,236,237,238,239,240,241]
54133.77777777776 [0,1,2,3,4,6,7,8,9] [236]
54120.48335600905 [0,1,2,3,4,6,7,8,9] [231,232,233,234,235,236,237]
54116.544581618655 [0,1,2,3,4,6,7,8,9] [231,232,233,234,235,236,237,238,239]
54113.615211111115 [0,1,2,3,4,6,7,8,9] [231,232,233,234,235,236,237,238,239,240]
54104.69835069447 [0,1,2,3,4,6,7,8,9] [231,232,233,234,235,236,237,238]
54104.698350694445 [0,1,2,3,4,6,7,8,9] [234,235,236,237,238,239,240,241]
54102.75999999999 [0,1,2,3,4,6,7,8,9] [238,239]
54102.75999999998 [0,1,2,3,4,6,7,8,9] [230,231,232,233,234,235,236]
54099.65871111111 [0,1,2,3,4,6,7,8,9] [235,236,237,238,239]
54097.591234567895 [0,1,2,3,4,6,7,8,9] [235,236,237,238,239,240]
54097.59123456788 [0,1,2,3,4,6,7,8,9] [238,239,240]
54096.55751111111 [0,1,2,3,4,6,7,8,9] [232,233,234,235,236,237,238,239,240,241]
54087.254444444436 [0,1,2,3,4,6,7,8,9] [240]
54071.7511111111 [0,1,2,3,4,6,7,8,9] [235,236,237,238]
54067.523314967846 [0,1,2,3,4,6,7,8,9] [231,232,233,234,235,236,237,238,239,240,241]
54064.00027777777 [0,1,2,3,4,6,7,8,9] [232,233]
54062.45017777777 [0,1,2,3,4,6,7,8,9] [233,234,235,236,237,238,239,240,241,242]
54061.88651056014 [0,1,2,3,4,6,7,8,9] [230,231,232,233,234,235,236,237,238,239,240]
54059.35004444444 [0,1,2,3,4,6,7,8,9] [230,231,232,233,234,235,236,237,238,239]
54056.25 [0,1,2,3,4,6,7,8,9] [229,230,231,232,233,234,235,236]
54048.50027777776 [0,1,2,3,4,6,7,8,9] [230,231,232,233,234,235,236,237]
54045.17913832198 [0,1,2,3,4,6,7,8,9] [229,230,231,232,233,234,235]
54042.47310013718 [0,1,2,3,4,6,7,8,9] [230,231,232,233,234,235,236,237,238]
54035.11570247934 [0,1,2,3,4,6,7,8,9] [232,233,234,235,236,237,238,239,240,241,242]
54034.29389660494 [0,1,2,3,4,6,7,8,9] [229,230,231,232,233,234,235,236,237,238,239,240]
54029.48058769512 [0,1,2,3,4,6,7,8,9] [229,230,231,232,233,234,235,236,237,238,239]
54028.69795610427 [0,1,2,3,4,6,7,8,9] [234,235,236,237,238,239,240,241,242]
54027.46811791383 [0,1,2,3,4,6,7,8,9] [235,236,237,238,239,240,241]
54023.96315586419 [0,1,2,3,4,6,7,8,9] [230,231,232,233,234,235,236,237,238,239,240,241]
54019.0564 [0,1,2,3,4,6,7,8,9] [230,231,232,233,234]
54019.05639999998 [0,1,2,3,4,6,7,8,9] [236,237,238,239,240]
54018.2112396694 [0,1,2,3,4,6,7,8,9] [233,234,235,236,237,238,239,240,241,242,243]
54013.633402777785 [0,1,2,3,4,6,7,8,9] [231,232,233,234,235,236,237,238,239,240,241,242]
54013.20301783266 [0,1,2,3,4,6,7,8,9] [229,230,231,232,233,234,235,236,237]
54011.30934444445 [0,1,2,3,4,6,7,8,9] [229,230,231,232,233,234,235,236,237,238]
54002.87429355281 [0,1,2,3,4,6,7,8,9] [228,229,230,231,232,233,234,235,236]
54002.01361111112 [0,1,2,3,4,6,7,8,9] [236,237,238,239]
54001.41775805392 [0,1,2,3,4,6,7,8,9] [229,230,231,232,233,234,235,236,237,238,239,240,241]
53999.03437869821 [0,1,2,3,4,6,7,8,9] [228,229,230,231,232,233,234,235,236,237,238,239,240]
53996.84966049383 [0,1,2,3,4,6,7,8,9] [232,233,234,235,236,237,238,239,240,241,242,243]
53994.267777777764 [0,1,2,3,4,6,7,8,9] [238]
53991.685956790134 [0,1,2,3,4,6,7,8,9] [228,229,230,231,232,233,234,235,236,237,238,239]
53990.39506944445 [0,1,2,3,4,6,7,8,9] [237,238,239,240]
53986.52249999999 [0,1,2,3,4,6,7,8,9] [228,229,230,231,232,233,234,235]
53983.42454444445 [0,1,2,3,4,6,7,8,9] [234,235,236,237,238,239,240,241,242,243]
53979.96923734384 [0,1,2,3,4,6,7,8,9] [231,232,233,234,235,236,237,238,239,240,241,242,243]
53977.586331360944 [0,1,2,3,4,6,7,8,9] [230,231,232,233,234,235,236,237,238,239,240,241,242]
53974.905624999985 [0,1,2,3,4,6,7,8,9] [238,239,240,241]
53971.73760330577 [0,1,2,3,4,6,7,8,9] [228,229,230,231,232,233,234,235,236,237,238]
53971.03361111112 [0,1,2,3,4,6,7,8,9] [228,229,230,231,232,233,234,235,236,237,238,239,240,241]
53969.484844444436 [0,1,2,3,4,6,7,8,9] [228,229,230,231,232,233,234,235,236,237]
53968.452345679005 [0,1,2,3,4,6,7,8,9] [239,240,241]
53964.39619614513 [0,1,2,3,4,6,7,8,9] [227,228,229,230,231,232,233,234,235,236,237,238,239,240]
53959.97147959181 [0,1,2,3,4,6,7,8,9] [229,230,231,232,233,234,235,236,237,238,239,240,241,242]
53958.12790123457 [0,1,2,3,4,6,7,8,9] [237,238,239]
53954.9513477975 [0,1,2,3,4,6,7,8,9] [227,228,229,230,231,232,233,234,235,236,237,238,239]
53953.99839999999 [0,1,2,3,4,6,7,8,9] [227,228,229,230,231,232,233,234,235,236]
53951.675625 [0,1,2,3,4,6,7,8,9] [235,236,237,238,239,240,241,242]
53950.38521604939 [0,1,2,3,4,6,7,8,9] [236,237,238,239,240,241]
53949.094822530875 [0,1,2,3,4,6,7,8,9] [233,234,235,236,237,238,239,240,241,242,243,244]
53948.910481859406 [0,1,2,3,4,6,7,8,9] [230,231,232,233,234,235,236,237,238,239,240,241,242,243]
53940.57861234566 [0,1,2,3,4,6,7,8,9] [227,228,229,230,231,232,233,234,235,236,237,238,239,240,241]
53934.70301775147 [0,1,2,3,4,6,7,8,9] [232,233,234,235,236,237,238,239,240,241,242,243,244]
53934.3854271605 [0,1,2,3,4,6,7,8,9] [229,230,231,232,233,234,235,236,237,238,239,240,241,242,243]
53934.38542716048 [0,1,2,3,4,6,7,8,9] [226,227,228,229,230,231,232,233,234,235,236,237,238,239,240]
53934.041371742096 [0,1,2,3,4,6,7,8,9] [227,228,229,230,231,232,233,234,235]
53933.61130401235 [0,1,2,3,4,6,7,8,9] [227,228,229,230,231,232,233,234,235,236,237,238]
53932.3211111111 [0,1,2,3,4,6,7,8,9] [236,237,238]
53928.09876951333 [0,1,2,3,4,6,7,8,9] [227,228,229,230,231,232,233,234,235,236,237]
53923.47448979591 [0,1,2,3,4,6,7,8,9] [231,232,233,234,235,236,237,238,239,240,241,242,243,244]
