[Score] [Station index] [Time slots] 
50655.004444444436 [0,1,2,3,4,6,7,8,9] [0]
50400.25000000002 [0,1,2,3,4,6,7,8,9] [0,1]
50200.89197530862 [0,1,2,3,4,6,7,8,9] [0,1,2]
50146.1377777778 [0,1,2,3,4,6,7,8,9] [1]
49996.96000000001 [0,1,2,3,4,6,7,8,9] [0,1,2,3]
49974.60250000001 [0,1,2,3,4,6,7,8,9] [1,2]
49803.36111111113 [0,1,2,3,4,6,7,8,9] [2]
49778.56790123458 [0,1,2,3,4,6,7,8,9] [1,2,3]
49773.610000000015 [0,1,2,3,4,6,7,8,9] [0,1,2,3,4]
49600.23901234568 [0,1,2,3,4,6,7,8,9] [0,1,2,3,4,5]
49595.29000000001 [0,1,2,3,4,6,7,8,9] [2,3]
49554.47006944443 [0,1,2,3,4,6,7,8,9] [1,2,3,4]
49432.11111111111 [0,1,2,3,4,6,7,8,9] [0,1,2,3,4,5,6]
49390.617600000005 [0,1,2,3,4,6,7,8,9] [1,2,3,4,5]
49387.65444444445 [0,1,2,3,4,6,7,8,9] [3]
49358.02777777778 [0,1,2,3,4,6,7,8,9] [2,3,4]
49248.856267361116 [0,1,2,3,4,6,7,8,9] [0,1,2,3,4,5,6,7]
49229.74827160492 [0,1,2,3,4,6,7,8,9] [1,2,3,4,5,6]
49202.633611111116 [0,1,2,3,4,6,7,8,9] [2,3,4,5]
49165.6711111111 [0,1,2,3,4,6,7,8,9] [220]
49136.11111111111 [0,1,2,3,4,6,7,8,9] [3,4]
49104.91853223594 [0,1,2,3,4,6,7,8,9] [0,1,2,3,4,5,6,7,8]
49049.59367346939 [0,1,2,3,4,6,7,8,9] [1,2,3,4,5,6,7]
49047.484444444424 [0,1,2,3,4,6,7,8,9] [2,3,4,5,6]
49003.2011111111 [0,1,2,3,4,6,7,8,9] [3,4,5]
48988.44444444442 [0,1,2,3,4,6,7,8,9] [220,221]
48979.59151111109 [0,1,2,3,4,6,7,8,9] [0,1,2,3,4,5,6,7,8,9]
48966.31361111111 [0,1,2,3,4,6,7,8,9] [219,220]
48914.69444444447 [0,1,2,3,4,6,7,8,9] [219,220,221]
48912.85140625001 [0,1,2,3,4,6,7,8,9] [1,2,3,4,5,6,7,8]
48885.20999999999 [0,1,2,3,4,6,7,8,9] [4]
48868.014845679005 [0,1,2,3,4,6,7,8,9] [2,3,4,5,6,7]
48859.41840277778 [0,1,2,3,4,6,7,8,9] [3,4,5,6]
48843.678824609735 [0,1,2,3,4,6,7,8,9] [0,1,2,3,4,5,6,7,8,9,10]
48811.537777777776 [0,1,2,3,4,6,7,8,9] [221]
48795.17371742112 [0,1,2,3,4,6,7,8,9] [1,2,3,4,5,6,7,8,9]
48767.36111111111 [0,1,2,3,4,6,7,8,9] [219]
48748.960069444445 [0,1,2,3,4,6,7,8,9] [218,219,220,221]
48741.60062499999 [0,1,2,3,4,6,7,8,9] [219,220,221,222]
48737.92111111112 [0,1,2,3,4,6,7,8,9] [2,3,4,5,6,7,8]
48737.9211111111 [0,1,2,3,4,6,7,8,9] [5]
48733.015308641974 [0,1,2,3,4,6,7,8,9] [220,221,222]
48728.10975308642 [0,1,2,3,4,6,7,8,9] [218,219,220]
48697.45562500002 [0,1,2,3,4,6,7,8,9] [0,1,2,3,4,5,6,7,8,9,10,11]
48683.97086419754 [0,1,2,3,4,6,7,8,9] [4,5,6]
48682.0096 [0,1,2,3,4,6,7,8,9] [3,4,5,6,7]
48679.06777777776 [0,1,2,3,4,6,7,8,9] [217,218,219,220,221]
48664.35999999999 [0,1,2,3,4,6,7,8,9] [1,2,3,4,5,6,7,8,9,10]
48645.978402777786 [0,1,2,3,4,6,7,8,9] [217,218,219,220]
48643.77284444446 [0,1,2,3,4,6,7,8,9] [218,219,220,221,222]
48627.600277777776 [0,1,2,3,4,6,7,8,9] [2,3,4,5,6,7,8,9]
48614.37017777777 [0,1,2,3,4,6,7,8,9] [219,220,221,222,223]
48603.10151234568 [0,1,2,3,4,6,7,8,9] [217,218,219,220,221,222]
48583.506944444445 [0,1,2,3,4,6,7,8,9] [5,6]
48576.16 [0,1,2,3,4,6,7,8,9] [220,221,222,223]
48561.46777777778 [0,1,2,3,4,6,7,8,9] [219,220,221,222,223,224]
48555.8175147929 [0,1,2,3,4,6,7,8,9] [0,1,2,3,4,5,6,7,8,9,10,11,12]
48554.12249999999 [0,1,2,3,4,6,7,8,9] [218,219,220,221,222,223]
48532.09 [0,1,2,3,4,6,7,8,9] [217,218,219,220,221,222,223]
48529.152711111106 [0,1,2,3,4,6,7,8,9] [216,217,218,219,220]
48525.79591836734 [0,1,2,3,4,6,7,8,9] [216,217,218,219,220,221,222]
48521.40937557391 [0,1,2,3,4,6,7,8,9] [1,2,3,4,5,6,7,8,9,10,11]
48520.34137777778 [0,1,2,3,4,6,7,8,9] [220,221,222,223,224]
48517.40444444444 [0,1,2,3,4,6,7,8,9] [221,222]
48517.40444444442 [0,1,2,3,4,6,7,8,9] [218,219,220,221,222,223,224]
48510.0625 [0,1,2,3,4,6,7,8,9] [218,219]
48506.39173611111 [0,1,2,3,4,6,7,8,9] [4,5,6,7]
48502.72111111112 [0,1,2,3,4,6,7,8,9] [219,220,221,222,223,224,225]
48502.7211111111 [0,1,2,3,4,6,7,8,9] [217,218,219,220,221,222,223,224]
48501.08976680384 [0,1,2,3,4,6,7,8,9] [2,3,4,5,6,7,8,9,10]
48496.42893424036 [0,1,2,3,4,6,7,8,9] [215,216,217,218,219,220,221]
48473.36111111111 [0,1,2,3,4,6,7,8,9] [216,217,218,219,220,221,222,223]
48471.52640625001 [0,1,2,3,4,6,7,8,9] [218,219,220,221,222,223,224,225]
48463.576419753095 [0,1,2,3,4,6,7,8,9] [217,218,219,220,221,222,223,224,225]
48462.35340277777 [0,1,2,3,4,6,7,8,9] [215,216,217,218,219,220,221,222]
48460.78097505667 [0,1,2,3,4,6,7,8,9] [3,4,5,6,7,8,9]
48458.68444444446 [0,1,2,3,4,6,7,8,9] [220,221,222,223,224,225]
48453.792716049385 [0,1,2,3,4,6,7,8,9] [216,217,218,219,220,221,222,223,224]
48444.01000000003 [0,1,2,3,4,6,7,8,9] [215,216,217,218,219,220]
48432.598079561016 [0,1,2,3,4,6,7,8,9] [214,215,216,217,218,219,220,221,222]
48429.33777777778 [0,1,2,3,4,6,7,8,9] [6]
48427.707668038405 [0,1,2,3,4,6,7,8,9] [213,214,215,216,217,218,219,220,221]
48423.46951111112 [0,1,2,3,4,6,7,8,9] [216,217,218,219,220,221,222,223,224,225]
48422.81750342935 [0,1,2,3,4,6,7,8,9] [215,216,217,218,219,220,221,222,223]
48422.00250000002 [0,1,2,3,4,6,7,8,9] [219,220,221,222,223,224,225,226]
48410.26721111112 [0,1,2,3,4,6,7,8,9] [215,216,217,218,219,220,221,222,223,224]
48408.38131519276 [0,1,2,3,4,6,7,8,9] [214,215,216,217,218,219,220]
48408.38131519274 [0,1,2,3,4,6,7,8,9] [0,1,2,3,4,5,6,7,8,9,10,11,12,13]
48407.33361111113 [0,1,2,3,4,6,7,8,9] [213,214,215,216,217,218,219,220,221,222]
48403.259314128925 [0,1,2,3,4,6,7,8,9] [218,219,220,221,222,223,224,225,226]
48402.93337777779 [0,1,2,3,4,6,7,8,9] [217,218,219,220,221,222,223,224,225,226]
48400.0 [0,1,2,3,4,6,7,8,9] [214,215,216,217,218,219,220,221,222,223]
48397.06671111113 [0,1,2,3,4,6,7,8,9] [4,5,6,7,8]
48396.74079561042 [0,1,2,3,4,6,7,8,9] [219,220,221,222,223,224,225,226,227]
48390.66711662076 [0,1,2,3,4,6,7,8,9] [214,215,216,217,218,219,220,221,222,223,224]
48386.667584940304 [0,1,2,3,4,6,7,8,9] [215,216,217,218,219,220,221,222,223,224,225]
48384.00132231406 [0,1,2,3,4,6,7,8,9] [217,218,219,220,221,222,223,224,225,226,227]
48382.89040123457 [0,1,2,3,4,6,7,8,9] [1,2,3,4,5,6,7,8,9,10,11,12]
48382.401600000005 [0,1,2,3,4,6,7,8,9] [218,219,220,221,222,223,224,225,226,227]
48380.44641975307 [0,1,2,3,4,6,7,8,9] [221,222,223]
