[Score] [Station index] [Time slots] 
37319.881 [0,1,2,3,4,5,6,7,8,9] [236,237,238,239]
37297.48469444444 [0,1,2,3,4,5,6,7,8,9] [235,236,237,238,239,240]
37262.30408163264 [0,1,2,3,4,5,6,7,8,9] [234,235,236,237,238,239,240]
37258.816 [0,1,2,3,4,5,6,7,8,9] [235,236,237,238,239]
37224.23469444443 [0,1,2,3,4,5,6,7,8,9] [234,235,236,237,238,239]
37211.52501562499 [0,1,2,3,4,5,6,7,8,9] [233,234,235,236,237,238,239,240]
37185.60400000001 [0,1,2,3,4,5,6,7,8,9] [236]
37181.538777777794 [0,1,2,3,4,5,6,7,8,9] [236,237,238]
37179.50625 [0,1,2,3,4,5,6,7,8,9] [237,238]
37171.66702040815 [0,1,2,3,4,5,6,7,8,9] [233,234,235,236,237,238,239]
37168.531559999996 [0,1,2,3,4,5,6,7,8,9] [232,233,234,235,236,237,238,239,240,241]
37139.88306249998 [0,1,2,3,4,5,6,7,8,9] [235,236,237,238]
37138.1902345679 [0,1,2,3,4,5,6,7,8,9] [232,233,234,235,236,237,238,239,240]
37133.789062499985 [0,1,2,3,4,5,6,7,8,9] [231,232,233,234,235,236,237,238,239,240,241,242]
37130.74225 [0,1,2,3,4,5,6,7,8,9] [236,237]
37123.54119008264 [0,1,2,3,4,5,6,7,8,9] [231,232,233,234,235,236,237,238,239,240,241]
37122.211839999996 [0,1,2,3,4,5,6,7,8,9] [234,235,236,237,238]
37100.281 [0,1,2,3,4,5,6,7,8,9] [235,236]
37094.19025000001 [0,1,2,3,4,5,6,7,8,9] [232,233,234,235,236,237,238,239]
37092.160111111094 [0,1,2,3,4,5,6,7,8,9] [235,236,237]
37091.754089999995 [0,1,2,3,4,5,6,7,8,9] [231,232,233,234,235,236,237,238,239,240]
37084.0401111111 [0,1,2,3,4,5,6,7,8,9] [234,235,236]
37082.01024999999 [0,1,2,3,4,5,6,7,8,9] [234,235,236,237]
37077.95069444444 [0,1,2,3,4,5,6,7,8,9] [233,234,235,236,237,238]
37075.920999999995 [0,1,2,3,4,5,6,7,8,9] [237]
37074.0474852071 [0,1,2,3,4,5,6,7,8,9] [230,231,232,233,234,235,236,237,238,239,240,241,242]
37059.68544444446 [0,1,2,3,4,5,6,7,8,9] [230,231,232,233,234,235,236,237,238,239,240,241]
37051.569 [0,1,2,3,4,5,6,7,8,9] [234]
37047.51111111112 [0,1,2,3,4,5,6,7,8,9] [231,232,233,234,235,236,237,238,239]
37036.96163999999 [0,1,2,3,4,5,6,7,8,9] [233,234,235,236,237]
37033.310249999995 [0,1,2,3,4,5,6,7,8,9] [234,235]
37027.225 [0,1,2,3,4,5,6,7,8,9] [233,234,235,236]
37025.01230578514 [0,1,2,3,4,5,6,7,8,9] [230,231,232,233,234,235,236,237,238,239,240]
37015.056 [0,1,2,3,4,5,6,7,8,9] [235]
37002.88900000001 [0,1,2,3,4,5,6,7,8,9] [232,233,234,235,236,237,238]
36995.068413265304 [0,1,2,3,4,5,6,7,8,9] [229,230,231,232,233,234,235,236,237,238,239,240,241,242]
36978.56099999999 [0,1,2,3,4,5,6,7,8,9] [230,231,232,233,234,235,236,237,238,239]
36975.75443786982 [0,1,2,3,4,5,6,7,8,9] [229,230,231,232,233,234,235,236,237,238,239,240,241]
36974.50711111112 [0,1,2,3,4,5,6,7,8,9] [233,234,235]
36961.840140625 [0,1,2,3,4,5,6,7,8,9] [231,232,233,234,235,236,237,238]
36956.26736111112 [0,1,2,3,4,5,6,7,8,9] [232,233,234,235,236,237]
36954.240999999995 [0,1,2,3,4,5,6,7,8,9] [233,234]
36937.019173611116 [0,1,2,3,4,5,6,7,8,9] [229,230,231,232,233,234,235,236,237,238,239,240]
36932.359840000005 [0,1,2,3,4,5,6,7,8,9] [232,233,234,235,236]
36917.776 [0,1,2,3,4,5,6,7,8,9] [228,229,230,231,232,233,234,235,236,237,238,239,240,241,242]
36916.04002040816 [0,1,2,3,4,5,6,7,8,9] [231,232,233,234,235,236,237]
36894.82579012346 [0,1,2,3,4,5,6,7,8,9] [230,231,232,233,234,235,236,237,238]
36894.34371938774 [0,1,2,3,4,5,6,7,8,9] [228,229,230,231,232,233,234,235,236,237,238,239,240,241]
36889.42677777778 [0,1,2,3,4,5,6,7,8,9] [231,232,233,234,235,236]
36886.85011570247 [0,1,2,3,4,5,6,7,8,9] [229,230,231,232,233,234,235,236,237,238,239]
36878.471173010395 [0,1,2,3,4,5,6,7,8,9] [227,228,229,230,231,232,233,234,235,236,237,238,239,240,241,242,243]
36869.18400000001 [0,1,2,3,4,5,6,7,8,9] [232,233,234,235]
36857.041000000005 [0,1,2,3,4,5,6,7,8,9] [233]
36852.37114792898 [0,1,2,3,4,5,6,7,8,9] [228,229,230,231,232,233,234,235,236,237,238,239,240]
36846.417515625006 [0,1,2,3,4,5,6,7,8,9] [230,231,232,233,234,235,236,237]
36845.65875390625 [0,1,2,3,4,5,6,7,8,9] [227,228,229,230,231,232,233,234,235,236,237,238,239,240,241,242]
36830.33344 [0,1,2,3,4,5,6,7,8,9] [231,232,233,234,235]
36820.623999999996 [0,1,2,3,4,5,6,7,8,9] [232,233,234]
36819.00588444444 [0,1,2,3,4,5,6,7,8,9] [227,228,229,230,231,232,233,234,235,236,237,238,239,240,241]
36813.689469387755 [0,1,2,3,4,5,6,7,8,9] [230,231,232,233,234,235,236]
36802.422249999996 [0,1,2,3,4,5,6,7,8,9] [229,230,231,232,233,234,235,236,237,238]
36799.3890625 [0,1,2,3,4,5,6,7,8,9] [228,229,230,231,232,233,234,235,236,237,238,239]
36784.225 [0,1,2,3,4,5,6,7,8,9] [231,232,233,234]
36775.66314532873 [0,1,2,3,4,5,6,7,8,9] [226,227,228,229,230,231,232,233,234,235,236,237,238,239,240,241,242]
36774.69490306122 [0,1,2,3,4,5,6,7,8,9] [227,228,229,230,231,232,233,234,235,236,237,238,239,240]
36751.88544444443 [0,1,2,3,4,5,6,7,8,9] [230,231,232,233,234,235]
36749.19112345679 [0,1,2,3,4,5,6,7,8,9] [229,230,231,232,233,234,235,236,237]
36746.328515625 [0,1,2,3,4,5,6,7,8,9] [226,227,228,229,230,231,232,233,234,235,236,237,238,239,240,241]
36738.91106925208 [0,1,2,3,4,5,6,7,8,9] [225,226,227,228,229,230,231,232,233,234,235,236,237,238,239,240,241,242,243]
36719.87086390532 [0,1,2,3,4,5,6,7,8,9] [227,228,229,230,231,232,233,234,235,236,237,238,239]
36714.78598347107 [0,1,2,3,4,5,6,7,8,9] [228,229,230,231,232,233,234,235,236,237,238]
36708.4515625 [0,1,2,3,4,5,6,7,8,9] [229,230,231,232,233,234,235,236]
36705.710750566905 [0,1,2,3,4,5,6,7,8,9] [224,225,226,227,228,229,230,231,232,233,234,235,236,237,238,239,240,241,242,243,244]
36705.42224999999 [0,1,2,3,4,5,6,7,8,9] [232,233]
36702.05649382717 [0,1,2,3,4,5,6,7,8,9] [225,226,227,228,229,230,231,232,233,234,235,236,237,238,239,240,241,242]
36700.17173777778 [0,1,2,3,4,5,6,7,8,9] [226,227,228,229,230,231,232,233,234,235,236,237,238,239,240]
36699.363999999994 [0,1,2,3,4,5,6,7,8,9] [230,231,232,233,234]
36695.325444444454 [0,1,2,3,4,5,6,7,8,9] [231,232,233]
36676.34721 [0,1,2,3,4,5,6,7,8,9] [224,225,226,227,228,229,230,231,232,233,234,235,236,237,238,239,240,241,242,243]
36675.135999999984 [0,1,2,3,4,5,6,7,8,9] [231]
36670.14887543253 [0,1,2,3,4,5,6,7,8,9] [225,226,227,228,229,230,231,232,233,234,235,236,237,238,239,240,241]
36664.60458223061 [0,1,2,3,4,5,6,7,8,9] [223,224,225,226,227,228,229,230,231,232,233,234,235,236,237,238,239,240,241,242,243,244,245]
36658.18116 [0,1,2,3,4,5,6,7,8,9] [228,229,230,231,232,233,234,235,236,237]
36643.99746938776 [0,1,2,3,4,5,6,7,8,9] [226,227,228,229,230,231,232,233,234,235,236,237,238,239]
36640.538448979576 [0,1,2,3,4,5,6,7,8,9] [229,230,231,232,233,234,235]
36639.909553719 [0,1,2,3,4,5,6,7,8,9] [223,224,225,226,227,228,229,230,231,232,233,234,235,236,237,238,239,240,241,242,243,244]
36638.17184487535 [0,1,2,3,4,5,6,7,8,9] [224,225,226,227,228,229,230,231,232,233,234,235,236,237,238,239,240,241,242]
36635.78256250001 [0,1,2,3,4,5,6,7,8,9] [227,228,229,230,231,232,233,234,235,236,237,238]
36622.16514062499 [0,1,2,3,4,5,6,7,8,9] [225,226,227,228,229,230,231,232,233,234,235,236,237,238,239,240]
36614.601 [0,1,2,3,4,5,6,7,8,9] [231,232]
36611.911716049384 [0,1,2,3,4,5,6,7,8,9] [228,229,230,231,232,233,234,235,236]
36611.5755625 [0,1,2,3,4,5,6,7,8,9] [230,231,232,233]
36608.8383696145 [0,1,2,3,4,5,6,7,8,9] [223,224,225,226,227,228,229,230,231,232,233,234,235,236,237,238,239,240,241,242,243]
36604.51669444446 [0,1,2,3,4,5,6,7,8,9] [224,225,226,227,228,229,230,231,232,233,234,235,236,237,238,239,240,241]
36597.12241975308 [0,1,2,3,4,5,6,7,8,9] [221,222,223,224,225,226,227,228,229,230,231,232,233,234,235,236,237,238,239,240,241,242,243,244,245,246,247]
36595.94612673611 [0,1,2,3,4,5,6,7,8,9] [222,223,224,225,226,227,228,229,230,231,232,233,234,235,236,237,238,239,240,241,242,243,244,245]
36578.30399999999 [0,1,2,3,4,5,6,7,8,9] [229,230,231,232,233,234]
36577.204371900836 [0,1,2,3,4,5,6,7,8,9] [227,228,229,230,231,232,233,234,235,236,237]
36569.36402457467 [0,1,2,3,4,5,6,7,8,9] [222,223,224,225,226,227,228,229,230,231,232,233,234,235,236,237,238,239,240,241,242,243,244]
36569.23256250001 [0,1,2,3,4,5,6,7,8,9] [223,224,225,226,227,228,229,230,231,232,233,234,235,236,237,238,239,240,241,242]
