[Score] [Station index] [Time slots] 
41873.841 [0,1,2,3,4,5,6,7,8,9] [235]
41789.76025000001 [0,1,2,3,4,5,6,7,8,9] [234,235]
41731.6 [0,1,2,3,4,5,6,7,8,9] [233,234,235]
41705.763999999996 [0,1,2,3,4,5,6,7,8,9] [234]
41684.240111111125 [0,1,2,3,4,5,6,7,8,9] [234,235,236]
41673.48024999999 [0,1,2,3,4,5,6,7,8,9] [235,236]
41667.025000000016 [0,1,2,3,4,5,6,7,8,9] [233,234,235,236]
41667.02499999998 [0,1,2,3,4,5,6,7,8,9] [232,233,234,235]
41660.570250000004 [0,1,2,3,4,5,6,7,8,9] [233,234]
41628.304000000004 [0,1,2,3,4,5,6,7,8,9] [232,233,234,235,236]
41615.401 [0,1,2,3,4,5,6,7,8,9] [233]
41598.20011111113 [0,1,2,3,4,5,6,7,8,9] [232,233,234]
41594.76036000002 [0,1,2,3,4,5,6,7,8,9] [233,234,235,236,237]
41589.600999999995 [0,1,2,3,4,5,6,7,8,9] [234,235,236,237]
41574.55469444444 [0,1,2,3,4,5,6,7,8,9] [232,233,234,235,236,237]
41571.54575999999 [0,1,2,3,4,5,6,7,8,9] [231,232,233,234,235]
41555.21344444445 [0,1,2,3,4,5,6,7,8,9] [231,232,233,234,235,236]
41550.91600000001 [0,1,2,3,4,5,6,7,8,9] [235,236,237]
41544.47025 [0,1,2,3,4,5,6,7,8,9] [232,233]
41525.13600000001 [0,1,2,3,4,5,6,7,8,9] [227]
41525.136 [0,1,2,3,4,5,6,7,8,9] [229]
41519.61275510203 [0,1,2,3,4,5,6,7,8,9] [231,232,233,234,235,236,237]
41517.77175510205 [0,1,2,3,4,5,6,7,8,9] [229,230,231,232,233,234,235]
41516.54444444445 [0,1,2,3,4,5,6,7,8,9] [230,231,232,233,234,235]
41512.24900000001 [0,1,2,3,4,5,6,7,8,9] [229,230,231,232,233,234,235,236]
41510.408163265296 [0,1,2,3,4,5,6,7,8,9] [230,231,232,233,234,235,236]
41496.14306249999 [0,1,2,3,4,5,6,7,8,9] [231,232,233,234]
41495.06944444445 [0,1,2,3,4,5,6,7,8,9] [233,234,235,236,237,238]
41492.92225000001 [0,1,2,3,4,5,6,7,8,9] [227,228,229,230,231,232,233,234,235,236]
41492.00204081632 [0,1,2,3,4,5,6,7,8,9] [232,233,234,235,236,237,238]
41491.311890625024 [0,1,2,3,4,5,6,7,8,9] [228,229,230,231,232,233,234,235]
41489.343716049385 [0,1,2,3,4,5,6,7,8,9] [228,229,230,231,232,233,234,235,236]
41489.34371604938 [0,1,2,3,4,5,6,7,8,9] [229,230,231,232,233,234,235,236,237]
41484.87076562498 [0,1,2,3,4,5,6,7,8,9] [230,231,232,233,234,235,236,237]
41475.941851239666 [0,1,2,3,4,5,6,7,8,9] [227,228,229,230,231,232,233,234,235,236,237]
41473.60000000002 [0,1,2,3,4,5,6,7,8,9] [236]
41471.024040000004 [0,1,2,3,4,5,6,7,8,9] [234,235,236,237,238]
41471.02403999999 [0,1,2,3,4,5,6,7,8,9] [228,229,230,231,232,233,234,235,236,237]
41461.89173553719 [0,1,2,3,4,5,6,7,8,9] [226,227,228,229,230,231,232,233,234,235,236]
41460.721 [0,1,2,3,4,5,6,7,8,9] [226,227,228,229,230,231,232,233,234,235]
41458.57469444444 [0,1,2,3,4,5,6,7,8,9] [229,230,231,232,233,234]
41454.282250000004 [0,1,2,3,4,5,6,7,8,9] [231,232,233,234,235,236,237,238]
41452.136111111104 [0,1,2,3,4,5,6,7,8,9] [227,228,229]
41448.91700694444 [0,1,2,3,4,5,6,7,8,9] [226,227,228,229,230,231,232,233,234,235,236,237]
41447.844000000005 [0,1,2,3,4,5,6,7,8,9] [227,228,229,230,231,232,233,234]
41445.26884 [0,1,2,3,4,5,6,7,8,9] [230,231,232,233,234]
41440.11876 [0,1,2,3,4,5,6,7,8,9] [229,230,231,232,233,234,235,236,237,238]
41438.1875625 [0,1,2,3,4,5,6,7,8,9] [232,233,234,235,236,237,238,239]
41436.80816326531 [0,1,2,3,4,5,6,7,8,9] [228,229,230,231,232,233,234]
41436.04184027777 [0,1,2,3,4,5,6,7,8,9] [227,228,229,230,231,232,233,234,235,236,237,238]
41433.12987755102 [0,1,2,3,4,5,6,7,8,9] [233,234,235,236,237,238,239]
41430.677777777775 [0,1,2,3,4,5,6,7,8,9] [230,231,232,233,234,235,236,237,238]
41427.94711570248 [0,1,2,3,4,5,6,7,8,9] [228,229,230,231,232,233,234,235,236,237,238]
41426.38677777779 [0,1,2,3,4,5,6,7,8,9] [231,232,233]
41415.66025000001 [0,1,2,3,4,5,6,7,8,9] [228,229]
41415.66024999999 [0,1,2,3,4,5,6,7,8,9] [227,228]
41414.94519753087 [0,1,2,3,4,5,6,7,8,9] [226,227,228,229,230,231,232,233,234]
41414.17514792898 [0,1,2,3,4,5,6,7,8,9] [226,227,228,229,230,231,232,233,234,235,236,237,238]
41413.515111111104 [0,1,2,3,4,5,6,7,8,9] [225,226,227,228,229,230,231,232,233,234,235,236]
41412.44256250001 [0,1,2,3,4,5,6,7,8,9] [235,236,237,238]
41411.06359183673 [0,1,2,3,4,5,6,7,8,9] [227,228,229,230,231,232,233]
41410.655012345684 [0,1,2,3,4,5,6,7,8,9] [231,232,233,234,235,236,237,238,239]
41409.225 [0,1,2,3,4,5,6,7,8,9] [229,230,231,232,233]
41408.05500826446 [0,1,2,3,4,5,6,7,8,9] [225,226,227,228,229,230,231,232,233,234,235]
41407.24502366864 [0,1,2,3,4,5,6,7,8,9] [227,228,229,230,231,232,233,234,235,236,237,238,239]
41405.715074380154 [0,1,2,3,4,5,6,7,8,9] [229,230,231,232,233,234,235,236,237,238,239]
41405.265094674556 [0,1,2,3,4,5,6,7,8,9] [225,226,227,228,229,230,231,232,233,234,235,236,237]
41402.79024999999 [0,1,2,3,4,5,6,7,8,9] [234,235,236,237,238,239]
41399.57306250001 [0,1,2,3,4,5,6,7,8,9] [227,228,229,230]
41397.42834027779 [0,1,2,3,4,5,6,7,8,9] [228,229,230,231,232,233,234,235,236,237,238,239]
41393.78244000002 [0,1,2,3,4,5,6,7,8,9] [230,231,232,233,234,235,236,237,238,239]
41392.06677777779 [0,1,2,3,4,5,6,7,8,9] [228,229,230,231,232,233]
41389.92225 [0,1,2,3,4,5,6,7,8,9] [236,237]
41389.00318367347 [0,1,2,3,4,5,6,7,8,9] [226,227,228,229,230,231,232,233,234,235,236,237,238,239]
41383.488999999994 [0,1,2,3,4,5,6,7,8,9] [229,230]
41380.272562499995 [0,1,2,3,4,5,6,7,8,9] [230,231,232,233]
41378.66439062501 [0,1,2,3,4,5,6,7,8,9] [226,227,228,229,230,231,232,233]
41378.54068639054 [0,1,2,3,4,5,6,7,8,9] [224,225,226,227,228,229,230,231,232,233,234,235,236]
41377.05625 [0,1,2,3,4,5,6,7,8,9] [226,227,228,229]
41377.05624999998 [0,1,2,3,4,5,6,7,8,9] [227,228,229,230,231,232]
41376.13732653061 [0,1,2,3,4,5,6,7,8,9] [225,226,227,228,229,230,231,232,233,234,235,236,237,238]
41373.380617346935 [0,1,2,3,4,5,6,7,8,9] [224,225,226,227,228,229,230,231,232,233,234,235,236,237]
41370.624 [0,1,2,3,4,5,6,7,8,9] [224,225,226,227,228,229,230,231,232,233,234,235]
41366.336111111115 [0,1,2,3,4,5,6,7,8,9] [232,233,234,235,236,237,238,239,240]
41363.273469387736 [0,1,2,3,4,5,6,7,8,9] [227,228,229,230,231,232,233,234,235,236,237,238,239,240]
41361.619689999985 [0,1,2,3,4,5,6,7,8,9] [225,226,227,228,229,230,231,232,233,234]
41357.761000000006 [0,1,2,3,4,5,6,7,8,9] [227,228,229,230,231]
41357.760999999984 [0,1,2,3,4,5,6,7,8,9] [229,230,231,232]
41355.18863999999 [0,1,2,3,4,5,6,7,8,9] [225,226,227,228,229,230,231,232,233,234,235,236,237,238,239]
41354.54556249999 [0,1,2,3,4,5,6,7,8,9] [229,230,231,232,233,234,235,236,237,238,239,240]
41352.937890625 [0,1,2,3,4,5,6,7,8,9] [233,234,235,236,237,238,239,240]
41350.83559763314 [0,1,2,3,4,5,6,7,8,9] [228,229,230,231,232,233,234,235,236,237,238,239,240]
41350.044160000005 [0,1,2,3,4,5,6,7,8,9] [226,227,228,229,230]
41349.18677777779 [0,1,2,3,4,5,6,7,8,9] [226,227,228,229,230,231,232,233,234,235,236,237,238,239,240]
41348.758089999996 [0,1,2,3,4,5,6,7,8,9] [231,232,233,234,235,236,237,238,239,240]
41348.32940444443 [0,1,2,3,4,5,6,7,8,9] [224,225,226,227,228,229,230,231,232,233,234,235,236,237,238]
41347.47204 [0,1,2,3,4,5,6,7,8,9] [228,229,230,231,232]
41344.9 [0,1,2,3,4,5,6,7,8,9] [226,227,228,229,230,231,232]
41343.06287755102 [0,1,2,3,4,5,6,7,8,9] [223,224,225,226,227,228,229,230,231,232,233,234,235,236]
41342.328040000015 [0,1,2,3,4,5,6,7,8,9] [235,236,237,238,239]
