[Score] [Station index] [Time slots] 
68138.4011111111 [0,1,2,3,4,6,7,8,9] [206]
68016.64000000001 [0,1,2,3,4,6,7,8,9] [206,207]
67941.31864197532 [0,1,2,3,4,6,7,8,9] [206,207,208]
67894.98777777777 [0,1,2,3,4,6,7,8,9] [207]
67889.1975308642 [0,1,2,3,4,6,7,8,9] [205,206,207]
67886.30249999999 [0,1,2,3,4,6,7,8,9] [205,206]
67864.59173611109 [0,1,2,3,4,6,7,8,9] [205,206,207,208]
67842.88444444441 [0,1,2,3,4,6,7,8,9] [207,208]
67790.8011111111 [0,1,2,3,4,6,7,8,9] [208]
67787.32960000003 [0,1,2,3,4,6,7,8,9] [204,205,206,207,208]
67786.4617361111 [0,1,2,3,4,6,7,8,9] [204,205,206,207]
67782.1225 [0,1,2,3,4,6,7,8,9] [206,207,208,209]
67752.61937777778 [0,1,2,3,4,6,7,8,9] [205,206,207,208,209]
67750.30567901237 [0,1,2,3,4,6,7,8,9] [204,205,206]
67706.93114197534 [0,1,2,3,4,6,7,8,9] [204,205,206,207,208,209]
67680.91308641975 [0,1,2,3,4,6,7,8,9] [203,204,205,206,207,208]
67663.57049382718 [0,1,2,3,4,6,7,8,9] [207,208,209]
67658.94617777778 [0,1,2,3,4,6,7,8,9] [203,204,205,206,207]
67634.6711111111 [0,1,2,3,4,6,7,8,9] [205]
67627.24083900226 [0,1,2,3,4,6,7,8,9] [203,204,205,206,207,208,209]
67600.0 [0,1,2,3,4,6,7,8,9] [203,204,205,206]
67572.76464852608 [0,1,2,3,4,6,7,8,9] [202,203,204,205,206,207,208]
67556.67361111111 [0,1,2,3,4,6,7,8,9] [204,205]
67550.89780864195 [0,1,2,3,4,6,7,8,9] [205,206,207,208,209,210]
67548.01000000001 [0,1,2,3,4,6,7,8,9] [208,209]
67540.58448979593 [0,1,2,3,4,6,7,8,9] [204,205,206,207,208,209,210]
67539.34694444443 [0,1,2,3,4,6,7,8,9] [202,203,204,205,206,207,208,209]
67536.45938271606 [0,1,2,3,4,6,7,8,9] [202,203,204,205,206,207]
67534.14937777777 [0,1,2,3,4,6,7,8,9] [206,207,208,209,210]
67491.71006944444 [0,1,2,3,4,6,7,8,9] [203,204,205,206,207,208,209,210]
67478.72111111108 [0,1,2,3,4,6,7,8,9] [204]
67464.86759999998 [0,1,2,3,4,6,7,8,9] [202,203,204,205,206]
67441.92585069445 [0,1,2,3,4,6,7,8,9] [201,202,203,204,205,206,207,208]
67428.70124828533 [0,1,2,3,4,6,7,8,9] [202,203,204,205,206,207,208,209,210]
67426.77777777778 [0,1,2,3,4,6,7,8,9] [201,202,203,204,205,206,207,208,209]
67421.0075308642 [0,1,2,3,4,6,7,8,9] [203,204,205]
67392.16 [0,1,2,3,4,6,7,8,9] [201,202,203,204,205,206,207]
67383.50694444444 [0,1,2,3,4,6,7,8,9] [207,208,209,210]
67351.06293402778 [0,1,2,3,4,6,7,8,9] [204,205,206,207,208,209,210,211]
67338.5200111111 [0,1,2,3,4,6,7,8,9] [201,202,203,204,205,206,207,208,209,210]
67332.83591836733 [0,1,2,3,4,6,7,8,9] [205,206,207,208,209,210,211]
67328.71716049382 [0,1,2,3,4,6,7,8,9] [203,204,205,206,207,208,209,210,211]
67314.30249999999 [0,1,2,3,4,6,7,8,9] [203,204]
67308.53706790123 [0,1,2,3,4,6,7,8,9] [201,202,203,204,205,206]
67305.65444444443 [0,1,2,3,4,6,7,8,9] [217]
67297.00694444444 [0,1,2,3,4,6,7,8,9] [202,203,204,205]
67288.36000000002 [0,1,2,3,4,6,7,8,9] [202,203,204,205,206,207,208,209,210,211]
67286.63067777776 [0,1,2,3,4,6,7,8,9] [200,201,202,203,204,205,206,207,208,209]
67284.5170919067 [0,1,2,3,4,6,7,8,9] [200,201,202,203,204,205,206,207,208]
67282.59567901236 [0,1,2,3,4,6,7,8,9] [206,207,208,209,210,211]
67230.72790123455 [0,1,2,3,4,6,7,8,9] [204,205,206,207,208,209,210,211,212]
67222.66137777778 [0,1,2,3,4,6,7,8,9] [203,204,205,206,207,208,209,210,211,212]
67221.36501736114 [0,1,2,3,4,6,7,8,9] [200,201,202,203,204,205,206,207]
67219.20444444445 [0,1,2,3,4,6,7,8,9] [217,218]
67213.44308641975 [0,1,2,3,4,6,7,8,9] [208,209,210]
67199.76085069444 [0,1,2,3,4,6,7,8,9] [205,206,207,208,209,210,211,212]
67196.73654444446 [0,1,2,3,4,6,7,8,9] [204,205,206,207,208,209,210,211,212,213]
67195.63681359046 [0,1,2,3,4,6,7,8,9] [202,203,204,205,206,207,208,209,210,211,212]
67194.06578512398 [0,1,2,3,4,6,7,8,9] [199,200,201,202,203,204,205,206,207,208,209]
67192.49477502298 [0,1,2,3,4,6,7,8,9] [203,204,205,206,207,208,209,210,211,212,213]
67184.64000000003 [0,1,2,3,4,6,7,8,9] [202,203,204]
67182.9120111111 [0,1,2,3,4,6,7,8,9] [199,200,201,202,203,204,205,206,207,208]
67170.24077160493 [0,1,2,3,4,6,7,8,9] [202,203,204,205,206,207,208,209,210,211,212,213]
67165.44137174211 [0,1,2,3,4,6,7,8,9] [205,206,207,208,209,210,211,212,213]
67150.08444444445 [0,1,2,3,4,6,7,8,9] [203]
67143.1744 [0,1,2,3,4,6,7,8,9] [201,202,203,204,205]
67140.00741512347 [0,1,2,3,4,6,7,8,9] [201,202,203,204,205,206,207,208,209,210,211,212]
67140.00741512344 [0,1,2,3,4,6,7,8,9] [199,200,201,202,203,204,205,206,207,208,209,210]
67137.74532879816 [0,1,2,3,4,6,7,8,9] [206,207,208,209,210,211,212]
67132.81 [0,1,2,3,4,6,7,8,9] [218]
67125.40734693878 [0,1,2,3,4,6,7,8,9] [200,201,202,203,204,205,206]
67121.2949382716 [0,1,2,3,4,6,7,8,9] [217,218,219]
67120.85207100591 [0,1,2,3,4,6,7,8,9] [201,202,203,204,205,206,207,208,209,210,211,212,213]
67119.85562500001 [0,1,2,3,4,6,7,8,9] [200,201,202,203,204,205,206,207,208,209,210,211]
67115.5377777778 [0,1,2,3,4,6,7,8,9] [199,200,201,202,203,204,205,206,207]
67112.08360000001 [0,1,2,3,4,6,7,8,9] [207,208,209,210,211]
67106.9025 [0,1,2,3,4,6,7,8,9] [206,207,208,209,210,211,212,213]
67093.950625 [0,1,2,3,4,6,7,8,9] [203,204,205,206,207,208,209,210,211,212,213,214]
67088.8487144169 [0,1,2,3,4,6,7,8,9] [204,205,206,207,208,209,210,211,212,213,214]
67081.0 [0,1,2,3,4,6,7,8,9] [202,203,204,205,206,207,208,209,210,211,212,213,214]
67075.24456790122 [0,1,2,3,4,6,7,8,9] [198,199,200,201,202,203,204,205,206,207,208,209]
67054.4385272847 [0,1,2,3,4,6,7,8,9] [200,201,202,203,204,205,206,207,208,209,210,211,212]
67054.43852728467 [0,1,2,3,4,6,7,8,9] [199,200,201,202,203,204,205,206,207,208,209,210,211]
67054.31780532598 [0,1,2,3,4,6,7,8,9] [198,199,200,201,202,203,204,205,206,207,208]
67049.92360000001 [0,1,2,3,4,6,7,8,9] [205,206,207,208,209,210,211,212,213,214]
67042.77211451248 [0,1,2,3,4,6,7,8,9] [200,201,202,203,204,205,206,207,208,209,210,211,212,213]
67041.53913832198 [0,1,2,3,4,6,7,8,9] [201,202,203,204,205,206,207,208,209,210,211,212,213,214]
67037.84027777775 [0,1,2,3,4,6,7,8,9] [202,203]
67034.52087442474 [0,1,2,3,4,6,7,8,9] [198,199,200,201,202,203,204,205,206,207,208,209,210]
67029.20999999999 [0,1,2,3,4,6,7,8,9] [218,219]
67020.58027777776 [0,1,2,3,4,6,7,8,9] [201,202,203,204]
67018.4229340278 [0,1,2,3,4,6,7,8,9] [199,200,201,202,203,204,205,206]
67013.27863905326 [0,1,2,3,4,6,7,8,9] [203,204,205,206,207,208,209,210,211,212,213,214,215]
67013.02972656247 [0,1,2,3,4,6,7,8,9] [203,204,205,206,207,208,209,210,211,212,213,214,215,216,217,218]
67011.95111111114 [0,1,2,3,4,6,7,8,9] [216,217,218]
67007.89051903115 [0,1,2,3,4,6,7,8,9] [203,204,205,206,207,208,209,210,211,212,213,214,215,216,217,218,219]
67007.02040816325 [0,1,2,3,4,6,7,8,9] [202,203,204,205,206,207,208,209,210,211,212,213,214,215]
67005.04817777776 [0,1,2,3,4,6,7,8,9] [203,204,205,206,207,208,209,210,211,212,213,214,215,216,217]
67003.89772345677 [0,1,2,3,4,6,7,8,9] [204,205,206,207,208,209,210,211,212,213,214,215,216,217,218]
67003.3225 [0,1,2,3,4,6,7,8,9] [202,203,204,205,206,207,208,209,210,211,212,213,214,215,216,217,218,219]
