[Score] [Station index] [Time slots] 
56011.11111111113 [0,1,2,3,4,6,7,8,9] [209]
55995.33444444446 [0,1,2,3,4,6,7,8,9] [219]
55948.01777777778 [0,1,2,3,4,6,7,8,9] [209,210]
55932.25 [0,1,2,3,4,6,7,8,9] [219,220]
55900.72111111108 [0,1,2,3,4,6,7,8,9] [216]
55892.84027777778 [0,1,2,3,4,6,7,8,9] [215,216]
55890.213456790145 [0,1,2,3,4,6,7,8,9] [208,209,210]
55884.96000000001 [0,1,2,3,4,6,7,8,9] [215]
55884.95999999999 [0,1,2,3,4,6,7,8,9] [210]
55869.2011111111 [0,1,2,3,4,6,7,8,9] [220]
55833.75173611111 [0,1,2,3,4,6,7,8,9] [207,208,209,210]
55816.68753086421 [0,1,2,3,4,6,7,8,9] [207,208,209]
55795.689012345654 [0,1,2,3,4,6,7,8,9] [219,220,221]
55790.44 [0,1,2,3,4,6,7,8,9] [209,210,211]
55786.50340277779 [0,1,2,3,4,6,7,8,9] [208,209,210,211]
55784.1415111111 [0,1,2,3,4,6,7,8,9] [206,207,208,209,210]
55779.94271604938 [0,1,2,3,4,6,7,8,9] [215,216,217]
55777.31854938271 [0,1,2,3,4,6,7,8,9] [215,216,217,218,219,220]
55774.694444444445 [0,1,2,3,4,6,7,8,9] [218,219,220]
55762.099599999994 [0,1,2,3,4,6,7,8,9] [207,208,209,210,211]
55758.95111111112 [0,1,2,3,4,6,7,8,9] [215,216,217,218,219]
55758.951111111106 [0,1,2,3,4,6,7,8,9] [206,207,208,209]
55755.802711111115 [0,1,2,3,4,6,7,8,9] [216,217,218,219,220]
55745.45859410429 [0,1,2,3,4,6,7,8,9] [214,215,216,217,218,219,220]
55740.961451247174 [0,1,2,3,4,6,7,8,9] [215,216,217,218,219,220,221]
55732.71716049383 [0,1,2,3,4,6,7,8,9] [206,207,208,209,210,211]
55727.47111111112 [0,1,2,3,4,6,7,8,9] [218,219]
55727.4711111111 [0,1,2,3,4,6,7,8,9] [216,217]
55724.84817901233 [0,1,2,3,4,6,7,8,9] [214,215,216,217,218,219]
55723.53673611113 [0,1,2,3,4,6,7,8,9] [214,215,216,217]
55719.60250000001 [0,1,2,3,4,6,7,8,9] [207,208]
55719.6025 [0,1,2,3,4,6,7,8,9] [214,215]
55719.60249999998 [0,1,2,3,4,6,7,8,9] [217,218,219,220]
55717.63543402777 [0,1,2,3,4,6,7,8,9] [214,215,216,217,218,219,220,221]
55716.97975308642 [0,1,2,3,4,6,7,8,9] [216,217,218,219,220,221]
55711.734444444446 [0,1,2,3,4,6,7,8,9] [218,219,220,221]
55699.933402777795 [0,1,2,3,4,6,7,8,9] [219,220,221,222]
55699.93340277777 [0,1,2,3,4,6,7,8,9] [215,216,217,218,219,220,221,222]
55699.93340277776 [0,1,2,3,4,6,7,8,9] [215,216,217,218]
55696.0 [0,1,2,3,4,6,7,8,9] [220,221]
55688.1336111111 [0,1,2,3,4,6,7,8,9] [205,206,207,208,209,210]
55684.20062500001 [0,1,2,3,4,6,7,8,9] [213,214,215,216,217,218,219,220]
55683.7636351166 [0,1,2,3,4,6,7,8,9] [214,215,216,217,218,219,220,221,222]
55680.26777777779 [0,1,2,3,4,6,7,8,9] [217,218,219,220,221]
55680.26777777777 [0,1,2,3,4,6,7,8,9] [210,211]
55676.63758053913 [0,1,2,3,4,6,7,8,9] [208,209,210,211,212,213,214,215,216,217,218,219,220]
55675.77326530613 [0,1,2,3,4,6,7,8,9] [207,208,209,210,211,212,213,214,215,216,217,218,219,220]
55675.02419753087 [0,1,2,3,4,6,7,8,9] [206,207,208]
55673.52607709751 [0,1,2,3,4,6,7,8,9] [216,217,218,219,220,221,222]
55670.829511111115 [0,1,2,3,4,6,7,8,9] [214,215,216,217,218]
55669.78086419752 [0,1,2,3,4,6,7,8,9] [206,207,208,209,210,211,212,213,214,215,216,217,218,219,220]
55668.47006944443 [0,1,2,3,4,6,7,8,9] [209,210,211,212,213,214,215,216,217,218,219,220]
55666.28544581619 [0,1,2,3,4,6,7,8,9] [213,214,215,216,217,218,219,220,221]
55665.661275510196 [0,1,2,3,4,6,7,8,9] [208,209,210,211,212,213,214,215,216,217,218,219,220,221]
55665.58637530865 [0,1,2,3,4,6,7,8,9] [207,208,209,210,211,212,213,214,215,216,217,218,219,220,221]
55664.53777777779 [0,1,2,3,4,6,7,8,9] [208,209,210,211,212]
55660.90809335963 [0,1,2,3,4,6,7,8,9] [207,208,209,210,211,212,213,214,215,216,217,218,219]
55660.605625 [0,1,2,3,4,6,7,8,9] [208,209,210,211,212,213,214,215,216,217,218,219]
55660.60562499998 [0,1,2,3,4,6,7,8,9] [206,207,208,209,210,211,212,213,214,215,216,217,218,219,220,221]
55658.24640000002 [0,1,2,3,4,6,7,8,9] [207,208,209,210,211,212,213,214,215,216]
55657.79702947846 [0,1,2,3,4,6,7,8,9] [213,214,215,216,217,218,219]
55657.54737997256 [0,1,2,3,4,6,7,8,9] [208,209,210,211,212,213,214,215,216]
55657.278527284674 [0,1,2,3,4,6,7,8,9] [209,210,211,212,213,214,215,216,217,218,219,220,221]
55655.55020408163 [0,1,2,3,4,6,7,8,9] [206,207,208,209,210,211,212,213,214,215,216,217,218,219]
55653.30342403626 [0,1,2,3,4,6,7,8,9] [206,207,208,209,210,211,212]
55651.95537777778 [0,1,2,3,4,6,7,8,9] [218,219,220,221,222]
55651.66943067031 [0,1,2,3,4,6,7,8,9] [206,207,208,209,210,211,212,213,214,215,216]
55650.239706152424 [0,1,2,3,4,6,7,8,9] [209,210,211,212,213,214,215,216,217,218,219]
55649.79292100694 [0,1,2,3,4,6,7,8,9] [207,208,209,210,211,212,213,214,215,216,217,218,219,220,221,222]
55648.810000000005 [0,1,2,3,4,6,7,8,9] [207,208,209,210,211,212,213,214,215,216,217]
55648.80999999997 [0,1,2,3,4,6,7,8,9] [208,209,210,211,212,213,214,215,216,217,218,219,220,221,222]
55647.23734444445 [0,1,2,3,4,6,7,8,9] [208,209,210,211,212,213,214,215,216,217]
55646.03474048442 [0,1,2,3,4,6,7,8,9] [206,207,208,209,210,211,212,213,214,215,216,217,218,219,220,221,222]
55643.567901234564 [0,1,2,3,4,6,7,8,9] [206,207,208,209,210,211,212,213,214,215,216,217]
55642.91265625 [0,1,2,3,4,6,7,8,9] [209,210,211,212,213,214,215,216]
55640.94694444444 [0,1,2,3,4,6,7,8,9] [213,214,215,216,217,218,219,220,221,222]
55639.82369614512 [0,1,2,3,4,6,7,8,9] [209,210,211,212,213,214,215,216,217,218,219,220,221,222]
55638.32604938273 [0,1,2,3,4,6,7,8,9] [216,217,218]
55637.37301193757 [0,1,2,3,4,6,7,8,9] [210,211,212,213,214,215,216,217,218,219,220]
55637.015625 [0,1,2,3,4,6,7,8,9] [209,210,211,212]
55635.705216049384 [0,1,2,3,4,6,7,8,9] [217,218,219,220,221,222]
55634.00941560937 [0,1,2,3,4,6,7,8,9] [205,206,207,208,209,210,211,212,213,214,215,216,217,218,219,220,221]
55633.084444444445 [0,1,2,3,4,6,7,8,9] [207,208,209,210,211,212,213,214,215,216,217,218]
55633.084444444416 [0,1,2,3,4,6,7,8,9] [209,210,211,212,213,214,215,216,217]
55631.33729766803 [0,1,2,3,4,6,7,8,9] [207,208,209,210,211,212,213,214,215]
55630.225491276404 [0,1,2,3,4,6,7,8,9] [208,209,210,211,212,213,214,215,216,217,218]
55629.93960000001 [0,1,2,3,4,6,7,8,9] [213,214,215,216,217]
55629.45578566733 [0,1,2,3,4,6,7,8,9] [206,207,208,209,210,211,212,213,214,215,216,217,218]
55627.843086419765 [0,1,2,3,4,6,7,8,9] [210,211,212,213,214,215,216,217,218,219,220,221]
55627.18793402776 [0,1,2,3,4,6,7,8,9] [208,209,210,211,212,213,214,215]
55626.794844444434 [0,1,2,3,4,6,7,8,9] [206,207,208,209,210,211,212,213,214,215]
55625.74661234567 [0,1,2,3,4,6,7,8,9] [205,206,207,208,209,210,211,212,213,214,215,216,217,218,219]
55625.22250000001 [0,1,2,3,4,6,7,8,9] [206,207]
55621.7284807956 [0,1,2,3,4,6,7,8,9] [205,206,207,208,209,210,211,212,213,214,215,216,217,218,219,220,221,222]
55617.36111111111 [0,1,2,3,4,6,7,8,9] [212,213,214,215,216,217,218,219,220,221]
55615.788899999985 [0,1,2,3,4,6,7,8,9] [209,210,211,212,213,214,215,216,217,218]
55614.74077160494 [0,1,2,3,4,6,7,8,9] [205,206,207,208,209,210,211,212,213,214,215,216]
55614.21671111111 [0,1,2,3,4,6,7,8,9] [210,211,212,213,214,215,216,217,218,219]
55612.64454444447 [0,1,2,3,4,6,7,8,9] [211,212,213,214,215,216,217,218,219,220]
55611.314266929665 [0,1,2,3,4,6,7,8,9] [210,211,212,213,214,215,216,217,218,219,220,221,222]
