[Score] [Station index] [Time slots] 
68889.99999999997 [0,1,2,3,4,5,6,7,8,9] [230]
68840.20899999999 [0,1,2,3,4,5,6,7,8,9] [232]
68784.90677777778 [0,1,2,3,4,5,6,7,8,9] [230,231,232]
68757.26400000001 [0,1,2,3,4,5,6,7,8,9] [230,231]
68744.82656249998 [0,1,2,3,4,5,6,7,8,9] [230,231,232,233]
68740.68099999998 [0,1,2,3,4,5,6,7,8,9] [245]
68732.39025 [0,1,2,3,4,5,6,7,8,9] [232,233]
68719.95506250003 [0,1,2,3,4,5,6,7,8,9] [229,230,231,232]
68707.52100000002 [0,1,2,3,4,5,6,7,8,9] [229,230]
68700.88996 [0,1,2,3,4,5,6,7,8,9] [229,230,231,232,233]
68696.46944444445 [0,1,2,3,4,5,6,7,8,9] [231,232,233]
68679.89377777778 [0,1,2,3,4,5,6,7,8,9] [229,230,231]
68647.85316000001 [0,1,2,3,4,5,6,7,8,9] [230,231,232,233,234]
68644.53903999999 [0,1,2,3,4,5,6,7,8,9] [228,229,230,231,232]
68641.225 [0,1,2,3,4,5,6,7,8,9] [228,229,230,231,232,233]
68627.41736111112 [0,1,2,3,4,5,6,7,8,9] [229,230,231,232,233,234]
68624.65600000002 [0,1,2,3,4,5,6,7,8,9] [233]
68624.65599999999 [0,1,2,3,4,5,6,7,8,9] [231]
68613.6111111111 [0,1,2,3,4,5,6,7,8,9] [230,231,232,233,234,235]
68600.98946938777 [0,1,2,3,4,5,6,7,8,9] [229,230,231,232,233,234,235]
68595.6650625 [0,1,2,3,4,5,6,7,8,9] [228,229,230,231]
68587.3830625 [0,1,2,3,4,5,6,7,8,9] [231,232,233,234]
68586.79151020409 [0,1,2,3,4,5,6,7,8,9] [228,229,230,231,232,233,234]
68586.00277777777 [0,1,2,3,4,5,6,7,8,9] [228,229,230]
68574.96099999998 [0,1,2,3,4,5,6,7,8,9] [232,233,234]
68570.22908163267 [0,1,2,3,4,5,6,7,8,9] [227,228,229,230,231,232,233]
68568.75039062502 [0,1,2,3,4,5,6,7,8,9] [228,229,230,231,232,233,234,235]
68566.68025 [0,1,2,3,4,5,6,7,8,9] [245,246]
68561.16002777778 [0,1,2,3,4,5,6,7,8,9] [227,228,229,230,231,232]
68558.39999999998 [0,1,2,3,4,5,6,7,8,9] [231,232,233,234,235]
68546.57193877551 [0,1,2,3,4,5,6,7,8,9] [230,231,232,233,234,235,236]
68543.91076562503 [0,1,2,3,4,5,6,7,8,9] [229,230,231,232,233,234,235,236]
68541.84099999999 [0,1,2,3,4,5,6,7,8,9] [244,245]
68531.49264062502 [0,1,2,3,4,5,6,7,8,9] [227,228,229,230,231,232,233,234]
68525.28400000003 [0,1,2,3,4,5,6,7,8,9] [229]
68521.60493827162 [0,1,2,3,4,5,6,7,8,9] [228,229,230,231,232,233,234,235,236]
68505.41824 [0,1,2,3,4,5,6,7,8,9] [227,228,229,230,231]
68499.53264197534 [0,1,2,3,4,5,6,7,8,9] [229,230,231,232,233,234,235,236,237]
68498.38314062501 [0,1,2,3,4,5,6,7,8,9] [226,227,228,229,230,231,232,233]
68496.3140625 [0,1,2,3,4,5,6,7,8,9] [230,231,232,233,234,235,236,237]
68492.176 [0,1,2,3,4,5,6,7,8,9] [244,245,246]
68489.4173611111 [0,1,2,3,4,5,6,7,8,9] [231,232,233,234,235,236]
68483.90025 [0,1,2,3,4,5,6,7,8,9] [227,228,229,230,231,232,233,234,235,236]
68483.90024999999 [0,1,2,3,4,5,6,7,8,9] [228,229,230,231,232,233,234,235,236,237]
68480.35365306123 [0,1,2,3,4,5,6,7,8,9] [226,227,228,229,230,231,232]
68475.625 [0,1,2,3,4,5,6,7,8,9] [241]
68475.62499999997 [0,1,2,3,4,5,6,7,8,9] [249]
68471.94727160492 [0,1,2,3,4,5,6,7,8,9] [226,227,228,229,230,231,232,233,234]
68469.00515999999 [0,1,2,3,4,5,6,7,8,9] [226,227,228,229,230,231,232,233,234,235]
68462.38564 [0,1,2,3,4,5,6,7,8,9] [232,233,234,235,236]
68453.05867768594 [0,1,2,3,4,5,6,7,8,9] [227,228,229,230,231,232,233,234,235,236,237]
68450.80225000001 [0,1,2,3,4,5,6,7,8,9] [229,230,231,232,233,234,235,236,237,238]
68442.52900000001 [0,1,2,3,4,5,6,7,8,9] [235]
68442.529 [0,1,2,3,4,5,6,7,8,9] [230,231,232,233,234,235,236,237,238]
68441.02482644629 [0,1,2,3,4,5,6,7,8,9] [228,229,230,231,232,233,234,235,236,237,238]
68440.16530612246 [0,1,2,3,4,5,6,7,8,9] [231,232,233,234,235,236,237]
68439.5206694215 [0,1,2,3,4,5,6,7,8,9] [226,227,228,229,230,231,232,233,234,235,236]
68437.01377777777 [0,1,2,3,4,5,6,7,8,9] [243,244,245]
68434.25625000002 [0,1,2,3,4,5,6,7,8,9] [228,229]
68425.98400000001 [0,1,2,3,4,5,6,7,8,9] [243,244,245,246]
68421.47207438017 [0,1,2,3,4,5,6,7,8,9] [229,230,231,232,233,234,235,236,237,238,239]
68420.46944444446 [0,1,2,3,4,5,6,7,8,9] [245,246,247]
68420.46944444443 [0,1,2,3,4,5,6,7,8,9] [226,227,228,229,230,231]
68419.36656 [0,1,2,3,4,5,6,7,8,9] [241,242,243,244,245]
68418.34852071005 [0,1,2,3,4,5,6,7,8,9] [229,230,231,232,233,234,235,236,237,238,239,240,241]
68416.33367361114 [0,1,2,3,4,5,6,7,8,9] [227,228,229,230,231,232,233,234,235,236,237,238]
68415.27947750867 [0,1,2,3,4,5,6,7,8,9] [229,230,231,232,233,234,235,236,237,238,239,240,241,242,243,244,245]
68414.9551111111 [0,1,2,3,4,5,6,7,8,9] [241,242,243,244,245,246]
68414.03607716053 [0,1,2,3,4,5,6,7,8,9] [229,230,231,232,233,234,235,236,237,238,239,240,241,242,243,244,245,246]
68413.57656249998 [0,1,2,3,4,5,6,7,8,9] [229,230,231,232,233,234,235,236,237,238,239,240]
68412.98576020407 [0,1,2,3,4,5,6,7,8,9] [228,229,230,231,232,233,234,235,236,237,238,239,240,241]
68411.27901234565 [0,1,2,3,4,5,6,7,8,9] [228,229,230,231,232,233,234,235,236,237,238,239,240,241,242,243,244,245]
68411.09521 [0,1,2,3,4,5,6,7,8,9] [230,231,232,233,234,235,236,237,238,239]
68410.62257653062 [0,1,2,3,4,5,6,7,8,9] [229,230,231,232,233,234,235,236,237,238,239,240,241,242]
68410.31163434903 [0,1,2,3,4,5,6,7,8,9] [228,229,230,231,232,233,234,235,236,237,238,239,240,241,242,243,244,245,246]
68409.441 [0,1,2,3,4,5,6,7,8,9] [230,231,232,233,234,235,236,237,238,239,240,241]
68409.44099999998 [0,1,2,3,4,5,6,7,8,9] [232,233,234,235,236,237]
68408.40712890626 [0,1,2,3,4,5,6,7,8,9] [230,231,232,233,234,235,236,237,238,239,240,241,242,243,244,245]
68408.1685443787 [0,1,2,3,4,5,6,7,8,9] [228,229,230,231,232,233,234,235,236,237,238,239,240]
68407.49489619378 [0,1,2,3,4,5,6,7,8,9] [230,231,232,233,234,235,236,237,238,239,240,241,242,243,244,245,246]
68406.13264 [0,1,2,3,4,5,6,7,8,9] [228,229,230,231,232,233,234,235,236,237,238,239,240,241,242]
68405.3055625 [0,1,2,3,4,5,6,7,8,9] [242,243,244,245]
68403.92711111112 [0,1,2,3,4,5,6,7,8,9] [240,241,242,243,244,245]
68403.42585950415 [0,1,2,3,4,5,6,7,8,9] [230,231,232,233,234,235,236,237,238,239,240]
68402.82436 [0,1,2,3,4,5,6,7,8,9] [242,243,244,245,246]
68402.35175510205 [0,1,2,3,4,5,6,7,8,9] [240,241,242,243,244,245,246]
68401.80644378698 [0,1,2,3,4,5,6,7,8,9] [230,231,232,233,234,235,236,237,238,239,240,241,242]
68401.17025 [0,1,2,3,4,5,6,7,8,9] [244,245,246,247]
68398.9938199446 [0,1,2,3,4,5,6,7,8,9] [229,230,231,232,233,234,235,236,237,238,239,240,241,242,243,244,245,246,247]
68398.91467768597 [0,1,2,3,4,5,6,7,8,9] [225,226,227,228,229,230,231,232,233,234,235]
68398.41344444445 [0,1,2,3,4,5,6,7,8,9] [245,246,247,248,249,250]
68397.25270083101 [0,1,2,3,4,5,6,7,8,9] [227,228,229,230,231,232,233,234,235,236,237,238,239,240,241,242,243,244,245]
68397.03506250001 [0,1,2,3,4,5,6,7,8,9] [227,228,229,230,231,232,233,234,235,236,237,238,239,240,241,242,243,244,245,246]
68396.20804 [0,1,2,3,4,5,6,7,8,9] [228,229,230,231,232,233,234,235,236,237,238,239,240,241,242,243,244,245,246,247]
68395.90730578512 [0,1,2,3,4,5,6,7,8,9] [229,230,231,232,233,234,235,236,237,238,239,240,241,242,243,244,245,246,247,248,249,250]
68395.10535111112 [0,1,2,3,4,5,6,7,8,9] [227,228,229,230,231,232,233,234,235,236,237,238,239,240,241]
68394.96751562502 [0,1,2,3,4,5,6,7,8,9] [229,230,231,232,233,234,235,236,237,238,239,240,241,242,243,244]
68394.55401000002 [0,1,2,3,4,5,6,7,8,9] [225,226,227,228,229,230,231,232,233,234]
68394.17231360947 [0,1,2,3,4,5,6,7,8,9] [227,228,229,230,231,232,233,234,235,236,237,238,239]
68393.61913232514 [0,1,2,3,4,5,6,7,8,9] [228,229,230,231,232,233,234,235,236,237,238,239,240,241,242,243,244,245,246,247,248,249,250]
