[Score] [Station index] [Time slots] 
56160.03600000001 [0,1,2,3,4,5,6,7,8,9] [239]
56115.080999999984 [0,1,2,3,4,5,6,7,8,9] [245]
56100.1 [0,1,2,3,4,5,6,7,8,9] [245,246]
56085.12100000001 [0,1,2,3,4,5,6,7,8,9] [246]
56085.121 [0,1,2,3,4,5,6,7,8,9] [244,245,246]
56081.3765625 [0,1,2,3,4,5,6,7,8,9] [243,244,245,246]
56080.128444444446 [0,1,2,3,4,5,6,7,8,9] [243,244,245]
56070.14400000001 [0,1,2,3,4,5,6,7,8,9] [245,246,247]
56070.14399999999 [0,1,2,3,4,5,6,7,8,9] [241]
56067.148839999994 [0,1,2,3,4,5,6,7,8,9] [243,244,245,246,247]
56066.40006250001 [0,1,2,3,4,5,6,7,8,9] [244,245,246,247]
56062.65625 [0,1,2,3,4,5,6,7,8,9] [241,242,243,244,245,246]
56061.15876 [0,1,2,3,4,5,6,7,8,9] [242,243,244,245,246]
56058.163840000016 [0,1,2,3,4,5,6,7,8,9] [241,242,243,244,245]
56057.040765624995 [0,1,2,3,4,5,6,7,8,9] [239,240,241,242,243,244,245,246]
56055.16900000001 [0,1,2,3,4,5,6,7,8,9] [241,242,243,244,245,246,247]
56053.029877551 [0,1,2,3,4,5,6,7,8,9] [239,240,241,242,243,244,245]
56052.67336111112 [0,1,2,3,4,5,6,7,8,9] [243,244,245,246,247,248]
56052.673361111105 [0,1,2,3,4,5,6,7,8,9] [242,243,244,245,246,247]
56051.84149382715 [0,1,2,3,4,5,6,7,8,9] [239,240,241,242,243,244,245,246,247]
56050.177777777775 [0,1,2,3,4,5,6,7,8,9] [239,240,241]
56049.17956 [0,1,2,3,4,5,6,7,8,9] [244,245,246,247,248]
56047.682249999976 [0,1,2,3,4,5,6,7,8,9] [245,246,247,248]
56045.81064062499 [0,1,2,3,4,5,6,7,8,9] [241,242,243,244,245,246,247,248]
56044.687690000006 [0,1,2,3,4,5,6,7,8,9] [239,240,241,242,243,244,245,246,247,248]
56043.93906250001 [0,1,2,3,4,5,6,7,8,9] [241,242,243,244]
56042.69136111111 [0,1,2,3,4,5,6,7,8,9] [239,240,241,242,243,244]
56042.334877551024 [0,1,2,3,4,5,6,7,8,9] [240,241,242,243,244,245,246]
56042.33487755101 [0,1,2,3,4,5,6,7,8,9] [242,243,244,245,246,247,248]
56040.19599999998 [0,1,2,3,4,5,6,7,8,9] [241,242,243]
56038.324515625 [0,1,2,3,4,5,6,7,8,9] [240,241,242,243,244,245,246,247]
56035.20544444445 [0,1,2,3,4,5,6,7,8,9] [242,243,244]
56035.205444444415 [0,1,2,3,4,5,6,7,8,9] [240,241,242,243,244,245]
56032.71024999999 [0,1,2,3,4,5,6,7,8,9] [239,240,241,242]
56031.87853086418 [0,1,2,3,4,5,6,7,8,9] [240,241,242,243,244,245,246,247,248]
56029.30780165289 [0,1,2,3,4,5,6,7,8,9] [239,240,241,242,243,244,245,246,247,248,249]
56027.36359183675 [0,1,2,3,4,5,6,7,8,9] [243,244,245,246,247,248,249]
56026.88834567902 [0,1,2,3,4,5,6,7,8,9] [241,242,243,244,245,246,247,248,249]
56025.225 [0,1,2,3,4,5,6,7,8,9] [246,247,248]
56023.5616790123 [0,1,2,3,4,5,6,7,8,9] [238,239,240,241,242,243,244,245,246]
56022.231039999984 [0,1,2,3,4,5,6,7,8,9] [238,239,240,241,242,243,244,245,246,247]
56021.48256249998 [0,1,2,3,4,5,6,7,8,9] [242,243,244,245,246,247,248,249]
56020.2351111111 [0,1,2,3,4,5,6,7,8,9] [244,245,246,247,248,249]
56019.23715999998 [0,1,2,3,4,5,6,7,8,9] [240,241,242,243,244]
56018.42066115701 [0,1,2,3,4,5,6,7,8,9] [238,239,240,241,242,243,244,245,246,247,248]
56016.24336000001 [0,1,2,3,4,5,6,7,8,9] [240,241,242,243,244,245,246,247,248,249]
56015.869140625 [0,1,2,3,4,5,6,7,8,9] [238,239,240,241,242,243,244,245]
56013.24963999997 [0,1,2,3,4,5,6,7,8,9] [245,246,247,248,249]
56010.255999999994 [0,1,2,3,4,5,6,7,8,9] [247]
56006.5140625 [0,1,2,3,4,5,6,7,8,9] [238,239,240,241,242,243,244,245,246,247,248,249]
56001.703183673475 [0,1,2,3,4,5,6,7,8,9] [238,239,240,241,242,243,244]
55997.78336111111 [0,1,2,3,4,5,6,7,8,9] [239,240,241,242,243,244,245,246,247,248,249,250]
55995.28900000001 [0,1,2,3,4,5,6,7,8,9] [247,248]
55992.79469444442 [0,1,2,3,4,5,6,7,8,9] [238,239,240,241,242,243]
55990.300444444445 [0,1,2,3,4,5,6,7,8,9] [240,241,242]
55989.302760000006 [0,1,2,3,4,5,6,7,8,9] [241,242,243,244,245,246,247,248,249,250]
55987.80625 [0,1,2,3,4,5,6,7,8,9] [246,247,248,249]
55985.765586776855 [0,1,2,3,4,5,6,7,8,9] [237,238,239,240,241,242,243,244,245,246,247]
55985.3121111111 [0,1,2,3,4,5,6,7,8,9] [237,238,239,240,241,242,243,244,245,246,247,248]
55983.31684000001 [0,1,2,3,4,5,6,7,8,9] [237,238,239,240,241,242,243,244,245,246]
55983.044760330566 [0,1,2,3,4,5,6,7,8,9] [240,241,242,243,244,245,246,247,248,249,250]
55980.32400000001 [0,1,2,3,4,5,6,7,8,9] [242,243,244,245,246,247,248,249,250]
55980.323999999986 [0,1,2,3,4,5,6,7,8,9] [243,244,245,246,247,248,249,250]
55979.17292899407 [0,1,2,3,4,5,6,7,8,9] [238,239,240,241,242,243,244,245,246,247,248,249,250]
55977.60330578512 [0,1,2,3,4,5,6,7,8,9] [236,237,238,239,240,241,242,243,244,245,246]
55977.33123999999 [0,1,2,3,4,5,6,7,8,9] [238,239,240,241,242]
55976.8708224852 [0,1,2,3,4,5,6,7,8,9] [237,238,239,240,241,242,243,244,245,246,247,248,249]
55976.58306250001 [0,1,2,3,4,5,6,7,8,9] [238,239,240,241]
55972.84225000001 [0,1,2,3,4,5,6,7,8,9] [236,237,238,239,240,241,242,243,244,245,246,247,248,249]
55972.01097530864 [0,1,2,3,4,5,6,7,8,9] [237,238,239,240,241,242,243,244,245]
55968.813822485194 [0,1,2,3,4,5,6,7,8,9] [239,240,241,242,243,244,245,246,247,248,249,250,251]
55967.49844897959 [0,1,2,3,4,5,6,7,8,9] [244,245,246,247,248,249,250]
55966.85721 [0,1,2,3,4,5,6,7,8,9] [236,237,238,239,240,241,242,243,244,245]
55957.88024999999 [0,1,2,3,4,5,6,7,8,9] [235,236,237,238,239,240,241,242,243,244,245,246,247,248]
55956.153994082844 [0,1,2,3,4,5,6,7,8,9] [235,236,237,238,239,240,241,242,243,244,245,246,247]
55955.8401322314 [0,1,2,3,4,5,6,7,8,9] [241,242,243,244,245,246,247,248,249,250,251]
55955.38677777777 [0,1,2,3,4,5,6,7,8,9] [247,248,249]
55954.14006250004 [0,1,2,3,4,5,6,7,8,9] [237,238,239,240,241,242,243,244]
55953.605760204104 [0,1,2,3,4,5,6,7,8,9] [237,238,239,240,241,242,243,244,245,246,247,248,249,250]
55953.60576020407 [0,1,2,3,4,5,6,7,8,9] [238,239,240,241,242,243,244,245,246,247,248,249,250,251]
55952.89336111111 [0,1,2,3,4,5,6,7,8,9] [240,241,242,243,244,245,246,247,248,249,250,251]
55952.89336111109 [0,1,2,3,4,5,6,7,8,9] [245,246,247,248,249,250]
55952.39468444443 [0,1,2,3,4,5,6,7,8,9] [235,236,237,238,239,240,241,242,243,244,245,246,247,248,249]
55951.64667361111 [0,1,2,3,4,5,6,7,8,9] [235,236,237,238,239,240,241,242,243,244,245,246]
55951.397337777795 [0,1,2,3,4,5,6,7,8,9] [236,237,238,239,240,241,242,243,244,245,246,247,248,249,250]
55950.40000000001 [0,1,2,3,4,5,6,7,8,9] [236,237,238,239,240,241,242,243,244]
55945.41344444444 [0,1,2,3,4,5,6,7,8,9] [238,239,240]
55944.41616000001 [0,1,2,3,4,5,6,7,8,9] [242,243,244,245,246,247,248,249,250,251]
55940.4271111111 [0,1,2,3,4,5,6,7,8,9] [243,244,245,246,247,248,249,250,251]
55939.714795918364 [0,1,2,3,4,5,6,7,8,9] [237,238,239,240,241,242,243]
55939.52052892562 [0,1,2,3,4,5,6,7,8,9] [235,236,237,238,239,240,241,242,243,244,245]
55937.310765625 [0,1,2,3,4,5,6,7,8,9] [236,237,238,239,240,241,242,243]
55933.57126562501 [0,1,2,3,4,5,6,7,8,9] [235,236,237,238,239,240,241,242,243,244,245,246,247,248,249,250]
55933.3041632653 [0,1,2,3,4,5,6,7,8,9] [239,240,241,242,243,244,245,246,247,248,249,250,251,252]
55931.4522711111 [0,1,2,3,4,5,6,7,8,9] [237,238,239,240,241,242,243,244,245,246,247,248,249,250,251]
55930.766722656226 [0,1,2,3,4,5,6,7,8,9] [236,237,238,239,240,241,242,243,244,245,246,247,248,249,250,251]
55928.4608177778 [0,1,2,3,4,5,6,7,8,9] [234,235,236,237,238,239,240,241,242,243,244,245,246,247,248]
55927.962250000004 [0,1,2,3,4,5,6,7,8,9] [248,249]
55925.15784765624 [0,1,2,3,4,5,6,7,8,9] [234,235,236,237,238,239,240,241,242,243,244,245,246,247,248,249]
55924.757224489804 [0,1,2,3,4,5,6,7,8,9] [234,235,236,237,238,239,240,241,242,243,244,245,246,247]
