[Score] [Station index] [Time slots] 
13935.289 [0,1,2,3,4,5,6,7,8,9] [77]
13901.712250000002 [0,1,2,3,4,5,6,7,8,9] [76,77]
13803.70177777778 [0,1,2,3,4,5,6,7,8,9] [76,77,78]
13791.320111111112 [0,1,2,3,4,5,6,7,8,9] [75,76,77]
13771.521000000002 [0,1,2,3,4,5,6,7,8,9] [77,78]
13749.264000000001 [0,1,2,3,4,5,6,7,8,9] [83]
13745.556250000003 [0,1,2,3,4,5,6,7,8,9] [75,76,77,78]
13741.848999999998 [0,1,2,3,4,5,6,7,8,9] [82,83,84]
13734.436000000002 [0,1,2,3,4,5,6,7,8,9] [76,77,78,79]
13701.842560000001 [0,1,2,3,4,5,6,7,8,9] [75,76,77,78,79]
13701.102250000002 [0,1,2,3,4,5,6,7,8,9] [83,84]
13690.000000000004 [0,1,2,3,4,5,6,7,8,9] [77,78,79]
13681.544163265313 [0,1,2,3,4,5,6,7,8,9] [76,77,78,79,80,81,82]
13676.847604938273 [0,1,2,3,4,5,6,7,8,9] [75,76,77,78,79,80,81,82,83]
13674.46441 [0,1,2,3,4,5,6,7,8,9] [75,76,77,78,79,80,81,82,83,84]
13673.355062500003 [0,1,2,3,4,5,6,7,8,9] [82,83,84,85]
13671.50625 [0,1,2,3,4,5,6,7,8,9] [74,75,76,77]
13669.287839999999 [0,1,2,3,4,5,6,7,8,9] [76,77,78,79,80]
13667.809 [0,1,2,3,4,5,6,7,8,9] [75,76,77,78,79,80,81,82]
13658.937639999998 [0,1,2,3,4,5,6,7,8,9] [74,75,76,77,78]
13657.95211111111 [0,1,2,3,4,5,6,7,8,9] [76,77,78,79,80,81]
13655.71240495868 [0,1,2,3,4,5,6,7,8,9] [75,76,77,78,79,80,81,82,83,84,85]
13653.025 [0,1,2,3,4,5,6,7,8,9] [84]
13645.636000000002 [0,1,2,3,4,5,6,7,8,9] [75,76,77,78,79,80,81]
13641.60647933885 [0,1,2,3,4,5,6,7,8,9] [74,75,76,77,78,79,80,81,82,83,84]
13640.464890000003 [0,1,2,3,4,5,6,7,8,9] [74,75,76,77,78,79,80,81,82,83]
13637.018027777774 [0,1,2,3,4,5,6,7,8,9] [74,75,76,77,78,79]
13628.402777777785 [0,1,2,3,4,5,6,7,8,9] [74,75,76,77,78,79,80,81,82]
13627.172249999994 [0,1,2,3,4,5,6,7,8,9] [74,75,76,77,78,79,80,81,82,83,84,85]
13625.941777777776 [0,1,2,3,4,5,6,7,8,9] [75,76,77,78,79,80,81,82,83,84,85,86]
13623.481000000003 [0,1,2,3,4,5,6,7,8,9] [83,84,85]
13619.79025 [0,1,2,3,4,5,6,7,8,9] [77,78,79,80]
13616.100000000002 [0,1,2,3,4,5,6,7,8,9] [77,78,79,80,81]
13608.721000000001 [0,1,2,3,4,5,6,7,8,9] [78]
13604.505326530616 [0,1,2,3,4,5,6,7,8,9] [74,75,76,77,78,79,80]
13604.110140624998 [0,1,2,3,4,5,6,7,8,9] [74,75,76,77,78,79,80,81]
13601.911390532541 [0,1,2,3,4,5,6,7,8,9] [74,75,76,77,78,79,80,81,82,83,84,85,86]
13601.344000000001 [0,1,2,3,4,5,6,7,8,9] [73,74,75,76,77,78,79,80,81,82,83,84]
13598.885444444444 [0,1,2,3,4,5,6,7,8,9] [81,82,83,84,85,86]
13598.39376 [0,1,2,3,4,5,6,7,8,9] [82,83,84,85,86]
13596.650586776863 [0,1,2,3,4,5,6,7,8,9] [73,74,75,76,77,78,79,80,81,82,83]
13593.969000000003 [0,1,2,3,4,5,6,7,8,9] [75,76,77,78,79,80,81,82,83,84,85,86,87]
13591.132994082844 [0,1,2,3,4,5,6,7,8,9] [73,74,75,76,77,78,79,80,81,82,83,84,85]
13581.436089999997 [0,1,2,3,4,5,6,7,8,9] [73,74,75,76,77,78,79,80,81,82]
13575.540249999995 [0,1,2,3,4,5,6,7,8,9] [73,74,75,76,77,78]
13573.961224489796 [0,1,2,3,4,5,6,7,8,9] [74,75,76,77,78,79,80,81,82,83,84,85,86,87]
13570.277188775512 [0,1,2,3,4,5,6,7,8,9] [73,74,75,76,77,78,79,80,81,82,83,84,85,86]
13568.90896 [0,1,2,3,4,5,6,7,8,9] [73,74,75,76,77]
13568.698469387757 [0,1,2,3,4,5,6,7,8,9] [73,74,75,76,77,78,79]
13566.067474489795 [0,1,2,3,4,5,6,7,8,9] [75,76,77,78,79,80,81,82,83,84,85,86,87,88]
13562.222633136098 [0,1,2,3,4,5,6,7,8,9] [72,73,74,75,76,77,78,79,80,81,82,83,84]
13560.80625 [0,1,2,3,4,5,6,7,8,9] [84,85]
13555.546045918363 [0,1,2,3,4,5,6,7,8,9] [72,73,74,75,76,77,78,79,80,81,82,83,84,85]
13554.669444444447 [0,1,2,3,4,5,6,7,8,9] [72,73,74,75,76,77,78,79,80,81,82,83]
13549.270204444449 [0,1,2,3,4,5,6,7,8,9] [74,75,76,77,78,79,80,81,82,83,84,85,86,87,88]
13548.840765625 [0,1,2,3,4,5,6,7,8,9] [73,74,75,76,77,78,79,80]
13546.325617777777 [0,1,2,3,4,5,6,7,8,9] [73,74,75,76,77,78,79,80,81,82,83,84,85,86,87]
13543.45144897959 [0,1,2,3,4,5,6,7,8,9] [81,82,83,84,85,86,87]
13542.400000000003 [0,1,2,3,4,5,6,7,8,9] [83,84,85,86]
13538.474951111115 [0,1,2,3,4,5,6,7,8,9] [72,73,74,75,76,77,78,79,80,81,82,83,84,85,86]
13537.047801652894 [0,1,2,3,4,5,6,7,8,9] [72,73,74,75,76,77,78,79,80,81,82]
13533.814694444445 [0,1,2,3,4,5,6,7,8,9] [82,83,84,85,86,87]
13533.078937777778 [0,1,2,3,4,5,6,7,8,9] [75,76,77,78,79,80,81,82,83,84,85,86,87,88,89]
13527.683999999997 [0,1,2,3,4,5,6,7,8,9] [71,72,73,74,75,76,77,78,79,80,81,82,83,84]
13526.764515624998 [0,1,2,3,4,5,6,7,8,9] [80,81,82,83,84,85,86,87]
13524.925640625002 [0,1,2,3,4,5,6,7,8,9] [73,74,75,76,77,78,79,80,81,82,83,84,85,86,87,88]
13523.761084444439 [0,1,2,3,4,5,6,7,8,9] [71,72,73,74,75,76,77,78,79,80,81,82,83,84,85]
13519.409765624998 [0,1,2,3,4,5,6,7,8,9] [74,75,76,77,78,79,80,81,82,83,84,85,86,87,88,89]
13518.066325443782 [0,1,2,3,4,5,6,7,8,9] [71,72,73,74,75,76,77,78,79,80,81,82,83]
13518.030972656252 [0,1,2,3,4,5,6,7,8,9] [72,73,74,75,76,77,78,79,80,81,82,83,84,85,86,87]
13510.187777777777 [1,2,3,4,5,6,7,8,9] [99]
13509.759691406245 [0,1,2,3,4,5,6,7,8,9] [71,72,73,74,75,76,77,78,79,80,81,82,83,84,85,86]
13509.30025 [0,1,2,3,4,5,6,7,8,9] [72,73,74,75,76,77,78,79]
13508.565159999998 [0,1,2,3,4,5,6,7,8,9] [72,73,74,75,76,77,78,79,80,81]
13506.675020408162 [0,1,2,3,4,5,6,7,8,9] [72,73,74,75,76,77,78]
13502.440000000002 [1,2,3,4,5,6,7,8,9] [101]
13501.031640625 [0,1,2,3,4,5,6,7,8,9] [81,82,83,84,85,86,87,88]
13499.653785156246 [0,1,2,3,4,5,6,7,8,9] [75,76,77,78,79,80,81,82,83,84,85,86,87,88,89,90]
13499.572737024218 [0,1,2,3,4,5,6,7,8,9] [72,73,74,75,76,77,78,79,80,81,82,83,84,85,86,87,88]
13498.888340277776 [0,1,2,3,4,5,6,7,8,9] [71,72,73,74,75,76,77,78,79,80,81,82]
13498.275999999998 [0,1,2,3,4,5,6,7,8,9] [73,74,75,76,77,78,79,80,81,82,83,84,85,86,87,88,89]
13497.276049382717 [1,2,3,4,5,6,7,8,9] [99,100,101]
13494.694444444449 [1,2,3,4,5,6,7,8,9] [99,100]
13494.602250000002 [0,1,2,3,4,5,6,7,8,9] [79,80,81,82,83,84,85,86,87,88]
13493.377777777776 [0,1,2,3,4,5,6,7,8,9] [70,71,72,73,74,75,76,77,78,79,80,81,82,83,84]
13492.225384083044 [0,1,2,3,4,5,6,7,8,9] [71,72,73,74,75,76,77,78,79,80,81,82,83,84,85,86,87]
13491.847265625003 [0,1,2,3,4,5,6,7,8,9] [70,71,72,73,74,75,76,77,78,79,80,81,82,83,84,85]
13490.929 [0,1,2,3,4,5,6,7,8,9] [80,81,82,83,84,85,86,87,88]
13490.822500000002 [1,2,3,4,5,6,7,8,9] [100,101]
13489.704694444441 [0,1,2,3,4,5,6,7,8,9] [72,73,74,75,76,77]
13488.76849826989 [0,1,2,3,4,5,6,7,8,9] [74,75,76,77,78,79,80,81,82,83,84,85,86,87,88,89,90]
13487.25625 [0,1,2,3,4,5,6,7,8,9] [98,99]
13486.731612244897 [0,1,2,3,4,5,6,7,8,9] [82,83,84,85,86,87,88]
13485.015624999995 [1,2,3,4,5,6,7,8,9] [98,99,100,101]
13482.010331632653 [0,1,2,3,4,5,6,7,8,9] [70,71,72,73,74,75,76,77,78,79,80,81,82,83]
13480.560169550172 [0,1,2,3,4,5,6,7,8,9] [70,71,72,73,74,75,76,77,78,79,80,81,82,83,84,85,86]
13479.210000000001 [1,2,3,4,5,6,7,8,9] [98,99,100]
13479.209999999997 [1,2,3,4,5,6,7,8,9] [100]
13476.241 [0,1,2,3,4,5,6,7,8,9] [97,98,99]
13476.240999999995 [0,1,2,3,4,5,6,7,8,9] [71,72,73,74,75,76,77,78,79,80,81,82,83,84,85,86,87,88]
