[Score] [Station index] [Time slots] 
52151.33444444443 [0,1,2,3,4,6,7,8,9] [0]
52143.72250000001 [0,1,2,3,4,6,7,8,9] [0,1]
52136.11111111111 [0,1,2,3,4,6,7,8,9] [1]
52075.24000000002 [0,1,2,3,4,6,7,8,9] [0,1,2]
52037.21361111112 [0,1,2,3,4,6,7,8,9] [1,2]
51984.0 [0,1,2,3,4,6,7,8,9] [0,1,2,3]
51938.41 [0,1,2,3,4,6,7,8,9] [2]
51928.28160493829 [0,1,2,3,4,6,7,8,9] [1,2,3]
51880.691377777766 [0,1,2,3,4,6,7,8,9] [0,1,2,3,4]
51824.52249999999 [0,1,2,3,4,6,7,8,9] [2,3]
51813.140625 [0,1,2,3,4,6,7,8,9] [1,2,3,4]
51806.81790123458 [0,1,2,3,4,6,7,8,9] [0,1,2,3,4,5]
51738.0516 [0,1,2,3,4,6,7,8,9] [1,2,3,4,5]
51734.58560090701 [0,1,2,3,4,6,7,8,9] [0,1,2,3,4,5,6]
51710.76000000001 [0,1,2,3,4,6,7,8,9] [3]
51705.706790123455 [0,1,2,3,4,6,7,8,9] [2,3,4]
51665.29000000001 [0,1,2,3,4,6,7,8,9] [1,2,3,4,5,6]
51642.56249999998 [0,1,2,3,4,6,7,8,9] [0,1,2,3,4,5,6,7]
51638.77506944445 [0,1,2,3,4,6,7,8,9] [2,3,4,5]
51589.551111111105 [0,1,2,3,4,6,7,8,9] [3,4]
51571.38204444446 [0,1,2,3,4,6,7,8,9] [2,3,4,5,6]
51570.08437641724 [0,1,2,3,4,6,7,8,9] [1,2,3,4,5,6,7]
51547.49795610424 [0,1,2,3,4,6,7,8,9] [0,1,2,3,4,5,6,7,8]
51539.08938271604 [0,1,2,3,4,6,7,8,9] [3,4,5]
51479.82840277777 [0,1,2,3,4,6,7,8,9] [3,4,5,6]
51476.04694444445 [0,1,2,3,4,6,7,8,9] [2,3,4,5,6,7]
51472.265625 [0,1,2,3,4,6,7,8,9] [1,2,3,4,5,6,7,8]
51468.48444444443 [0,1,2,3,4,6,7,8,9] [4]
51453.36111111111 [0,1,2,3,4,6,7,8,9] [4,5]
51438.24 [0,1,2,3,4,6,7,8,9] [5]
51414.05084444445 [0,1,2,3,4,6,7,8,9] [0,1,2,3,4,5,6,7,8,9]
51402.966049382725 [0,1,2,3,4,6,7,8,9] [4,5,6]
51383.82240000001 [0,1,2,3,4,6,7,8,9] [3,4,5,6,7]
51377.77777777778 [0,1,2,3,4,6,7,8,9] [2,3,4,5,6,7,8]
51370.22249999999 [0,1,2,3,4,6,7,8,9] [5,6]
51332.45444444443 [0,1,2,3,4,6,7,8,9] [1,2,3,4,5,6,7,8,9]
51320.0970064279 [0,1,2,3,4,6,7,8,9] [0,1,2,3,4,5,6,7,8,9,10]
51302.25 [0,1,2,3,4,6,7,8,9] [4,5,6,7]
51284.634845679015 [0,1,2,3,4,6,7,8,9] [3,4,5,6,7,8]
51263.24908179013 [0,1,2,3,4,6,7,8,9] [0,1,2,3,4,5,6,7,8,9,10,11]
51246.898271604936 [0,1,2,3,4,6,7,8,9] [5,6,7]
51237.340544444436 [0,1,2,3,4,6,7,8,9] [1,2,3,4,5,6,7,8,9,10]
51232.58136094673 [0,1,2,3,4,6,7,8,9] [0,1,2,3,4,5,6,7,8,9,10,11,12]
51232.43626736113 [0,1,2,3,4,6,7,8,9] [2,3,4,5,6,7,8,9]
51199.62137777779 [0,1,2,3,4,6,7,8,9] [4,5,6,7,8]
51190.13988662131 [0,1,2,3,4,6,7,8,9] [0,1,2,3,4,5,6,7,8,9,10,11,12,13]
51182.89223140493 [0,1,2,3,4,6,7,8,9] [1,2,3,4,5,6,7,8,9,10,11]
51167.44533827159 [0,1,2,3,4,6,7,8,9] [0,1,2,3,4,5,6,7,8,9,10,11,12,13,14]
51156.387160493825 [0,1,2,3,4,6,7,8,9] [1,2,3,4,5,6,7,8,9,10,11,12]
51151.361111111095 [0,1,2,3,4,6,7,8,9] [6,7]
51146.6494140625 [0,1,2,3,4,6,7,8,9] [0,1,2,3,4,5,6,7,8,9,10,11,12,13,14,15]
51137.95951989027 [0,1,2,3,4,6,7,8,9] [2,3,4,5,6,7,8,9,10]
51132.51562500002 [0,1,2,3,4,6,7,8,9] [5,6,7,8]
51131.97723356009 [0,1,2,3,4,6,7,8,9] [3,4,5,6,7,8,9]
51116.572156475995 [0,1,2,3,4,6,7,8,9] [1,2,3,4,5,6,7,8,9,10,11,12,13]
51101.70519415611 [0,1,2,3,4,6,7,8,9] [0,1,2,3,4,5,6,7,8,9,10,11,12,13,14,15,16]
51097.5260770975 [0,1,2,3,4,6,7,8,9] [1,2,3,4,5,6,7,8,9,10,11,12,13,14]
51088.05404444445 [0,1,2,3,4,6,7,8,9] [2,3,4,5,6,7,8,9,10,11]
51080.01785679013 [0,1,2,3,4,6,7,8,9] [1,2,3,4,5,6,7,8,9,10,11,12,13,14,15]
51067.782148760336 [0,1,2,3,4,6,7,8,9] [2,3,4,5,6,7,8,9,10,11,12]
51055.07621742113 [0,1,2,3,4,6,7,8,9] [0,1,2,3,4,5,6,7,8,9,10,11,12,13,14,15,16,17]
51038.34027777778 [0,1,2,3,4,6,7,8,9] [3,4,5,6,7,8,9,10]
51036.457656250015 [0,1,2,3,4,6,7,8,9] [1,2,3,4,5,6,7,8,9,10,11,12,13,14,15,16]
51035.83012345679 [0,1,2,3,4,6,7,8,9] [4,5,6,7,8,9]
51032.06500771605 [0,1,2,3,4,6,7,8,9] [2,3,4,5,6,7,8,9,10,11,12,13]
51030.810000000005 [0,1,2,3,4,6,7,8,9] [6,7,8]
51018.0677186062 [0,1,2,3,4,6,7,8,9] [2,3,4,5,6,7,8,9,10,11,12,13,14]
51013.37359495231 [0,1,2,3,4,6,7,8,9] [0,1,2,3,4,5,6,7,8,9,10,11,12,13,14,15,16,17,18]
51004.99612244898 [0,1,2,3,4,6,7,8,9] [2,3,4,5,6,7,8,9,10,11,12,13,14,15]
51000.694444444445 [0,1,2,3,4,6,7,8,9] [7]
50994.0033058985 [0,1,2,3,4,6,7,8,9] [3,4,5,6,7,8,9,10,11]
50990.95307958478 [0,1,2,3,4,6,7,8,9] [1,2,3,4,5,6,7,8,9,10,11,12,13,14,15,16,17]
50981.1241 [0,1,2,3,4,6,7,8,9] [3,4,5,6,7,8,9,10,11,12]
50975.85580277777 [0,1,2,3,4,6,7,8,9] [0,1,2,3,4,5,6,7,8,9,10,11,12,13,14,15,16,17,18,19]
50963.56416790123 [0,1,2,3,4,6,7,8,9] [2,3,4,5,6,7,8,9,10,11,12,13,14,15,16]
50950.521604938265 [0,1,2,3,4,6,7,8,9] [1,2,3,4,5,6,7,8,9,10,11,12,13,14,15,16,17,18]
50950.06560146925 [0,1,2,3,4,6,7,8,9] [3,4,5,6,7,8,9,10,11,12,13]
50949.51839999999 [0,1,2,3,4,6,7,8,9] [5,6,7,8,9]
50942.63954648525 [0,1,2,3,4,6,7,8,9] [4,5,6,7,8,9,10]
50941.74389660492 [0,1,2,3,4,6,7,8,9] [3,4,5,6,7,8,9,10,11,12,13,14]
50936.90752330564 [0,1,2,3,4,6,7,8,9] [0,1,2,3,4,5,6,7,8,9,10,11,12,13,14,15,16,17,18,19,20]
50933.545621301775 [0,1,2,3,4,6,7,8,9] [3,4,5,6,7,8,9,10,11,12,13,14,15]
50919.80293402777 [0,1,2,3,4,6,7,8,9] [2,3,4,5,6,7,8,9,10,11,12,13,14,15,16,17]
50914.35966759002 [0,1,2,3,4,6,7,8,9] [1,2,3,4,5,6,7,8,9,10,11,12,13,14,15,16,17,18,19]
50904.76043402779 [0,1,2,3,4,6,7,8,9] [4,5,6,7,8,9,10,11]
50900.37345679011 [0,1,2,3,4,6,7,8,9] [4,5,6,7,8,9,10,11,12]
50899.461900826434 [0,1,2,3,4,6,7,8,9] [0,1,2,3,4,5,6,7,8,9,10,11,12,13,14,15,16,17,18,19,20,21]
50895.35999999999 [0,1,2,3,4,6,7,8,9] [7,8]
50894.285719954656 [0,1,2,3,4,6,7,8,9] [3,4,5,6,7,8,9,10,11,12,13,14,15,16]
50881.20569011919 [0,1,2,3,4,6,7,8,9] [2,3,4,5,6,7,8,9,10,11,12,13,14,15,16,17,18]
50876.56173611112 [0,1,2,3,4,6,7,8,9] [1,2,3,4,5,6,7,8,9,10,11,12,13,14,15,16,17,18,19,20]
50874.30617777778 [0,1,2,3,4,6,7,8,9] [4,5,6,7,8,9,10,11,12,13]
50872.119017447214 [0,1,2,3,4,6,7,8,9] [4,5,6,7,8,9,10,11,12,13,14]
50869.043402777796 [0,1,2,3,4,6,7,8,9] [4,5,6,7,8,9,10,11,12,13,14,15]
50865.28444444445 [0,1,2,3,4,6,7,8,9] [12]
50863.32330392775 [0,1,2,3,4,6,7,8,9] [0,1,2,3,4,5,6,7,8,9,10,11,12,13,14,15,16,17,18,19,20,21,22]
50855.26123456788 [0,1,2,3,4,6,7,8,9] [5,6,7,8,9,10]
50852.25446419755 [0,1,2,3,4,6,7,8,9] [3,4,5,6,7,8,9,10,11,12,13,14,15,16,17]
50850.25 [0,1,2,3,4,6,7,8,9] [14]
50846.90931412894 [0,1,2,3,4,6,7,8,9] [2,3,4,5,6,7,8,9,10,11,12,13,14,15,16,17,18,19]
