[Score] [Station index] [Time slots] 
55771.02399999999 [0,1,2,3,4,5,6,7,8,9] [260]
55636.681 [0,1,2,3,4,5,6,7,8,9] [259,260]
55591.936 [0,1,2,3,4,5,6,7,8,9] [258,259,260]
55591.93599999999 [0,1,2,3,4,5,6,7,8,9] [260,261]
55562.115999999995 [0,1,2,3,4,5,6,7,8,9] [259,260,261]
55547.20900000001 [0,1,2,3,4,5,6,7,8,9] [258,259,260,261]
55547.208999999995 [0,1,2,3,4,5,6,7,8,9] [252]
55543.482562500016 [0,1,2,3,4,5,6,7,8,9] [257,258,259,260]
55532.304000000004 [0,1,2,3,4,5,6,7,8,9] [246,247]
55524.85224999998 [0,1,2,3,4,5,6,7,8,9] [252,253]
55517.401 [0,1,2,3,4,5,6,7,8,9] [257,258,259,260,261]
55502.500000000015 [0,1,2,3,4,5,6,7,8,9] [256,257,258,259,260]
55502.5 [0,1,2,3,4,5,6,7,8,9] [259]
55497.53344444443 [0,1,2,3,4,5,6,7,8,9] [252,253,254]
55494.2225308642 [0,1,2,3,4,5,6,7,8,9] [252,253,254,255,256,257,258,259,260]
55492.56711111111 [0,1,2,3,4,5,6,7,8,9] [255,256,257,258,259,260]
55487.60100000001 [0,1,2,3,4,5,6,7,8,9] [256,257,258,259,260,261]
55486.11121 [0,1,2,3,4,5,6,7,8,9] [252,253,254,255,256,257,258,259,260,261]
55485.47273469387 [0,1,2,3,4,5,6,7,8,9] [254,255,256,257,258,259,260]
55483.8765625 [0,1,2,3,4,5,6,7,8,9] [252,253,254,255]
55481.2163265306 [0,1,2,3,4,5,6,7,8,9] [255,256,257,258,259,260,261]
55479.32464197533 [0,1,2,3,4,5,6,7,8,9] [253,254,255,256,257,258,259,260,261]
55478.662560000004 [0,1,2,3,4,5,6,7,8,9] [251,252,253,254,255,256,257,258,259,260]
55478.66255999999 [0,1,2,3,4,5,6,7,8,9] [258,259,260,261,262]
55476.42806249999 [0,1,2,3,4,5,6,7,8,9] [254,255,256,257,258,259,260,261]
55472.70400000001 [0,1,2,3,4,5,6,7,8,9] [259,260,261,262]
55472.70399999999 [0,1,2,3,4,5,6,7,8,9] [253,254]
55467.7387777778 [0,1,2,3,4,5,6,7,8,9] [250,251,252,253,254,255,256,257,258,259,260,261]
55467.73877777778 [0,1,2,3,4,5,6,7,8,9] [246,247,248,249,250,251,252,253,254,255,256,257,258,259,260]
55465.25624999999 [0,1,2,3,4,5,6,7,8,9] [257,258,259,260,261,262]
55464.32531640625 [0,1,2,3,4,5,6,7,8,9] [246,247,248,249,250,251,252,253,254,255,256,257,258,259,260,261]
55462.77377777778 [0,1,2,3,4,5,6,7,8,9] [249,250,251,252,253,254,255,256,257,258,259,260]
55462.77377777776 [0,1,2,3,4,5,6,7,8,9] [260,261,262]
55460.517033057855 [0,1,2,3,4,5,6,7,8,9] [252,253,254,255,256,257,258,259,260,261,262]
55459.670765625 [0,1,2,3,4,5,6,7,8,9] [252,253,254,255,256,257,258,259]
55458.95469822486 [0,1,2,3,4,5,6,7,8,9] [249,250,251,252,253,254,255,256,257,258,259,260,261]
55458.87286224488 [0,1,2,3,4,5,6,7,8,9] [247,248,249,250,251,252,253,254,255,256,257,258,259,260]
55457.80900000001 [0,1,2,3,4,5,6,7,8,9] [248,249,250,251,252,253,254,255,256,257,258,259,260]
55455.8231511111 [0,1,2,3,4,5,6,7,8,9] [247,248,249,250,251,252,253,254,255,256,257,258,259,260,261]
55454.83024 [0,1,2,3,4,5,6,7,8,9] [251,252,253,254,255]
55454.830239999996 [0,1,2,3,4,5,6,7,8,9] [252,253,254,255,256]
55454.61747448979 [0,1,2,3,4,5,6,7,8,9] [248,249,250,251,252,253,254,255,256,257,258,259,260,261]
55454.08556250001 [0,1,2,3,4,5,6,7,8,9] [245,246,247,248,249,250,251,252,253,254,255,256,257,258,259,260]
55454.0855625 [0,1,2,3,4,5,6,7,8,9] [246,247,248,249]
55453.5536530612 [0,1,2,3,4,5,6,7,8,9] [252,253,254,255,256,257,258]
55452.223890624984 [0,1,2,3,4,5,6,7,8,9] [246,247,248,249,250,251,252,253]
55451.85156000002 [0,1,2,3,4,5,6,7,8,9] [253,254,255,256,257,258,259,260,261,262]
55451.67634602076 [0,1,2,3,4,5,6,7,8,9] [245,246,247,248,249,250,251,252,253,254,255,256,257,258,259,260,261]
55451.18964197531 [0,1,2,3,4,5,6,7,8,9] [246,247,248,249,250,251,252,253,254]
55450.36225000002 [0,1,2,3,4,5,6,7,8,9] [251,252,253,254,255,256,257,258,259,260,261,262]
55449.04816955017 [0,1,2,3,4,5,6,7,8,9] [246,247,248,249,250,251,252,253,254,255,256,257,258,259,260,261,262]
55448.87295999999 [0,1,2,3,4,5,6,7,8,9] [250,251,252,253,254]
55447.88011111111 [0,1,2,3,4,5,6,7,8,9] [250,251,252,253,254,255]
55447.4982485207 [0,1,2,3,4,5,6,7,8,9] [250,251,252,253,254,255,256,257,258,259,260,261,262]
55447.1709387755 [0,1,2,3,4,5,6,7,8,9] [256,257,258,259,260,261,262]
55446.63906249999 [0,1,2,3,4,5,6,7,8,9] [255,256,257,258,259,260,261,262]
55446.22538271606 [0,1,2,3,4,5,6,7,8,9] [251,252,253,254,255,256,257,258,259]
55446.22538271603 [0,1,2,3,4,5,6,7,8,9] [254,255,256,257,258,259,260,261,262]
55446.10718877551 [0,1,2,3,4,5,6,7,8,9] [246,247,248,249,250,251,252,253,254,255,256,257,258,259]
55445.89443999998 [0,1,2,3,4,5,6,7,8,9] [246,247,248,249,250]
55445.398027777774 [0,1,2,3,4,5,6,7,8,9] [252,253,254,255,256,257]
55445.04344897958 [0,1,2,3,4,5,6,7,8,9] [246,247,248,249,250,251,252]
55442.91600000001 [0,1,2,3,4,5,6,7,8,9] [250,251,252,253,254,255,256,257,258,259]
55442.916000000005 [0,1,2,3,4,5,6,7,8,9] [255]
55442.91599999999 [0,1,2,3,4,5,6,7,8,9] [251,252]
55441.7704674556 [0,1,2,3,4,5,6,7,8,9] [246,247,248,249,250,251,252,253,254,255,256,257,258]
55440.78859183673 [0,1,2,3,4,5,6,7,8,9] [249,250,251,252,253,254,255,256,257,258,259,260,261,262]
55440.208396694215 [0,1,2,3,4,5,6,7,8,9] [246,247,248,249,250,251,252,253,254,255,256]
55440.12378515625 [0,1,2,3,4,5,6,7,8,9] [247,248,249,250,251,252,253,254,255,256,257,258,259,260,261,262]
55439.1930625 [0,1,2,3,4,5,6,7,8,9] [251,252,253,254,255,256,257,258]
55437.95211111112 [0,1,2,3,4,5,6,7,8,9] [254,255,256,257,258,259]
55437.9521111111 [0,1,2,3,4,5,6,7,8,9] [248,249,250,251,252,253,254,255,256,257,258,259,260,261,262]
55436.95935999999 [0,1,2,3,4,5,6,7,8,9] [255,256,257,258,259]
55436.7111736111 [0,1,2,3,4,5,6,7,8,9] [246,247,248,249,250,251,252,253,254,255,256,257]
55436.29753086419 [0,1,2,3,4,5,6,7,8,9] [250,251,252,253,254,255,256,257,258]
55435.47025000001 [0,1,2,3,4,5,6,7,8,9] [251,252,253,254,255,256]
55435.47024999999 [0,1,2,3,4,5,6,7,8,9] [256,257,258,259]
55434.89752071006 [0,1,2,3,4,5,6,7,8,9] [247,248,249,250,251,252,253,254,255,256,257,258,259]
55434.79338842976 [0,1,2,3,4,5,6,7,8,9] [249,250,251,252,253,254,255,256,257,258,259]
55434.64297530863 [0,1,2,3,4,5,6,7,8,9] [247,248,249,250,251,252,253,254,255]
55434.40661224492 [0,1,2,3,4,5,6,7,8,9] [249,250,251,252,253,254,255]
55433.60889062501 [0,1,2,3,4,5,6,7,8,9] [247,248,249,250,251,252,253,254]
55432.988444444476 [0,1,2,3,4,5,6,7,8,9] [245,246,247,248,249,250,251,252,253,254,255,256,257,258,259]
55432.988444444454 [0,1,2,3,4,5,6,7,8,9] [249,250,251,252,253,254]
55432.98844444445 [0,1,2,3,4,5,6,7,8,9] [250,251,252]
55432.27936734694 [0,1,2,3,4,5,6,7,8,9] [247,248,249,250,251,252,253]
55432.27936734692 [0,1,2,3,4,5,6,7,8,9] [250,251,252,253,254,255,256]
55432.08598347105 [0,1,2,3,4,5,6,7,8,9] [245,246,247,248,249,250,251,252,253,254,255]
55431.74756250001 [0,1,2,3,4,5,6,7,8,9] [248,249,250,251,252,253,254,255,256,257,258,259]
55431.74756249999 [0,1,2,3,4,5,6,7,8,9] [253,254,255,256]
55431.00304000002 [0,1,2,3,4,5,6,7,8,9] [245,246,247,248,249,250,251,252,253,254]
55431.003039999996 [0,1,2,3,4,5,6,7,8,9] [249,250,251,252,253]
55430.652678200684 [0,1,2,3,4,5,6,7,8,9] [244,245,246,247,248,249,250,251,252,253,254,255,256,257,258,259,260]
55430.15216326531 [0,1,2,3,4,5,6,7,8,9] [251,252,253,254,255,256,257]
55429.88626562499 [0,1,2,3,4,5,6,7,8,9] [248,249,250,251,252,253,254,255]
55429.67945679013 [0,1,2,3,4,5,6,7,8,9] [244,245,246,247,248,249,250,251,252,253,254,255,256,257,258,259,260,261]
55429.679456790116 [0,1,2,3,4,5,6,7,8,9] [245,246,247,248,249,250,251,252,253]
55429.265840277796 [0,1,2,3,4,5,6,7,8,9] [247,248,249,250,251,252,253,254,255,256,257,258]
55429.265840277774 [0,1,2,3,4,5,6,7,8,9] [252,253,254,255,256,257,258,259,260,261,262,263]
55428.85222530867 [0,1,2,3,4,5,6,7,8,9] [246,247,248,249,250,251,252,253,254,255,256,257,258,259,260,261,262,263]
