[Score] [Station index] [Time slots] 
51347.56000000001 [0,1,2,3,4,6,7,8,9] [244]
51287.15111111111 [0,1,2,3,4,6,7,8,9] [240]
51272.05444444444 [0,1,2,3,4,6,7,8,9] [236]
51264.506944444445 [0,1,2,3,4,6,7,8,9] [243,244]
51241.86777777776 [0,1,2,3,4,6,7,8,9] [239,240]
51234.32250000001 [0,1,2,3,4,6,7,8,9] [235,236]
51196.604444444456 [0,1,2,3,4,6,7,8,9] [235]
51196.60444444444 [0,1,2,3,4,6,7,8,9] [239]
51191.57641975309 [0,1,2,3,4,6,7,8,9] [242,243,244]
51181.5211111111 [0,1,2,3,4,6,7,8,9] [243]
51158.900277777786 [0,1,2,3,4,6,7,8,9] [239,240,241,242,243,244]
51151.36111111111 [0,1,2,3,4,6,7,8,9] [240,241,242,243,244]
51136.28444444444 [0,1,2,3,4,6,7,8,9] [235,236,237]
51126.23456790124 [0,1,2,3,4,6,7,8,9] [239,240,241]
51121.20999999999 [0,1,2,3,4,6,7,8,9] [239,240,241,242,243]
51117.441736111105 [0,1,2,3,4,6,7,8,9] [241,242,243,244]
51116.18567901234 [0,1,2,3,4,6,7,8,9] [234,235,236]
51113.67361111111 [0,1,2,3,4,6,7,8,9] [242,243]
51106.13777777778 [0,1,2,3,4,6,7,8,9] [239,240,241,242]
51106.13777777777 [0,1,2,3,4,6,7,8,9] [236,237]
51102.370069444456 [0,1,2,3,4,6,7,8,9] [240,241,242,243]
51100.109511111084 [0,1,2,3,4,6,7,8,9] [235,236,237,238,239,240,241,242,243,244]
51099.67893424038 [0,1,2,3,4,6,7,8,9] [239,240,241,242,243,244,245]
51091.06777777776 [0,1,2,3,4,6,7,8,9] [243,244,245]
51089.39347050755 [0,1,2,3,4,6,7,8,9] [236,237,238,239,240,241,242,243,244]
51088.55632716048 [0,1,2,3,4,6,7,8,9] [235,236,237,238,239,240]
51084.609886621314 [0,1,2,3,4,6,7,8,9] [238,239,240,241,242,243,244]
51083.5336111111 [0,1,2,3,4,6,7,8,9] [240,241,242,243,244,245]
51080.10917355372 [0,1,2,3,4,6,7,8,9] [234,235,236,237,238,239,240,241,242,243,244]
51079.76673611112 [0,1,2,3,4,6,7,8,9] [242,243,244,245]
51076.0 [0,1,2,3,4,6,7,8,9] [240,241,242]
51072.65190672151 [0,1,2,3,4,6,7,8,9] [235,236,237,238,239,240,241,242,243]
51072.23340277778 [0,1,2,3,4,6,7,8,9] [234,235,236,237]
51067.78214876032 [0,1,2,3,4,6,7,8,9] [235,236,237,238,239,240,241,242,243,244,245]
51066.96039999999 [0,1,2,3,4,6,7,8,9] [236,237,238,239,240]
51066.58376736111 [0,1,2,3,4,6,7,8,9] [237,238,239,240,241,242,243,244]
51062.18982253086 [0,1,2,3,4,6,7,8,9] [233,234,235,236,237,238,239,240,241,242,243,244]
51060.93444444442 [0,1,2,3,4,6,7,8,9] [235,236,237,238,239,240,241]
51059.05140625001 [0,1,2,3,4,6,7,8,9] [235,236,237,238,239,240,241,242]
51058.78240362813 [0,1,2,3,4,6,7,8,9] [234,235,236,237,238,239,240]
51057.16840277778 [0,1,2,3,4,6,7,8,9] [236,237,238,239,240,241,242,243]
51054.90884444445 [0,1,2,3,4,6,7,8,9] [236,237,238,239,240,241,242,243,244,245]
51053.402500000004 [0,1,2,3,4,6,7,8,9] [234,235,236,237,238,239,240,241,242,243]
51052.14722993827 [0,1,2,3,4,6,7,8,9] [234,235,236,237,238,239,240,241,242,243,244,245]
51048.88360000001 [0,1,2,3,4,6,7,8,9] [235,236,237,238,239]
51045.87111111112 [0,1,2,3,4,6,7,8,9] [244,245]
51045.871111111104 [0,1,2,3,4,6,7,8,9] [242]
51042.858711111105 [0,1,2,3,4,6,7,8,9] [241,242,243,244,245]
51042.10562499998 [0,1,2,3,4,6,7,8,9] [238,239,240,241,242,243,244,245]
51041.236686390526 [0,1,2,3,4,6,7,8,9] [232,233,234,235,236,237,238,239,240,241,242,243,244]
51040.85049382716 [0,1,2,3,4,6,7,8,9] [241,242,243]
51039.41607709751 [0,1,2,3,4,6,7,8,9] [236,237,238,239,240,241,242]
51039.17700960218 [0,1,2,3,4,6,7,8,9] [234,235,236,237,238,239,240,241,242]
51038.340277777796 [0,1,2,3,4,6,7,8,9] [234,235]
51038.34027777778 [0,1,2,3,4,6,7,8,9] [236,237,238,239,240,241]
51038.34027777776 [0,1,2,3,4,6,7,8,9] [234,235,236,237,238,239,240,241]
51037.76100591717 [0,1,2,3,4,6,7,8,9] [233,234,235,236,237,238,239,240,241,242,243,244,245]
51036.28651056015 [0,1,2,3,4,6,7,8,9] [233,234,235,236,237,238,239,240,241,242,243]
51034.575069444465 [0,1,2,3,4,6,7,8,9] [233,234,235,236,237,238,239,240]
51030.810000000005 [0,1,2,3,4,6,7,8,9] [237,238,239,240,241,242,243,244,245]
51026.50723356007 [0,1,2,3,4,6,7,8,9] [237,238,239,240,241,242,243]
51021.774399999995 [0,1,2,3,4,6,7,8,9] [233,234,235,236,237,238,239,240,241,242]
51020.770493827156 [0,1,2,3,4,6,7,8,9] [234,235,236,237,238,239]
51020.05342403629 [0,1,2,3,4,6,7,8,9] [232,233,234,235,236,237,238,239,240,241,242,243,244,245]
51019.09733882032 [0,1,2,3,4,6,7,8,9] [233,234,235,236,237,238,239,240,241]
51015.75111111111 [0,1,2,3,4,6,7,8,9] [232,233,234,235,236,237,238,239,240,241,242,243]
51012.73959999999 [0,1,2,3,4,6,7,8,9] [238,239,240,241,242]
51011.98673611112 [0,1,2,3,4,6,7,8,9] [236,237,238,239]
51011.9867361111 [0,1,2,3,4,6,7,8,9] [239,240,241,242,243,244,245,246]
51007.386021947874 [0,1,2,3,4,6,7,8,9] [232,233,234,235,236,237,238,239,240]
51004.458402777775 [0,1,2,3,4,6,7,8,9] [238,239,240,241]
51003.92068594106 [0,1,2,3,4,6,7,8,9] [231,232,233,234,235,236,237,238,239,240,241,242,243,244]
51001.85257067719 [0,1,2,3,4,6,7,8,9] [234,235,236,237,238,239,240,241,242,243,244,245,246]
51000.69444444447 [0,1,2,3,4,6,7,8,9] [232,233,234,235,236]
51000.694444444445 [0,1,2,3,4,6,7,8,9] [232,233,234,235,236,237,238,239,240,241,242]
51000.69444444442 [0,1,2,3,4,6,7,8,9] [237,238,239,240,241,242]
50998.54367346939 [0,1,2,3,4,6,7,8,9] [233,234,235,236,237,238,239]
50996.17787777778 [0,1,2,3,4,6,7,8,9] [232,233,234,235,236,237,238,239,240,241]
50995.21984389349 [0,1,2,3,4,6,7,8,9] [236,237,238,239,240,241,242,243,244,245,246]
50992.09163265305 [0,1,2,3,4,6,7,8,9] [233,234,235,236,237,238,239,240,241,242,243,244,245,246]
50991.66151111112 [0,1,2,3,4,6,7,8,9] [237,238,239,240,241]
50990.65790123456 [0,1,2,3,4,6,7,8,9] [232,233,234,235,236,237]
50986.64356049382 [0,1,2,3,4,6,7,8,9] [231,232,233,234,235,236,237,238,239,240,241,242,243,244,245]
50985.640000000014 [0,1,2,3,4,6,7,8,9] [240,241,242,243,244,245,246]
50985.639999999985 [0,1,2,3,4,6,7,8,9] [234,235,236,237,238]
50983.63290864197 [0,1,2,3,4,6,7,8,9] [230,231,232,233,234,235,236,237,238,239,240,241,242,243,244]
50980.62234567901 [0,1,2,3,4,6,7,8,9] [233,234,235]
50978.61535308641 [0,1,2,3,4,6,7,8,9] [232,233,234,235,236,237,238,239,240,241,242,243,244,245,246]
50977.53468113081 [0,1,2,3,4,6,7,8,9] [231,232,233,234,235,236,237,238,239,240,241,242,243]
50972.46918402778 [0,1,2,3,4,6,7,8,9] [232,233,234,235,236,237,238,239]
50970.587777777786 [0,1,2,3,4,6,7,8,9] [241,242]
50970.58777777777 [0,1,2,3,4,6,7,8,9] [238,239,240,241,242,243,244,245,246]
50968.706406249985 [0,1,2,3,4,6,7,8,9] [230,231,232,233,234,235,236,237,238,239,240,241,242,243,244,245]
50967.57759999999 [0,1,2,3,4,6,7,8,9] [237,238,239,240,241,242,243,244,245,246]
50967.11450361603 [0,1,2,3,4,6,7,8,9] [235,236,237,238,239,240,241,242,243,244,245,246,247]
50965.570864197514 [0,1,2,3,4,6,7,8,9] [233,234,235,236,237,238]
50960.91252267573 [0,1,2,3,4,6,7,8,9] [234,235,236,237,238,239,240,241,242,243,244,245,246,247]
50960.55419753085 [0,1,2,3,4,6,7,8,9] [231,232,233,234,235,236,237,238,239,240,241,242]
50958.547600000005 [0,1,2,3,4,6,7,8,9] [231,232,233,234,235,236,237,238,239,240]
50957.687641723365 [0,1,2,3,4,6,7,8,9] [230,231,232,233,234,235,236,237,238,239,240,241,242,243]
