[Score] [Station index] [Time slots] 
64600.69444444443 [0,1,2,3,4,6,7,8,9] [248]
64583.75111111111 [0,1,2,3,4,6,7,8,9] [248,249]
64566.80999999999 [0,1,2,3,4,6,7,8,9] [249]
64549.8711111111 [0,1,2,3,4,6,7,8,9] [247,248,249]
64541.4025 [0,1,2,3,4,6,7,8,9] [247,248]
64532.93444444445 [0,1,2,3,4,6,7,8,9] [248,249,250]
64528.700625000005 [0,1,2,3,4,6,7,8,9] [246,247,248,249]
64520.23340277776 [0,1,2,3,4,6,7,8,9] [247,248,249,250]
64515.999999999985 [0,1,2,3,4,6,7,8,9] [246,247,248]
64509.226844444456 [0,1,2,3,4,6,7,8,9] [246,247,248,249,250]
64499.067777777775 [0,1,2,3,4,6,7,8,9] [249,250]
64485.52359999997 [0,1,2,3,4,6,7,8,9] [245,246,247,248,249]
64482.13777777777 [0,1,2,3,4,6,7,8,9] [247]
64476.4949382716 [0,1,2,3,4,6,7,8,9] [245,246,247,248,249,250]
64473.67361111111 [0,1,2,3,4,6,7,8,9] [246,247]
64465.21 [0,1,2,3,4,6,7,8,9] [245,246,247,248]
64459.56790123456 [0,1,2,3,4,6,7,8,9] [244,245,246,247,248,249]
64455.53798185941 [0,1,2,3,4,6,7,8,9] [244,245,246,247,248,249,250]
64438.13017777778 [0,1,2,3,4,6,7,8,9] [244,245,246,247,248]
64434.181512345676 [0,1,2,3,4,6,7,8,9] [246,247,248,249,250,251]
64431.36111111111 [0,1,2,3,4,6,7,8,9] [250]
64427.97671111108 [0,1,2,3,4,6,7,8,9] [247,248,249,250,251]
64420.080123456806 [0,1,2,3,4,6,7,8,9] [245,246,247]
64416.857165532856 [0,1,2,3,4,6,7,8,9] [245,246,247,248,249,250,251]
64414.440000000024 [0,1,2,3,4,6,7,8,9] [246,247,248,249,250,251,252]
64405.98027777778 [0,1,2,3,4,6,7,8,9] [247,248,249,250,251,252]
64401.750625000015 [0,1,2,3,4,6,7,8,9] [245,246,247,248,249,250,251,252]
64399.635850694445 [0,1,2,3,4,6,7,8,9] [243,244,245,246,247,248,249,250]
64397.521111111106 [0,1,2,3,4,6,7,8,9] [244,245,246,247]
64395.10430839001 [0,1,2,3,4,6,7,8,9] [243,244,245,246,247,248,249]
64393.76165980796 [0,1,2,3,4,6,7,8,9] [244,245,246,247,248,249,250,251,252]
64390.75417777778 [0,1,2,3,4,6,7,8,9] [248,249,250,251,252]
64389.062500000015 [0,1,2,3,4,6,7,8,9] [245,246]
64389.0625 [0,1,2,3,4,6,7,8,9] [246,247,248,249,250,251,252,253]
64380.60444444445 [0,1,2,3,4,6,7,8,9] [245,246,247,248,249,250,251,252,253]
64380.60444444444 [0,1,2,3,4,6,7,8,9] [246,247,248,249,250,251,252,253,254]
64378.18795918368 [0,1,2,3,4,6,7,8,9] [247,248,249,250,251,252,253]
64375.52987777779 [0,1,2,3,4,6,7,8,9] [244,245,246,247,248,249,250,251,252,253]
64373.83839999999 [0,1,2,3,4,6,7,8,9] [245,246,247,248,249,250,251,252,253,254]
64370.032656250005 [0,1,2,3,4,6,7,8,9] [247,248,249,250,251,252,253,254]
64369.840449954085 [0,1,2,3,4,6,7,8,9] [244,245,246,247,248,249,250,251,252,253,254]
64369.32790123457 [0,1,2,3,4,6,7,8,9] [244,245,246]
64366.50891975307 [0,1,2,3,4,6,7,8,9] [243,244,245,246,247,248]
64365.56927297668 [0,1,2,3,4,6,7,8,9] [242,243,244,245,246,247,248,249,250]
64361.81075445815 [0,1,2,3,4,6,7,8,9] [243,244,245,246,247,248,249,250,251]
64360.871141975294 [0,1,2,3,4,6,7,8,9] [248,249,250,251,252,253]
64360.30737777779 [0,1,2,3,4,6,7,8,9] [246,247,248,249,250,251,252,253,254,255]
64359.07735537189 [0,1,2,3,4,6,7,8,9] [246,247,248,249,250,251,252,253,254,255,256]
64357.34765625 [0,1,2,3,4,6,7,8,9] [242,243,244,245,246,247,248,249]
64356.002350780516 [0,1,2,3,4,6,7,8,9] [245,246,247,248,249,250,251,252,253,254,255]
64355.2336111111 [0,1,2,3,4,6,7,8,9] [246,247,248,249,250,251,252,253,254,255,256,257]
64354.025600907014 [0,1,2,3,4,6,7,8,9] [248,249,250,251,252,253,254]
64353.82426697531 [0,1,2,3,4,6,7,8,9] [244,245,246,247,248,249,250,251,252,253,254,255]
64353.28221564758 [0,1,2,3,4,6,7,8,9] [244,245,246,247,248,249,250,251,252,253,254,255,256]
64352.4149382716 [0,1,2,3,4,6,7,8,9] [249,250,251]
64351.98130177515 [0,1,2,3,4,6,7,8,9] [245,246,247,248,249,250,251,252,253,254,255,256,257]
64350.40163832198 [0,1,2,3,4,6,7,8,9] [244,245,246,247,248,249,250,251,252,253,254,255,256,257]
64350.16004444444 [0,1,2,3,4,6,7,8,9] [241,242,243,244,245,246,247,248,249,250]
64348.65680384089 [0,1,2,3,4,6,7,8,9] [247,248,249,250,251,252,253,254,255]
64348.46890000001 [0,1,2,3,4,6,7,8,9] [247,248,249,250,251,252,253,254,255,256]
64346.77777777778 [0,1,2,3,4,6,7,8,9] [256]
64345.240413223146 [0,1,2,3,4,6,7,8,9] [247,248,249,250,251,252,253,254,255,256,257]
64342.16573921027 [0,1,2,3,4,6,7,8,9] [243,244,245,246,247,248,249,250,251,252,253]
64341.14086419754 [0,1,2,3,4,6,7,8,9] [241,242,243,244,245,246,247,248,249]
64339.73167438271 [0,1,2,3,4,6,7,8,9] [243,244,245,246,247,248,249,250,251,252,253,254]
64338.32249999998 [0,1,2,3,4,6,7,8,9] [249,250,251,252]
64334.940544444435 [0,1,2,3,4,6,7,8,9] [242,243,244,245,246,247,248,249,250,251]
64333.62536351165 [0,1,2,3,4,6,7,8,9] [248,249,250,251,252,253,254,255,256]
64331.981406249986 [0,1,2,3,4,6,7,8,9] [248,249,250,251,252,253,254,255]
64331.55867777779 [0,1,2,3,4,6,7,8,9] [248,249,250,251,252,253,254,255,256,257]
64331.40495867768 [0,1,2,3,4,6,7,8,9] [242,243,244,245,246,247,248,249,250,251,252]
64331.16846811309 [0,1,2,3,4,6,7,8,9] [246,247,248,249,250,251,252,253,254,255,256,257,258]
64329.8677777778 [0,1,2,3,4,6,7,8,9] [245,246,247,248,249,250,251,252,253,254,255,256,257,258]
64329.86777777777 [0,1,2,3,4,6,7,8,9] [244,245,246,247,248,249,250,251,252,253,254,255,256,257,258]
64328.66000566893 [0,1,2,3,4,6,7,8,9] [243,244,245,246,247,248,249,250,251,252,253,254,255,256]
64327.613279012345 [0,1,2,3,4,6,7,8,9] [243,244,245,246,247,248,249,250,251,252,253,254,255,256,257]
64327.452244897955 [0,1,2,3,4,6,7,8,9] [242,243,244,245,246,247,248]
64327.26643655489 [0,1,2,3,4,6,7,8,9] [243,244,245,246,247,248,249,250,251,252,253,254,255]
64323.71923783287 [0,1,2,3,4,6,7,8,9] [241,242,243,244,245,246,247,248,249,250,251]
64321.413611111115 [0,1,2,3,4,6,7,8,9] [244,245]
64321.4136111111 [0,1,2,3,4,6,7,8,9] [242,243,244,245,246,247,248,249,250,251,252,253]
64320.76331360946 [0,1,2,3,4,6,7,8,9] [242,243,244,245,246,247,248,249,250,251,252,253,254]
64320.00463734566 [0,1,2,3,4,6,7,8,9] [247,248,249,250,251,252,253,254,255,256,257,258]
64319.72284444443 [0,1,2,3,4,6,7,8,9] [243,244,245,246,247]
64312.96000000003 [0,1,2,3,4,6,7,8,9] [242,243,244,245,246,247,248,249,250,251,252,253,254,255,256]
64312.960000000014 [0,1,2,3,4,6,7,8,9] [241,242,243,244,245,246,247,248,249,250,251,252,253]
64312.95999999999 [0,1,2,3,4,6,7,8,9] [257]
64310.54478458051 [0,1,2,3,4,6,7,8,9] [242,243,244,245,246,247,248,249,250,251,252,253,254,255]
64309.790039062515 [0,1,2,3,4,6,7,8,9] [243,244,245,246,247,248,249,250,251,252,253,254,255,256,257,258]
64306.993079584776 [0,1,2,3,4,6,7,8,9] [241,242,243,244,245,246,247,248,249,250,251,252,253,254,255,256,257]
64306.62015625 [0,1,2,3,4,6,7,8,9] [241,242,243,244,245,246,247,248,249,250,251,252,253,254,255,256]
64305.275381083586 [0,1,2,3,4,6,7,8,9] [248,249,250,251,252,253,254,255,256,257,258]
64303.9434271605 [0,1,2,3,4,6,7,8,9] [241,242,243,244,245,246,247,248,249,250,251,252,253,254,255]
64301.68938271605 [0,1,2,3,4,6,7,8,9] [249,250,251,252,253,254,255,256,257]
64300.28062500003 [0,1,2,3,4,6,7,8,9] [244,245,246,247,248,249,250,251,252,253,254,255,256,257,258,259]
64300.280625 [0,1,2,3,4,6,7,8,9] [249,250,251,252,253,254,255,256]
64298.30839012346 [0,1,2,3,4,6,7,8,9] [245,246,247,248,249,250,251,252,253,254,255,256,257,258,259]
64297.261910430854 [0,1,2,3,4,6,7,8,9] [246,247,248,249,250,251,252,253,254,255,256,257,258,259]
64297.04882737409 [0,1,2,3,4,6,7,8,9] [242,243,244,245,246,247,248,249,250,251,252,253,254,255,256,257,258]
64296.05444444445 [0,1,2,3,4,6,7,8,9] [252]
