[Score] [Station index] [Time slots] 
29019.768999999993 [0,1,2,3,4,5,6,7,8,9] [0]
28987.455999999987 [0,1,2,3,4,5,6,7,8,9] [0,1]
28955.161000000004 [0,1,2,3,4,5,6,7,8,9] [1]
28894.20844444444 [0,1,2,3,4,5,6,7,8,9] [0,1,2]
28831.530249999993 [0,1,2,3,4,5,6,7,8,9] [1,2]
28807.37256249999 [0,1,2,3,4,5,6,7,8,9] [0,1,2,3]
28736.747111111104 [0,1,2,3,4,5,6,7,8,9] [1,2,3]
28731.744039999998 [0,1,2,3,4,5,6,7,8,9] [0,1,2,3,4]
28708.163999999997 [0,1,2,3,4,5,6,7,8,9] [2]
28670.670250000006 [0,1,2,3,4,5,6,7,8,9] [0,1,2,3,4,5]
28659.96225 [0,1,2,3,4,5,6,7,8,9] [1,2,3,4]
28627.850249999996 [0,1,2,3,4,5,6,7,8,9] [2,3]
28602.63202040817 [0,1,2,3,4,5,6,7,8,9] [0,1,2,3,4,5,6]
28601.104 [0,1,2,3,4,5,6,7,8,9] [1,2,3,4,5]
28561.898777777784 [0,1,2,3,4,5,6,7,8,9] [2,3,4]
28547.648999999994 [0,1,2,3,4,5,6,7,8,9] [3]
28533.40277777779 [0,1,2,3,4,5,6,7,8,9] [1,2,3,4,5,6]
28524.945765624998 [0,1,2,3,4,5,6,7,8,9] [0,1,2,3,4,5,6,7]
28512.930062500003 [0,1,2,3,4,5,6,7,8,9] [2,3,4,5]
28488.90625 [0,1,2,3,4,5,6,7,8,9] [3,4]
28454.604081632646 [0,1,2,3,4,5,6,7,8,9] [1,2,3,4,5,6,7]
28449.422440000002 [0,1,2,3,4,5,6,7,8,9] [2,3,4,5,6]
28448.000111111112 [0,1,2,3,4,5,6,7,8,9] [3,4,5]
28432.59382716049 [0,1,2,3,4,5,6,7,8,9] [0,1,2,3,4,5,6,7,8]
28430.224000000006 [0,1,2,3,4,5,6,7,8,9] [4]
28398.240999999998 [0,1,2,3,4,5,6,7,8,9] [4,5]
28384.9200625 [0,1,2,3,4,5,6,7,8,9] [3,4,5,6]
28371.602250000007 [0,1,2,3,4,5,6,7,8,9] [2,3,4,5,6,7]
28366.276 [0,1,2,3,4,5,6,7,8,9] [5]
28359.618890625 [0,1,2,3,4,5,6,7,8,9] [1,2,3,4,5,6,7,8]
28356.69001 [0,1,2,3,4,5,6,7,8,9] [0,1,2,3,4,5,6,7,8,9]
28330.780444444455 [0,1,2,3,4,5,6,7,8,9] [4,5,6]
28304.528039999997 [0,1,2,3,4,5,6,7,8,9] [3,4,5,6,7]
28288.859801652892 [0,1,2,3,4,5,6,7,8,9] [0,1,2,3,4,5,6,7,8,9,10]
28283.487604938266 [0,1,2,3,4,5,6,7,8,9] [1,2,3,4,5,6,7,8,9]
28281.123999999993 [0,1,2,3,4,5,6,7,8,9] [5,6]
28275.046612244896 [0,1,2,3,4,5,6,7,8,9] [2,3,4,5,6,7,8]
28243.910249999994 [0,1,2,3,4,5,6,7,8,9] [4,5,6,7]
28216.281610000005 [0,1,2,3,4,5,6,7,8,9] [1,2,3,4,5,6,7,8,9,10]
28207.60617361111 [0,1,2,3,4,5,6,7,8,9] [0,1,2,3,4,5,6,7,8,9,10,11]
28203.180444444435 [0,1,2,3,4,5,6,7,8,9] [3,4,5,6,7,8]
28200.082640625 [0,1,2,3,4,5,6,7,8,9] [2,3,4,5,6,7,8,9]
28196.1 [0,1,2,3,4,5,6,7,8,9] [6]
28181.941777777778 [0,1,2,3,4,5,6,7,8,9] [5,6,7]
28134.77338271605 [0,1,2,3,4,5,6,7,8,9] [2,3,4,5,6,7,8,9,10]
28134.537640000006 [0,1,2,3,4,5,6,7,8,9] [4,5,6,7,8]
28134.344760330587 [0,1,2,3,4,5,6,7,8,9] [1,2,3,4,5,6,7,8,9,10,11]
28127.86989795919 [0,1,2,3,4,5,6,7,8,9] [3,4,5,6,7,8,9]
28120.177331360952 [0,1,2,3,4,5,6,7,8,9] [0,1,2,3,4,5,6,7,8,9,10,11,12]
28090.0 [0,1,2,3,4,5,6,7,8,9] [6,7]
28063.50625 [0,1,2,3,4,5,6,7,8,9] [3,4,5,6,7,8,9,10]
28060.8575625 [0,1,2,3,4,5,6,7,8,9] [5,6,7,8]
28058.209000000003 [0,1,2,3,4,5,6,7,8,9] [4,5,6,7,8,9]
28052.91225 [0,1,2,3,4,5,6,7,8,9] [2,3,4,5,6,7,8,9,10,11]
28045.85069444445 [0,1,2,3,4,5,6,7,8,9] [1,2,3,4,5,6,7,8,9,10,11,12]
28028.70490306122 [0,1,2,3,4,5,6,7,8,9] [0,1,2,3,4,5,6,7,8,9,10,11,12,13]
27994.681 [0,1,2,3,4,5,6,7,8,9] [4,5,6,7,8,9,10]
27984.1 [0,1,2,3,4,5,6,7,8,9] [7]
27984.099999999988 [0,1,2,3,4,5,6,7,8,9] [5,6,7,8,9]
27980.573444444446 [0,1,2,3,4,5,6,7,8,9] [3,4,5,6,7,8,9,10,11]
27963.905462809926 [0,1,2,3,4,5,6,7,8,9] [2,3,4,5,6,7,8,9,10,11,12]
27959.418777777777 [0,1,2,3,4,5,6,7,8,9] [6,7,8]
27953.18239053255 [0,1,2,3,4,5,6,7,8,9] [1,2,3,4,5,6,7,8,9,10,11,12,13]
27946.729817777774 [0,1,2,3,4,5,6,7,8,9] [0,1,2,3,4,5,6,7,8,9,10,11,12,13,14]
27922.41736111112 [0,1,2,3,4,5,6,7,8,9] [5,6,7,8,9,10]
27910.088999999996 [0,1,2,3,4,5,6,7,8,9] [4,5,6,7,8,9,10,11]
27890.01721 [0,1,2,3,4,5,6,7,8,9] [3,4,5,6,7,8,9,10,11,12]
27888.961000000003 [0,1,2,3,4,5,6,7,8,9] [6,7,8,9]
27871.800390625 [0,1,2,3,4,5,6,7,8,9] [0,1,2,3,4,5,6,7,8,9,10,11,12,13,14,15]
27870.857653061237 [0,1,2,3,4,5,6,7,8,9] [1,2,3,4,5,6,7,8,9,10,11,12,13,14]
27870.480562499997 [0,1,2,3,4,5,6,7,8,9] [2,3,4,5,6,7,8,9,10,11,12,13]
27841.452249999995 [0,1,2,3,4,5,6,7,8,9] [7,8]
27836.176 [0,1,2,3,4,5,6,7,8,9] [5,6,7,8,9,10,11]
27834.065640000004 [0,1,2,3,4,5,6,7,8,9] [6,7,8,9,10]
27817.420049382716 [0,1,2,3,4,5,6,7,8,9] [4,5,6,7,8,9,10,11,12]
27798.325816608995 [0,1,2,3,4,5,6,7,8,9] [0,1,2,3,4,5,6,7,8,9,10,11,12,13,14,15,16]
27796.092840000005 [0,1,2,3,4,5,6,7,8,9] [1,2,3,4,5,6,7,8,9,10,11,12,13,14,15]
27794.94255371901 [0,1,2,3,4,5,6,7,8,9] [3,4,5,6,7,8,9,10,11,12,13]
27788.306751479297 [0,1,2,3,4,5,6,7,8,9] [2,3,4,5,6,7,8,9,10,11,12,13,14]
27786.955111111114 [0,1,2,3,4,5,6,7,8,9] [7,8,9]
27748.312111111107 [0,1,2,3,4,5,6,7,8,9] [6,7,8,9,10,11]
27743.92256249999 [0,1,2,3,4,5,6,7,8,9] [7,8,9,10]
27741.289000000008 [0,1,2,3,4,5,6,7,8,9] [5,6,7,8,9,10,11,12]
27722.857562500012 [0,1,2,3,4,5,6,7,8,9] [1,2,3,4,5,6,7,8,9,10,11,12,13,14,15,16]
27721.39501234568 [0,1,2,3,4,5,6,7,8,9] [0,1,2,3,4,5,6,7,8,9,10,11,12,13,14,15,16,17]
27720.225000000013 [0,1,2,3,4,5,6,7,8,9] [4,5,6,7,8,9,10,11,12,13]
27714.208183673472 [0,1,2,3,4,5,6,7,8,9] [2,3,4,5,6,7,8,9,10,11,12,13,14,15]
27712.328062499997 [0,1,2,3,4,5,6,7,8,9] [3,4,5,6,7,8,9,10,11,12,13,14]
27699.169000000005 [0,1,2,3,4,5,6,7,8,9] [8]
27688.644000000008 [0,1,2,3,4,5,6,7,8,9] [8,9]
27678.121000000003 [0,1,2,3,4,5,6,7,8,9] [9]
27664.09344444445 [0,1,2,3,4,5,6,7,8,9] [8,9,10]
27659.18464000001 [0,1,2,3,4,5,6,7,8,9] [7,8,9,10,11]
27652.573469387757 [0,1,2,3,4,5,6,7,8,9] [6,7,8,9,10,11,12]
27647.117476454307 [0,1,2,3,4,5,6,7,8,9] [0,1,2,3,4,5,6,7,8,9,10,11,12,13,14,15,16,17,18]
27646.563999999995 [0,1,2,3,4,5,6,7,8,9] [9,10]
27645.94541522492 [0,1,2,3,4,5,6,7,8,9] [1,2,3,4,5,6,7,8,9,10,11,12,13,14,15,16,17]
27641.890419753086 [0,1,2,3,4,5,6,7,8,9] [5,6,7,8,9,10,11,12,13]
27641.65675111111 [0,1,2,3,4,5,6,7,8,9] [2,3,4,5,6,7,8,9,10,11,12,13,14,15,16]
27638.47536094674 [0,1,2,3,4,5,6,7,8,9] [3,4,5,6,7,8,9,10,11,12,13,14,15]
