[Score] [Station index] [Time slots] 
70295.68444444446 [0,1,2,3,4,6,7,8,9] [236]
70269.17361111111 [0,1,2,3,4,6,7,8,9] [236,237]
70242.66777777781 [0,1,2,3,4,6,7,8,9] [237]
70230.8890123457 [0,1,2,3,4,6,7,8,9] [235,236,237]
70225.0 [0,1,2,3,4,6,7,8,9] [235,236]
70216.16694444444 [0,1,2,3,4,6,7,8,9] [234,235,236,237]
70210.86737777776 [0,1,2,3,4,6,7,8,9] [233,234,235,236,237]
70207.33444444445 [0,1,2,3,4,6,7,8,9] [234,235,236]
70202.91840277778 [0,1,2,3,4,6,7,8,9] [233,234,235,236]
70189.67111111112 [0,1,2,3,4,6,7,8,9] [233]
70180.84027777778 [0,1,2,3,4,6,7,8,9] [233,234]
70172.00999999998 [0,1,2,3,4,6,7,8,9] [233,234,235]
70163.18027777778 [0,1,2,3,4,6,7,8,9] [234,235]
70154.35111111114 [0,1,2,3,4,6,7,8,9] [243]
70154.35111111109 [0,1,2,3,4,6,7,8,9] [235]
70148.46530864196 [0,1,2,3,4,6,7,8,9] [232,233,234,235,236,237]
70130.80938271605 [0,1,2,3,4,6,7,8,9] [233,234,235,236,237,238]
70129.6324 [0,1,2,3,4,6,7,8,9] [232,233,234,235,236]
70119.04000000001 [0,1,2,3,4,6,7,8,9] [234,235,236,237,238]
70111.47448979592 [0,1,2,3,4,6,7,8,9] [231,232,233,234,235,236,237]
70108.00710069443 [0,1,2,3,4,6,7,8,9] [230,231,232,233,234,235,236,237]
70105.80062499999 [0,1,2,3,4,6,7,8,9] [235,236,237,238]
70091.58194787381 [0,1,2,3,4,6,7,8,9] [229,230,231,232,233,234,235,236,237]
70089.62086419754 [0,1,2,3,4,6,7,8,9] [231,232,233,234,235,236]
70089.62086419751 [0,1,2,3,4,6,7,8,9] [236,237,238]
70088.78040816328 [0,1,2,3,4,6,7,8,9] [232,233,234,235,236,237,238]
70088.78040816326 [0,1,2,3,4,6,7,8,9] [230,231,232,233,234,235,236]
70088.15006944447 [0,1,2,3,4,6,7,8,9] [232,233,234,235]
70083.73777777777 [0,1,2,3,4,6,7,8,9] [230]
70076.1741723356 [0,1,2,3,4,6,7,8,9] [233,234,235,236,237,238,239]
70072.70765624999 [0,1,2,3,4,6,7,8,9] [229,230,231,232,233,234,235,236]
70066.09000000003 [0,1,2,3,4,6,7,8,9] [232,233,234]
70066.09000000001 [0,1,2,3,4,6,7,8,9] [230,231,232,233,234,235,236,237,238]
70063.88418402779 [0,1,2,3,4,6,7,8,9] [231,232,233,234,235,236,237,238]
70057.26694444445 [0,1,2,3,4,6,7,8,9] [234,235,236,237,238,239]
70055.50240000001 [0,1,2,3,4,6,7,8,9] [229,230,231,232,233,234,235,236,237,238]
70054.32604938271 [0,1,2,3,4,6,7,8,9] [230,231,232,233,234,235]
70048.44444444447 [0,1,2,3,4,6,7,8,9] [231,232,233,234,235]
70046.68001111114 [0,1,2,3,4,6,7,8,9] [228,229,230,231,232,233,234,235,236,237]
70046.23890624999 [0,1,2,3,4,6,7,8,9] [232,233,234,235,236,237,238,239]
70040.88274376416 [0,1,2,3,4,6,7,8,9] [229,230,231,232,233,234,235]
70034.32960000001 [0,1,2,3,4,6,7,8,9] [230,231,232,233,234,235,236,237,238,239]
70034.32959999998 [0,1,2,3,4,6,7,8,9] [235,236,237,238,239]
70028.84087791493 [0,1,2,3,4,6,7,8,9] [231,232,233,234,235,236,237,238,239]
70027.59347107436 [0,1,2,3,4,6,7,8,9] [229,230,231,232,233,234,235,236,237,238,239]
70024.92049382716 [0,1,2,3,4,6,7,8,9] [228,229,230,231,232,233,234,235,236]
70021.98027777781 [0,1,2,3,4,6,7,8,9] [231,232,233,234]
70021.98027777778 [0,1,2,3,4,6,7,8,9] [233,234,235,236,237,238,239,240]
70021.98027777777 [0,1,2,3,4,6,7,8,9] [229,230,231,232,233,234]
70017.97099173556 [0,1,2,3,4,6,7,8,9] [228,229,230,231,232,233,234,235,236,237,238]
70013.15999999999 [0,1,2,3,4,6,7,8,9] [232,233]
70004.34027777775 [0,1,2,3,4,6,7,8,9] [236,237,238,239]
70001.40049382715 [0,1,2,3,4,6,7,8,9] [232,233,234,235,236,237,238,239,240]
69999.930625 [0,1,2,3,4,6,7,8,9] [230,231,232,233]
69999.44067215365 [0,1,2,3,4,6,7,8,9] [233,234,235,236,237,238,239,240,241]
69998.72801652894 [0,1,2,3,4,6,7,8,9] [230,231,232,233,234,235,236,237,238,239,240]
69998.04081632657 [0,1,2,3,4,6,7,8,9] [234,235,236,237,238,239,240]
69997.1245546373 [0,1,2,3,4,6,7,8,9] [233,234,235,236,237,238,239,240,241,242,243]
69997.12455463727 [0,1,2,3,4,6,7,8,9] [227,228,229,230,231,232,233,234,235,236,237]
69995.52111111114 [0,1,2,3,4,6,7,8,9] [228,229,230,231,232,233,234,235,236,237,238,239]
69995.5211111111 [0,1,2,3,4,6,7,8,9] [229,230,231,232,233,234,235,236,237,238,239,240]
69991.99359999999 [0,1,2,3,4,6,7,8,9] [229,230,231,232,233]
69991.11173611112 [0,1,2,3,4,6,7,8,9] [228,229,230,231,232,233,234,235]
69990.22987777778 [0,1,2,3,4,6,7,8,9] [231,232,233,234,235,236,237,238,239,240]
69986.7025 [0,1,2,3,4,6,7,8,9] [242,243]
69986.70249999997 [0,1,2,3,4,6,7,8,9] [237,238]
69984.18299886619 [0,1,2,3,4,6,7,8,9] [230,231,232,233,234,235,236,237,238,239,240,241,242,243]
69983.76308641977 [0,1,2,3,4,6,7,8,9] [230,231,232,233,234,235,236,237,238,239,240,241]
69983.76308641974 [0,1,2,3,4,6,7,8,9] [232,233,234,235,236,237,238,239,240,241,242,243]
69983.17521111111 [0,1,2,3,4,6,7,8,9] [232,233,234,235,236,237,238,239,240,241]
69982.5873382716 [0,1,2,3,4,6,7,8,9] [229,230,231,232,233,234,235,236,237,238,239,240,241,242,243]
69981.95424720578 [0,1,2,3,4,6,7,8,9] [229,230,231,232,233,234,235,236,237,238,239,240,241]
69981.41159999998 [0,1,2,3,4,6,7,8,9] [233,234,235,236,237,238,239,240,241,242]
69977.88444444445 [0,1,2,3,4,6,7,8,9] [234,235,236,237,238,239,240,241,242,243]
69977.88444444443 [0,1,2,3,4,6,7,8,9] [229,230,231]
69976.52786982247 [0,1,2,3,4,6,7,8,9] [231,232,233,234,235,236,237,238,239,240,241,242,243]
69975.68001736111 [0,1,2,3,4,6,7,8,9] [234,235,236,237,238,239,240,241]
69974.94521604938 [0,1,2,3,4,6,7,8,9] [227,228,229,230,231,232,233,234,235,236,237,238]
69974.67801652892 [0,1,2,3,4,6,7,8,9] [231,232,233,234,235,236,237,238,239,240,241]
69972.59387777778 [0,1,2,3,4,6,7,8,9] [227,228,229,230,231,232,233,234,235,236]
69972.00604938272 [0,1,2,3,4,6,7,8,9] [231,232,233]
69971.10170282707 [0,1,2,3,4,6,7,8,9] [230,231,232,233,234,235,236,237,238,239,240,241,242]
69970.32655328797 [0,1,2,3,4,6,7,8,9] [229,230,231,232,233,234,235,236,237,238,239,240,241,242]
69969.06694444446 [0,1,2,3,4,6,7,8,9] [235,236,237,238,239,240]
69968.38869822484 [0,1,2,3,4,6,7,8,9] [228,229,230,231,232,233,234,235,236,237,238,239,240]
69968.26538108355 [0,1,2,3,4,6,7,8,9] [232,233,234,235,236,237,238,239,240,241,242]
69967.80734693879 [0,1,2,3,4,6,7,8,9] [228,229,230,231,232,233,234]
69961.71945216048 [0,1,2,3,4,6,7,8,9] [231,232,233,234,235,236,237,238,239,240,241,242]
69961.35208767359 [0,1,2,3,4,6,7,8,9] [228,229,230,231,232,233,234,235,236,237,238,239,240,241,242,243]
69960.25 [0,1,2,3,4,6,7,8,9] [229]
69958.29075445817 [0,1,2,3,4,6,7,8,9] [234,235,236,237,238,239,240,241,242]
69957.73097505671 [0,1,2,3,4,6,7,8,9] [228,229,230,231,232,233,234,235,236,237,238,239,240,241]
69957.53720578567 [0,1,2,3,4,6,7,8,9] [227,228,229,230,231,232,233,234,235,236,237,238,239]
69956.33153635115 [0,1,2,3,4,6,7,8,9] [235,236,237,238,239,240,241,242,243]
69954.37234567902 [0,1,2,3,4,6,7,8,9] [233,234,235,236,237,238,239,240,241,242,243,244]
69951.43361111112 [0,1,2,3,4,6,7,8,9] [229,230,231,232,233,234,235,236,237,238,239,240,241,242,243,244]
69950.84587160492 [0,1,2,3,4,6,7,8,9] [230,231,232,233,234,235,236,237,238,239,240,241,242,243,244]
69948.49493827161 [0,1,2,3,4,6,7,8,9] [228,229,230,231,232,233,234,235,236,237,238,239,240,241,242]
69947.65532879817 [0,1,2,3,4,6,7,8,9] [235,236,237,238,239,240,241]
69945.33028270875 [0,1,2,3,4,6,7,8,9] [232,233,234,235,236,237,238,239,240,241,242,243,244]
