[Score] [Station index] [Time slots] 
58201.64099999999 [0,1,2,3,4,5,6,7,8,9] [187]
58140.625 [0,1,2,3,4,5,6,7,8,9] [186,187]
58079.641 [0,1,2,3,4,5,6,7,8,9] [186]
57896.881000000016 [0,1,2,3,4,5,6,7,8,9] [186,187,188]
57805.609 [0,1,2,3,4,5,6,7,8,9] [187,188]
57805.608999999975 [0,1,2,3,4,5,6,7,8,9] [185,186,187]
57779.0015625 [0,1,2,3,4,5,6,7,8,9] [186,187,188,189]
57706.81224999998 [0,1,2,3,4,5,6,7,8,9] [185,186,187,188]
57678.9617777778 [0,1,2,3,4,5,6,7,8,9] [187,188,189]
57668.835999999996 [0,1,2,3,4,5,6,7,8,9] [196]
57653.64899999999 [0,1,2,3,4,5,6,7,8,9] [184,185,186,187]
57650.61183999999 [0,1,2,3,4,5,6,7,8,9] [185,186,187,188,189]
57614.17216000002 [0,1,2,3,4,5,6,7,8,9] [186,187,188,189,190]
57608.1 [0,1,2,3,4,5,6,7,8,9] [185,186]
57605.06403999998 [0,1,2,3,4,5,6,7,8,9] [184,185,186,187,188]
57575.21469444444 [0,1,2,3,4,5,6,7,8,9] [184,185,186,187,188,189]
57570.156250000015 [0,1,2,3,4,5,6,7,8,9] [196,197]
57547.39600000001 [0,1,2,3,4,5,6,7,8,9] [195,196]
57534.753361111114 [0,1,2,3,4,5,6,7,8,9] [185,186,187,188,189,190]
57532.22499999999 [0,1,2,3,4,5,6,7,8,9] [186,187,188,189,190,191]
57522.11211111113 [0,1,2,3,4,5,6,7,8,9] [195,196,197]
57498.0975625 [0,1,2,3,4,5,6,7,8,9] [187,188,189,190]
57486.72399999999 [0,1,2,3,4,5,6,7,8,9] [184,185,186,187,188,189,190]
57475.89308163266 [0,1,2,3,4,5,6,7,8,9] [185,186,187,188,189,190,191]
57471.561 [0,1,2,3,4,5,6,7,8,9] [197]
57467.22908163263 [0,1,2,3,4,5,6,7,8,9] [186,187,188,189,190,191,192]
57465.49635999999 [0,1,2,3,4,5,6,7,8,9] [183,184,185,186,187]
57456.4 [0,1,2,3,4,5,6,7,8,9] [196,197,198]
57452.068653061215 [0,1,2,3,4,5,6,7,8,9] [183,184,185,186,187,188,189]
57448.820250000004 [0,1,2,3,4,5,6,7,8,9] [195,196,197,198]
57441.240999999995 [0,1,2,3,4,5,6,7,8,9] [184,185,186,187,188,189,190,191]
57426.083999999995 [0,1,2,3,4,5,6,7,8,9] [195]
57423.05284 [0,1,2,3,4,5,6,7,8,9] [187,188,189,190,191]
57418.50625000001 [0,1,2,3,4,5,6,7,8,9] [188,189]
57410.92899999999 [0,1,2,3,4,5,6,7,8,9] [188]
57400.82677777777 [0,1,2,3,4,5,6,7,8,9] [184,185,186,187,188,189,190,191,192]
57390.09414062499 [0,1,2,3,4,5,6,7,8,9] [183,184,185,186,187,188,189,190]
57377.59504 [0,1,2,3,4,5,6,7,8,9] [195,196,197,198,199]
57365.476 [0,1,2,3,4,5,6,7,8,9] [187,188,189,190,191,192]
57365.47599999998 [0,1,2,3,4,5,6,7,8,9] [196,197,198,199]
57360.4267777778 [0,1,2,3,4,5,6,7,8,9] [183,184,185,186,187,188,189,190,191]
57352.222265625 [0,1,2,3,4,5,6,7,8,9] [186,187,188,189,190,191,192,193]
57350.32900000001 [0,1,2,3,4,5,6,7,8,9] [197,198]
57341.49417361111 [0,1,2,3,4,5,6,7,8,9] [186,187,188,189,190,191,192,193,194,195,196,197]
57337.077015625 [0,1,2,3,4,5,6,7,8,9] [182,183,184,185,186,187,188,189]
57332.854177514775 [0,1,2,3,4,5,6,7,8,9] [186,187,188,189,190,191,192,193,194,195,196,197,198]
57332.15523999999 [0,1,2,3,4,5,6,7,8,9] [183,184,185,186,187,188,189,190,191,192]
57329.67722314049 [0,1,2,3,4,5,6,7,8,9] [186,187,188,189,190,191,192,193,194,195,196]
57328.45353086422 [0,1,2,3,4,5,6,7,8,9] [185,186,187,188,189,190,191,192,193]
57325.86499408287 [0,1,2,3,4,5,6,7,8,9] [185,186,187,188,189,190,191,192,193,194,195,196,197]
57324.367367346946 [0,1,2,3,4,5,6,7,8,9] [182,183,184,185,186,187,188]
57320.04100000001 [0,1,2,3,4,5,6,7,8,9] [194,195,196,197]
57318.95943367347 [0,1,2,3,4,5,6,7,8,9] [185,186,187,188,189,190,191,192,193,194,195,196,197,198]
57316.79633163267 [0,1,2,3,4,5,6,7,8,9] [184,185,186,187,188,189,190,191,192,193,194,195,196,197]
57315.714795918364 [0,1,2,3,4,5,6,7,8,9] [186,187,188,189,190,191,192,193,194,195,196,197,198,199]
57315.498490000005 [0,1,2,3,4,5,6,7,8,9] [184,185,186,187,188,189,190,191,192,193]
57313.73200694445 [0,1,2,3,4,5,6,7,8,9] [185,186,187,188,189,190,191,192,193,194,195,196]
57310.95615999999 [0,1,2,3,4,5,6,7,8,9] [184,185,186,187,188,189,190,191,192,193,194,195,196,197,198]
57309.94677777779 [0,1,2,3,4,5,6,7,8,9] [182,183,184,185,186,187]
57304.9 [0,1,2,3,4,5,6,7,8,9] [184,185,186,187,188,189,190,191,192,193,194,195,196]
57303.890671111105 [0,1,2,3,4,5,6,7,8,9] [185,186,187,188,189,190,191,192,193,194,195,196,197,198,199]
57301.87204 [0,1,2,3,4,5,6,7,8,9] [194,195,196,197,198]
57297.33025000001 [0,1,2,3,4,5,6,7,8,9] [184,185,186,187,188,189,190,191,192,193,194,195,196,197,198,199]
57295.81635999998 [0,1,2,3,4,5,6,7,8,9] [186,187,188,189,190,191,192,193,194,195]
57294.80711111112 [0,1,2,3,4,5,6,7,8,9] [182,183,184,185,186,187,188,189,190]
57282.192249999986 [0,1,2,3,4,5,6,7,8,9] [183,184,185,186]
57281.504206611586 [0,1,2,3,4,5,6,7,8,9] [185,186,187,188,189,190,191,192,193,194,195]
57281.35130864198 [0,1,2,3,4,5,6,7,8,9] [186,187,188,189,190,191,192,193,194]
57280.678560000015 [0,1,2,3,4,5,6,7,8,9] [186,187,188,189,190,191,192,193,194,195,196,197,198,199,200]
57279.66944444445 [0,1,2,3,4,5,6,7,8,9] [195,196,197,198,199,200]
57277.65123999999 [0,1,2,3,4,5,6,7,8,9] [182,183,184,185,186,187,188,189,190,191]
57276.64215111113 [0,1,2,3,4,5,6,7,8,9] [183,184,185,186,187,188,189,190,191,192,193,194,195,196,197]
57274.62400000001 [0,1,2,3,4,5,6,7,8,9] [184,185,186,187,188,189,190,191,192,193,194,195]
57274.62399999999 [0,1,2,3,4,5,6,7,8,9] [187,188,189,190,191,192,193,194,195,196,197]
57273.678003906236 [0,1,2,3,4,5,6,7,8,9] [183,184,185,186,187,188,189,190,191,192,193,194,195,196,197,198]
57271.78603515625 [0,1,2,3,4,5,6,7,8,9] [185,186,187,188,189,190,191,192,193,194,195,196,197,198,199,200]
57270.84006249998 [0,1,2,3,4,5,6,7,8,9] [187,188,189,190,191,192,193,194,195,196,197,198]
57269.57877777779 [0,1,2,3,4,5,6,7,8,9] [194,195,196]
57267.50139792386 [0,1,2,3,4,5,6,7,8,9] [184,185,186,187,188,189,190,191,192,193,194,195,196,197,198,199,200]
57267.05625 [0,1,2,3,4,5,6,7,8,9] [194,195,196,197,198,199]
57264.53377777778 [0,1,2,3,4,5,6,7,8,9] [188,189,190]
57264.53377777776 [0,1,2,3,4,5,6,7,8,9] [197,198,199]
57263.0499965398 [0,1,2,3,4,5,6,7,8,9] [183,184,185,186,187,188,189,190,191,192,193,194,195,196,197,198,199]
57262.732045918376 [0,1,2,3,4,5,6,7,8,9] [183,184,185,186,187,188,189,190,191,192,193,194,195,196]
57260.86482644628 [0,1,2,3,4,5,6,7,8,9] [184,185,186,187,188,189,190,191,192,193,194]
57260.86482644627 [0,1,2,3,4,5,6,7,8,9] [183,184,185,186,187,188,189,190,191,192,193]
57259.489 [0,1,2,3,4,5,6,7,8,9] [182,183,184,185,186,187,188,189,190,191,192]
57257.16071597634 [0,1,2,3,4,5,6,7,8,9] [187,188,189,190,191,192,193,194,195,196,197,198,199]
57254.94888999998 [0,1,2,3,4,5,6,7,8,9] [187,188,189,190,191,192,193,194,195,196]
57250.40895999999 [0,1,2,3,4,5,6,7,8,9] [196,197,198,199,200]
57248.67951020408 [0,1,2,3,4,5,6,7,8,9] [187,188,189,190,191,192,193]
57236.79025 [0,1,2,3,4,5,6,7,8,9] [183,184,185,186,187,188,189,190,191,192,193,194,195,196,197,198,199,200]
57233.95322265624 [0,1,2,3,4,5,6,7,8,9] [186,187,188,189,190,191,192,193,194,195,196,197,198,199,200,201]
57231.55271597633 [0,1,2,3,4,5,6,7,8,9] [183,184,185,186,187,188,189,190,191,192,193,194,195]
57230.17062890624 [0,1,2,3,4,5,6,7,8,9] [182,183,184,185,186,187,188,189,190,191,192,193,194,195,196,197]
57230.11500346019 [0,1,2,3,4,5,6,7,8,9] [182,183,184,185,186,187,188,189,190,191,192,193,194,195,196,197,198]
57229.22500000001 [0,1,2,3,4,5,6,7,8,9] [188,189,190,191]
57229.225 [0,1,2,3,4,5,6,7,8,9] [198]
57228.33500346021 [0,1,2,3,4,5,6,7,8,9] [185,186,187,188,189,190,191,192,193,194,195,196,197,198,199,200,201]
57226.70336111111 [0,1,2,3,4,5,6,7,8,9] [184,185,186,187,188,189,190,191,192,193,194,195,196,197,198,199,200,201]
