[Score] [Station index] [Time slots] 
59985.02499999998 [0,1,2,3,4,5,6,7,8,9] [252]
59969.53600000001 [0,1,2,3,4,5,6,7,8,9] [255]
59954.04899999998 [0,1,2,3,4,5,6,7,8,9] [252,253]
59946.30624999998 [0,1,2,3,4,5,6,7,8,9] [252,253,254,255]
59938.564 [0,1,2,3,4,5,6,7,8,9] [254,255]
59933.40277777779 [0,1,2,3,4,5,6,7,8,9] [253,254,255]
59923.081000000006 [0,1,2,3,4,5,6,7,8,9] [253]
59915.340249999994 [0,1,2,3,4,5,6,7,8,9] [253,254]
59910.696039999995 [0,1,2,3,4,5,6,7,8,9] [252,253,254,255,256]
59907.6 [0,1,2,3,4,5,6,7,8,9] [251,252,253,254,255]
59892.121 [0,1,2,3,4,5,6,7,8,9] [251,252,253,254]
59892.120999999985 [0,1,2,3,4,5,6,7,8,9] [253,254,255,256]
59886.9617777778 [0,1,2,3,4,5,6,7,8,9] [251,252,253]
59886.96177777776 [0,1,2,3,4,5,6,7,8,9] [252,253,254,255,256,257]
59884.382250000024 [0,1,2,3,4,5,6,7,8,9] [251,252,253,254,255,256]
59881.80277777776 [0,1,2,3,4,5,6,7,8,9] [254,255,256]
59868.90625 [0,1,2,3,4,5,6,7,8,9] [255,256]
59867.800897959176 [0,1,2,3,4,5,6,7,8,9] [251,252,253,254,255,256,257]
59867.358759999996 [0,1,2,3,4,5,6,7,8,9] [253,254,255,256,257]
59853.43225 [0,1,2,3,4,5,6,7,8,9] [254,255,256,257]
59835.38177777779 [0,1,2,3,4,5,6,7,8,9] [255,256,257]
59825.06844444445 [0,1,2,3,4,5,6,7,8,9] [250,251,252,253,254,255]
59816.96573469386 [0,1,2,3,4,5,6,7,8,9] [250,251,252,253,254,255,256]
59810.88906249998 [0,1,2,3,4,5,6,7,8,9] [250,251,252,253,254,255,256,257]
59808.12704081632 [0,1,2,3,4,5,6,7,8,9] [252,253,254,255,256,257,258]
59801.22226562498 [0,1,2,3,4,5,6,7,8,9] [251,252,253,254,255,256,257,258]
59797.079591836744 [0,1,2,3,4,5,6,7,8,9] [249,250,251,252,253,254,255]
59796.195840000015 [0,1,2,3,4,5,6,7,8,9] [250,251,252,253,254]
59793.489390625 [0,1,2,3,4,5,6,7,8,9] [249,250,251,252,253,254,255,256]
59790.69708641977 [0,1,2,3,4,5,6,7,8,9] [249,250,251,252,253,254,255,256,257]
59778.66944444446 [0,1,2,3,4,5,6,7,8,9] [253,254,255,256,257,258]
59768.36100000002 [0,1,2,3,4,5,6,7,8,9] [250,251,252,253]
59768.361 [0,1,2,3,4,5,6,7,8,9] [256,257]
59768.36099999999 [0,1,2,3,4,5,6,7,8,9] [257]
59758.053444444435 [0,1,2,3,4,5,6,7,8,9] [250,251,252,253,254,255,256,257,258]
59756.7650625 [0,1,2,3,4,5,6,7,8,9] [252,253,254,255,256,257,258,259]
59756.33560493827 [0,1,2,3,4,5,6,7,8,9] [251,252,253,254,255,256,257,258,259]
59752.9 [0,1,2,3,4,5,6,7,8,9] [261]
59749.808039999996 [0,1,2,3,4,5,6,7,8,9] [254,255,256,257,258]
59745.17025 [0,1,2,3,4,5,6,7,8,9] [249,250,251,252,253,254,255,256,257,258]
59740.53264000001 [0,1,2,3,4,5,6,7,8,9] [249,250,251,252,253]
59738.98681000001 [0,1,2,3,4,5,6,7,8,9] [248,249,250,251,252,253,254,255,256,257]
59737.44099999998 [0,1,2,3,4,5,6,7,8,9] [263]
59735.723456790125 [0,1,2,3,4,5,6,7,8,9] [248,249,250,251,252,253,254,255,256]
59731.644390625006 [0,1,2,3,4,5,6,7,8,9] [248,249,250,251,252,253,254,255]
59724.19202040818 [0,1,2,3,4,5,6,7,8,9] [253,254,255,256,257,258,259]
59723.389099173524 [0,1,2,3,4,5,6,7,8,9] [251,252,253,254,255,256,257,258,259,260,261]
59721.984 [0,1,2,3,4,5,6,7,8,9] [250,251,252,253,254,255,256,257,258,259]
59720.43841000002 [0,1,2,3,4,5,6,7,8,9] [252,253,254,255,256,257,258,259,260,261]
59720.43840999999 [0,1,2,3,4,5,6,7,8,9] [251,252,253,254,255,256,257,258,259,260]
59719.60617751478 [0,1,2,3,4,5,6,7,8,9] [251,252,253,254,255,256,257,258,259,260,261,262,263]
59718.120062499984 [0,1,2,3,4,5,6,7,8,9] [251,252,253,254,255,256,257,258,259,260,261,262]
59716.83211111113 [0,1,2,3,4,5,6,7,8,9] [252,253,254,255,256,257,258,259,260,261,262,263]
59716.83211111111 [0,1,2,3,4,5,6,7,8,9] [261,262,263]
59714.958752066115 [0,1,2,3,4,5,6,7,8,9] [252,253,254,255,256,257,258,259,260,261,262]
59713.5537520661 [0,1,2,3,4,5,6,7,8,9] [249,250,251,252,253,254,255,256,257,258,259]
59710.392562500005 [0,1,2,3,4,5,6,7,8,9] [255,256,257,258]
59706.529 [0,1,2,3,4,5,6,7,8,9] [261,262]
59702.31434710743 [0,1,2,3,4,5,6,7,8,9] [248,249,250,251,252,253,254,255,256,257,258]
59698.80224999999 [0,1,2,3,4,5,6,7,8,9] [262,263]
59697.69846938775 [0,1,2,3,4,5,6,7,8,9] [250,251,252,253,254,255,256,257,258,259,260,261,262,263]
59697.51450694444 [0,1,2,3,4,5,6,7,8,9] [250,251,252,253,254,255,256,257,258,259,260,261]
59695.49093877552 [0,1,2,3,4,5,6,7,8,9] [251,252,253,254,255,256,257,258,259,260,261,262,263,264]
59694.9390625 [0,1,2,3,4,5,6,7,8,9] [249,250,251,252]
59694.641899408285 [0,1,2,3,4,5,6,7,8,9] [250,251,252,253,254,255,256,257,258,259,260,261,262]
59693.13628444442 [0,1,2,3,4,5,6,7,8,9] [249,250,251,252,253,254,255,256,257,258,259,260,261,262,263]
59692.48073553721 [0,1,2,3,4,5,6,7,8,9] [253,254,255,256,257,258,259,260,261,262,263]
59692.480735537174 [0,1,2,3,4,5,6,7,8,9] [250,251,252,253,254,255,256,257,258,259,260]
59692.26462130177 [0,1,2,3,4,5,6,7,8,9] [249,250,251,252,253,254,255,256,257,258,259,260,261]
59691.07599999999 [0,1,2,3,4,5,6,7,8,9] [252,253,254,255,256,257,258,259,260,261,262,263,264]
59689.97229081633 [0,1,2,3,4,5,6,7,8,9] [249,250,251,252,253,254,255,256,257,258,259,260,261,262]
59687.985640000006 [0,1,2,3,4,5,6,7,8,9] [253,254,255,256,257,258,259,260,261,262]
59687.21306250001 [0,1,2,3,4,5,6,7,8,9] [249,250,251,252,253,254,255,256,257,258,259,260]
59683.350249999974 [0,1,2,3,4,5,6,7,8,9] [253,254,255,256,257,258,259,260]
59677.029553719 [0,1,2,3,4,5,6,7,8,9] [247,248,249,250,251,252,253,254,255,256,257]
59676.91250694444 [0,1,2,3,4,5,6,7,8,9] [248,249,250,251,252,253,254,255,256,257,258,259]
59676.65500444443 [0,1,2,3,4,5,6,7,8,9] [250,251,252,253,254,255,256,257,258,259,260,261,262,263,264]
59673.69376562503 [0,1,2,3,4,5,6,7,8,9] [249,250,251,252,253,254,255,256,257,258,259,260,261,262,263,264]
59669.445160000025 [0,1,2,3,4,5,6,7,8,9] [254,255,256,257,258,259,260,261,262,263]
59667.90024999999 [0,1,2,3,4,5,6,7,8,9] [247,248,249,250,251,252,253,254,255,256]
59666.93469140624 [0,1,2,3,4,5,6,7,8,9] [248,249,250,251,252,253,254,255,256,257,258,259,260,261,262,263]
59666.612840277805 [0,1,2,3,4,5,6,7,8,9] [253,254,255,256,257,258,259,260,261,262,263,264]
59662.75069444444 [0,1,2,3,4,5,6,7,8,9] [248,249,250,251,252,253]
59662.38287755102 [0,1,2,3,4,5,6,7,8,9] [248,249,250,251,252,253,254,255,256,257,258,259,260,261]
59662.23575111112 [0,1,2,3,4,5,6,7,8,9] [248,249,250,251,252,253,254,255,256,257,258,259,260,261,262]
59662.10701562503 [0,1,2,3,4,5,6,7,8,9] [254,255,256,257,258,259,260,261]
59661.89245679012 [0,1,2,3,4,5,6,7,8,9] [254,255,256,257,258,259,260,261,262]
59660.176000000014 [0,1,2,3,4,5,6,7,8,9] [262]
59660.176 [0,1,2,3,4,5,6,7,8,9] [251,252,253,254,255,256,257,258,259,260,261,262,263,264,265]
59656.74316049383 [0,1,2,3,4,5,6,7,8,9] [247,248,249,250,251,252,253,254,255]
59656.3140625 [0,1,2,3,4,5,6,7,8,9] [246,247,248,249,250,251,252,253,254,255,256,257]
59655.42286390534 [0,1,2,3,4,5,6,7,8,9] [248,249,250,251,252,253,254,255,256,257,258,259,260]
59653.55561224489 [0,1,2,3,4,5,6,7,8,9] [252,253,254,255,256,257,258,259,260,261,262,263,264,265]
59650.180653979245 [0,1,2,3,4,5,6,7,8,9] [248,249,250,251,252,253,254,255,256,257,258,259,260,261,262,263,264]
59649.14222448979 [0,1,2,3,4,5,6,7,8,9] [254,255,256,257,258,259,260]
59648.5905625 [0,1,2,3,4,5,6,7,8,9] [247,248,249,250,251,252,253,254,255,256,257,258]
59647.81824000001 [0,1,2,3,4,5,6,7,8,9] [255,256,257,258,259]
59646.13319008263 [0,1,2,3,4,5,6,7,8,9] [246,247,248,249,250,251,252,253,254,255,256]
59644.72899999999 [0,1,2,3,4,5,6,7,8,9] [250,251,252,253,254,255,256,257,258,259,260,261,262,263,264,265]
59643.8204152249 [0,1,2,3,4,5,6,7,8,9] [249,250,251,252,253,254,255,256,257,258,259,260,261,262,263,264,265]
