[Score] [Station index] [Time slots] 
57296.40111111112 [0,1,2,3,4,6,7,8,9] [249]
57264.49000000002 [0,1,2,3,4,6,7,8,9] [249,250]
57264.49 [0,1,2,3,4,6,7,8,9] [256]
57232.58777777778 [0,1,2,3,4,6,7,8,9] [255,256,257]
57227.271604938265 [0,1,2,3,4,6,7,8,9] [254,255,256]
57216.64 [0,1,2,3,4,6,7,8,9] [256,257]
57212.65340277778 [0,1,2,3,4,6,7,8,9] [254,255,256,257]
57208.66694444444 [0,1,2,3,4,6,7,8,9] [254,255]
57184.75111111111 [0,1,2,3,4,6,7,8,9] [249,250,251]
57168.81000000001 [0,1,2,3,4,6,7,8,9] [257]
57152.871111111104 [0,1,2,3,4,6,7,8,9] [254]
57140.91840277776 [0,1,2,3,4,6,7,8,9] [249,250,251,252]
57140.47573388202 [0,1,2,3,4,6,7,8,9] [249,250,251,252,253,254,255,256,257]
57140.1216 [0,1,2,3,4,6,7,8,9] [253,254,255,256,257]
57136.93444444445 [0,1,2,3,4,6,7,8,9] [249,250,251,252,253,254,255,256]
57136.93444444443 [0,1,2,3,4,6,7,8,9] [245]
57132.95062499999 [0,1,2,3,4,6,7,8,9] [253,254,255,256]
57128.96694444445 [0,1,2,3,4,6,7,8,9] [250,251]
57124.186711111106 [0,1,2,3,4,6,7,8,9] [254,255,256,257,258]
57121.0 [0,1,2,3,4,6,7,8,9] [250,251,252,253,254,255,256,257]
57118.72383219956 [0,1,2,3,4,6,7,8,9] [249,250,251,252,253,254,255]
57118.344475308644 [0,1,2,3,4,6,7,8,9] [252,253,254,255,256,257]
57117.0167361111 [0,1,2,3,4,6,7,8,9] [255,256,257,258]
57114.17163265307 [0,1,2,3,4,6,7,8,9] [250,251,252,253,254,255,256]
57110.378271604946 [0,1,2,3,4,6,7,8,9] [248,249,250]
57108.25404444444 [0,1,2,3,4,6,7,8,9] [252,253,254,255,256]
57106.66090000001 [0,1,2,3,4,6,7,8,9] [248,249,250,251,252,253,254,255,256,257]
57105.067777777775 [0,1,2,3,4,6,7,8,9] [251,252,253,254,255,256,257]
57103.47467777779 [0,1,2,3,4,6,7,8,9] [249,250,251,252,253,254,255,256,257,258]
57099.7575308642 [0,1,2,3,4,6,7,8,9] [248,249,250,251,252,253,254,255,256]
57094.447530864185 [0,1,2,3,4,6,7,8,9] [251,252,253,254,255,256]
57089.13777777779 [0,1,2,3,4,6,7,8,9] [253,254,255]
57089.13777777777 [0,1,2,3,4,6,7,8,9] [250,251,252,253,254,255]
57082.76639999999 [0,1,2,3,4,6,7,8,9] [249,250,251,252,253]
57082.058491083684 [0,1,2,3,4,6,7,8,9] [250,251,252,253,254,255,256,257,258]
57079.18265625001 [0,1,2,3,4,6,7,8,9] [248,249,250,251,252,253,254,255]
57078.51901234566 [0,1,2,3,4,6,7,8,9] [253,254,255,256,257,258]
57076.10579430673 [0,1,2,3,4,6,7,8,9] [248,249,250,251,252,253,254,255,256,257,258]
57074.65788797062 [0,1,2,3,4,6,7,8,9] [247,248,249,250,251,252,253,254,255,256,257]
57073.21000000001 [0,1,2,3,4,6,7,8,9] [248,249,250,251,252]
57070.314279155195 [0,1,2,3,4,6,7,8,9] [249,250,251,252,253,254,255,256,257,258,259]
57069.228402777786 [0,1,2,3,4,6,7,8,9] [252,253,254,255]
57068.65961451247 [0,1,2,3,4,6,7,8,9] [252,253,254,255,256,257,258]
57067.90123456789 [0,1,2,3,4,6,7,8,9] [256,257,258]
57065.24694444444 [0,1,2,3,4,6,7,8,9] [247,248,249,250,251,252,253,254,255,256]
57063.25626736112 [0,1,2,3,4,6,7,8,9] [251,252,253,254,255,256,257,258]
57060.4693777778 [0,1,2,3,4,6,7,8,9] [251,252,253,254,255]
57059.938549382736 [0,1,2,3,4,6,7,8,9] [254,255,256,257,258,259]
57054.09959999999 [0,1,2,3,4,6,7,8,9] [250,251,252,253,254]
57052.734693877544 [0,1,2,3,4,6,7,8,9] [248,249,250,251,252,253,254]
57049.32250000001 [0,1,2,3,4,6,7,8,9] [247,248,249,250,251,252,253,254,255,256,257,258]
57049.32249999999 [0,1,2,3,4,6,7,8,9] [248,249]
57047.995563271616 [0,1,2,3,4,6,7,8,9] [248,249,250,251,252,253,254,255,256,257,258,259]
57047.730177777805 [0,1,2,3,4,6,7,8,9] [250,251,252,253,254,255,256,257,258,259]
57047.485207100595 [0,1,2,3,4,6,7,8,9] [245,246,247,248,249,250,251,252,253,254,255,256,257]
57043.130260631 [0,1,2,3,4,6,7,8,9] [247,248,249,250,251,252,253,254,255]
57042.68797067901 [0,1,2,3,4,6,7,8,9] [249,250,251,252,253,254,255,256,257,258,259,260]
57041.36111111111 [0,1,2,3,4,6,7,8,9] [255,256,257,258,259]
57040.03426697531 [0,1,2,3,4,6,7,8,9] [246,247,248,249,250,251,252,253,254,255,256,257]
57037.38062499998 [0,1,2,3,4,6,7,8,9] [245,246,247,248,249,250,251,252,253,254,255,256]
57036.053827160475 [0,1,2,3,4,6,7,8,9] [248,249,250,251,252,253]
57035.67474489794 [0,1,2,3,4,6,7,8,9] [244,245,246,247,248,249,250,251,252,253,254,255,256,257]
57029.98866213151 [0,1,2,3,4,6,7,8,9] [253,254,255,256,257,258,259]
57029.42006944444 [0,1,2,3,4,6,7,8,9] [250,251,252,253]
57028.334582185504 [0,1,2,3,4,6,7,8,9] [246,247,248,249,250,251,252,253,254,255,256]
57027.71430839002 [0,1,2,3,4,6,7,8,9] [245,246,247,248,249,250,251,252,253,254,255,256,257,258]
57027.43001736111 [0,1,2,3,4,6,7,8,9] [252,253,254,255,256,257,258,259]
57027.20890260631 [0,1,2,3,4,6,7,8,9] [251,252,253,254,255,256,257,258,259]
57025.44000000002 [0,1,2,3,4,6,7,8,9] [251]
57025.439999999995 [0,1,2,3,4,6,7,8,9] [247,248,249,250,251,252,253,254,255,256,257,258,259]
57024.21539119 [0,1,2,3,4,6,7,8,9] [248,249,250,251,252,253,254,255,256,257,258,259,260]
57022.25604444444 [0,1,2,3,4,6,7,8,9] [247,248,249,250,251]
57021.460069444445 [0,1,2,3,4,6,7,8,9] [247,248,249,250]
57020.13345679014 [0,1,2,3,4,6,7,8,9] [247,248,249,250,251,252]
57020.13345679013 [0,1,2,3,4,6,7,8,9] [243,244,245,246,247,248,249,250,251,252,253,254,255,256,257]
57019.65105601469 [0,1,2,3,4,6,7,8,9] [250,251,252,253,254,255,256,257,258,259,260]
57019.31708744247 [0,1,2,3,4,6,7,8,9] [246,247,248,249,250,251,252,253,254,255,256,257,258]
57018.010908641976 [0,1,2,3,4,6,7,8,9] [244,245,246,247,248,249,250,251,252,253,254,255,256,257,258]
57017.480277777766 [0,1,2,3,4,6,7,8,9] [251,252]
57016.75669421488 [0,1,2,3,4,6,7,8,9] [245,246,247,248,249,250,251,252,253,254,255]
57015.49043402779 [0,1,2,3,4,6,7,8,9] [247,248,249,250,251,252,253,254]
57014.06913832201 [0,1,2,3,4,6,7,8,9] [254,255,256,257,258,259,260]
57009.521111111106 [0,1,2,3,4,6,7,8,9] [243,244,245,246,247,248,249,250,251,252,253,254,255,256]
57008.45993086421 [0,1,2,3,4,6,7,8,9] [245,246,247,248,249,250,251,252,253,254,255,256,257,258,259]
57006.53656684026 [0,1,2,3,4,6,7,8,9] [242,243,244,245,246,247,248,249,250,251,252,253,254,255,256,257]
57005.84783694935 [0,1,2,3,4,6,7,8,9] [249,250,251,252,253,254,255,256,257,258,259,260,261]
57005.54173611111 [0,1,2,3,4,6,7,8,9] [244,245,246,247,248,249,250,251,252,253,254,255]
57004.973265306144 [0,1,2,3,4,6,7,8,9] [247,248,249,250,251,252,253,254,255,256,257,258,259,260]
57004.74587777778 [0,1,2,3,4,6,7,8,9] [246,247,248,249,250,251,252,253,254,255]
57004.54691406251 [0,1,2,3,4,6,7,8,9] [243,244,245,246,247,248,249,250,251,252,253,254,255,256,257,258]
57004.21530864198 [0,1,2,3,4,6,7,8,9] [252,253,254]
57001.56250000002 [0,1,2,3,4,6,7,8,9] [253,254]
57000.567712673605 [0,1,2,3,4,6,7,8,9] [244,245,246,247,248,249,250,251,252,253,254,255,256,257,258,259]
56999.288713151924 [0,1,2,3,4,6,7,8,9] [246,247,248,249,250,251,252,253,254,255,256,257,258,259]
56998.37921111113 [0,1,2,3,4,6,7,8,9] [251,252,253,254,255,256,257,258,259,260]
56997.01497165534 [0,1,2,3,4,6,7,8,9] [249,250,251,252,253,254,255,256,257,258,259,260,261,262]
56995.87811791384 [0,1,2,3,4,6,7,8,9] [247,248,249,250,251,252,253]
56995.726538271614 [0,1,2,3,4,6,7,8,9] [242,243,244,245,246,247,248,249,250,251,252,253,254,255,256]
56995.37285322358 [0,1,2,3,4,6,7,8,9] [252,253,254,255,256,257,258,259,260]
56993.604444444434 [0,1,2,3,4,6,7,8,9] [253,254,255,256,257,258,259,260]
