[Score] [Station index] [Time slots] 
67371.264 [0,1,2,3,4,5,6,7,8,9] [249]
67313.82025000002 [0,1,2,3,4,5,6,7,8,9] [249,250]
67272.80399999999 [0,1,2,3,4,5,6,7,8,9] [248,249]
67267.33611111113 [0,1,2,3,4,5,6,7,8,9] [248,249,250]
67256.401 [0,1,2,3,4,5,6,7,8,9] [250]
67235.9000625 [0,1,2,3,4,5,6,7,8,9] [247,248,249,250]
67229.0671111111 [0,1,2,3,4,5,6,7,8,9] [247,248,249]
67207.204 [0,1,2,3,4,5,6,7,8,9] [249,250,251]
67199.00625000002 [0,1,2,3,4,5,6,7,8,9] [248,249,250,251]
67190.80899999998 [0,1,2,3,4,5,6,7,8,9] [249,250,251,252]
67187.53024000002 [0,1,2,3,4,5,6,7,8,9] [247,248,249,250,251]
67187.53024 [0,1,2,3,4,5,6,7,8,9] [248,249,250,251,252]
67179.88011111112 [0,1,2,3,4,5,6,7,8,9] [247,248,249,250,251,252]
67174.41599999998 [0,1,2,3,4,5,6,7,8,9] [248]
67158.02499999998 [0,1,2,3,4,5,6,7,8,9] [247,248]
67155.29336111111 [0,1,2,3,4,5,6,7,8,9] [248,249,250,251,252,253]
67153.34222448981 [0,1,2,3,4,5,6,7,8,9] [247,248,249,250,251,252,253]
67151.46916000001 [0,1,2,3,4,5,6,7,8,9] [249,250,251,252,253]
67141.636 [0,1,2,3,4,5,6,7,8,9] [252]
67130.71111111112 [0,1,2,3,4,5,6,7,8,9] [250,251,252]
67125.24899999998 [0,1,2,3,4,5,6,7,8,9] [250,251]
67120.56736734696 [0,1,2,3,4,5,6,7,8,9] [246,247,248,249,250,251,252]
67117.05625000002 [0,1,2,3,4,5,6,7,8,9] [246,247,248,249,250,251]
67112.9600625 [0,1,2,3,4,5,6,7,8,9] [246,247,248,249]
67104.76806249996 [0,1,2,3,4,5,6,7,8,9] [246,247,248,249,250,251,252,253]
67096.5765625 [0,1,2,3,4,5,6,7,8,9] [250,251,252,253]
67082.242640625 [0,1,2,3,4,5,6,7,8,9] [247,248,249,250,251,252,253,254]
67073.76002040814 [0,1,2,3,4,5,6,7,8,9] [248,249,250,251,252,253,254]
67067.91025 [0,1,2,3,4,5,6,7,8,9] [251,252]
67067.91024999999 [0,1,2,3,4,5,6,7,8,9] [252,253]
67057.67376562502 [0,1,2,3,4,5,6,7,8,9] [245,246,247,248,249,250,251,252]
67056.99136111108 [0,1,2,3,4,5,6,7,8,9] [249,250,251,252,253,254]
67054.26177777779 [0,1,2,3,4,5,6,7,8,9] [245,246,247,248,249,250]
67050.62241975308 [0,1,2,3,4,5,6,7,8,9] [245,246,247,248,249,250,251,252,253]
67046.98316049381 [0,1,2,3,4,5,6,7,8,9] [246,247,248,249,250,251,252,253,254]
67045.68344897959 [0,1,2,3,4,5,6,7,8,9] [245,246,247,248,249,250,251]
67043.344 [0,1,2,3,4,5,6,7,8,9] [251,252,253]
67028.78834567902 [0,1,2,3,4,5,6,7,8,9] [247,248,249,250,251,252,253,254,255]
67026.969 [0,1,2,3,4,5,6,7,8,9] [246,247,248]
67014.6890625 [0,1,2,3,4,5,6,7,8,9] [248,249,250,251,252,253,254,255]
67013.87044000001 [0,1,2,3,4,5,6,7,8,9] [245,246,247,248,249]
67004.04736000001 [0,1,2,3,4,5,6,7,8,9] [245,246,247,248,249,250,251,252,253,254]
67002.41025000002 [0,1,2,3,4,5,6,7,8,9] [246,247,248,249,250,251,252,253,254,255]
66994.22500000002 [0,1,2,3,4,5,6,7,8,9] [253]
66994.225 [0,1,2,3,4,5,6,7,8,9] [251]
66994.22499999998 [0,1,2,3,4,5,6,7,8,9] [250,251,252,253,254]
66991.88644897958 [0,1,2,3,4,5,6,7,8,9] [249,250,251,252,253,254,255]
66976.21920999998 [0,1,2,3,4,5,6,7,8,9] [244,245,246,247,248,249,250,251,252,253]
66974.21871604939 [0,1,2,3,4,5,6,7,8,9] [244,245,246,247,248,249,250,251,252]
66972.94569 [0,1,2,3,4,5,6,7,8,9] [247,248,249,250,251,252,253,254,255,256]
66967.44040495869 [0,1,2,3,4,5,6,7,8,9] [245,246,247,248,249,250,251,252,253,254,255]
66954.21541975308 [0,1,2,3,4,5,6,7,8,9] [248,249,250,251,252,253,254,255,256]
66954.05011570247 [0,1,2,3,4,5,6,7,8,9] [246,247,248,249,250,251,252,253,254,255,256]
66953.30625000002 [0,1,2,3,4,5,6,7,8,9] [246,247]
66953.30624999998 [0,1,2,3,4,5,6,7,8,9] [244,245,246,247,248,249,250,251]
66947.46173469388 [0,1,2,3,4,5,6,7,8,9] [244,245,246,247,248,249,250]
66940.66116528926 [0,1,2,3,4,5,6,7,8,9] [244,245,246,247,248,249,250,251,252,253,254]
66930.24846280992 [0,1,2,3,4,5,6,7,8,9] [247,248,249,250,251,252,253,254,255,256,257]
66928.761 [0,1,2,3,4,5,6,7,8,9] [250,251,252,253,254,255]
66926.71576562499 [0,1,2,3,4,5,6,7,8,9] [249,250,251,252,253,254,255,256]
66926.03402777779 [0,1,2,3,4,5,6,7,8,9] [245,246,247,248,249,250,251,252,253,254,255,256]
66924.67056249997 [0,1,2,3,4,5,6,7,8,9] [245,246,247,248]
66916.4900625 [0,1,2,3,4,5,6,7,8,9] [246,247,248,249,250,251,252,253,254,255,256,257]
66912.4 [0,1,2,3,4,5,6,7,8,9] [244,245,246,247,248,249,250,251,252,253,254,255]
66909.12803999998 [0,1,2,3,4,5,6,7,8,9] [248,249,250,251,252,253,254,255,256,257]
66906.94677777778 [0,1,2,3,4,5,6,7,8,9] [252,253,254]
66901.98949586776 [0,1,2,3,4,5,6,7,8,9] [243,244,245,246,247,248,249,250,251,252,253]
66896.041 [0,1,2,3,4,5,6,7,8,9] [244,245,246,247,248,249]
66893.52440828402 [0,1,2,3,4,5,6,7,8,9] [245,246,247,248,249,250,251,252,253,254,255,256,257]
66892.76944 [0,1,2,3,4,5,6,7,8,9] [243,244,245,246,247,248,249,250,251,252]
66879.684 [0,1,2,3,4,5,6,7,8,9] [249,250,251,252,253,254,255,256,257]
66878.42585207101 [0,1,2,3,4,5,6,7,8,9] [244,245,246,247,248,249,250,251,252,253,254,255,256]
66875.59506249998 [0,1,2,3,4,5,6,7,8,9] [243,244,245,246,247,248,249,250,251,252,253,254]
66865.14612345677 [0,1,2,3,4,5,6,7,8,9] [243,244,245,246,247,248,249,250,251]
66863.32900000003 [0,1,2,3,4,5,6,7,8,9] [250,251,252,253,254,255,256]
66863.329 [0,1,2,3,4,5,6,7,8,9] [251,252,253,254,255]
66856.51500694445 [0,1,2,3,4,5,6,7,8,9] [247,248,249,250,251,252,253,254,255,256,257,258]
66854.52328994083 [0,1,2,3,4,5,6,7,8,9] [243,244,245,246,247,248,249,250,251,252,253,254,255]
66851.64808163265 [0,1,2,3,4,5,6,7,8,9] [244,245,246,247,248,249,250,251,252,253,254,255,256,257]
66849.49171597634 [0,1,2,3,4,5,6,7,8,9] [246,247,248,249,250,251,252,253,254,255,256,257,258]
66849.02001562496 [0,1,2,3,4,5,6,7,8,9] [243,244,245,246,247,248,249,250]
66841.52544444446 [0,1,2,3,4,5,6,7,8,9] [245,246,247]
66832.96073469386 [0,1,2,3,4,5,6,7,8,9] [245,246,247,248,249,250,251,252,253,254,255,256,257,258]
66831.98750694442 [0,1,2,3,4,5,6,7,8,9] [242,243,244,245,246,247,248,249,250,251,252,253]
66830.625 [0,1,2,3,4,5,6,7,8,9] [248,249,250,251,252,253,254,255,256,257,258]
66827.12147448982 [0,1,2,3,4,5,6,7,8,9] [243,244,245,246,247,248,249,250,251,252,253,254,255,256]
66818.3630625 [0,1,2,3,4,5,6,7,8,9] [250,251,252,253,254,255,256,257]
66817.24839669421 [0,1,2,3,4,5,6,7,8,9] [242,243,244,245,246,247,248,249,250,251,252]
66813.01846745561 [0,1,2,3,4,5,6,7,8,9] [242,243,244,245,246,247,248,249,250,251,252,253,254]
66805.55735111111 [0,1,2,3,4,5,6,7,8,9] [243,244,245,246,247,248,249,250,251,252,253,254,255,256,257]
66801.19823999998 [0,1,2,3,4,5,6,7,8,9] [244,245,246,247,248]
66797.92899999999 [0,1,2,3,4,5,6,7,8,9] [242,243,244,245,246,247,248,249,250,251,252,253,254,255]
66797.92899999997 [0,1,2,3,4,5,6,7,8,9] [244,245,246,247,248,249,250,251,252,253,254,255,256,257,258]
66796.29441 [0,1,2,3,4,5,6,7,8,9] [249,250,251,252,253,254,255,256,257,258]
66790.92375510202 [0,1,2,3,4,5,6,7,8,9] [243,244,245,246,247,248,249]
66789.75624999998 [0,1,2,3,4,5,6,7,8,9] [253,254]
66787.87030177515 [0,1,2,3,4,5,6,7,8,9] [247,248,249,250,251,252,253,254,255,256,257,258,259]
66786.25379591837 [0,1,2,3,4,5,6,7,8,9] [246,247,248,249,250,251,252,253,254,255,256,257,258,259]
66784.85283999998 [0,1,2,3,4,5,6,7,8,9] [242,243,244,245,246,247,248,249,250,251]
66776.1361111111 [0,1,2,3,4,5,6,7,8,9] [242,243,244,245,246,247,248,249,250,251,252,253,254,255,256]
