[Score] [Station index] [Time slots] 
39396.244999999995 [0,1,2,3,4,6,7,8] [239]
39340.125 [0,1,2,3,4,6,7,8] [239,240]
39284.044999999984 [0,1,2,3,4,6,7,8] [240]
39237.342222222236 [0,1,2,3,4,6,7,8] [238,239,240]
39223.33680555555 [0,1,2,3,4,6,7,8] [239,240,241]
39214.00125 [0,1,2,3,4,6,7,8] [238,239]
39200.0 [0,1,2,3,4,6,7,8] [248]
39175.50382812501 [0,1,2,3,4,6,7,8] [239,240,241,242]
39163.60845 [0,1,2,3,4,6,7,8] [239,240,241,242,243]
39146.81805 [0,1,2,3,4,6,7,8] [238,239,240,241,242]
39141.68836805555 [0,1,2,3,4,6,7,8] [238,239,240,241,242,243]
39137.025312499994 [0,1,2,3,4,6,7,8] [239,240,241,242,243,244]
39122.0388010204 [0,1,2,3,4,6,7,8] [238,239,240,241,242,243,244]
39116.04500000001 [0,1,2,3,4,6,7,8] [254,255]
39116.045 [0,1,2,3,4,6,7,8] [243]
39105.55695312501 [0,1,2,3,4,6,7,8] [240,241,242,243]
39102.06124999999 [0,1,2,3,4,6,7,8] [240,241,242]
39095.0703125 [0,1,2,3,4,6,7,8] [248,249]
39088.08000000001 [0,1,2,3,4,6,7,8] [239,240,241,242,243,244,245]
39085.28405000001 [0,1,2,3,4,6,7,8] [240,241,242,243,244]
39081.0903125 [0,1,2,3,4,6,7,8] [247,248]
39074.101249999985 [0,1,2,3,4,6,7,8] [242,243]
39060.125 [0,1,2,3,4,6,7,8] [243,244]
39056.63132812499 [0,1,2,3,4,6,7,8] [237,238,239,240]
39055.9326125 [0,1,2,3,4,6,7,8] [239,240,241,242,243,244,245,246,247,248]
39053.772985537194 [0,1,2,3,4,6,7,8] [238,239,240,241,242,243,244,245,246,247,248]
39052.13969387756 [0,1,2,3,4,6,7,8] [237,238,239,240,241,242,243]
39050.808888888896 [0,1,2,3,4,6,7,8] [247,248,249]
39049.962024793385 [0,1,2,3,4,6,7,8] [239,240,241,242,243,244,245,246,247,248,249]
39049.644453124994 [0,1,2,3,4,6,7,8] [239,240,241,242,243,244,245,246]
39048.48003472222 [0,1,2,3,4,6,7,8] [238,239,240,241,242,243,244,245,246,247,248,249]
39047.70376543209 [0,1,2,3,4,6,7,8] [238,239,240,241,242,243,244,245,246]
39046.15125000001 [0,1,2,3,4,6,7,8] [248,249,250]
39046.151249999995 [0,1,2,3,4,6,7,8] [255]
39043.3568 [0,1,2,3,4,6,7,8] [237,238,239,240,241]
39041.49388888889 [0,1,2,3,4,6,7,8] [237,238,239,240,241,242]
39041.49388888887 [0,1,2,3,4,6,7,8] [239,240,241,242,243,244,245,246,247,248,249,250]
39040.7773964497 [0,1,2,3,4,6,7,8] [238,239,240,241,242,243,244,245,246,247,248,249,250]
39039.94149691359 [0,1,2,3,4,6,7,8] [239,240,241,242,243,244,245,246,247]
39039.1653125 [0,1,2,3,4,6,7,8] [238,239,240,241,242,243,244,245,246,247]
39036.83680555556 [0,1,2,3,4,6,7,8] [240,241,242,243,244,245]
39035.672578125006 [0,1,2,3,4,6,7,8] [241,242,243,244]
39032.18000000001 [0,1,2,3,4,6,7,8] [238]
39032.17999999999 [0,1,2,3,4,6,7,8] [254,255,256]
39028.188673469376 [0,1,2,3,4,6,7,8] [238,239,240,241,242,243,244,245,246,247,248,249,250,251]
39027.881656804726 [0,1,2,3,4,6,7,8] [239,240,241,242,243,244,245,246,247,248,249,250,251]
39026.592199999985 [0,1,2,3,4,6,7,8] [238,239,240,241,242,243,244,245,246,247,248,249,250,251,252]
39026.19308673468 [0,1,2,3,4,6,7,8] [239,240,241,242,243,244,245,246,247,248,249,250,251,252]
39025.1953125 [0,1,2,3,4,6,7,8] [247,248,249,250]
39024.419274691354 [0,1,2,3,4,6,7,8] [238,239,240,241,242,243,244,245,246,247,248,249,250,251,252,253,254,255]
39023.96278546713 [0,1,2,3,4,6,7,8] [239,240,241,242,243,244,245,246,247,248,249,250,251,252,253,254,255]
39023.1411115917 [0,1,2,3,4,6,7,8] [238,239,240,241,242,243,244,245,246,247,248,249,250,251,252,253,254]
39022.5762158203 [0,1,2,3,4,6,7,8] [239,240,241,242,243,244,245,246,247,248,249,250,251,252,253,254]
39018.21125000002 [0,1,2,3,4,6,7,8] [237,238,239,240,241,242,243,244,245]
39018.21124999999 [0,1,2,3,4,6,7,8] [240,241,242,243,244,245,246,247,248]
39016.0058864266 [0,1,2,3,4,6,7,8] [238,239,240,241,242,243,244,245,246,247,248,249,250,251,252,253,254,255,256]
39015.417799999996 [0,1,2,3,4,6,7,8] [240,241,242,243,244,245,246,247,248,249]
39015.10742283951 [0,1,2,3,4,6,7,8] [239,240,241,242,243,244,245,246,247,248,249,250,251,252,253,254,255,256]
39014.71945312499 [0,1,2,3,4,6,7,8] [254,255,256,257]
39013.322778124995 [0,1,2,3,4,6,7,8] [238,239,240,241,242,243,244,245,246,247,248,249,250,251,252,253,254,255,256,257]
39012.97361328124 [0,1,2,3,4,6,7,8] [238,239,240,241,242,243,244,245,246,247,248,249,250,251,252,253]
39012.33041897506 [0,1,2,3,4,6,7,8] [239,240,241,242,243,244,245,246,247,248,249,250,251,252,253,254,255,256,257]
39011.69335555554 [0,1,2,3,4,6,7,8] [239,240,241,242,243,244,245,246,247,248,249,250,251,252,253]
39011.227812499994 [0,1,2,3,4,6,7,8] [241,242]
39009.323347107435 [0,1,2,3,4,6,7,8] [240,241,242,243,244,245,246,247,248,249,250]
39008.90013888889 [0,1,2,3,4,6,7,8] [237,238,239,240,241,242,243,244,245,246,247,248]
39008.235102040824 [0,1,2,3,4,6,7,8] [238,239,240,241,242,243,244,245,246,247,248,249,250,251,252,253,254,255,256,257,258]
39007.46775887574 [0,1,2,3,4,6,7,8] [237,238,239,240,241,242,243,244,245,246,247,248,249]
39007.03805 [0,1,2,3,4,6,7,8] [239,240,241,242,243,244,245,246,247,248,249,250,251,252,253,254,255,256,257,258]
39004.245 [0,1,2,3,4,6,7,8] [261]
39004.24499999999 [0,1,2,3,4,6,7,8] [244]
39003.24750637756 [0,1,2,3,4,6,7,8] [237,238,239,240,241,242,243,244,245,246,247,248,249,250]
39000.75382812499 [0,1,2,3,4,6,7,8] [240,241,242,243,244,245,246,247,248,249,250,251,252,253,254,255]
39000.2551020408 [0,1,2,3,4,6,7,8] [240,241,242,243,244,245,246]
38997.79988165679 [0,1,2,3,4,6,7,8] [240,241,242,243,244,245,246,247,248,249,250,251,252]
38997.728272222215 [0,1,2,3,4,6,7,8] [240,241,242,243,244,245,246,247,248,249,250,251,252,253,254]
38997.630280470905 [0,1,2,3,4,6,7,8] [237,238,239,240,241,242,243,244,245,246,247,248,249,250,251,252,253,254,255]
38997.26281250001 [0,1,2,3,4,6,7,8] [240,241,242,243,244,245,246,247,248,249,250,251]
38997.26281249999 [0,1,2,3,4,6,7,8] [261,262]
38995.51736328124 [0,1,2,3,4,6,7,8] [240,241,242,243,244,245,246,247]
38995.358688016524 [0,1,2,3,4,6,7,8] [238,239,240,241,242,243,244,245,246,247,248,249,250,251,252,253,254,255,256,257,258,259]
38994.93555555555 [0,1,2,3,4,6,7,8] [237,238,239,240,241,242,243,244,245,246,247,248,249,250,251,252,253,254]
38994.64465332031 [0,1,2,3,4,6,7,8] [237,238,239,240,241,242,243,244,245,246,247,248,249,250,251,252]
38994.470112500014 [0,1,2,3,4,6,7,8] [237,238,239,240,241,242,243,244,245,246]
38994.00467222222 [0,1,2,3,4,6,7,8] [237,238,239,240,241,242,243,244,245,246,247,248,249,250,251]
38993.60572562358 [0,1,2,3,4,6,7,8] [239,240,241,242,243,244,245,246,247,248,249,250,251,252,253,254,255,256,257,258,259]
38993.19015842015 [0,1,2,3,4,6,7,8] [238,239,240,241,242,243,244,245,246,247,248,249,250,251,252,253,254,255,256,257,258,259,260,261]
38993.0738 [0,1,2,3,4,6,7,8] [238,239,240,241,242,243,244,245,246,247,248,249,250,251,252,253,254,255,256,257,258,259,260,261,262]
38993.073799999984 [0,1,2,3,4,6,7,8] [247,248,249,250,251]
38992.74525951557 [0,1,2,3,4,6,7,8] [240,241,242,243,244,245,246,247,248,249,250,251,252,253,254,255,256]
38992.70954867675 [0,1,2,3,4,6,7,8] [238,239,240,241,242,243,244,245,246,247,248,249,250,251,252,253,254,255,256,257,258,259,260]
38991.5505785124 [0,1,2,3,4,6,7,8] [237,238,239,240,241,242,243,244,245,246,247]
38991.495389886586 [0,1,2,3,4,6,7,8] [239,240,241,242,243,244,245,246,247,248,249,250,251,252,253,254,255,256,257,258,259,260,261]
38991.44480034722 [0,1,2,3,4,6,7,8] [239,240,241,242,243,244,245,246,247,248,249,250,251,252,253,254,255,256,257,258,259,260,261,262]
38991.05694830246 [0,1,2,3,4,6,7,8] [240,241,242,243,244,245,246,247,248,249,250,251,252,253,254,255,256,257]
38990.979378125 [0,1,2,3,4,6,7,8] [237,238,239,240,241,242,243,244,245,246,247,248,249,250,251,252,253,254,255,256]
38990.91591167355 [0,1,2,3,4,6,7,8] [239,240,241,242,243,244,245,246,247,248,249,250,251,252,253,254,255,256,257,258,259,260]
38990.28125 [0,1,2,3,4,6,7,8] [262]
38989.6163718821 [0,1,2,3,4,6,7,8] [237,238,239,240,241,242,243,244,245,246,247,248,249,250,251,252,253,254,255,256,257]
38987.4888 [0,1,2,3,4,6,7,8] [247,248,249,250,251,252,253,254,255,256]
