[Score] [Station index] [Time slots] 
64192.14400000001 [0,1,2,3,4,5,6,7,8,9] [243]
64120.05625 [0,1,2,3,4,5,6,7,8,9] [243,244]
64048.009 [0,1,2,3,4,5,6,7,8,9] [244]
63989.33377777777 [0,1,2,3,4,5,6,7,8,9] [243,244,245]
63978.66844444445 [0,1,2,3,4,5,6,7,8,9] [242,243,244]
63944.01224999999 [0,1,2,3,4,5,6,7,8,9] [242,243]
63916.0275625 [0,1,2,3,4,5,6,7,8,9] [242,243,244,245]
63888.048999999985 [0,1,2,3,4,5,6,7,8,9] [244,245]
63836.105062500006 [0,1,2,3,4,5,6,7,8,9] [243,244,245,246]
63816.13225 [0,1,2,3,4,5,6,7,8,9] [241,242,243,244]
63808.14400000001 [0,1,2,3,4,5,6,7,8,9] [242,243,244,245,246]
63798.55876 [0,1,2,3,4,5,6,7,8,9] [241,242,243,244,245]
63792.16900000001 [0,1,2,3,4,5,6,7,8,9] [243,244,245,246,247]
63776.19600000001 [0,1,2,3,4,5,6,7,8,9] [242,243,244,245,246,247]
63762.88669444446 [0,1,2,3,4,5,6,7,8,9] [243,244,245,246,247,248]
63753.38089795919 [0,1,2,3,4,5,6,7,8,9] [242,243,244,245,246,247,248]
63738.933444444454 [0,1,2,3,4,5,6,7,8,9] [241,242,243]
63728.28900000001 [0,1,2,3,4,5,6,7,8,9] [241,242,243,244,245,246]
63721.4466122449 [0,1,2,3,4,5,6,7,8,9] [243,244,245,246,247,248,249]
63718.31064062499 [0,1,2,3,4,5,6,7,8,9] [242,243,244,245,246,247,248,249]
63717.64544444445 [0,1,2,3,4,5,6,7,8,9] [244,245,246]
63712.323999999986 [0,1,2,3,4,5,6,7,8,9] [241,242,243,244,245,246,247]
63701.681777777776 [0,1,2,3,4,5,6,7,8,9] [240,241,242,243,244,245]
63700.3515625 [0,1,2,3,4,5,6,7,8,9] [241,242,243,244,245,246,247,248]
63696.361 [0,1,2,3,4,5,6,7,8,9] [240,241,242,243,244]
63696.36099999999 [0,1,2,3,4,5,6,7,8,9] [242]
63692.8139382716 [0,1,2,3,4,5,6,7,8,9] [242,243,244,245,246,247,248,249,250]
63692.37056250001 [0,1,2,3,4,5,6,7,8,9] [244,245,246,247]
63692.37056249999 [0,1,2,3,4,5,6,7,8,9] [243,244,245,246,247,248,249,250]
63680.40000000002 [0,1,2,3,4,5,6,7,8,9] [242,243,244,245,246,247,248,249,250,251]
63678.626679012355 [0,1,2,3,4,5,6,7,8,9] [243,244,245,246,247,248,249,250,251]
63677.20803999998 [0,1,2,3,4,5,6,7,8,9] [244,245,246,247,248]
63675.08011111112 [0,1,2,3,4,5,6,7,8,9] [241,242,243,244,245,246,247,248,249]
63665.891735537196 [0,1,2,3,4,5,6,7,8,9] [242,243,244,245,246,247,248,249,250,251,252]
63662.845210000014 [0,1,2,3,4,5,6,7,8,9] [243,244,245,246,247,248,249,250,251,252]
63656.46224999998 [0,1,2,3,4,5,6,7,8,9] [241,242,243,244,245,246,247,248,249,250]
63655.32246938774 [0,1,2,3,4,5,6,7,8,9] [240,241,242,243,244,245,246]
63650.47851562498 [0,1,2,3,4,5,6,7,8,9] [240,241,242,243,244,245,246,247]
63648.484 [0,1,2,3,4,5,6,7,8,9] [241,242,243,244,245,246,247,248,249,250,251]
63646.71112345677 [0,1,2,3,4,5,6,7,8,9] [240,241,242,243,244,245,246,247,248]
63643.16544444446 [0,1,2,3,4,5,6,7,8,9] [244,245,246,247,248,249]
63637.847111111136 [0,1,2,3,4,5,6,7,8,9] [241,242,243,244,245,246,247,248,249,250,251,252]
63635.18802777778 [0,1,2,3,4,5,6,7,8,9] [242,243,244,245,246,247,248,249,250,251,252,253]
63629.62830578514 [0,1,2,3,4,5,6,7,8,9] [243,244,245,246,247,248,249,250,251,252,253]
63629.33823999999 [0,1,2,3,4,5,6,7,8,9] [240,241,242,243,244,245,246,247,248,249]
63621.13379591837 [0,1,2,3,4,5,6,7,8,9] [244,245,246,247,248,249,250]
63619.030177514804 [0,1,2,3,4,5,6,7,8,9] [242,243,244,245,246,247,248,249,250,251,252,253,254]
63616.576 [0,1,2,3,4,5,6,7,8,9] [248]
63616.57599999999 [0,1,2,3,4,5,6,7,8,9] [240,241,242,243,244,245,246,247,248,249,250]
63614.58201562498 [0,1,2,3,4,5,6,7,8,9] [244,245,246,247,248,249,250,251]
63612.58806250001 [0,1,2,3,4,5,6,7,8,9] [243,244,245,246,247,248,249,250,251,252,253,254]
63611.66778698224 [0,1,2,3,4,5,6,7,8,9] [241,242,243,244,245,246,247,248,249,250,251,252,253]
63608.60025 [0,1,2,3,4,5,6,7,8,9] [240,241,242,243]
63605.53278698225 [0,1,2,3,4,5,6,7,8,9] [240,241,242,243,244,245,246,247,248,249,250,251,252]
63604.16949382714 [0,1,2,3,4,5,6,7,8,9] [244,245,246,247,248,249,250,251,252]
63600.625 [0,1,2,3,4,5,6,7,8,9] [242,243,244,245,246,247,248,249,250,251,252,253,254,255]
63598.34644897957 [0,1,2,3,4,5,6,7,8,9] [241,242,243,244,245,246,247,248,249,250,251,252,253,254]
63593.26367455624 [0,1,2,3,4,5,6,7,8,9] [243,244,245,246,247,248,249,250,251,252,253,254,255]
63584.676 [0,1,2,3,4,5,6,7,8,9] [245,246,247,248]
63583.53686224487 [0,1,2,3,4,5,6,7,8,9] [240,241,242,243,244,245,246,247,248,249,250,251,252,253]
63582.549617777775 [0,1,2,3,4,5,6,7,8,9] [241,242,243,244,245,246,247,248,249,250,251,252,253,254,255]
63581.48643999999 [0,1,2,3,4,5,6,7,8,9] [242,243,244,245,246,247,248,249,250,251,252,253,254,255,256]
63574.04444444445 [0,1,2,3,4,5,6,7,8,9] [245,246,247]
63573.51289 [0,1,2,3,4,5,6,7,8,9] [244,245,246,247,248,249,250,251,252,253]
63573.28508163265 [0,1,2,3,4,5,6,7,8,9] [243,244,245,246,247,248,249,250,251,252,253,254,255,256]
63572.98133777775 [0,1,2,3,4,5,6,7,8,9] [240,241,242,243,244,245,246,247,248,249,250,251,252,253,254]
63568.72899999999 [0,1,2,3,4,5,6,7,8,9] [251]
63566.735765625 [0,1,2,3,4,5,6,7,8,9] [242,243,244,245,246,247,248,249,250,251,252,253,254,255,256,257]
63565.73916015625 [0,1,2,3,4,5,6,7,8,9] [241,242,243,244,245,246,247,248,249,250,251,252,253,254,255,256]
63562.35075999998 [0,1,2,3,4,5,6,7,8,9] [245,246,247,248,249]
63560.03147933886 [0,1,2,3,4,5,6,7,8,9] [244,245,246,247,248,249,250,251,252,253,254]
63559.75969140625 [0,1,2,3,4,5,6,7,8,9] [240,241,242,243,244,245,246,247,248,249,250,251,252,253,254,255]
63558.098777777785 [0,1,2,3,4,5,6,7,8,9] [243,244,245,246,247,248,249,250,251,252,253,254,255,256,257]
63552.78400000001 [0,1,2,3,4,5,6,7,8,9] [242,243,244,245,246,247,248,249,250,251,252,253,254,255,256,257,258]
63552.783999999985 [0,1,2,3,4,5,6,7,8,9] [245,246,247,248,249,250,251]
63550.126694444436 [0,1,2,3,4,5,6,7,8,9] [245,246,247,248,249,250]
63548.798062500005 [0,1,2,3,4,5,6,7,8,9] [247,248,249,250]
63548.7980625 [0,1,2,3,4,5,6,7,8,9] [245,246,247,248,249,250,251,252]
63547.46944444446 [0,1,2,3,4,5,6,7,8,9] [247,248,249,250,251,252]
63545.95104081632 [0,1,2,3,4,5,6,7,8,9] [239,240,241,242,243,244,245]
63545.281162629755 [0,1,2,3,4,5,6,7,8,9] [240,241,242,243,244,245,246,247,248,249,250,251,252,253,254,255,256]
63544.812249999995 [0,1,2,3,4,5,6,7,8,9] [251,252]
63544.81224999998 [0,1,2,3,4,5,6,7,8,9] [248,249]
63543.81581640626 [0,1,2,3,4,5,6,7,8,9] [243,244,245,246,247,248,249,250,251,252,253,254,255,256,257,258]
63543.48367361111 [0,1,2,3,4,5,6,7,8,9] [244,245,246,247,248,249,250,251,252,253,254,255]
63543.217960000016 [0,1,2,3,4,5,6,7,8,9] [239,240,241,242,243,244,245,246,247,248]
63540.38371604939 [0,1,2,3,4,5,6,7,8,9] [241,242,243,244,245,246,247,248,249,250,251,252,253,254,255,256,257,258]
63536.84100000003 [0,1,2,3,4,5,6,7,8,9] [239,240,241,242,243,244,245,246,247,248,249]
63536.841 [0,1,2,3,4,5,6,7,8,9] [248,249,250,251]
63535.61469822484 [0,1,2,3,4,5,6,7,8,9] [239,240,241,242,243,244,245,246,247,248,249,250,251]
63535.069679012326 [0,1,2,3,4,5,6,7,8,9] [239,240,241,242,243,244,245,246,247]
63534.56359183673 [0,1,2,3,4,5,6,7,8,9] [239,240,241,242,243,244,245,246,247,248,249,250,251,252]
63534.18402777779 [0,1,2,3,4,5,6,7,8,9] [240,241,242,243,244,245,246,247,248,249,250,251,252,253,254,255,256,257]
63533.65264000001 [0,1,2,3,4,5,6,7,8,9] [248,249,250,251,252]
63532.85556249999 [0,1,2,3,4,5,6,7,8,9] [239,240,241,242,243,244,245,246,247,248,249,250]
63528.87024999999 [0,1,2,3,4,5,6,7,8,9] [250,251]
63526.21344444445 [0,1,2,3,4,5,6,7,8,9] [250,251,252]
63526.213444444445 [0,1,2,3,4,5,6,7,8,9] [248,249,250]
63525.80471005917 [0,1,2,3,4,5,6,7,8,9] [244,245,246,247,248,249,250,251,252,253,254,255,256]
63524.8850625 [0,1,2,3,4,5,6,7,8,9] [239,240,241,242,243,244,245,246]
