[Score] [Station index] [Time slots] 
69031.17224999997 [0,1,2,3,4,5,6,7,8,9] [244,245]
69022.86400000002 [0,1,2,3,4,5,6,7,8,9] [243,244,245]
69006.24899999998 [0,1,2,3,4,5,6,7,8,9] [243]
68977.17756249997 [0,1,2,3,4,5,6,7,8,9] [242,243,244,245]
68948.11225 [0,1,2,3,4,5,6,7,8,9] [243,244]
68923.204 [0,1,2,3,4,5,6,7,8,9] [242,243]
68912.13511111109 [0,1,2,3,4,5,6,7,8,9] [242,243,244]
68899.96036 [0,1,2,3,4,5,6,7,8,9] [241,242,243,244,245]
68890.00000000003 [0,1,2,3,4,5,6,7,8,9] [244]
68844.35756250002 [0,1,2,3,4,5,6,7,8,9] [238,239,240,241,242,243,244,245]
68844.35756249998 [0,1,2,3,4,5,6,7,8,9] [243,244,245,246]
68843.52783999998 [0,1,2,3,4,5,6,7,8,9] [242,243,244,245,246]
68840.20899999999 [0,1,2,3,4,5,6,7,8,9] [242]
68831.91225 [0,1,2,3,4,5,6,7,8,9] [241,242,243,244]
68812.55511111111 [0,1,2,3,4,5,6,7,8,9] [241,242,243]
68797.54532653061 [0,1,2,3,4,5,6,7,8,9] [238,239,240,241,242,243,244]
68782.14224999999 [0,1,2,3,4,5,6,7,8,9] [238,239,240,241,242,243]
68773.84899999999 [0,1,2,3,4,5,6,7,8,9] [239]
68751.7361111111 [0,1,2,3,4,5,6,7,8,9] [238,239,240]
68682.65625 [0,1,2,3,4,5,6,7,8,9] [238,239]
68657.796 [0,1,2,3,4,5,6,7,8,9] [236,237,238,239,240,241,242,243,244]
68591.524 [0,1,2,3,4,5,6,7,8,9] [238]
68508.729 [0,1,2,3,4,5,6,7,8,9] [249]
68425.98399999998 [0,1,2,3,4,5,6,7,8,9] [236,237,238,239]
68384.63025000002 [0,1,2,3,4,5,6,7,8,9] [248,249]
68310.225 [0,1,2,3,4,5,6,7,8,9] [236,237,238]
68260.644 [0,1,2,3,4,5,6,7,8,9] [248]
68183.55377777778 [0,1,2,3,4,5,6,7,8,9] [248,249,250]
68169.79225000001 [0,1,2,3,4,5,6,7,8,9] [248,249,250,251]
68145.025 [0,1,2,3,4,5,6,7,8,9] [249,250]
68139.52177777777 [0,1,2,3,4,5,6,7,8,9] [249,250,251]
68087.25224999998 [0,1,2,3,4,5,6,7,8,9] [231,232]
68083.1265625 [0,1,2,3,4,5,6,7,8,9] [247,248,249,250]
68070.75025 [0,1,2,3,4,5,6,7,8,9] [235,236]
68029.50399999999 [0,1,2,3,4,5,6,7,8,9] [236]
68013.009 [0,1,2,3,4,5,6,7,8,9] [231]
67996.51600000003 [0,1,2,3,4,5,6,7,8,9] [231,232,233]
67988.27024999999 [0,1,2,3,4,5,6,7,8,9] [230,231]
67955.29224999998 [0,1,2,3,4,5,6,7,8,9] [250,251]
67947.04899999998 [0,1,2,3,4,5,6,7,8,9] [254]
67914.081 [0,1,2,3,4,5,6,7,8,9] [231,232,233,234,235,236]
67835.8140625 [0,1,2,3,4,5,6,7,8,9] [231,232,233,234]
67831.69600000001 [0,1,2,3,4,5,6,7,8,9] [234,235,236]
67829.93115433677 [0,1,2,3,4,5,6,7,8,9] [218,219,220,221,222,223,224,225,226,227,228,229,230,231,232,233,234,235,236,237,238,239,240,241,242,243,244,245]
67827.57806250002 [0,1,2,3,4,5,6,7,8,9] [233,234,235,236]
67812.65158691409 [0,1,2,3,4,5,6,7,8,9] [217,218,219,220,221,222,223,224,225,226,227,228,229,230,231,232,233,234,235,236,237,238,239,240,241,242,243,244,245,246,247,248]
67798.75600000002 [0,1,2,3,4,5,6,7,8,9] [217,218,219,220,221,222,223,224,225,226,227,228,229,230,231,232,233,234,235,236,237,238,239,240,241,242,243,244,245,246]
67798.22477523415 [0,1,2,3,4,5,6,7,8,9] [217,218,219,220,221,222,223,224,225,226,227,228,229,230,231,232,233,234,235,236,237,238,239,240,241,242,243,244,245,246,247]
67782.7732949827 [0,1,2,3,4,5,6,7,8,9] [216,217,218,219,220,221,222,223,224,225,226,227,228,229,230,231,232,233,234,235,236,237,238,239,240,241,242,243,244,245,246,247,248,249]
67782.75945795918 [0,1,2,3,4,5,6,7,8,9] [216,217,218,219,220,221,222,223,224,225,226,227,228,229,230,231,232,233,234,235,236,237,238,239,240,241,242,243,244,245,246,247,248,249,250]
67782.28900000002 [0,1,2,3,4,5,6,7,8,9] [247]
67782.28899999999 [0,1,2,3,4,5,6,7,8,9] [250]
67781.15341854934 [0,1,2,3,4,5,6,7,8,9] [217,218,219,220,221,222,223,224,225,226,227,228,229,230,231,232,233,234,235,236,237,238,239,240,241,242,243,244,245]
67780.45945679012 [0,1,2,3,4,5,6,7,8,9] [218,219,220,221,222,223,224,225,226,227,228,229,230,231,232,233,234,235,236,237,238,239,240,241,242,243,244]
67760.83500091828 [0,1,2,3,4,5,6,7,8,9] [216,217,218,219,220,221,222,223,224,225,226,227,228,229,230,231,232,233,234,235,236,237,238,239,240,241,242,243,244,245,246,247,248]
67745.24556250003 [0,1,2,3,4,5,6,7,8,9] [216,217,218,219,220,221,222,223,224,225,226,227,228,229,230,231,232,233,234,235,236,237,238,239,240,241,242,243,244,245,246,247]
67744.05078147764 [0,1,2,3,4,5,6,7,8,9] [216,217,218,219,220,221,222,223,224,225,226,227,228,229,230,231,232,233,234,235,236,237,238,239,240,241,242,243,244,245,246]
67739.75850694446 [0,1,2,3,4,5,6,7,8,9] [215,216,217,218,219,220,221,222,223,224,225,226,227,228,229,230,231,232,233,234,235,236,237,238,239,240,241,242,243,244,245,246,247,248,249,250]
67738.54354612243 [0,1,2,3,4,5,6,7,8,9] [215,216,217,218,219,220,221,222,223,224,225,226,227,228,229,230,231,232,233,234,235,236,237,238,239,240,241,242,243,244,245,246,247,248,249]
67737.96471005915 [0,1,2,3,4,5,6,7,8,9] [218,219,220,221,222,223,224,225,226,227,228,229,230,231,232,233,234,235,236,237,238,239,240,241,242,243]
67731.72429081632 [0,1,2,3,4,5,6,7,8,9] [217,218,219,220,221,222,223,224,225,226,227,228,229,230,231,232,233,234,235,236,237,238,239,240,241,242,243,244]
67725.21888444445 [0,1,2,3,4,5,6,7,8,9] [216,217,218,219,220,221,222,223,224,225,226,227,228,229,230,231,232,233,234,235,236,237,238,239,240,241,242,243,244,245]
67715.95694204154 [0,1,2,3,4,5,6,7,8,9] [215,216,217,218,219,220,221,222,223,224,225,226,227,228,229,230,231,232,233,234,235,236,237,238,239,240,241,242,243,244,245,246,247,248]
67705.76596128561 [0,1,2,3,4,5,6,7,8,9] [214,215,216,217,218,219,220,221,222,223,224,225,226,227,228,229,230,231,232,233,234,235,236,237,238,239,240,241,242,243,244,245,246,247,248,249,250]
67703.64093827162 [0,1,2,3,4,5,6,7,8,9] [214,215,216,217,218,219,220,221,222,223,224,225,226,227,228,229,230,231,232,233,234,235,236,237,238,239,240,241,242,243,244,245,246,247,248,249]
67699.4853342516 [0,1,2,3,4,5,6,7,8,9] [215,216,217,218,219,220,221,222,223,224,225,226,227,228,229,230,231,232,233,234,235,236,237,238,239,240,241,242,243,244,245,246,247]
67696.89853515627 [0,1,2,3,4,5,6,7,8,9] [215,216,217,218,219,220,221,222,223,224,225,226,227,228,229,230,231,232,233,234,235,236,237,238,239,240,241,242,243,244,245,246]
67689.0137777778 [0,1,2,3,4,5,6,7,8,9] [217,218,219,220,221,222,223,224,225,226,227,228,229,230,231,232,233,234,235,236,237,238,239,240,241,242,243]
67680.70834367347 [0,1,2,3,4,5,6,7,8,9] [214,215,216,217,218,219,220,221,222,223,224,225,226,227,228,229,230,231,232,233,234,235,236,237,238,239,240,241,242,243,244,245,246,247,248]
67677.15985952134 [0,1,2,3,4,5,6,7,8,9] [215,216,217,218,219,220,221,222,223,224,225,226,227,228,229,230,231,232,233,234,235,236,237,238,239,240,241,242,243,244,245]
67675.58592271103 [0,1,2,3,4,5,6,7,8,9] [216,217,218,219,220,221,222,223,224,225,226,227,228,229,230,231,232,233,234,235,236,237,238,239,240,241,242,243,244]
67663.68886591696 [0,1,2,3,4,5,6,7,8,9] [214,215,216,217,218,219,220,221,222,223,224,225,226,227,228,229,230,231,232,233,234,235,236,237,238,239,240,241,242,243,244,245,246,247]
67660.09654361801 [0,1,2,3,4,5,6,7,8,9] [214,215,216,217,218,219,220,221,222,223,224,225,226,227,228,229,230,231,232,233,234,235,236,237,238,239,240,241,242,243,244,245,246]
67657.98441066482 [0,1,2,3,4,5,6,7,8,9] [213,214,215,216,217,218,219,220,221,222,223,224,225,226,227,228,229,230,231,232,233,234,235,236,237,238,239,240,241,242,243,244,245,246,247,248,249,250]
67654.62641051864 [0,1,2,3,4,5,6,7,8,9] [213,214,215,216,217,218,219,220,221,222,223,224,225,226,227,228,229,230,231,232,233,234,235,236,237,238,239,240,241,242,243,244,245,246,247,248,249]
67639.83011816404 [0,1,2,3,4,5,6,7,8,9] [214,215,216,217,218,219,220,221,222,223,224,225,226,227,228,229,230,231,232,233,234,235,236,237,238,239,240,241,242,243,244,245]
67638.60438017752 [0,1,2,3,4,5,6,7,8,9] [217,218,219,220,221,222,223,224,225,226,227,228,229,230,231,232,233,234,235,236,237,238,239,240,241,242]
67632.4137257653 [0,1,2,3,4,5,6,7,8,9] [216,217,218,219,220,221,222,223,224,225,226,227,228,229,230,231,232,233,234,235,236,237,238,239,240,241,242,243]
67630.9778155864 [0,1,2,3,4,5,6,7,8,9] [213,214,215,216,217,218,219,220,221,222,223,224,225,226,227,228,229,230,231,232,233,234,235,236,237,238,239,240,241,242,243,244,245,246,247,248]
67627.59696000002 [0,1,2,3,4,5,6,7,8,9] [215,216,217,218,219,220,221,222,223,224,225,226,227,228,229,230,231,232,233,234,235,236,237,238,239,240,241,242,243,244]
67613.0302244898 [0,1,2,3,4,5,6,7,8,9] [213,214,215,216,217,218,219,220,221,222,223,224,225,226,227,228,229,230,231,232,233,234,235,236,237,238,239,240,241,242,243,244,245,246,247]
67608.0552283737 [0,1,2,3,4,5,6,7,8,9] [213,214,215,216,217,218,219,220,221,222,223,224,225,226,227,228,229,230,231,232,233,234,235,236,237,238,239,240,241,242,243,244,245,246]
67601.28400000001 [0,1,2,3,4,5,6,7,8,9] [212,213,214,215,216,217,218,219,220,221,222,223,224,225,226,227,228,229,230,231,232,233,234,235,236,237,238,239,240,241,242,243,244,245,246,247,248,249,250]
67598.42420415879 [0,1,2,3,4,5,6,7,8,9] [218,219,220,221,222,223,224,225,226,227,228,229,230,231,232,233,234,235,236,237,238,239,240]
67596.52397853186 [0,1,2,3,4,5,6,7,8,9] [212,213,214,215,216,217,218,219,220,221,222,223,224,225,226,227,228,229,230,231,232,233,234,235,236,237,238,239,240,241,242,243,244,245,246,247,248,249]
67590.76024959999 [0,1,2,3,4,5,6,7,8,9] [217,218,219,220,221,222,223,224,225,226,227,228,229,230,231,232,233,234,235,236,237,238,239,240,241]
67590.67538397505 [0,1,2,3,4,5,6,7,8,9] [214,215,216,217,218,219,220,221,222,223,224,225,226,227,228,229,230,231,232,233,234,235,236,237,238,239,240,241,242,243,244]
67590.32177777779 [0,1,2,3,4,5,6,7,8,9] [219,220,221,222,223,224,225,226,227,228,229,230,231,232,233,234,235,236,237,238,239]
67586.83398438935 [0,1,2,3,4,5,6,7,8,9] [213,214,215,216,217,218,219,220,221,222,223,224,225,226,227,228,229,230,231,232,233,234,235,236,237,238,239,240,241,242,243,244,245]
67584.841 [0,1,2,3,4,5,6,7,8,9] [225]
67584.27403567181 [0,1,2,3,4,5,6,7,8,9] [215,216,217,218,219,220,221,222,223,224,225,226,227,228,229,230,231,232,233,234,235,236,237,238,239,240,241,242,243]
67581.79621947877 [0,1,2,3,4,5,6,7,8,9] [216,217,218,219,220,221,222,223,224,225,226,227,228,229,230,231,232,233,234,235,236,237,238,239,240,241,242]
67571.95464134405 [0,1,2,3,4,5,6,7,8,9] [212,213,214,215,216,217,218,219,220,221,222,223,224,225,226,227,228,229,230,231,232,233,234,235,236,237,238,239,240,241,242,243,244,245,246,247,248]
67555.04316015624 [0,1,2,3,4,5,6,7,8,9] [221,222,223,224,225,226,227,228,229,230,231,232,233,234,235,236]
67552.87422530862 [0,1,2,3,4,5,6,7,8,9] [212,213,214,215,216,217,218,219,220,221,222,223,224,225,226,227,228,229,230,231,232,233,234,235,236,237,238,239,240,241,242,243,244,245,246,247]
67549.22136111112 [0,1,2,3,4,5,6,7,8,9] [217,218,219,220,221,222,223,224,225,226,227,228,229,230,231,232,233,234,235,236,237,238,239,240]
67547.8515625 [0,1,2,3,4,5,6,7,8,9] [211,212,213,214,215,216,217,218,219,220,221,222,223,224,225,226,227,228,229,230,231,232,233,234,235,236,237,238,239,240,241,242,243,244,245,246,247,248,249,250]
67547.57760444446 [0,1,2,3,4,5,6,7,8,9] [214,215,216,217,218,219,220,221,222,223,224,225,226,227,228,229,230,231,232,233,234,235,236,237,238,239,240,241,242,243]
67546.32523183674 [0,1,2,3,4,5,6,7,8,9] [212,213,214,215,216,217,218,219,220,221,222,223,224,225,226,227,228,229,230,231,232,233,234,235,236,237,238,239,240,241,242,243,244,245,246]
67545.98367768594 [0,1,2,3,4,5,6,7,8,9] [222,223,224,225,226,227,228,229,230,231,232]
