[Score] [Station index] [Time slots] 
63043.6 [0,1,2,3,4,5,6,7,8,9] [242]
63011.844000000005 [0,1,2,3,4,5,6,7,8,9] [246]
63003.90625000002 [0,1,2,3,4,5,6,7,8,9] [242,243]
62995.969000000005 [0,1,2,3,4,5,6,7,8,9] [242,243,244]
62983.27044000001 [0,1,2,3,4,5,6,7,8,9] [242,243,244,245,246]
62980.096000000005 [0,1,2,3,4,5,6,7,8,9] [244]
62976.1280625 [0,1,2,3,4,5,6,7,8,9] [242,243,244,245]
62972.160250000015 [0,1,2,3,4,5,6,7,8,9] [243,244]
62969.515111111104 [0,1,2,3,4,5,6,7,8,9] [244,245,246]
62968.19256249999 [0,1,2,3,4,5,6,7,8,9] [243,244,245,246]
62964.22500000002 [0,1,2,3,4,5,6,7,8,9] [245,246]
62953.645444444475 [0,1,2,3,4,5,6,7,8,9] [243,244,245]
62948.356000000014 [0,1,2,3,4,5,6,7,8,9] [244,245]
62924.55625 [0,1,2,3,4,5,6,7,8,9] [242,243,244,245,246,247]
62916.62399999999 [0,1,2,3,4,5,6,7,8,9] [245]
62903.40469444443 [0,1,2,3,4,5,6,7,8,9] [241,242,243,244,245,246]
62900.76100000002 [0,1,2,3,4,5,6,7,8,9] [243,244,245,246,247]
62884.9 [0,1,2,3,4,5,6,7,8,9] [244,245,246,247]
62884.89999999998 [0,1,2,3,4,5,6,7,8,9] [0]
62881.72804 [0,1,2,3,4,5,6,7,8,9] [241,242,243,244,245]
62873.005562499995 [0,1,2,3,4,5,6,7,8,9] [241,242,243,244]
62864.510224489786 [0,1,2,3,4,5,6,7,8,9] [241,242,243,244,245,246,247]
62853.18400000001 [0,1,2,3,4,5,6,7,8,9] [240,241,242,243,244,245,246]
62853.183999999994 [0,1,2,3,4,5,6,7,8,9] [245,246,247]
62837.329000000005 [0,1,2,3,4,5,6,7,8,9] [241,242,243]
62835.06416326533 [0,1,2,3,4,5,6,7,8,9] [242,243,244,245,246,247,248]
62826.76011111112 [0,1,2,3,4,5,6,7,8,9] [240,241,242,243,244,245]
62825.4390625 [0,1,2,3,4,5,6,7,8,9] [240,241,242,243,244,245,246,247]
62821.476 [0,1,2,3,4,5,6,7,8,9] [246,247]
62808.795039999975 [0,1,2,3,4,5,6,7,8,9] [240,241,242,243,244]
62801.6625625 [0,1,2,3,4,5,6,7,8,9] [242,243,244,245,246,247,248,249]
62800.34177777779 [0,1,2,3,4,5,6,7,8,9] [243,244,245,246,247,248]
62793.73806250001 [0,1,2,3,4,5,6,7,8,9] [241,242,243,244,245,246,247,248]
62775.90976562498 [0,1,2,3,4,5,6,7,8,9] [239,240,241,242,243,244,245,246]
62773.92900000002 [0,1,2,3,4,5,6,7,8,9] [241,242]
62768.64711111111 [0,1,2,3,4,5,6,7,8,9] [241,242,243,244,245,246,247,248,249]
62767.59076000001 [0,1,2,3,4,5,6,7,8,9] [244,245,246,247,248]
62767.13804081634 [0,1,2,3,4,5,6,7,8,9] [243,244,245,246,247,248,249]
62766.886530864205 [0,1,2,3,4,5,6,7,8,9] [240,241,242,243,244,245,246,247,248]
62766.00625 [0,1,2,3,4,5,6,7,8,9] [240,241,242,243]
62759.84445679012 [0,1,2,3,4,5,6,7,8,9] [239,240,241,242,243,244,245,246,247]
62756.32356790123 [0,1,2,3,4,5,6,7,8,9] [242,243,244,245,246,247,248,249,250]
62746.993689999996 [0,1,2,3,4,5,6,7,8,9] [240,241,242,243,244,245,246,247,248,249]
62742.241 [0,1,2,3,4,5,6,7,8,9] [258]
62739.07263999999 [0,1,2,3,4,5,6,7,8,9] [242,243,244,245,246,247,248,249,250,251]
62734.32025000001 [0,1,2,3,4,5,6,7,8,9] [244,245,246,247,248,249]
62731.152089999974 [0,1,2,3,4,5,6,7,8,9] [241,242,243,244,245,246,247,248,249,250]
62720.460140625015 [0,1,2,3,4,5,6,7,8,9] [243,244,245,246,247,248,249,250]
62719.20020661156 [0,1,2,3,4,5,6,7,8,9] [242,243,244,245,246,247,248,249,250,251,252]
62717.760297520654 [0,1,2,3,4,5,6,7,8,9] [241,242,243,244,245,246,247,248,249,250,251]
62714.88052892563 [0,1,2,3,4,5,6,7,8,9] [240,241,242,243,244,245,246,247,248,249,250]
62714.520562499994 [0,1,2,3,4,5,6,7,8,9] [245,246,247,248]
62713.72864000001 [0,1,2,3,4,5,6,7,8,9] [239,240,241,242,243,244,245,246,247,248]
62713.200694444415 [0,1,2,3,4,5,6,7,8,9] [239,240,241,242,243,244]
62710.56100000001 [0,1,2,3,4,5,6,7,8,9] [257,258]
62707.04149382715 [0,1,2,3,4,5,6,7,8,9] [238,239,240,241,242,243,244,245,246]
62705.28177777778 [0,1,2,3,4,5,6,7,8,9] [243,244,245,246,247,248,249,250,251]
62703.96200694444 [0,1,2,3,4,5,6,7,8,9] [240,241,242,243,244,245,246,247,248,249,250,251]
62701.32250694445 [0,1,2,3,4,5,6,7,8,9] [241,242,243,244,245,246,247,248,249,250,251,252]
62700.48267768593 [0,1,2,3,4,5,6,7,8,9] [239,240,241,242,243,244,245,246,247,248,249]
62700.0027777778 [0,1,2,3,4,5,6,7,8,9] [240,241,242]
62699.47489000003 [0,1,2,3,4,5,6,7,8,9] [238,239,240,241,242,243,244,245,246,247]
62689.85147928994 [0,1,2,3,4,5,6,7,8,9] [240,241,242,243,244,245,246,247,248,249,250,251,252]
62689.44544444444 [0,1,2,3,4,5,6,7,8,9] [256,257,258]
62686.80624999998 [0,1,2,3,4,5,6,7,8,9] [243,244,245,246,247,248,249,250,251,252]
62685.67518367343 [0,1,2,3,4,5,6,7,8,9] [244,245,246,247,248,249,250]
62685.22275999999 [0,1,2,3,4,5,6,7,8,9] [245,246,247,248,249]
62678.88899999999 [0,1,2,3,4,5,6,7,8,9] [257]
62674.93056249999 [0,1,2,3,4,5,6,7,8,9] [239,240,241,242,243,244,245,246,247,248,249,250]
62672.95139062502 [0,1,2,3,4,5,6,7,8,9] [244,245,246,247,248,249,250,251]
62672.29167361113 [0,1,2,3,4,5,6,7,8,9] [242,243,244,245,246,247,248,249,250,251,252,253]
62668.993140624974 [0,1,2,3,4,5,6,7,8,9] [238,239,240,241,242,243,244,245]
62667.92747928995 [0,1,2,3,4,5,6,7,8,9] [239,240,241,242,243,244,245,246,247,248,249,250,251]
62663.05600000002 [0,1,2,3,4,5,6,7,8,9] [238,239,240,241,242,243,244,245,246,247,248]
62663.056000000004 [0,1,2,3,4,5,6,7,8,9] [262]
62663.05599999998 [0,1,2,3,4,5,6,7,8,9] [256,257]
62659.88964000002 [0,1,2,3,4,5,6,7,8,9] [239,240,241,242,243]
62659.4025147929 [0,1,2,3,4,5,6,7,8,9] [241,242,243,244,245,246,247,248,249,250,251,252,253]
62657.40184183673 [0,1,2,3,4,5,6,7,8,9] [239,240,241,242,243,244,245,246,247,248,249,250,251,252]
62656.01975308644 [0,1,2,3,4,5,6,7,8,9] [244,245,246,247,248,249,250,251,252]
62655.14025000001 [0,1,2,3,4,5,6,7,8,9] [261,262]
62655.14025 [0,1,2,3,4,5,6,7,8,9] [238,239,240,241,242,243,244,245,246,247,248,249]
62651.747938775516 [0,1,2,3,4,5,6,7,8,9] [240,241,242,243,244,245,246,247,248,249,250,251,252,253]
62647.225 [0,1,2,3,4,5,6,7,8,9] [261]
62638.59075206613 [0,1,2,3,4,5,6,7,8,9] [243,244,245,246,247,248,249,250,251,252,253]
62636.6721111111 [0,1,2,3,4,5,6,7,8,9] [260,261,262]
62635.918367346945 [0,1,2,3,4,5,6,7,8,9] [256,257,258,259,260,261,262]
62635.35306249999 [0,1,2,3,4,5,6,7,8,9] [256,257,258,259]
62635.04866863905 [0,1,2,3,4,5,6,7,8,9] [238,239,240,241,242,243,244,245,246,247,248,249,250]
62634.03402777779 [0,1,2,3,4,5,6,7,8,9] [257,258,259,260,261,262]
62633.6571632653 [0,1,2,3,4,5,6,7,8,9] [238,239,240,241,242,243,244]
62631.39600000002 [0,1,2,3,4,5,6,7,8,9] [257,258,259]
62631.39599999999 [0,1,2,3,4,5,6,7,8,9] [256,257,258,259,260,261]
62629.13487755101 [0,1,2,3,4,5,6,7,8,9] [245,246,247,248,249,250,251]
62628.23044 [0,1,2,3,4,5,6,7,8,9] [257,258,259,260,261]
62627.4390625 [0,1,2,3,4,5,6,7,8,9] [246,247,248,249]
62625.8097716263 [0,1,2,3,4,5,6,7,8,9] [242,243,244,245,246,247,248,249,250,251,252,253,254,255,256,257,258]
62625.06496 [0,1,2,3,4,5,6,7,8,9] [258,259,260,261,262]
62624.00981777778 [0,1,2,3,4,5,6,7,8,9] [239,240,241,242,243,244,245,246,247,248,249,250,251,252,253]
62624.00981777776 [0,1,2,3,4,5,6,7,8,9] [238,239,240,241,242,243,244,245,246,247,248,249,250,251,252]
