[Score] [Station index] [Time slots] 
28708.163999999997 [0,1,2,3,4,5,6,7,8,9] [0]
28665.316 [0,1,2,3,4,5,6,7,8,9] [0,1]
28622.5 [0,1,2,3,4,5,6,7,8,9] [1]
28608.235111111113 [0,1,2,3,4,5,6,7,8,9] [0,1,2]
28558.336 [0,1,2,3,4,5,6,7,8,9] [1,2]
28536.964000000007 [0,1,2,3,4,5,6,7,8,9] [0,1,2,3]
28494.244000000006 [0,1,2,3,4,5,6,7,8,9] [2]
28483.569000000007 [0,1,2,3,4,5,6,7,8,9] [0,1,2,3,4]
28480.01111111112 [0,1,2,3,4,5,6,7,8,9] [1,2,3]
28432.001361111128 [0,1,2,3,4,5,6,7,8,9] [0,1,2,3,4,5]
28427.558062499993 [0,1,2,3,4,5,6,7,8,9] [1,2,3,4]
28408.9 [0,1,2,3,4,5,6,7,8,9] [2,3]
28390.62865306122 [0,1,2,3,4,5,6,7,8,9] [0,1,2,3,4,5,6]
28376.928999999993 [0,1,2,3,4,5,6,7,8,9] [1,2,3,4,5]
28362.725444444437 [0,1,2,3,4,5,6,7,8,9] [2,3,4]
28344.976000000013 [0,1,2,3,4,5,6,7,8,9] [0,1,2,3,4,5,6,7]
28337.87777777778 [0,1,2,3,4,5,6,7,8,9] [1,2,3,4,5,6]
28323.684 [0,1,2,3,4,5,6,7,8,9] [3]
28315.701562499988 [0,1,2,3,4,5,6,7,8,9] [2,3,4,5]
28308.311419753085 [0,1,2,3,4,5,6,7,8,9] [0,1,2,3,4,5,6,7,8]
28297.08024999999 [0,1,2,3,4,5,6,7,8,9] [3,4]
28293.280734693875 [0,1,2,3,4,5,6,7,8,9] [1,2,3,4,5,6,7]
28281.124000000003 [0,1,2,3,4,5,6,7,8,9] [2,3,4,5,6]
28270.48900000001 [0,1,2,3,4,5,6,7,8,9] [4]
28258.527015624997 [0,1,2,3,4,5,6,7,8,9] [1,2,3,4,5,6,7,8]
28256.666490000003 [0,1,2,3,4,5,6,7,8,9] [0,1,2,3,4,5,6,7,8,9]
28256.312111111118 [0,1,2,3,4,5,6,7,8,9] [3,4,5]
28238.595999999998 [0,1,2,3,4,5,6,7,8,9] [2,3,4,5,6,7]
28227.968999999994 [0,1,2,3,4,5,6,7,8,9] [3,4,5,6]
28222.65625 [0,1,2,3,4,5,6,7,8,9] [4,5]
28206.72099999999 [0,1,2,3,4,5,6,7,8,9] [1,2,3,4,5,6,7,8,9]
28200.92747933884 [0,1,2,3,4,5,6,7,8,9] [0,1,2,3,4,5,6,7,8,9,10]
28196.1 [0,1,2,3,4,5,6,7,8,9] [4,5,6]
28187.604639999994 [0,1,2,3,4,5,6,7,8,9] [3,4,5,6,7]
28174.863999999994 [0,1,2,3,4,5,6,7,8,9] [5]
28158.94225 [0,1,2,3,4,5,6,7,8,9] [3,4,5,6,7,8]
28154.962515624997 [0,1,2,3,4,5,6,7,8,9] [2,3,4,5,6,7,8,9]
28153.636000000006 [0,1,2,3,4,5,6,7,8,9] [4,5,6,7]
28150.452489999996 [0,1,2,3,4,5,6,7,8,9] [1,2,3,4,5,6,7,8,9,10]
28143.025 [0,1,2,3,4,5,6,7,8,9] [6]
28136.836173611104 [0,1,2,3,4,5,6,7,8,9] [0,1,2,3,4,5,6,7,8,9,10,11]
28126.051559999993 [0,1,2,3,4,5,6,7,8,9] [4,5,6,7,8]
28114.73877777778 [0,1,2,3,4,5,6,7,8,9] [5,6,7]
28106.659612244897 [0,1,2,3,4,5,6,7,8,9] [3,4,5,6,7,8,9]
28098.245049382716 [0,1,2,3,4,5,6,7,8,9] [2,3,4,5,6,7,8,9,10]
28089.99999999999 [0,1,2,3,4,5,6,7,8,9] [5,6,7,8]
28085.18202479338 [0,1,2,3,4,5,6,7,8,9] [1,2,3,4,5,6,7,8,9,10,11]
28084.700250000005 [0,1,2,3,4,5,6,7,8,9] [6,7]
28070.570027777772 [0,1,2,3,4,5,6,7,8,9] [4,5,6,7,8,9]
28066.3588224852 [0,1,2,3,4,5,6,7,8,9] [0,1,2,3,4,5,6,7,8,9,10,11,12]
28061.740444444447 [0,1,2,3,4,5,6,7,8,9] [6,7,8]
28048.940015624994 [0,1,2,3,4,5,6,7,8,9] [3,4,5,6,7,8,9,10]
28031.730249999993 [0,1,2,3,4,5,6,7,8,9] [2,3,4,5,6,7,8,9,10,11]
28030.671359999997 [0,1,2,3,4,5,6,7,8,9] [5,6,7,8,9]
28026.435999999998 [0,1,2,3,4,5,6,7,8,9] [7]
28021.142249999994 [0,1,2,3,4,5,6,7,8,9] [7,8]
28015.848999999995 [0,1,2,3,4,5,6,7,8,9] [8]
28013.202562499995 [0,1,2,3,4,5,6,7,8,9] [1,2,3,4,5,6,7,8,9,10,11,12]
28009.800183673484 [0,1,2,3,4,5,6,7,8,9] [4,5,6,7,8,9,10]
27996.192734693883 [0,1,2,3,4,5,6,7,8,9] [0,1,2,3,4,5,6,7,8,9,10,11,12,13]
27994.681 [0,1,2,3,4,5,6,7,8,9] [6,7,8,9]
27980.573444444446 [0,1,2,3,4,5,6,7,8,9] [3,4,5,6,7,8,9,10,11]
27966.46944444444 [0,1,2,3,4,5,6,7,8,9] [5,6,7,8,9,10]
27958.1369338843 [0,1,2,3,4,5,6,7,8,9] [2,3,4,5,6,7,8,9,10,11,12]
27945.320111111098 [0,1,2,3,4,5,6,7,8,9] [7,8,9]
27941.79599999999 [0,1,2,3,4,5,6,7,8,9] [1,2,3,4,5,6,7,8,9,10,11,12,13]
27937.831640625 [0,1,2,3,4,5,6,7,8,9] [4,5,6,7,8,9,10,11]
27924.883360000007 [0,1,2,3,4,5,6,7,8,9] [6,7,8,9,10]
27924.17877777777 [0,1,2,3,4,5,6,7,8,9] [0,1,2,3,4,5,6,7,8,9,10,11,12,13,14]
27904.80625 [0,1,2,3,4,5,6,7,8,9] [3,4,5,6,7,8,9,10,11,12]
27904.806249999987 [0,1,2,3,4,5,6,7,8,9] [8,9]
27890.469877551026 [0,1,2,3,4,5,6,7,8,9] [5,6,7,8,9,10,11]
27885.44044444444 [0,1,2,3,4,5,6,7,8,9] [2,3,4,5,6,7,8,9,10,11,12,13]
27870.480562499997 [0,1,2,3,4,5,6,7,8,9] [7,8,9,10]
27868.595147959182 [0,1,2,3,4,5,6,7,8,9] [1,2,3,4,5,6,7,8,9,10,11,12,13,14]
27858.456901234567 [0,1,2,3,4,5,6,7,8,9] [4,5,6,7,8,9,10,11,12]
27843.21111111112 [0,1,2,3,4,5,6,7,8,9] [6,7,8,9,10,11]
27841.45225000001 [0,1,2,3,4,5,6,7,8,9] [0,1,2,3,4,5,6,7,8,9,10,11,12,13,14,15]
27830.420661157033 [0,1,2,3,4,5,6,7,8,9] [3,4,5,6,7,8,9,10,11,12,13]
27818.592111111106 [0,1,2,3,4,5,6,7,8,9] [8,9,10]
27811.01922485207 [0,1,2,3,4,5,6,7,8,9] [2,3,4,5,6,7,8,9,10,11,12,13,14]
27807.165562500006 [0,1,2,3,4,5,6,7,8,9] [5,6,7,8,9,10,11,12]
27793.984000000004 [0,1,2,3,4,5,6,7,8,9] [9]
27784.143804444448 [0,1,2,3,4,5,6,7,8,9] [1,2,3,4,5,6,7,8,9,10,11,12,13,14,15]
27783.441000000003 [0,1,2,3,4,5,6,7,8,9] [7,8,9,10,11]
27781.33264 [0,1,2,3,4,5,6,7,8,9] [4,5,6,7,8,9,10,11,12,13]
27754.83436734694 [0,1,2,3,4,5,6,7,8,9] [6,7,8,9,10,11,12]
27754.458062500005 [0,1,2,3,4,5,6,7,8,9] [3,4,5,6,7,8,9,10,11,12,13,14]
27749.964737024227 [0,1,2,3,4,5,6,7,8,9] [0,1,2,3,4,5,6,7,8,9,10,11,12,13,14,15,16]
27727.245444444437 [0,1,2,3,4,5,6,7,8,9] [5,6,7,8,9,10,11,12,13]
27724.73804081632 [0,1,2,3,4,5,6,7,8,9] [2,3,4,5,6,7,8,9,10,11,12,13,14,15]
27722.8575625 [0,1,2,3,4,5,6,7,8,9] [8,9,10,11]
27720.225 [0,1,2,3,4,5,6,7,8,9] [9,10]
27702.996768595047 [0,1,2,3,4,5,6,7,8,9] [4,5,6,7,8,9,10,11,12,13,14]
27690.617285156262 [0,1,2,3,4,5,6,7,8,9] [1,2,3,4,5,6,7,8,9,10,11,12,13,14,15,16]
27690.39802777778 [0,1,2,3,4,5,6,7,8,9] [7,8,9,10,11,12]
27671.545140625014 [0,1,2,3,4,5,6,7,8,9] [6,7,8,9,10,11,12,13]
27665.981562130164 [0,1,2,3,4,5,6,7,8,9] [3,4,5,6,7,8,9,10,11,12,13,14,15]
27661.1714845679 [0,1,2,3,4,5,6,7,8,9] [0,1,2,3,4,5,6,7,8,9,10,11,12,13,14,15,16,17]
27646.564000000006 [0,1,2,3,4,5,6,7,8,9] [5,6,7,8,9,10,11,12,13,14]
