[Score] [Station index] [Time slots] 
36372.961 [0,1,2,3,4,5,6,7,8,9] [253]
36348.841 [0,1,2,3,4,5,6,7,8,9] [252,253]
36324.72900000001 [0,1,2,3,4,5,6,7,8,9] [252]
36308.65877777779 [0,1,2,3,4,5,6,7,8,9] [251,252,253]
36279.540562500006 [0,1,2,3,4,5,6,7,8,9] [250,251,252,253]
36276.52900000001 [0,1,2,3,4,5,6,7,8,9] [251,252]
36248.427111111116 [0,1,2,3,4,5,6,7,8,9] [250,251,252]
36244.413444444435 [0,1,2,3,4,5,6,7,8,9] [252,253,254]
36240.4 [0,1,2,3,4,5,6,7,8,9] [251,252,253,254]
36230.76864000001 [0,1,2,3,4,5,6,7,8,9] [249,250,251,252,253]
36230.768639999995 [0,1,2,3,4,5,6,7,8,9] [250,251,252,253,254]
36228.361 [0,1,2,3,4,5,6,7,8,9] [251]
36210.30625 [0,1,2,3,4,5,6,7,8,9] [248,249,250,251,252,253]
36204.28899999999 [0,1,2,3,4,5,6,7,8,9] [253,254]
36198.272249999995 [0,1,2,3,4,5,6,7,8,9] [249,250,251,252,253,254]
36195.2640625 [0,1,2,3,4,5,6,7,8,9] [249,250,251,252]
36192.25599999999 [0,1,2,3,4,5,6,7,8,9] [250]
36185.38089795918 [0,1,2,3,4,5,6,7,8,9] [248,249,250,251,252,253,254]
36177.81904000002 [0,1,2,3,4,5,6,7,8,9] [248,249,250,251,252]
36168.195999999996 [0,1,2,3,4,5,6,7,8,9] [250,251,252,253,254,255]
36163.38496 [0,1,2,3,4,5,6,7,8,9] [251,252,253,254,255]
36159.60508163265 [0,1,2,3,4,5,6,7,8,9] [247,248,249,250,251,252,253]
36152.16044444444 [0,1,2,3,4,5,6,7,8,9] [249,250,251]
36149.29732653061 [0,1,2,3,4,5,6,7,8,9] [249,250,251,252,253,254,255]
36147.150062500004 [0,1,2,3,4,5,6,7,8,9] [252,253,254,255]
36144.14400000001 [0,1,2,3,4,5,6,7,8,9] [248,249,250,251,252,253,254,255]
36144.14399999999 [0,1,2,3,4,5,6,7,8,9] [241,242]
36141.13806250001 [0,1,2,3,4,5,6,7,8,9] [248,249,250,251]
36137.27346938775 [0,1,2,3,4,5,6,7,8,9] [250,251,252,253,254,255,256]
36128.113777777784 [0,1,2,3,4,5,6,7,8,9] [251,252,253,254,255,256]
36124.60764062499 [0,1,2,3,4,5,6,7,8,9] [249,250,251,252,253,254,255,256]
36124.10677777779 [0,1,2,3,4,5,6,7,8,9] [247,248,249,250,251,252]
36122.77116049383 [0,1,2,3,4,5,6,7,8,9] [248,249,250,251,252,253,254,255,256]
36120.1 [0,1,2,3,4,5,6,7,8,9] [241]
36118.597515625006 [0,1,2,3,4,5,6,7,8,9] [246,247,248,249,250,251,252,253]
36114.090249999994 [0,1,2,3,4,5,6,7,8,9] [249,250]
36112.08711111112 [0,1,2,3,4,5,6,7,8,9] [247,248,249,250,251,252,253,254,255]
36109.41634567901 [0,1,2,3,4,5,6,7,8,9] [246,247,248,249,250,251,252,253,254]
36108.08100000001 [0,1,2,3,4,5,6,7,8,9] [252,253,254,255,256]
36108.081 [0,1,2,3,4,5,6,7,8,9] [248]
36105.07656249999 [0,1,2,3,4,5,6,7,8,9] [250,251,252,253,254,255,256,257]
36098.467240000005 [0,1,2,3,4,5,6,7,8,9] [248,249,250,251,252,253,254,255,256,257]
36097.399123456795 [0,1,2,3,4,5,6,7,8,9] [249,250,251,252,253,254,255,256,257]
36096.06399999998 [0,1,2,3,4,5,6,7,8,9] [247,248,249,250,251,252,253,254,255,256]
36092.6309387755 [0,1,2,3,4,5,6,7,8,9] [251,252,253,254,255,256,257]
36092.45929 [0,1,2,3,4,5,6,7,8,9] [244,245,246,247,248,249,250,251,252,253]
36091.25775999999 [0,1,2,3,4,5,6,7,8,9] [245,246,247,248,249,250,251,252,253,254]
36090.51836686391 [0,1,2,3,4,5,6,7,8,9] [241,242,243,244,245,246,247,248,249,250,251,252,253]
36088.05377777779 [0,1,2,3,4,5,6,7,8,9] [242,243,244,245,246,247,248,249,250,251,252,253]
36088.05377777778 [0,1,2,3,4,5,6,7,8,9] [253,254,255]
36087.325619834715 [0,1,2,3,4,5,6,7,8,9] [244,245,246,247,248,249,250,251,252,253,254]
36086.623474489796 [0,1,2,3,4,5,6,7,8,9] [241,242,243,244,245,246,247,248,249,250,251,252,253,254]
36084.049000000006 [0,1,2,3,4,5,6,7,8,9] [246,247,248,249,250,251,252,253,254,255]
36084.04899999999 [0,1,2,3,4,5,6,7,8,9] [247,248,249,250,251]
36082.332734693875 [0,1,2,3,4,5,6,7,8,9] [246,247,248,249,250,251,252]
36080.77252892561 [0,1,2,3,4,5,6,7,8,9] [243,244,245,246,247,248,249,250,251,252,253]
36080.04444444444 [0,1,2,3,4,5,6,7,8,9] [250,251,252,253,254,255,256,257,258]
36078.58829752066 [0,1,2,3,4,5,6,7,8,9] [248,249,250,251,252,253,254,255,256,257,258]
36077.04117361111 [0,1,2,3,4,5,6,7,8,9] [243,244,245,246,247,248,249,250,251,252,253,254]
36076.40413223141 [0,1,2,3,4,5,6,7,8,9] [247,248,249,250,251,252,253,254,255,256,257]
36075.639689999996 [0,1,2,3,4,5,6,7,8,9] [249,250,251,252,253,254,255,256,257,258]
36075.039062500015 [0,1,2,3,4,5,6,7,8,9] [241,242,243,244]
36072.03600000001 [0,1,2,3,4,5,6,7,8,9] [246,247,248,249,250,251,252,253,254,255,256]
36072.035999999986 [0,1,2,3,4,5,6,7,8,9] [248,249]
36071.23520444445 [0,1,2,3,4,5,6,7,8,9] [241,242,243,244,245,246,247,248,249,250,251,252,253,254,255]
36070.03402777777 [0,1,2,3,4,5,6,7,8,9] [252,253,254,255,256,257]
36069.852033057854 [0,1,2,3,4,5,6,7,8,9] [245,246,247,248,249,250,251,252,253,254,255]
36068.03211111112 [0,1,2,3,4,5,6,7,8,9] [244,245,246,247,248,249,250,251,252,253,254,255]
36067.74612755102 [0,1,2,3,4,5,6,7,8,9] [242,243,244,245,246,247,248,249,250,251,252,253,254,255]
36067.03117361112 [0,1,2,3,4,5,6,7,8,9] [241,242,243,244,245,246,247,248,249,250,251,252]
36066.888183673465 [0,1,2,3,4,5,6,7,8,9] [240,241,242,243,244,245,246,247,248,249,250,251,252,253]
36066.03025000001 [0,1,2,3,4,5,6,7,8,9] [242,243]
36066.030249999996 [0,1,2,3,4,5,6,7,8,9] [251,252,253,254,255,256,257,258]
36064.82915999998 [0,1,2,3,4,5,6,7,8,9] [240,241,242,243,244,245,246,247,248,249,250,251,252,253,254]
36063.77822265624 [0,1,2,3,4,5,6,7,8,9] [241,242,243,244,245,246,247,248,249,250,251,252,253,254,255,256]
36063.02756249999 [0,1,2,3,4,5,6,7,8,9] [245,246,247,248,249,250,251,252]
36062.2086694215 [0,1,2,3,4,5,6,7,8,9] [242,243,244,245,246,247,248,249,250,251,252]
36061.35945679012 [0,1,2,3,4,5,6,7,8,9] [244,245,246,247,248,249,250,251,252]
36060.025 [0,1,2,3,4,5,6,7,8,9] [247,248,249,250,251,252,253,254,255,256,257,258]
36059.10115976331 [0,1,2,3,4,5,6,7,8,9] [244,245,246,247,248,249,250,251,252,253,254,255,256]
36056.02177777777 [0,1,2,3,4,5,6,7,8,9] [246,247,248,249,250,251,252,253,254,255,256,257]
36054.02025000001 [0,1,2,3,4,5,6,7,8,9] [253,254,255,256]
36052.9606401384 [0,1,2,3,4,5,6,7,8,9] [241,242,243,244,245,246,247,248,249,250,251,252,253,254,255,256,257]
36052.30469897959 [0,1,2,3,4,5,6,7,8,9] [243,244,245,246,247,248,249,250,251,252,253,254,255,256]
36051.768597656264 [0,1,2,3,4,5,6,7,8,9] [240,241,242,243,244,245,246,247,248,249,250,251,252,253,254,255]
36051.61848999999 [0,1,2,3,4,5,6,7,8,9] [243,244,245,246,247,248,249,250,251,252]
36050.01736111111 [0,1,2,3,4,5,6,7,8,9] [248,249,250,251,252,253,254,255,256,257,258,259]
36048.81653777778 [0,1,2,3,4,5,6,7,8,9] [239,240,241,242,243,244,245,246,247,248,249,250,251,252,253]
36048.76650390625 [0,1,2,3,4,5,6,7,8,9] [242,243,244,245,246,247,248,249,250,251,252,253,254,255,256,257]
36048.015999999996 [0,1,2,3,4,5,6,7,8,9] [239,240,241,242,243,244,245,246,247,248,249,250,251,252,253,254]
36048.01599999999 [0,1,2,3,4,5,6,7,8,9] [244]
36046.30059183673 [0,1,2,3,4,5,6,7,8,9] [244,245,246,247,248,249,250,251,252,253,254,255,256,257]
36046.168639053234 [0,1,2,3,4,5,6,7,8,9] [245,246,247,248,249,250,251,252,253,254,255,256,257]
36045.896972318325 [0,1,2,3,4,5,6,7,8,9] [240,241,242,243,244,245,246,247,248,249,250,251,252,253,254,255,256]
36045.61444000001 [0,1,2,3,4,5,6,7,8,9] [241,242,243,244,245]
36045.61443999999 [0,1,2,3,4,5,6,7,8,9] [250,251,252,253,254,255,256,257,258,259]
36044.741165289255 [0,1,2,3,4,5,6,7,8,9] [249,250,251,252,253,254,255,256,257,258,259]
36043.649586776846 [0,1,2,3,4,5,6,7,8,9] [241,242,243,244,245,246,247,248,249,250,251]
36043.39768639054 [0,1,2,3,4,5,6,7,8,9] [240,241,242,243,244,245,246,247,248,249,250,251,252]
36043.346373456785 [0,1,2,3,4,5,6,7,8,9] [241,242,243,244,245,246,247,248,249,250,251,252,253,254,255,256,257,258]
