[Score] [Station index] [Time slots] 
54763.95125 [0,1,2,3,4,6,7,8] [255]
54615.125 [0,1,2,3,4,6,7,8] [255,256]
54615.12499999998 [0,1,2,3,4,6,7,8] [259]
54582.08000000001 [0,1,2,3,4,6,7,8] [259,260]
54573.8203125 [0,1,2,3,4,6,7,8] [254,255]
54549.045000000006 [0,1,2,3,4,6,7,8] [260]
54538.03555555555 [0,1,2,3,4,6,7,8] [258,259,260]
54532.53125 [0,1,2,3,4,6,7,8] [258,259]
54529.77920138889 [0,1,2,3,4,6,7,8] [255,256,257,258,259,260]
54525.926450000006 [0,1,2,3,4,6,7,8] [255,256,257,258,259]
54521.52347222223 [0,1,2,3,4,6,7,8] [255,256,257]
54508.94451530611 [0,1,2,3,4,6,7,8] [254,255,256,257,258,259,260]
54503.63820312501 [0,1,2,3,4,6,7,8] [255,256,257,258]
54502.26253472223 [0,1,2,3,4,6,7,8] [254,255,256,257,258,259]
54499.511249999996 [0,1,2,3,4,6,7,8] [255,256,257,258,259,260,261]
54494.008888888886 [0,1,2,3,4,6,7,8] [259,260,261]
54487.131328125004 [0,1,2,3,4,6,7,8] [254,255,256,257]
54487.13132812498 [0,1,2,3,4,6,7,8] [257,258,259,260]
54485.068144531244 [0,1,2,3,4,6,7,8] [254,255,256,257,258,259,260,261]
54483.005000000005 [0,1,2,3,4,6,7,8] [258,259,260,261]
54483.00499999999 [0,1,2,3,4,6,7,8] [256,257,258,259,260]
54479.70404999999 [0,1,2,3,4,6,7,8] [254,255,256,257,258]
54478.878828124994 [0,1,2,3,4,6,7,8] [253,254,255,256,257,258,259,260]
54472.00222222222 [0,1,2,3,4,6,7,8] [253,254,255]
54470.62695312502 [0,1,2,3,4,6,7,8] [255,256,257,258,259,260,261,262]
54470.626953125 [0,1,2,3,4,6,7,8] [253,254,255,256]
54468.85877551021 [0,1,2,3,4,6,7,8] [253,254,255,256,257,258,259]
54466.50125 [0,1,2,3,4,6,7,8] [257,258,259]
54466.50124999999 [0,1,2,3,4,6,7,8] [256]
54461.00055555556 [0,1,2,3,4,6,7,8] [254,255,256,257,258,259,260,261,262]
54461.00055555555 [0,1,2,3,4,6,7,8] [253,254,255,256,257,258,259,260,261]
54455.500138888885 [0,1,2,3,4,6,7,8] [256,257,258,259,260,261]
54453.300049999976 [0,1,2,3,4,6,7,8] [257,258,259,260,261]
54450.00000000002 [0,1,2,3,4,6,7,8] [258]
54444.500138888914 [0,1,2,3,4,6,7,8] [253,254,255,256,257,258]
54443.40019999999 [0,1,2,3,4,6,7,8] [253,254,255,256,257]
54441.75031250001 [0,1,2,3,4,6,7,8] [253,254,255,256,257,258,259,260,261,262]
54440.10044999999 [0,1,2,3,4,6,7,8] [258,259,260,261,262]
54437.62570312501 [0,1,2,3,4,6,7,8] [259,260,261,262]
54433.501250000016 [0,1,2,3,4,6,7,8] [260,261]
54433.501249999994 [0,1,2,3,4,6,7,8] [252,253,254,255,256,257,258,259,260]
54428.787780612234 [0,1,2,3,4,6,7,8] [256,257,258,259,260,261,262]
54422.50347222221 [0,1,2,3,4,6,7,8] [257,258,259,260,261,262]
54421.95361250002 [0,1,2,3,4,6,7,8] [252,253,254,255,256,257,258,259,260,261]
54419.06689453123 [0,1,2,3,4,6,7,8] [252,253,254,255,256,257,258,259]
54418.83779320988 [0,1,2,3,4,6,7,8] [255,256,257,258,259,260,261,262,263]
54417.00499999999 [0,1,2,3,4,6,7,8] [256,257,258]
54415.35551249999 [0,1,2,3,4,6,7,8] [254,255,256,257,258,259,260,261,262,263]
54408.00809917355 [0,1,2,3,4,6,7,8] [252,253,254,255,256,257,258,259,260,261,262]
54402.0105785124 [0,1,2,3,4,6,7,8] [253,254,255,256,257,258,259,260,261,262,263]
54400.51124999999 [0,1,2,3,4,6,7,8] [256,257]
54398.86201250001 [0,1,2,3,4,6,7,8] [255,256,257,258,259,260,261,262,263,264]
54397.512654958686 [0,1,2,3,4,6,7,8] [254,255,256,257,258,259,260,261,262,263,264]
54392.265312500014 [0,1,2,3,4,6,7,8] [257,258]
54391.08737244897 [0,1,2,3,4,6,7,8] [252,253,254,255,256,257,258]
54390.61620000002 [0,1,2,3,4,6,7,8] [252,253,254,255,256]
54386.76836805556 [0,1,2,3,4,6,7,8] [253,254,255,256,257,258,259,260,261,262,263,264]
54384.020000000026 [0,1,2,3,4,6,7,8] [254,255,256,257,258,259,260,261,262,263,264,265]
54384.020000000004 [0,1,2,3,4,6,7,8] [251,252,253,254,255,256,257,258,259,260]
54384.01999999998 [0,1,2,3,4,6,7,8] [255,256,257,258,259,260,261,262,263,264,265]
54381.2717013889 [0,1,2,3,4,6,7,8] [252,253,254,255,256,257]
54378.52347222223 [0,1,2,3,4,6,7,8] [260,261,262]
54378.02380165288 [0,1,2,3,4,6,7,8] [251,252,253,254,255,256,257,258,259,260,261]
54375.77531250001 [0,1,2,3,4,6,7,8] [256,257,258,259,260,261,262,263]
54375.141131656805 [0,1,2,3,4,6,7,8] [253,254,255,256,257,258,259,260,261,262,263,264,265]
54374.40125868055 [0,1,2,3,4,6,7,8] [252,253,254,255,256,257,258,259,260,261,262,263]
54372.60444526629 [0,1,2,3,4,6,7,8] [254,255,256,257,258,259,260,261,262,263,264,265,266]
54371.65320312502 [0,1,2,3,4,6,7,8] [252,253,254,255]
54371.653203124995 [0,1,2,3,4,6,7,8] [255,256,257,258,259,260,261,262,263,264,265,266]
54368.90521701389 [0,1,2,3,4,6,7,8] [251,252,253,254,255,256,257,258,259,260,261,262]
54367.53124999998 [0,1,2,3,4,6,7,8] [258,259,260,261,262,263]
54365.699320987645 [0,1,2,3,4,6,7,8] [251,252,253,254,255,256,257,258,259]
54365.175918367364 [0,1,2,3,4,6,7,8] [253,254,255,256,257,258,259,260,261,262,263,264,265,266]
54362.820637755096 [0,1,2,3,4,6,7,8] [257,258,259,260,261,262,263]
54362.45829142012 [0,1,2,3,4,6,7,8] [252,253,254,255,256,257,258,259,260,261,262,263,264]
54358.371913580246 [0,1,2,3,4,6,7,8] [256,257,258,259,260,261,262,263,264]
54353.4000255102 [0,1,2,3,4,6,7,8] [254,255,256,257,258,259,260,261,262,263,264,265,266,267]
54351.045 [0,1,2,3,4,6,7,8] [255,256,257,258,259,260,261,262,263,264,265,266,267]
54351.04499999998 [0,1,2,3,4,6,7,8] [259,260,261,262,263]
54347.74805000002 [0,1,2,3,4,6,7,8] [253,254,255,256,257,258,259,260,261,262,263,264,265,266,267]
54346.33510204081 [0,1,2,3,4,6,7,8] [258,259,260,261,262,263,264]
54346.09961249998 [0,1,2,3,4,6,7,8] [256,257,258,259,260,261,262,263,264,265]
54345.55013888889 [0,1,2,3,4,6,7,8] [252,253,254,255,256,257,258,259,260,261,262,263,264,265,266]
54344.86330078126 [0,1,2,3,4,6,7,8] [257,258,259,260,261,262,263,264]
54340.90085798816 [0,1,2,3,4,6,7,8] [251,252,253,254,255,256,257,258,259,260,261,262,263]
54336.0596694215 [0,1,2,3,4,6,7,8] [256,257,258,259,260,261,262,263,264,265,266]
54334.56125000001 [0,1,2,3,4,6,7,8] [251,252,253,254,255,256,257,258]
54334.56124999999 [0,1,2,3,4,6,7,8] [257]
54332.72987654321 [0,1,2,3,4,6,7,8] [257,258,259,260,261,262,263,264,265]
54332.50095703123 [0,1,2,3,4,6,7,8] [258,259,260,261,262,263,264,265]
54332.20663265305 [0,1,2,3,4,6,7,8] [251,252,253,254,255,256,257,258,259,260,261,262,263,264]
54330.44070312498 [0,1,2,3,4,6,7,8] [252,253,254,255,256,257,258,259,260,261,262,263,264,265,266,267]
54329.06722222222 [0,1,2,3,4,6,7,8] [259,260,261,262,263,264]
54326.32031250002 [0,1,2,3,4,6,7,8] [253,254]
54325.77093888889 [0,1,2,3,4,6,7,8] [251,252,253,254,255,256,257,258,259,260,261,262,263,264,265]
54323.0241125 [0,1,2,3,4,6,7,8] [257,258,259,260,261,262,263,264,265,266]
54321.74228395061 [0,1,2,3,4,6,7,8] [258,259,260,261,262,263,264,265,266]
54320.14001953123 [0,1,2,3,4,6,7,8] [251,252,253,254,255,256,257,258,259,260,261,262,263,264,265,266]
54318.07999999999 [0,1,2,3,4,6,7,8] [261]
54316.70667534723 [0,1,2,3,4,6,7,8] [256,257,258,259,260,261,262,263,264,265,266,267]
