[Score] [Station index] [Time slots] 
21585.316000000003 [0,1,2,3,4,5,6,7,8,9] [0]
21436.899999999994 [0,1,2,3,4,5,6,7,8,9] [0,1]
21310.533444444445 [0,1,2,3,4,5,6,7,8,9] [0,1,2]
21288.996 [0,1,2,3,4,5,6,7,8,9] [1]
21210.630250000006 [0,1,2,3,4,5,6,7,8,9] [0,1,2,3]
21173.80225 [0,1,2,3,4,5,6,7,8,9] [1,2]
21121.377640000002 [0,1,2,3,4,5,6,7,8,9] [0,1,2,3,4]
21086.464 [0,1,2,3,4,5,6,7,8,9] [1,2,3]
21058.921 [0,1,2,3,4,5,6,7,8,9] [2]
21031.395999999997 [0,1,2,3,4,5,6,7,8,9] [0,1,2,3,4,5]
21006.180562499998 [0,1,2,3,4,5,6,7,8,9] [1,2,3,4]
20985.561 [0,1,2,3,4,5,6,7,8,9] [2,3]
20967.241 [0,1,2,3,4,5,6,7,8,9] [0,1,2,3,4,5,6]
20921.476 [0,1,2,3,4,5,6,7,8,9] [1,2,3,4,5]
20912.329000000005 [0,1,2,3,4,5,6,7,8,9] [3]
20912.329 [0,1,2,3,4,5,6,7,8,9] [2,3,4]
20890.612890625005 [0,1,2,3,4,5,6,7,8,9] [0,1,2,3,4,5,6,7]
20865.10136111111 [0,1,2,3,4,5,6,7,8,9] [1,2,3,4,5,6]
20839.225000000006 [0,1,2,3,4,5,6,7,8,9] [3,4]
20830.095999999998 [0,1,2,3,4,5,6,7,8,9] [2,3,4,5]
20815.899308641972 [0,1,2,3,4,5,6,7,8,9] [0,1,2,3,4,5,6,7,8]
20792.297163265303 [0,1,2,3,4,5,6,7,8,9] [1,2,3,4,5,6,7]
20780.83396 [0,1,2,3,4,5,6,7,8,9] [2,3,4,5,6]
20766.249000000003 [0,1,2,3,4,5,6,7,8,9] [4]
20754.098777777785 [0,1,2,3,4,5,6,7,8,9] [3,4,5]
20748.024999999994 [0,1,2,3,4,5,6,7,8,9] [0,1,2,3,4,5,6,7,8,9]
20720.703999999998 [0,1,2,3,4,5,6,7,8,9] [1,2,3,4,5,6,7,8]
20711.601000000002 [0,1,2,3,4,5,6,7,8,9] [3,4,5,6]
20710.084027777775 [0,1,2,3,4,5,6,7,8,9] [2,3,4,5,6,7]
20677.689256198344 [0,1,2,3,4,5,6,7,8,9] [0,1,2,3,4,5,6,7,8,9,10]
20675.209 [0,1,2,3,4,5,6,7,8,9] [4,5]
20656.015012345673 [0,1,2,3,4,5,6,7,8,9] [1,2,3,4,5,6,7,8,9]
20644.906777777785 [0,1,2,3,4,5,6,7,8,9] [4,5,6]
20640.66624 [0,1,2,3,4,5,6,7,8,9] [3,4,5,6,7]
20640.147020408163 [0,1,2,3,4,5,6,7,8,9] [2,3,4,5,6,7,8]
20611.6 [0,1,2,3,4,5,6,7,8,9] [0,1,2,3,4,5,6,7,8,9,10,11]
20587.998759999995 [0,1,2,3,4,5,6,7,8,9] [1,2,3,4,5,6,7,8,9,10]
20584.369 [0,1,2,3,4,5,6,7,8,9] [6]
20577.5640625 [0,1,2,3,4,5,6,7,8,9] [2,3,4,5,6,7,8,9]
20573.028062500005 [0,1,2,3,4,5,6,7,8,9] [4,5,6,7]
20570.760250000007 [0,1,2,3,4,5,6,7,8,9] [3,4,5,6,7,8]
20557.853544378697 [0,1,2,3,4,5,6,7,8,9] [0,1,2,3,4,5,6,7,8,9,10,11,12]
20524.19467768595 [0,1,2,3,4,5,6,7,8,9] [1,2,3,4,5,6,7,8,9,10,11]
20510.834567901235 [0,1,2,3,4,5,6,7,8,9] [2,3,4,5,6,7,8,9,10]
20509.253081632658 [0,1,2,3,4,5,6,7,8,9] [3,4,5,6,7,8,9]
20508.82177777778 [0,1,2,3,4,5,6,7,8,9] [5,6,7]
20508.606127551015 [0,1,2,3,4,5,6,7,8,9] [0,1,2,3,4,5,6,7,8,9,10,11,12,13]
20502.783999999992 [0,1,2,3,4,5,6,7,8,9] [4,5,6,7,8]
20473.362562500006 [0,1,2,3,4,5,6,7,8,9] [1,2,3,4,5,6,7,8,9,10,11,12]
20471.100250000003 [0,1,2,3,4,5,6,7,8,9] [6,7]
20466.575999999997 [0,1,2,3,4,5,6,7,8,9] [0,1,2,3,4,5,6,7,8,9,10,11,12,13,14]
20448.484000000004 [0,1,2,3,4,5,6,7,8,9] [2,3,4,5,6,7,8,9,10,11]
20442.831890625002 [0,1,2,3,4,5,6,7,8,9] [3,4,5,6,7,8,9,10]
20442.455111111114 [0,1,2,3,4,5,6,7,8,9] [4,5,6,7,8,9]
20437.180562499998 [0,1,2,3,4,5,6,7,8,9] [5,6,7,8]
20426.923224852064 [0,1,2,3,4,5,6,7,8,9] [1,2,3,4,5,6,7,8,9,10,11,12,13]
20421.92587890625 [0,1,2,3,4,5,6,7,8,9] [0,1,2,3,4,5,6,7,8,9,10,11,12,13,14,15]
20400.00404132232 [0,1,2,3,4,5,6,7,8,9] [2,3,4,5,6,7,8,9,10,11,12]
20388.23511111111 [0,1,2,3,4,5,6,7,8,9] [6,7,8]
20387.805081632658 [0,1,2,3,4,5,6,7,8,9] [1,2,3,4,5,6,7,8,9,10,11,12,13,14]
20381.21186419753 [0,1,2,3,4,5,6,7,8,9] [3,4,5,6,7,8,9,10,11]
20380.97580968858 [0,1,2,3,4,5,6,7,8,9] [0,1,2,3,4,5,6,7,8,9,10,11,12,13,14,15,16]
20378.001639999995 [0,1,2,3,4,5,6,7,8,9] [5,6,7,8,9]
20376.195999999993 [0,1,2,3,4,5,6,7,8,9] [4,5,6,7,8,9,10]
20358.144 [0,1,2,3,4,5,6,7,8,9] [7]
20355.888062500002 [0,1,2,3,4,5,6,7,8,9] [2,3,4,5,6,7,8,9,10,11,12,13]
20347.116160493828 [0,1,2,3,4,5,6,7,8,9] [0,1,2,3,4,5,6,7,8,9,10,11,12,13,14,15,16,17]
20345.512359999997 [0,1,2,3,4,5,6,7,8,9] [1,2,3,4,5,6,7,8,9,10,11,12,13,14,15]
20334.68836 [0,1,2,3,4,5,6,7,8,9] [3,4,5,6,7,8,9,10,11,12]
20326.572249999997 [0,1,2,3,4,5,6,7,8,9] [6,7,8,9]
20321.11495844875 [0,1,2,3,4,5,6,7,8,9] [0,1,2,3,4,5,6,7,8,9,10,11,12,13,14,15,16,17,18]
20319.289940828407 [0,1,2,3,4,5,6,7,8,9] [2,3,4,5,6,7,8,9,10,11,12,13,14]
20315.302562499997 [0,1,2,3,4,5,6,7,8,9] [4,5,6,7,8,9,10,11]
20311.54669444444 [0,1,2,3,4,5,6,7,8,9] [5,6,7,8,9,10]
20306.85234765626 [0,1,2,3,4,5,6,7,8,9] [1,2,3,4,5,6,7,8,9,10,11,12,13,14,15,16]
20294.12401 [0,1,2,3,4,5,6,7,8,9] [0,1,2,3,4,5,6,7,8,9,10,11,12,13,14,15,16,17,18,19]
20292.567801652895 [0,1,2,3,4,5,6,7,8,9] [3,4,5,6,7,8,9,10,11,12,13]
20290.520249999998 [0,1,2,3,4,5,6,7,8,9] [7,8]
20278.93890306123 [0,1,2,3,4,5,6,7,8,9] [2,3,4,5,6,7,8,9,10,11,12,13,14,15]
20275.419737024225 [0,1,2,3,4,5,6,7,8,9] [1,2,3,4,5,6,7,8,9,10,11,12,13,14,15,16,17]
20271.00544444444 [0,1,2,3,4,5,6,7,8,9] [4,5,6,7,8,9,10,11,12]
20258.250840277775 [0,1,2,3,4,5,6,7,8,9] [3,4,5,6,7,8,9,10,11,12,13,14]
20257.200639999992 [0,1,2,3,4,5,6,7,8,9] [6,7,8,9,10]
20252.000049382717 [0,1,2,3,4,5,6,7,8,9] [1,2,3,4,5,6,7,8,9,10,11,12,13,14,15,16,17,18]
20251.28573469388 [0,1,2,3,4,5,6,7,8,9] [5,6,7,8,9,10,11]
20248.714306122452 [0,1,2,3,4,5,6,7,8,9] [0,1,2,3,4,5,6,7,8,9,10,11,12,13,14,15,16,17,18,19,20]
20242.200751111108 [0,1,2,3,4,5,6,7,8,9] [2,3,4,5,6,7,8,9,10,11,12,13,14,15,16]
20241.000999999997 [0,1,2,3,4,5,6,7,8,9] [7,8,9]
20231.104410000004 [0,1,2,3,4,5,6,7,8,9] [4,5,6,7,8,9,10,11,12,13]
20227.26954016621 [0,1,2,3,4,5,6,7,8,9] [1,2,3,4,5,6,7,8,9,10,11,12,13,14,15,16,17,18,19]
20223.009 [0,1,2,3,4,5,6,7,8,9] [8]
20219.54991715977 [0,1,2,3,4,5,6,7,8,9] [3,4,5,6,7,8,9,10,11,12,13,14,15]
20212.892015625002 [0,1,2,3,4,5,6,7,8,9] [2,3,4,5,6,7,8,9,10,11,12,13,14,15,16,17]
20209.520249999994 [0,1,2,3,4,5,6,7,8,9] [5,6,7,8,9,10,11,12]
20205.842280991732 [0,1,2,3,4,5,6,7,8,9] [0,1,2,3,4,5,6,7,8,9,10,11,12,13,14,15,16,17,18,19,20,21]
20199.304495867764 [0,1,2,3,4,5,6,7,8,9] [4,5,6,7,8,9,10,11,12,13,14]
20196.036 [0,1,2,3,4,5,6,7,8,9] [6,7,8,9,10,11]
20191.806574394468 [0,1,2,3,4,5,6,7,8,9] [2,3,4,5,6,7,8,9,10,11,12,13,14,15,16,17,18]
20184.481653061233 [0,1,2,3,4,5,6,7,8,9] [3,4,5,6,7,8,9,10,11,12,13,14,15,16]
20183.0055025 [0,1,2,3,4,5,6,7,8,9] [1,2,3,4,5,6,7,8,9,10,11,12,13,14,15,16,17,18,19,20]
