[Score] [Station index] [Time slots] 
38962.56399999999 [0,1,2,3,4,5,6,7,8,9] [256]
38893.93225 [0,1,2,3,4,5,6,7,8,9] [255,256]
38887.696 [0,1,2,3,4,5,6,7,8,9] [253]
38875.225 [0,1,2,3,4,5,6,7,8,9] [252,253]
38862.756 [0,1,2,3,4,5,6,7,8,9] [252]
38837.82400000001 [0,1,2,3,4,5,6,7,8,9] [256,257]
38833.66944444446 [0,1,2,3,4,5,6,7,8,9] [255,256,257]
38832.83856000001 [0,1,2,3,4,5,6,7,8,9] [252,253,254,255,256]
38829.51511111111 [0,1,2,3,4,5,6,7,8,9] [251,252,253]
38825.361000000004 [0,1,2,3,4,5,6,7,8,9] [255,256,257,258]
38825.36099999999 [0,1,2,3,4,5,6,7,8,9] [256,257,258]
38817.05344444444 [0,1,2,3,4,5,6,7,8,9] [251,252,253,254,255,256]
38812.9 [0,1,2,3,4,5,6,7,8,9] [252,253,254,255,256,257]
38811.12002040816 [0,1,2,3,4,5,6,7,8,9] [252,253,254,255,256,257,258]
38807.91616000001 [0,1,2,3,4,5,6,7,8,9] [249,250,251,252,253]
38806.67025000001 [0,1,2,3,4,5,6,7,8,9] [249,250,251,252,253,254,255,256]
38804.59377777777 [0,1,2,3,4,5,6,7,8,9] [254,255,256]
38802.93264 [0,1,2,3,4,5,6,7,8,9] [253,254,255,256,257]
38802.51736111112 [0,1,2,3,4,5,6,7,8,9] [253,254,255,256,257,258]
38802.22073469388 [0,1,2,3,4,5,6,7,8,9] [251,252,253,254,255,256,257]
38801.998265625 [0,1,2,3,4,5,6,7,8,9] [251,252,253,254,255,256,257,258]
38800.441000000006 [0,1,2,3,4,5,6,7,8,9] [258]
38800.440999999984 [0,1,2,3,4,5,6,7,8,9] [251,252]
38796.88165306123 [0,1,2,3,4,5,6,7,8,9] [250,251,252,253,254,255,256]
38796.70368999999 [0,1,2,3,4,5,6,7,8,9] [249,250,251,252,253,254,255,256,257,258]
38796.288444444435 [0,1,2,3,4,5,6,7,8,9] [249,250,251,252,253,254,255,256,257]
38795.45796 [0,1,2,3,4,5,6,7,8,9] [255,256,257,258,259]
38794.21224999999 [0,1,2,3,4,5,6,7,8,9] [252,253,254,255,256,257,258,259]
38792.13611111112 [0,1,2,3,4,5,6,7,8,9] [248,249,250,251,252,253,254,255,256]
38792.136111111104 [0,1,2,3,4,5,6,7,8,9] [252,253,254]
38791.098062499994 [0,1,2,3,4,5,6,7,8,9] [250,251,252,253]
38787.98400000001 [0,1,2,3,4,5,6,7,8,9] [256,257,258,259]
38787.984 [0,1,2,3,4,5,6,7,8,9] [251,252,253,254,255,256,257,258,259]
38786.427015625006 [0,1,2,3,4,5,6,7,8,9] [250,251,252,253,254,255,256,257]
38785.90802777778 [0,1,2,3,4,5,6,7,8,9] [248,249,250,251,252,253]
38785.71930578513 [0,1,2,3,4,5,6,7,8,9] [249,250,251,252,253,254,255,256,257,258,259]
38785.719305785125 [0,1,2,3,4,5,6,7,8,9] [248,249,250,251,252,253,254,255,256,257,258]
38785.49284 [0,1,2,3,4,5,6,7,8,9] [254,255,256,257,258]
38784.4252244898 [0,1,2,3,4,5,6,7,8,9] [249,250,251,252,253,254,255]
38784.42522448978 [0,1,2,3,4,5,6,7,8,9] [253,254,255,256,257,258,259]
38784.24729 [0,1,2,3,4,5,6,7,8,9] [248,249,250,251,252,253,254,255,256,257]
38782.448197530866 [0,1,2,3,4,5,6,7,8,9] [252,253,254,255,256,257,258,259,260]
38781.75625 [0,1,2,3,4,5,6,7,8,9] [254,255,256,257]
38779.68044444445 [0,1,2,3,4,5,6,7,8,9] [253,254,255]
38778.642562500005 [0,1,2,3,4,5,6,7,8,9] [251,252,253,254]
38778.01984000001 [0,1,2,3,4,5,6,7,8,9] [251,252,253,254,255,256,257,258,259,260]
38777.604694444446 [0,1,2,3,4,5,6,7,8,9] [255,256,257,258,259,260]
38777.60469444444 [0,1,2,3,4,5,6,7,8,9] [249,250,251,252,253,254,255,256,257,258,259,260]
38776.774410000005 [0,1,2,3,4,5,6,7,8,9] [250,251,252,253,254,255,256,257,258,259]
38776.56684027777 [0,1,2,3,4,5,6,7,8,9] [248,249,250,251,252,253,254,255,256,257,258,259]
38775.529 [0,1,2,3,4,5,6,7,8,9] [248,249]
38775.528999999995 [0,1,2,3,4,5,6,7,8,9] [247,248,249,250,251,252,253,254,255,256,257]
38772.415562500006 [0,1,2,3,4,5,6,7,8,9] [253,254,255,256,257,258,259,260]
38772.13252892563 [0,1,2,3,4,5,6,7,8,9] [246,247,248,249,250,251,252,253,254,255,256]
38771.970795918365 [0,1,2,3,4,5,6,7,8,9] [247,248,249,250,251,252,253]
38770.85889062502 [0,1,2,3,4,5,6,7,8,9] [248,249,250,251,252,253,254,255]
38769.781213017755 [0,1,2,3,4,5,6,7,8,9] [248,249,250,251,252,253,254,255,256,257,258,259,260]
38769.302250000015 [0,1,2,3,4,5,6,7,8,9] [250,251,252,253,254,255]
38768.73620661157 [0,1,2,3,4,5,6,7,8,9] [250,251,252,253,254,255,256,257,258,259,260]
38768.05696 [0,1,2,3,4,5,6,7,8,9] [256,257,258,259,260]
38767.226777777774 [0,1,2,3,4,5,6,7,8,9] [254,255,256,257,258,259]
38765.74433163266 [0,1,2,3,4,5,6,7,8,9] [245,246,247,248,249,250,251,252,253,254,255,256,257,258]
38765.56644 [0,1,2,3,4,5,6,7,8,9] [248,249,250,251,252]
38763.965433673475 [0,1,2,3,4,5,6,7,8,9] [247,248,249,250,251,252,253,254,255,256,257,258,259,260]
38763.076 [0,1,2,3,4,5,6,7,8,9] [246,247,248,249,250,251,252,253,254,255,256,257,258,259]
38763.07599999999 [0,1,2,3,4,5,6,7,8,9] [248,249,250,251,252,253,254]
38762.11815976332 [0,1,2,3,4,5,6,7,8,9] [249,250,251,252,253,254,255,256,257,258,259,260,261]
38761.83081 [0,1,2,3,4,5,6,7,8,9] [252,253,254,255,256,257,258,259,260,261]
38761.692456790115 [0,1,2,3,4,5,6,7,8,9] [247,248,249,250,251,252,253,254,255]
38759.963062500006 [0,1,2,3,4,5,6,7,8,9] [246,247,248,249,250,251,252,253]
38759.75553777777 [0,1,2,3,4,5,6,7,8,9] [245,246,247,248,249,250,251,252,253,254,255,256,257,258,259]
38759.68007438016 [0,1,2,3,4,5,6,7,8,9] [251,252,253,254,255,256,257,258,259,260,261]
38758.92544444444 [0,1,2,3,4,5,6,7,8,9] [250,251,252]
38758.09535999999 [0,1,2,3,4,5,6,7,8,9] [246,247,248,249,250,251,252,253,254,255,256,257,258,259,260]
38756.850249999996 [0,1,2,3,4,5,6,7,8,9] [257,258]
38755.960897959194 [0,1,2,3,4,5,6,7,8,9] [248,249,250,251,252,253,254,255,256,257,258,259,260,261]
38755.293890625006 [0,1,2,3,4,5,6,7,8,9] [245,246,247,248,249,250,251,252,253,254,255,256,257,258,259,260]
38754.77511111111 [0,1,2,3,4,5,6,7,8,9] [245,246,247,248,249,250,251,252,253]
38753.945071111106 [0,1,2,3,4,5,6,7,8,9] [244,245,246,247,248,249,250,251,252,253,254,255,256,257,258]
38753.7375625 [0,1,2,3,4,5,6,7,8,9] [247,248,249,250,251,252,253,254]
38753.49813017751 [0,1,2,3,4,5,6,7,8,9] [244,245,246,247,248,249,250,251,252,253,254,255,256]
38753.11504 [0,1,2,3,4,5,6,7,8,9] [246,247,248,249,250,251,252,253,254,255]
38752.70002777778 [0,1,2,3,4,5,6,7,8,9] [250,251,252,253,254,255,256,257,258,259,260,261]
38751.45500444445 [0,1,2,3,4,5,6,7,8,9] [247,248,249,250,251,252,253,254,255,256,257,258,259,260,261]
38750.625 [0,1,2,3,4,5,6,7,8,9] [253,254,255,256,257,258,259,260,261]
38749.493190082656 [0,1,2,3,4,5,6,7,8,9] [245,246,247,248,249,250,251,252,253,254,255]
38749.068765624994 [0,1,2,3,4,5,6,7,8,9] [244,245,246,247,248,249,250,251,252,253,254,255,256,257,258,259]
38748.8464489796 [0,1,2,3,4,5,6,7,8,9] [255,256,257,258,259,260,261]
38746.73447265625 [0,1,2,3,4,5,6,7,8,9] [246,247,248,249,250,251,252,253,254,255,256,257,258,259,260,261]
38746.4751111111 [0,1,2,3,4,5,6,7,8,9] [247,248,249]
38745.49869896194 [0,1,2,3,4,5,6,7,8,9] [244,245,246,247,248,249,250,251,252,253,254,255,256,257,258,259,260]
38745.09186419754 [0,1,2,3,4,5,6,7,8,9] [246,247,248,249,250,251,252,253,254]
38744.766397923886 [0,1,2,3,4,5,6,7,8,9] [245,246,247,248,249,250,251,252,253,254,255,256,257,258,259,260,261]
38744.400250000006 [0,1,2,3,4,5,6,7,8,9] [249,250,251,252,253,254,255,256,257,258,259,260,261,262]
38742.32544444444 [0,1,2,3,4,5,6,7,8,9] [248,249,250]
38741.910489999995 [0,1,2,3,4,5,6,7,8,9] [245,246,247,248,249,250,251,252,253,254]
38741.732653061226 [0,1,2,3,4,5,6,7,8,9] [246,247,248,249,250,251,252]
38741.28806250001 [0,1,2,3,4,5,6,7,8,9] [248,249,250,251]
38739.83575111111 [0,1,2,3,4,5,6,7,8,9] [248,249,250,251,252,253,254,255,256,257,258,259,260,261,262]
38739.30764462811 [0,1,2,3,4,5,6,7,8,9] [252,253,254,255,256,257,258,259,260,261,262]
