[Score] [Station index] [Time slots] 
63688.80499999997 [0,1,2,3,4,6,7,8] [229]
63644.20031249999 [0,1,2,3,4,6,7,8] [229,230]
63635.28124999998 [0,1,2,3,4,6,7,8] [228,229]
63623.3901388889 [0,1,2,3,4,6,7,8] [228,229,230]
63599.611249999994 [0,1,2,3,4,6,7,8] [230]
63581.780000000006 [0,1,2,3,4,6,7,8] [228]
63563.951249999984 [0,1,2,3,4,6,7,8] [225,226]
63560.980034722226 [0,1,2,3,4,6,7,8] [225,226,227,228,229,230]
63559.49445312501 [0,1,2,3,4,6,7,8] [227,228,229,230]
63556.820450000014 [0,1,2,3,4,6,7,8] [226,227,228,229,230]
63553.25519999999 [0,1,2,3,4,6,7,8] [225,226,227,228,229]
63546.125 [0,1,2,3,4,6,7,8] [228,229,230,231]
63546.12499999998 [0,1,2,3,4,6,7,8] [226]
63534.242222222216 [0,1,2,3,4,6,7,8] [229,230,231]
63525.75520408162 [0,1,2,3,4,6,7,8] [225,226,227,228,229,230,231]
63519.39031250001 [0,1,2,3,4,6,7,8] [225,226,227,228]
63516.420138888876 [0,1,2,3,4,6,7,8] [226,227,228,229,230,231]
63510.47999999999 [0,1,2,3,4,6,7,8] [227,228,229,230,231]
63498.60055555556 [0,1,2,3,4,6,7,8] [226,227,228]
63474.845 [0,1,2,3,4,6,7,8] [227,228]
63464.66540816326 [0,1,2,3,4,6,7,8] [224,225,226,227,228,229,230]
63457.03125 [0,1,2,3,4,6,7,8] [230,231]
63452.578203125006 [0,1,2,3,4,6,7,8] [225,226,227,228,229,230,231,232]
63445.89892578125 [0,1,2,3,4,6,7,8] [224,225,226,227,228,229,230,231]
63442.188368055526 [0,1,2,3,4,6,7,8] [224,225,226,227,228,229]
63434.131530612234 [0,1,2,3,4,6,7,8] [226,227,228,229,230,231,232]
63424.97280000001 [0,1,2,3,4,6,7,8] [228,229,230,231,232]
63415.47555555555 [0,1,2,3,4,6,7,8] [227,228,229,230,231,232]
63408.05632812501 [0,1,2,3,4,6,7,8] [223,224,225,226,227,228,229,230]
63399.64839506173 [0,1,2,3,4,6,7,8] [225,226,227,228,229,230,231,232,233]
63397.67013888886 [0,1,2,3,4,6,7,8] [223,224,225,226,227,228,229,230,231]
63392.92245 [0,1,2,3,4,6,7,8] [224,225,226,227,228]
63389.75742283952 [0,1,2,3,4,6,7,8] [224,225,226,227,228,229,230,231,232]
63385.801250000004 [0,1,2,3,4,6,7,8] [229,230,231,232]
63380.714923469386 [0,1,2,3,4,6,7,8] [223,224,225,226,227,228,229]
63376.900312499994 [0,1,2,3,4,6,7,8] [226,227,228,229,230,231,232,233]
63373.93347222222 [0,1,2,3,4,6,7,8] [222,223,224,225,226,227,228,229,230]
63368.00000000002 [0,1,2,3,4,6,7,8] [222,223,224,225,226,227,228,229,230,231]
63368.0 [0,1,2,3,4,6,7,8] [227]
63352.7437755102 [0,1,2,3,4,6,7,8] [227,228,229,230,231,232,233]
63351.981012500015 [0,1,2,3,4,6,7,8] [223,224,225,226,227,228,229,230,231,232]
63350.20125000001 [0,1,2,3,4,6,7,8] [228,229,230,231,232,233]
63348.42151250002 [0,1,2,3,4,6,7,8] [224,225,226,227,228,229,230,231,232,233]
63345.75195312502 [0,1,2,3,4,6,7,8] [224,225,226,227]
63345.751953125 [0,1,2,3,4,6,7,8] [222,223,224,225,226,227,228,229]
63344.8621125 [0,1,2,3,4,6,7,8] [225,226,227,228,229,230,231,232,233,234]
63338.33680555556 [0,1,2,3,4,6,7,8] [224,225,226]
63332.40499999999 [0,1,2,3,4,6,7,8] [221,222,223,224,225,226,227,228,229,230]
63330.78728305784 [0,1,2,3,4,6,7,8] [221,222,223,224,225,226,227,228,229,230,231]
63329.43920138889 [0,1,2,3,4,6,7,8] [223,224,225,226,227,228]
63329.16958677687 [0,1,2,3,4,6,7,8] [222,223,224,225,226,227,228,229,230,231,232]
63318.565200617275 [0,1,2,3,4,6,7,8] [226,227,228,229,230,231,232,233,234]
63317.84629132232 [0,1,2,3,4,6,7,8] [223,224,225,226,227,228,229,230,231,232,233]
63314.61125000001 [0,1,2,3,4,6,7,8] [231]
63303.936199999975 [0,1,2,3,4,6,7,8] [229,230,231,232,233]
63303.289256198346 [0,1,2,3,4,6,7,8] [224,225,226,227,228,229,230,231,232,233,234]
63302.75013888887 [0,1,2,3,4,6,7,8] [221,222,223,224,225,226,227,228,229]
63300.05458677686 [0,1,2,3,4,6,7,8] [225,226,227,228,229,230,231,232,233,234,235]
63299.785034722205 [0,1,2,3,4,6,7,8] [222,223,224,225,226,227,228,229,230,231,232,233]
63298.30250868056 [0,1,2,3,4,6,7,8] [221,222,223,224,225,226,227,228,229,230,231,232]
63296.82000000001 [0,1,2,3,4,6,7,8] [222,223,224,225,226,227,228]
63290.14892578125 [0,1,2,3,4,6,7,8] [227,228,229,230,231,232,233,234]
63284.96055555557 [0,1,2,3,4,6,7,8] [230,231,232]
63279.03125 [0,1,2,3,4,6,7,8] [228,229,230,231,232,233,234]
63279.03124999998 [0,1,2,3,4,6,7,8] [223,224,225,226,227,228,229,230,231,232,233,234]
63273.558291420115 [0,1,2,3,4,6,7,8] [221,222,223,224,225,226,227,228,229,230,231,232,233]
63273.10222222221 [0,1,2,3,4,6,7,8] [220,221,222,223,224,225,226,227,228,229,230,231]
63271.91644999999 [0,1,2,3,4,6,7,8] [226,227,228,229,230,231,232,233,234,235]
63269.32934917356 [0,1,2,3,4,6,7,8] [220,221,222,223,224,225,226,227,228,229,230]
63265.691328124994 [0,1,2,3,4,6,7,8] [224,225,226,227,228,229,230,231,232,233,234,235]
63265.34929733728 [0,1,2,3,4,6,7,8] [222,223,224,225,226,227,228,229,230,231,232,233,234]
63256.798828125 [0,1,2,3,4,6,7,8] [223,224,225,226]
63254.57580078124 [0,1,2,3,4,6,7,8] [221,222,223,224,225,226,227,228]
63250.870842013894 [0,1,2,3,4,6,7,8] [225,226,227,228,229,230,231,232,233,234,235,236]
63249.3888888889 [0,1,2,3,4,6,7,8] [222,223,224,225,226,227]
63247.56497041421 [0,1,2,3,4,6,7,8] [220,221,222,223,224,225,226,227,228,229,230,231,232]
63246.19704881656 [0,1,2,3,4,6,7,8] [223,224,225,226,227,228,229,230,231,232,233,234,235]
63243.46124999999 [0,1,2,3,4,6,7,8] [221,222,223,224,225,226,227,228,229,230,231,232,233,234]
63241.485432098765 [0,1,2,3,4,6,7,8] [227,228,229,230,231,232,233,234,235]
63236.348449999976 [0,1,2,3,4,6,7,8] [220,221,222,223,224,225,226,227,228,229]
63235.84040816327 [0,1,2,3,4,6,7,8] [222,223,224,225,226,227,228,229,230,231,232,233,234,235]
63234.5703125 [0,1,2,3,4,6,7,8] [224,225]
63232.51864644972 [0,1,2,3,4,6,7,8] [219,220,221,222,223,224,225,226,227,228,229,230,231]
63228.643368055564 [0,1,2,3,4,6,7,8] [229,230,231,232,233,234]
63228.41541420119 [0,1,2,3,4,6,7,8] [225,226,227,228,229,230,231,232,233,234,235,236,237]
63228.22002551019 [0,1,2,3,4,6,7,8] [220,221,222,223,224,225,226,227,228,229,230,231,232,233]
63225.68000000003 [0,1,2,3,4,6,7,8] [222,223,224,225,226]
63225.68000000001 [0,1,2,3,4,6,7,8] [219,220,221,222,223,224,225,226,227,228,229,230]
63225.679999999986 [0,1,2,3,4,6,7,8] [228,229,230,231,232,233,234,235]
63222.94464497042 [0,1,2,3,4,6,7,8] [224,225,226,227,228,229,230,231,232,233,234,235,236]
63220.83100206613 [0,1,2,3,4,6,7,8] [226,227,228,229,230,231,232,233,234,235,236]
63217.38293888886 [0,1,2,3,4,6,7,8] [221,222,223,224,225,226,227,228,229,230,231,232,233,234,235]
63211.71077168366 [0,1,2,3,4,6,7,8] [219,220,221,222,223,224,225,226,227,228,229,230,231,232]
63207.901250000024 [0,1,2,3,4,6,7,8] [230,231,232,233]
63207.90125 [0,1,2,3,4,6,7,8] [223,224,225,226,227,228,229,230,231,232,233,234,235,236]
63207.90124999998 [0,1,2,3,4,6,7,8] [221,222,223,224,225,226,227]
63204.09184311224 [0,1,2,3,4,6,7,8] [224,225,226,227,228,229,230,231,232,233,234,235,236,237]
63203.16067222219 [0,1,2,3,4,6,7,8] [220,221,222,223,224,225,226,227,228,229,230,231,232,233,234]
63200.79045000001 [0,1,2,3,4,6,7,8] [222,223,224,225,226,227,228,229,230,231,232,233,234,235,236]
63199.01281249999 [0,1,2,3,4,6,7,8] [226,227,228,229,230,231,232,233,234,235,236,237]
