[Score] [Station index] [Time slots] 
14182.755999999998 [0,1,2,3,4,5,6,7,8,9] [243]
14152.644 [0,1,2,3,4,5,6,7,8,9] [248]
14130.080999999995 [0,1,2,3,4,5,6,7,8,9] [247,248]
14125.069444444443 [0,1,2,3,4,5,6,7,8,9] [246,247,248]
14122.563999999995 [0,1,2,3,4,5,6,7,8,9] [242]
14115.048999999995 [0,1,2,3,4,5,6,7,8,9] [246]
14113.975591836734 [0,1,2,3,4,5,6,7,8,9] [242,243,244,245,246,247,248]
14113.170562499992 [0,1,2,3,4,5,6,7,8,9] [245,246,247,248]
14112.544444444447 [0,1,2,3,4,5,6,7,8,9] [243,244,245,246,247,248]
14111.292250000002 [0,1,2,3,4,5,6,7,8,9] [243,244]
14111.292249999999 [0,1,2,3,4,5,6,7,8,9] [246,247]
14107.536000000002 [0,1,2,3,4,5,6,7,8,9] [247]
14107.535999999998 [0,1,2,3,4,5,6,7,8,9] [242,243,244,245,246,247]
14105.6580625 [0,1,2,3,4,5,6,7,8,9] [242,243,244,245]
14104.531359999999 [0,1,2,3,4,5,6,7,8,9] [243,244,245,246,247]
14103.780250000002 [0,1,2,3,4,5,6,7,8,9] [243,244,245,246]
14100.025 [0,1,2,3,4,5,6,7,8,9] [245,246,247]
14099.086265625001 [0,1,2,3,4,5,6,7,8,9] [242,243,244,245,246,247,248,249]
14098.52304 [0,1,2,3,4,5,6,7,8,9] [244,245,246,247,248]
14096.270249999996 [0,1,2,3,4,5,6,7,8,9] [245,246]
14095.733897959182 [0,1,2,3,4,5,6,7,8,9] [243,244,245,246,247,248,249]
14092.515999999998 [0,1,2,3,4,5,6,7,8,9] [246,247,248,249]
14091.577515624998 [0,1,2,3,4,5,6,7,8,9] [241,242,243,244,245,246,247,248]
14089.512960000002 [0,1,2,3,4,5,6,7,8,9] [245,246,247,248,249]
14085.009 [0,1,2,3,4,5,6,7,8,9] [247,248,249]
14082.864510204085 [0,1,2,3,4,5,6,7,8,9] [241,242,243,244,245,246,247]
14082.507111111108 [0,1,2,3,4,5,6,7,8,9] [242,243,244,245,246,247,248,249,250]
14081.256250000002 [0,1,2,3,4,5,6,7,8,9] [244,245,246,247,248,249]
14080.839308641976 [0,1,2,3,4,5,6,7,8,9] [241,242,243,244,245,246,247,248,249]
14080.005444444445 [0,1,2,3,4,5,6,7,8,9] [241,242,243]
14078.754694444442 [0,1,2,3,4,5,6,7,8,9] [241,242,243,244,245,246]
14077.504000000004 [0,1,2,3,4,5,6,7,8,9] [243,244,245,246,247,248,249,250]
14077.503999999995 [0,1,2,3,4,5,6,7,8,9] [244,245,246]
14076.670234567899 [0,1,2,3,4,5,6,7,8,9] [240,241,242,243,244,245,246,247,248]
14073.75225 [0,1,2,3,4,5,6,7,8,9] [248,249]
14071.501440000002 [0,1,2,3,4,5,6,7,8,9] [241,242,243,244,245]
14070.000999999998 [0,1,2,3,4,5,6,7,8,9] [241,242,243,244]
14068.500640000004 [0,1,2,3,4,5,6,7,8,9] [240,241,242,243,244,245,246,247,248,249]
14067.750489999995 [0,1,2,3,4,5,6,7,8,9] [241,242,243,244,245,246,247,248,249,250]
14067.187890625002 [0,1,2,3,4,5,6,7,8,9] [240,241,242,243,244,245,246,247]
14066.250249999997 [0,1,2,3,4,5,6,7,8,9] [245,246,247,248,249,250]
14064.000040000008 [0,1,2,3,4,5,6,7,8,9] [246,247,248,249,250]
14062.5 [0,1,2,3,4,5,6,7,8,9] [244,245,246,247,248,249,250]
14061.75001 [0,1,2,3,4,5,6,7,8,9] [239,240,241,242,243,244,245,246,247,248]
14061.428591836733 [0,1,2,3,4,5,6,7,8,9] [240,241,242,243,244,245,246]
14060.454619834713 [0,1,2,3,4,5,6,7,8,9] [238,239,240,241,242,243,244,245,246,247,248]
14059.50016 [0,1,2,3,4,5,6,7,8,9] [242,243,244,245,246,247,248,249,250,251]
14058.750250000001 [0,1,2,3,4,5,6,7,8,9] [244,245]
14058.125340277777 [0,1,2,3,4,5,6,7,8,9] [237,238,239,240,241,242,243,244,245,246,247,248]
14057.727677685945 [0,1,2,3,4,5,6,7,8,9] [240,241,242,243,244,245,246,247,248,249,250]
14055.682644628096 [0,1,2,3,4,5,6,7,8,9] [239,240,241,242,243,244,245,246,247,248,249]
14055.001000000004 [0,1,2,3,4,5,6,7,8,9] [238,239,240,241,242,243,244,245,246,247,248,249]
14053.270745562128 [0,1,2,3,4,5,6,7,8,9] [237,238,239,240,241,242,243,244,245,246,247,248,249]
14052.501777777783 [0,1,2,3,4,5,6,7,8,9] [240,241,242,243,244,245]
14052.501777777778 [0,1,2,3,4,5,6,7,8,9] [243,244,245,246,247,248,249,250,251]
14052.117301775146 [0,1,2,3,4,5,6,7,8,9] [236,237,238,239,240,241,242,243,244,245,246,247,248]
14051.66875308642 [0,1,2,3,4,5,6,7,8,9] [239,240,241,242,243,244,245,246,247]
14051.252250000001 [0,1,2,3,4,5,6,7,8,9] [247,248,249,250]
14049.548438016533 [0,1,2,3,4,5,6,7,8,9] [237,238,239,240,241,242,243,244,245,246,247]
14049.378062500004 [0,1,2,3,4,5,6,7,8,9] [240,241,242,243]
14048.185462809914 [0,1,2,3,4,5,6,7,8,9] [241,242,243,244,245,246,247,248,249,250,251]
14048.039433673466 [0,1,2,3,4,5,6,7,8,9] [236,237,238,239,240,241,242,243,244,245,246,247,248,249]
14047.504 [0,1,2,3,4,5,6,7,8,9] [238]
14047.503999999997 [0,1,2,3,4,5,6,7,8,9] [240,241,242,243,244]
14046.927390532544 [0,1,2,3,4,5,6,7,8,9] [238,239,240,241,242,243,244,245,246,247,248,249,250]
14046.879340277776 [0,1,2,3,4,5,6,7,8,9] [239,240,241,242,243,244,245,246,247,248,249,250]
14045.897760204083 [0,1,2,3,4,5,6,7,8,9] [237,238,239,240,241,242,243,244,245,246,247,248,249,250]
14045.005444444443 [0,1,2,3,4,5,6,7,8,9] [238,239,240,241,242,243,244,245,246]
14044.693140625002 [0,1,2,3,4,5,6,7,8,9] [239,240,241,242,243,244,245,246]
14043.75625 [0,1,2,3,4,5,6,7,8,9] [236,237,238,239,240,241,242,243,244,245,246,247]
14043.756249999997 [0,1,2,3,4,5,6,7,8,9] [237,238,239,240,241,242,243,244,245,246]
14043.220897959185 [0,1,2,3,4,5,6,7,8,9] [235,236,237,238,239,240,241,242,243,244,245,246,247,248]
14041.507840000002 [0,1,2,3,4,5,6,7,8,9] [236,237,238,239,240,241,242,243,244,245,246,247,248,249,250]
14040.690280991734 [0,1,2,3,4,5,6,7,8,9] [242,243,244,245,246,247,248,249,250,251,252]
14040.633506944438 [0,1,2,3,4,5,6,7,8,9] [240,241,242,243,244,245,246,247,248,249,250,251]
14040.009000000002 [0,1,2,3,4,5,6,7,8,9] [237,238]
14040.009 [0,1,2,3,4,5,6,7,8,9] [235,236,237,238,239,240,241,242,243,244,245,246,247,248,249]
14037.965256198344 [0,1,2,3,4,5,6,7,8,9] [236,237,238,239,240,241,242,243,244,245,246]
14036.262250000003 [0,1,2,3,4,5,6,7,8,9] [244,245,246,247,248,249,250,251]
14035.84597530864 [0,1,2,3,4,5,6,7,8,9] [237,238,239,240,241,242,243,244,245]
14035.727040816328 [0,1,2,3,4,5,6,7,8,9] [245,246,247,248,249,250,251]
14034.821325443783 [0,1,2,3,4,5,6,7,8,9] [235,236,237,238,239,240,241,242,243,244,245,246,247]
14034.656653061222 [0,1,2,3,4,5,6,7,8,9] [239,240,241,242,243,244,245]
14034.3890625 [0,1,2,3,4,5,6,7,8,9] [235,236,237,238,239,240,241,242,243,244,245,246,247,248,249,250]
14033.051147959186 [0,1,2,3,4,5,6,7,8,9] [238,239,240,241,242,243,244,245,246,247,248,249,250,251]
14033.015471111114 [0,1,2,3,4,5,6,7,8,9] [237,238,239,240,241,242,243,244,245,246,247,248,249,250,251]
14032.516 [0,1,2,3,4,5,6,7,8,9] [243,244,245,246,247,248,249,250,251,252]
14032.515999999998 [0,1,2,3,4,5,6,7,8,9] [237]
14031.939698224853 [0,1,2,3,4,5,6,7,8,9] [239,240,241,242,243,244,245,246,247,248,249,250,251]
14031.891673611113 [0,1,2,3,4,5,6,7,8,9] [241,242,243,244,245,246,247,248,249,250,251,252]
14030.643062500007 [0,1,2,3,4,5,6,7,8,9] [237,238,239,240,241,242,243,244]
14030.375510204089 [0,1,2,3,4,5,6,7,8,9] [238,239,240,241,242,243,244]
14030.268489999999 [0,1,2,3,4,5,6,7,8,9] [236,237,238,239,240,241,242,243,244,245]
14029.706640624998 [0,1,2,3,4,5,6,7,8,9] [236,237,238,239,240,241,242,243,244,245,246,247,248,249,250,251]
14029.305326530612 [0,1,2,3,4,5,6,7,8,9] [237,238,239,240,241,242,243]
14028.770250000001 [0,1,2,3,4,5,6,7,8,9] [242,243,244,245,246,247,248,249,250,251,252,253]
14028.770249999996 [0,1,2,3,4,5,6,7,8,9] [241,242]
14028.770249999992 [0,1,2,3,4,5,6,7,8,9] [235,236,237,238,239,240,241,242,243,244,245,246]
14027.521777777778 [0,1,2,3,4,5,6,7,8,9] [239,240,241,242,243,244]
14026.17733136095 [0,1,2,3,4,5,6,7,8,9] [240,241,242,243,244,245,246,247,248,249,250,251,252]
