[Score] [Station index] [Time slots] 
49773.02499999998 [0,1,2,3,4,5,6,7,8,9] [196]
49744.808999999994 [0,1,2,3,4,5,6,7,8,9] [196,197]
49716.601 [0,1,2,3,4,5,6,7,8,9] [197]
49707.20011111111 [0,1,2,3,4,5,6,7,8,9] [196,197,198]
49674.304000000026 [0,1,2,3,4,5,6,7,8,9] [197,198]
49674.30399999999 [0,1,2,3,4,5,6,7,8,9] [195,196,197]
49663.73256250001 [0,1,2,3,4,5,6,7,8,9] [195,196,197,198]
49660.20900000001 [0,1,2,3,4,5,6,7,8,9] [185]
49653.16225000001 [0,1,2,3,4,5,6,7,8,9] [195,196]
49632.025 [0,1,2,3,4,5,6,7,8,9] [198]
49624.98024999999 [0,1,2,3,4,5,6,7,8,9] [185,186]
49621.458062499994 [0,1,2,3,4,5,6,7,8,9] [196,197,198,199]
49615.11844 [0,1,2,3,4,5,6,7,8,9] [194,195,196,197,198]
49610.89224999999 [0,1,2,3,4,5,6,7,8,9] [194,195,196,197]
49603.848999999995 [0,1,2,3,4,5,6,7,8,9] [195,196,197,198,199]
49589.76399999999 [0,1,2,3,4,5,6,7,8,9] [186]
49580.375111111105 [0,1,2,3,4,5,6,7,8,9] [184,185,186]
49575.681000000004 [0,1,2,3,4,5,6,7,8,9] [194,195,196]
49573.33402777777 [0,1,2,3,4,5,6,7,8,9] [194,195,196,197,198,199]
49570.9871111111 [0,1,2,3,4,5,6,7,8,9] [197,198,199]
49566.293444444425 [0,1,2,3,4,5,6,7,8,9] [185,186,187]
49563.94669444446 [0,1,2,3,4,5,6,7,8,9] [193,194,195,196,197,198]
49550.336639999994 [0,1,2,3,4,5,6,7,8,9] [193,194,195,196,197]
49547.52099999999 [0,1,2,3,4,5,6,7,8,9] [184,185,186,187]
49535.45487755102 [0,1,2,3,4,5,6,7,8,9] [193,194,195,196,197,198,199]
49533.443999999996 [0,1,2,3,4,5,6,7,8,9] [195]
49519.36899999999 [0,1,2,3,4,5,6,7,8,9] [186,187]
49513.337469387756 [0,1,2,3,4,5,6,7,8,9] [192,193,194,195,196,197,198]
49508.81406249998 [0,1,2,3,4,5,6,7,8,9] [193,194,195,196]
49498.26024999999 [0,1,2,3,4,5,6,7,8,9] [198,199]
49494.742562499996 [0,1,2,3,4,5,6,7,8,9] [192,193,194,195,196,197,198,199]
49493.57002777777 [0,1,2,3,4,5,6,7,8,9] [192,193,194,195,196,197]
49491.225 [0,1,2,3,4,5,6,7,8,9] [184]
49491.224999999984 [0,1,2,3,4,5,6,7,8,9] [183,184,185,186]
49485.597160000005 [0,1,2,3,4,5,6,7,8,9] [184,185,186,187,188]
49484.19024999999 [0,1,2,3,4,5,6,7,8,9] [185,186,187,188]
49482.78335999999 [0,1,2,3,4,5,6,7,8,9] [183,184,185,186,187]
49477.15600000001 [0,1,2,3,4,5,6,7,8,9] [194,195]
49458.40044444444 [0,1,2,3,4,5,6,7,8,9] [183,184,185]
49456.056250000016 [0,1,2,3,4,5,6,7,8,9] [191,192,193,194,195,196,197,198]
49449.024000000005 [0,1,2,3,4,5,6,7,8,9] [192,193,194,195,196]
49445.8987160494 [0,1,2,3,4,5,6,7,8,9] [191,192,193,194,195,196,197,198,199]
49441.992249999996 [0,1,2,3,4,5,6,7,8,9] [183,184,185,186,187,188]
49439.64844444444 [0,1,2,3,4,5,6,7,8,9] [195,196,197,198,199,200]
49436.96987755101 [0,1,2,3,4,5,6,7,8,9] [194,195,196,197,198,199,200]
49430.943367346954 [0,1,2,3,4,5,6,7,8,9] [1,2,3,4,5,6,7]
49430.94336734693 [0,1,2,3,4,5,6,7,8,9] [191,192,193,194,195,196,197]
49425.58677777779 [0,1,2,3,4,5,6,7,8,9] [186,187,188]
49420.9 [0,1,2,3,4,5,6,7,8,9] [193,194,195,196,197,198,199,200]
49420.89999999998 [0,1,2,3,4,5,6,7,8,9] [196,197,198,199,200]
49418.55669444445 [0,1,2,3,4,5,6,7,8,9] [184,185,186,187,188,189]
49413.87024999999 [0,1,2,3,4,5,6,7,8,9] [182,183,184,185,186,187]
49412.46435999999 [0,1,2,3,4,5,6,7,8,9] [184,185,186,187,188,189,190,191,192,193,194,195,196,197,198]
49409.47691015627 [0,1,2,3,4,5,6,7,8,9] [184,185,186,187,188,189,190,191,192,193,194,195,196,197,198,199]
49408.40301234567 [0,1,2,3,4,5,6,7,8,9] [190,191,192,193,194,195,196,197,198]
49406.841 [0,1,2,3,4,5,6,7,8,9] [185,186,187,188,189,190,191,192,193,194,195,196,197,198]
49404.02944 [0,1,2,3,4,5,6,7,8,9] [190,191,192,193,194,195,196,197,198,199]
49400.690816406255 [0,1,2,3,4,5,6,7,8,9] [183,184,185,186,187,188,189,190,191,192,193,194,195,196,197,198]
49398.57193425606 [0,1,2,3,4,5,6,7,8,9] [183,184,185,186,187,188,189,190,191,192,193,194,195,196,197,198,199]
49397.46944444447 [0,1,2,3,4,5,6,7,8,9] [192,193,194,195,196,197,198,199,200]
49396.80008163267 [0,1,2,3,4,5,6,7,8,9] [184,185,186,187,188,189,190,191,192,193,194,195,196,197]
49390.77602040816 [0,1,2,3,4,5,6,7,8,9] [183,184,185,186,187,188,189]
49389.54036094674 [0,1,2,3,4,5,6,7,8,9] [185,186,187,188,189,190,191,192,193,194,195,196,197]
49388.768081632676 [0,1,2,3,4,5,6,7,8,9] [182,183,184,185,186,187,188]
49387.37799408285 [0,1,2,3,4,5,6,7,8,9] [186,187,188,189,190,191,192,193,194,195,196,197,198]
49385.75625 [0,1,2,3,4,5,6,7,8,9] [186,187,188,189,190,191,192,193,194,195,196,197,198,199]
49385.28775111111 [0,1,2,3,4,5,6,7,8,9] [183,184,185,186,187,188,189,190,191,192,193,194,195,196,197]
49383.41377777778 [0,1,2,3,4,5,6,7,8,9] [191,192,193,194,195,196]
49381.20914878892 [0,1,2,3,4,5,6,7,8,9] [182,183,184,185,186,187,188,189,190,191,192,193,194,195,196,197,198]
49380.485765624995 [0,1,2,3,4,5,6,7,8,9] [190,191,192,193,194,195,196,197]
49380.29056790123 [0,1,2,3,4,5,6,7,8,9] [182,183,184,185,186,187,188,189,190,191,192,193,194,195,196,197,198,199]
49375.91823999998 [0,1,2,3,4,5,6,7,8,9] [189,190,191,192,193,194,195,196,197,198]
49374.896165289254 [0,1,2,3,4,5,6,7,8,9] [189,190,191,192,193,194,195,196,197,198,199]
49372.242751479294 [0,1,2,3,4,5,6,7,8,9] [184,185,186,187,188,189,190,191,192,193,194,195,196]
49370.5311736111 [0,1,2,3,4,5,6,7,8,9] [187,188,189,190,191,192,193,194,195,196,197,198]
49370.0807633136 [0,1,2,3,4,5,6,7,8,9] [187,188,189,190,191,192,193,194,195,196,197,198,199]
49368.1890625 [0,1,2,3,4,5,6,7,8,9] [192,193,194,195]
49367.01802777776 [0,1,2,3,4,5,6,7,8,9] [186,187,188,189,190,191,192,193,194,195,196,197]
49365.55425390624 [0,1,2,3,4,5,6,7,8,9] [182,183,184,185,186,187,188,189,190,191,192,193,194,195,196,197]
49364.676 [0,1,2,3,4,5,6,7,8,9] [193,194]
49364.67599999999 [0,1,2,3,4,5,6,7,8,9] [199]
49363.50500694445 [0,1,2,3,4,5,6,7,8,9] [188,189,190,191,192,193,194,195,196,197,198,199]
49363.398553719 [0,1,2,3,4,5,6,7,8,9] [188,189,190,191,192,193,194,195,196,197,198]
49363.27080999999 [0,1,2,3,4,5,6,7,8,9] [191,192,193,194,195,196,197,198,199,200]
49363.02283737024 [0,1,2,3,4,5,6,7,8,9] [184,185,186,187,188,189,190,191,192,193,194,195,196,197,198,199,200]
49362.66859183674 [0,1,2,3,4,5,6,7,8,9] [184,185,186,187,188,189,190]
49362.33402777778 [0,1,2,3,4,5,6,7,8,9] [185,186,187,188,189,190,191,192,193,194,195,196]
49361.66490306121 [0,1,2,3,4,5,6,7,8,9] [183,184,185,186,187,188,189,190,191,192,193,194,195,196]
49361.1630625 [0,1,2,3,4,5,6,7,8,9] [182,183,184,185]
49357.65025000001 [0,1,2,3,4,5,6,7,8,9] [183,184]
49355.308444444454 [0,1,2,3,4,5,6,7,8,9] [183,184,185,186,187,188,189,190,191,192,193,194,195,196,197,198,199,200]
49355.015722656266 [0,1,2,3,4,5,6,7,8,9] [185,186,187,188,189,190,191,192,193,194,195,196,197,198,199,200]
49354.32243767314 [0,1,2,3,4,5,6,7,8,9] [181,182,183,184,185,186,187,188,189,190,191,192,193,194,195,196,197,198,199]
49353.74727160492 [0,1,2,3,4,5,6,7,8,9] [181,182,183,184,185,186,187,188,189,190,191,192,193,194,195,196,197,198]
49350.625 [0,1,2,3,4,5,6,7,8,9] [182,183,184,185,186,187,188,189]
49347.50282716051 [0,1,2,3,4,5,6,7,8,9] [189,190,191,192,193,194,195,196,197]
49346.79325619833 [0,1,2,3,4,5,6,7,8,9] [187,188,189,190,191,192,193,194,195,196,197]
49345.35639062499 [0,1,2,3,4,5,6,7,8,9] [183,184,185,186,187,188,189,190]
49343.600249999974 [0,1,2,3,4,5,6,7,8,9] [187,188]
49342.19535999999 [0,1,2,3,4,5,6,7,8,9] [182,183,184,185,186,187,188,189,190,191,192,193,194,195,196]
