[Score] [Station index] [Time slots] 
50069.77599999999 [0,1,2,3,4,5,6,7,8,9] [247]
50062.700249999994 [0,1,2,3,4,5,6,7,8,9] [249,250,251,252]
50036.760111111114 [0,1,2,3,4,5,6,7,8,9] [250,251,252]
50032.04444444445 [0,1,2,3,4,5,6,7,8,9] [245,246,247]
50027.32900000001 [0,1,2,3,4,5,6,7,8,9] [249,250,251,252,253]
50009.64806249998 [0,1,2,3,4,5,6,7,8,9] [246,247,248,249,250,251,252,253]
50006.897975308646 [0,1,2,3,4,5,6,7,8,9] [244,245,246,247,248,249,250,251,252]
50006.11225000001 [0,1,2,3,4,5,6,7,8,9] [249,250,251,252,253,254]
50005.326530864186 [0,1,2,3,4,5,6,7,8,9] [245,246,247,248,249,250,251,252,253]
50003.08165306122 [0,1,2,3,4,5,6,7,8,9] [247,248,249,250,251,252,253]
49999.04100000002 [0,1,2,3,4,5,6,7,8,9] [252]
49999.04099999998 [0,1,2,3,4,5,6,7,8,9] [250,251,252,253]
49997.46967901234 [0,1,2,3,4,5,6,7,8,9] [246,247,248,249,250,251,252,253,254]
49994.79849000002 [0,1,2,3,4,5,6,7,8,9] [244,245,246,247,248,249,250,251,252,253]
49994.79849000001 [0,1,2,3,4,5,6,7,8,9] [245,246,247,248,249,250,251,252,253,254]
49991.97025 [0,1,2,3,4,5,6,7,8,9] [244,245,246,247,248,249]
49991.97024999998 [0,1,2,3,4,5,6,7,8,9] [248,249,250,251,252,253]
49990.202640624986 [0,1,2,3,4,5,6,7,8,9] [247,248,249,250,251,252,253,254]
49986.18546280993 [0,1,2,3,4,5,6,7,8,9] [244,245,246,247,248,249,250,251,252,253,254]
49984.900000000016 [0,1,2,3,4,5,6,7,8,9] [251,252]
49979.24415999999 [0,1,2,3,4,5,6,7,8,9] [250,251,252,253,254]
49978.84018367348 [0,1,2,3,4,5,6,7,8,9] [248,249,250,251,252,253,254]
49975.47377777779 [0,1,2,3,4,5,6,7,8,9] [244,245,246]
49973.588639999994 [0,1,2,3,4,5,6,7,8,9] [243,244,245,246,247,248,249,250,251,252]
49970.76100000001 [0,1,2,3,4,5,6,7,8,9] [245,246,247,248,249,250,251,252,253,254,255]
49970.761 [0,1,2,3,4,5,6,7,8,9] [246,247,248,249,250,251,252,253,254,255]
49966.72165306121 [0,1,2,3,4,5,6,7,8,9] [249,250,251,252,253,254,255]
49965.62004132232 [0,1,2,3,4,5,6,7,8,9] [243,244,245,246,247,248,249,250,251,252,253]
49964.870340277776 [0,1,2,3,4,5,6,7,8,9] [244,245,246,247,248,249,250,251,252,253,254,255]
49962.27855999999 [0,1,2,3,4,5,6,7,8,9] [244,245,246,247,248]
49961.3361111111 [0,1,2,3,4,5,6,7,8,9] [247,248,249,250,251,252,253,254,255]
49960.158062500006 [0,1,2,3,4,5,6,7,8,9] [243,244,245,246,247,248,249,250,251,252,253,254]
49951.91211111111 [0,1,2,3,4,5,6,7,8,9] [251,252,253]
49947.789390624996 [0,1,2,3,4,5,6,7,8,9] [248,249,250,251,252,253,254,255]
49946.52736734695 [0,1,2,3,4,5,6,7,8,9] [243,244,245,246,247,248,249]
49944.84469444445 [0,1,2,3,4,5,6,7,8,9] [245,246,247,248,249,250,251,252,253,254,255,256]
49942.48900000002 [0,1,2,3,4,5,6,7,8,9] [243,244,245,246,247,248,249,250,251,252,253,254,255]
49942.48899999999 [0,1,2,3,4,5,6,7,8,9] [252,253]
49942.48899999997 [0,1,2,3,4,5,6,7,8,9] [246,247,248,249,250,251,252,253,254,255,256]
49941.40177514792 [0,1,2,3,4,5,6,7,8,9] [244,245,246,247,248,249,250,251,252,253,254,255,256]
49938.95556249999 [0,1,2,3,4,5,6,7,8,9] [251,252,253,254]
49937.77777777779 [0,1,2,3,4,5,6,7,8,9] [250,251,252,253,254,255]
49935.42225000002 [0,1,2,3,4,5,6,7,8,9] [244,245]
49934.008960000014 [0,1,2,3,4,5,6,7,8,9] [243,244,245,246,247]
49931.18244 [0,1,2,3,4,5,6,7,8,9] [247,248,249,250,251,252,253,254,255,256]
49929.64073553721 [0,1,2,3,4,5,6,7,8,9] [242,243,244,245,246,247,248,249,250,251,252]
49928.35600000001 [0,1,2,3,4,5,6,7,8,9] [249,250,251,252,253,254,255,256]
49928.355999999985 [0,1,2,3,4,5,6,7,8,9] [252,253,254]
49926.00069444445 [0,1,2,3,4,5,6,7,8,9] [242,243,244,245,246,247,248,249,250,251,252,253]
49924.00778698225 [0,1,2,3,4,5,6,7,8,9] [242,243,244,245,246,247,248,249,250,251,252,253,254]
49922.70336000001 [0,1,2,3,4,5,6,7,8,9] [242,243,244,245,246,247,248,249,250,251]
49922.29961224491 [0,1,2,3,4,5,6,7,8,9] [243,244,245,246,247,248,249,250,251,252,253,254,255,256]
49917.365049382715 [0,1,2,3,4,5,6,7,8,9] [242,243,244,245,246,247,248,249,250]
49915.79501234567 [0,1,2,3,4,5,6,7,8,9] [248,249,250,251,252,253,254,255,256]
49914.224999999984 [0,1,2,3,4,5,6,7,8,9] [243,244,245,246,247,248]
49913.13808284022 [0,1,2,3,4,5,6,7,8,9] [245,246,247,248,249,250,251,252,253,254,255,256,257]
49912.20644897959 [0,1,2,3,4,5,6,7,8,9] [244,245,246,247,248,249,250,251,252,253,254,255,256,257]
49910.1879387755 [0,1,2,3,4,5,6,7,8,9] [242,243,244,245,246,247,248,249,250,251,252,253,254,255]
49908.33767361112 [0,1,2,3,4,5,6,7,8,9] [246,247,248,249,250,251,252,253,254,255,256,257]
49900.096 [0,1,2,3,4,5,6,7,8,9] [254]
49900.095999999976 [0,1,2,3,4,5,6,7,8,9] [243,244,245,246]
49898.07773469387 [0,1,2,3,4,5,6,7,8,9] [250,251,252,253,254,255,256]
49897.74136111111 [0,1,2,3,4,5,6,7,8,9] [241,242,243,244,245,246,247,248,249,250,251,252]
49897.27044 [0,1,2,3,4,5,6,7,8,9] [251,252,253,254,255]
49897.06861734693 [0,1,2,3,4,5,6,7,8,9] [241,242,243,244,245,246,247,248,249,250,251,252,253,254]
49896.835745562144 [0,1,2,3,4,5,6,7,8,9] [241,242,243,244,245,246,247,248,249,250,251,252,253]
49896.32860444444 [0,1,2,3,4,5,6,7,8,9] [243,244,245,246,247,248,249,250,251,252,253,254,255,256,257]
49894.95867768595 [0,1,2,3,4,5,6,7,8,9] [247,248,249,250,251,252,253,254,255,256,257]
49893.50315111113 [0,1,2,3,4,5,6,7,8,9] [242,243,244,245,246,247,248,249,250,251,252,253,254,255,256]
49893.03224999999 [0,1,2,3,4,5,6,7,8,9] [253,254]
49889.500562500005 [0,1,2,3,4,5,6,7,8,9] [242,243,244,245,246,247,248,249]
49888.53739669423 [0,1,2,3,4,5,6,7,8,9] [241,242,243,244,245,246,247,248,249,250,251]
49885.96900000001 [0,1,2,3,4,5,6,7,8,9] [253]
49885.969 [0,1,2,3,4,5,6,7,8,9] [241,242,243,244,245,246,247,248,249,250,251,252,253,254,255]
49884.39945679014 [0,1,2,3,4,5,6,7,8,9] [249,250,251,252,253,254,255,256,257]
49880.31876000001 [0,1,2,3,4,5,6,7,8,9] [241,242,243,244,245,246,247,248,249,250]
49878.90625 [0,1,2,3,4,5,6,7,8,9] [252,253,254,255]
49877.49376 [0,1,2,3,4,5,6,7,8,9] [248,249,250,251,252,253,254,255,256,257]
49875.610471111126 [0,1,2,3,4,5,6,7,8,9] [244,245,246,247,248,249,250,251,252,253,254,255,256,257,258]
49873.861734693885 [0,1,2,3,4,5,6,7,8,9] [245,246,247,248,249,250,251,252,253,254,255,256,257,258]
49871.844000000005 [0,1,2,3,4,5,6,7,8,9] [241,242,243,244,245,246,247,248,249,250,251,252,253,254,255,256]
49870.96125390625 [0,1,2,3,4,5,6,7,8,9] [242,243,244,245,246,247,248,249,250,251,252,253,254,255,256,257]
49869.960817777785 [0,1,2,3,4,5,6,7,8,9] [240,241,242,243,244,245,246,247,248,249,250,251,252,253,254]
49867.80865306123 [0,1,2,3,4,5,6,7,8,9] [240,241,242,243,244,245,246,247,248,249,250,251,252,253]
49866.41184023667 [0,1,2,3,4,5,6,7,8,9] [246,247,248,249,250,251,252,253,254,255,256,257,258]
49863.01689062502 [0,1,2,3,4,5,6,7,8,9] [243,244,245,246,247,248,249,250,251,252,253,254,255,256,257,258]
49861.251562500016 [0,1,2,3,4,5,6,7,8,9] [240,241,242,243,244,245,246,247,248,249,250,251,252,253,254,255]
49860.07469444444 [0,1,2,3,4,5,6,7,8,9] [242,243,244,245,246,247]
49857.721000000005 [0,1,2,3,4,5,6,7,8,9] [251,252,253,254,255,256]
49855.3673611111 [0,1,2,3,4,5,6,7,8,9] [240,241,242,243,244,245,246,247,248,249,250,251]
49853.68622448981 [0,1,2,3,4,5,6,7,8,9] [242,243,244,245,246,247,248]
49852.425390625 [0,1,2,3,4,5,6,7,8,9] [250,251,252,253,254,255,256,257]
49851.906228373715 [0,1,2,3,4,5,6,7,8,9] [241,242,243,244,245,246,247,248,249,250,251,252,253,254,255,256,257]
49851.444753086435 [0,1,2,3,4,5,6,7,8,9] [241,242,243,244,245,246,247,248,249]
49850.66024999999 [0,1,2,3,4,5,6,7,8,9] [247,248,249,250,251,252,253,254,255,256,257,258]
49849.41428719723 [0,1,2,3,4,5,6,7,8,9] [240,241,242,243,244,245,246,247,248,249,250,251,252,253,254,255,256]
49848.30677777779 [0,1,2,3,4,5,6,7,8,9] [243,244,245]
49844.8836446281 [0,1,2,3,4,5,6,7,8,9] [240,241,242,243,244,245,246,247,248,249,250]
49841.108266435986 [0,1,2,3,4,5,6,7,8,9] [242,243,244,245,246,247,248,249,250,251,252,253,254,255,256,257,258]
49838.89344444443 [0,1,2,3,4,5,6,7,8,9] [253,254,255]
