[Score] [Station index] [Time slots] 
37552.384000000005 [0,1,2,3,4,5,6,7,8,9] [247]
37527.876000000004 [0,1,2,3,4,5,6,7,8,9] [250]
37503.376 [0,1,2,3,4,5,6,7,8,9] [250,251]
37491.12900000001 [0,1,2,3,4,5,6,7,8,9] [245]
37485.00625000001 [0,1,2,3,4,5,6,7,8,9] [249,250]
37482.96544444443 [0,1,2,3,4,5,6,7,8,9] [249,250,251]
37478.884000000005 [0,1,2,3,4,5,6,7,8,9] [251]
37478.88399999999 [0,1,2,3,4,5,6,7,8,9] [247,248,249,250,251]
37474.80277777779 [0,1,2,3,4,5,6,7,8,9] [245,246,247]
37472.76225 [0,1,2,3,4,5,6,7,8,9] [247,248]
37466.641 [0,1,2,3,4,5,6,7,8,9] [245,246,247,248,249,250,251]
37464.60069444445 [0,1,2,3,4,5,6,7,8,9] [245,246,247,248,249,250]
37462.560444444454 [0,1,2,3,4,5,6,7,8,9] [247,248,249]
37462.56044444443 [0,1,2,3,4,5,6,7,8,9] [246,247,248,249,250,251]
37460.52025000001 [0,1,2,3,4,5,6,7,8,9] [248,249,250,251]
37459.29616 [0,1,2,3,4,5,6,7,8,9] [246,247,248,249,250]
37454.4 [0,1,2,3,4,5,6,7,8,9] [247,248,249,250,251,252]
37454.39999999999 [0,1,2,3,4,5,6,7,8,9] [243]
37453.04001234567 [0,1,2,3,4,5,6,7,8,9] [243,244,245,246,247,248,249,250,251]
37452.87001562501 [0,1,2,3,4,5,6,7,8,9] [244,245,246,247,248,249,250,251]
37451.952040000004 [0,1,2,3,4,5,6,7,8,9] [245,246,247,248,249]
37449.810140625 [0,1,2,3,4,5,6,7,8,9] [245,246,247,248,249,250,251,252]
37449.154469387744 [0,1,2,3,4,5,6,7,8,9] [244,245,246,247,248,249,250]
37447.05636 [0,1,2,3,4,5,6,7,8,9] [243,244,245,246,247]
37446.240444444455 [0,1,2,3,4,5,6,7,8,9] [250,251,252]
37445.220562500006 [0,1,2,3,4,5,6,7,8,9] [249,250,251,252]
37443.90930612245 [0,1,2,3,4,5,6,7,8,9] [246,247,248,249,250,251,252]
37442.161 [0,1,2,3,4,5,6,7,8,9] [246,247,248,249]
37440.93721000001 [0,1,2,3,4,5,6,7,8,9] [243,244,245,246,247,248,249,250,251,252]
37439.44149382716 [0,1,2,3,4,5,6,7,8,9] [244,245,246,247,248,249,250,251,252]
37438.66451020407 [0,1,2,3,4,5,6,7,8,9] [243,244,245,246,247,248,249]
37438.08177777778 [0,1,2,3,4,5,6,7,8,9] [243,244,245,246,247,248]
37436.042250000006 [0,1,2,3,4,5,6,7,8,9] [244,245,246,247,248,249]
37434.81856 [0,1,2,3,4,5,6,7,8,9] [244,245,246,247,248]
37434.81855999999 [0,1,2,3,4,5,6,7,8,9] [248,249,250,251,252]
37434.00277777777 [0,1,2,3,4,5,6,7,8,9] [243,244,245]
37433.59489000001 [0,1,2,3,4,5,6,7,8,9] [242,243,244,245,246,247,248,249,250,251]
37428.56445679012 [0,1,2,3,4,5,6,7,8,9] [242,243,244,245,246,247,248,249,250]
37424.36238842975 [0,1,2,3,4,5,6,7,8,9] [242,243,244,245,246,247,248,249,250,251,252]
37423.80625 [0,1,2,3,4,5,6,7,8,9] [244,245]
37420.7475625 [0,1,2,3,4,5,6,7,8,9] [243,244,245,246]
37417.68899999999 [0,1,2,3,4,5,6,7,8,9] [248,249]
37416.159765625 [0,1,2,3,4,5,6,7,8,9] [242,243,244,245,246,247,248,249]
37415.65002777778 [0,1,2,3,4,5,6,7,8,9] [242,243,244,245,246,247]
37412.446040816336 [0,1,2,3,4,5,6,7,8,9] [242,243,244,245,246,247,248]
37409.533444444445 [0,1,2,3,4,5,6,7,8,9] [245,246,247,248,249,250,251,252,253]
37408.792074380166 [0,1,2,3,4,5,6,7,8,9] [243,244,245,246,247,248,249,250,251,252,253]
37405.456000000006 [0,1,2,3,4,5,6,7,8,9] [251,252]
37405.45599999999 [0,1,2,3,4,5,6,7,8,9] [243,244]
37404.23281 [0,1,2,3,4,5,6,7,8,9] [244,245,246,247,248,249,250,251,252,253]
37401.961224489794 [0,1,2,3,4,5,6,7,8,9] [247,248,249,250,251,252,253]
37399.340249999994 [0,1,2,3,4,5,6,7,8,9] [246,247,248,249,250,251,252,253]
37396.2825625 [0,1,2,3,4,5,6,7,8,9] [242,243,244,245,246,247,248,249,250,251,252,253]
37393.225 [0,1,2,3,4,5,6,7,8,9] [248]
37391.001396694235 [0,1,2,3,4,5,6,7,8,9] [241,242,243,244,245,246,247,248,249,250,251]
37390.167562500006 [0,1,2,3,4,5,6,7,8,9] [242,243,244,245]
37389.14844444445 [0,1,2,3,4,5,6,7,8,9] [243,244,245,246,247,248,249,250,251,252,253,254]
37388.33316 [0,1,2,3,4,5,6,7,8,9] [242,243,244,245,246]
37386.091173611116 [0,1,2,3,4,5,6,7,8,9] [241,242,243,244,245,246,247,248,249,250,251,252]
37385.88736000001 [0,1,2,3,4,5,6,7,8,9] [245,246,247,248,249,250,251,252,253,254]
37383.21930578512 [0,1,2,3,4,5,6,7,8,9] [244,245,246,247,248,249,250,251,252,253,254]
37382.218810000006 [0,1,2,3,4,5,6,7,8,9] [241,242,243,244,245,246,247,248,249,250]
37380.996 [0,1,2,3,4,5,6,7,8,9] [246]
37379.1147928994 [0,1,2,3,4,5,6,7,8,9] [242,243,244,245,246,247,248,249,250,251,252,253,254]
37378.17420710059 [0,1,2,3,4,5,6,7,8,9] [243,244,245,246,247,248,249,250,251,252,253,254,255]
37376.920111111125 [0,1,2,3,4,5,6,7,8,9] [248,249,250,251,252,253]
37374.20297530864 [0,1,2,3,4,5,6,7,8,9] [246,247,248,249,250,251,252,253,254]
37373.65956000001 [0,1,2,3,4,5,6,7,8,9] [249,250,251,252,253]
37373.35389062501 [0,1,2,3,4,5,6,7,8,9] [247,248,249,250,251,252,253,254]
37373.21495041322 [0,1,2,3,4,5,6,7,8,9] [245,246,247,248,249,250,251,252,253,254,255]
37371.8255625 [0,1,2,3,4,5,6,7,8,9] [244,245,246,247,248,249,250,251,252,253,254,255]
37369.64229081632 [0,1,2,3,4,5,6,7,8,9] [242,243,244,245,246,247,248,249,250,251,252,253,254,255]
37366.05216049385 [0,1,2,3,4,5,6,7,8,9] [241,242,243,244,245,246,247,248,249]
37365.71256250001 [0,1,2,3,4,5,6,7,8,9] [240,241,242,243,244,245,246,247,248,249,250,251]
37363.126443787 [0,1,2,3,4,5,6,7,8,9] [241,242,243,244,245,246,247,248,249,250,251,252,253]
37363.126443786976 [0,1,2,3,4,5,6,7,8,9] [240,241,242,243,244,245,246,247,248,249,250,251,252]
37361.43376 [0,1,2,3,4,5,6,7,8,9] [246,247,248,249,250,251,252,253,254,255]
37359.26049382717 [0,1,2,3,4,5,6,7,8,9] [247,248,249,250,251,252,253,254,255]
37357.417147959175 [0,1,2,3,4,5,6,7,8,9] [243,244,245,246,247,248,249,250,251,252,253,254,255,256]
37356.54400000001 [0,1,2,3,4,5,6,7,8,9] [241,242,243,244,245,246,247,248]
37356.543999999994 [0,1,2,3,4,5,6,7,8,9] [250,251,252,253]
37355.43273553719 [0,1,2,3,4,5,6,7,8,9] [240,241,242,243,244,245,246,247,248,249,250]
37351.30532653062 [0,1,2,3,4,5,6,7,8,9] [241,242,243,244,245,246,247]
37350.839684444436 [0,1,2,3,4,5,6,7,8,9] [242,243,244,245,246,247,248,249,250,251,252,253,254,255,256]
37349.96213609468 [0,1,2,3,4,5,6,7,8,9] [244,245,246,247,248,249,250,251,252,253,254,255,256]
37349.55918367348 [0,1,2,3,4,5,6,7,8,9] [241,242,243,244,245,246,247,248,249,250,251,252,253,254]
37349.41367361111 [0,1,2,3,4,5,6,7,8,9] [245,246,247,248,249,250,251,252,253,254,255,256]
37347.81308163266 [0,1,2,3,4,5,6,7,8,9] [248,249,250,251,252,253,254]
37343.448005102044 [0,1,2,3,4,5,6,7,8,9] [240,241,242,243,244,245,246,247,248,249,250,251,252,253]
37342.69141777778 [0,1,2,3,4,5,6,7,8,9] [241,242,243,244,245,246,247,248,249,250,251,252,253,254,255]
37340.24711111111 [0,1,2,3,4,5,6,7,8,9] [249,250,251,252,253,254]
37338.21025000002 [0,1,2,3,4,5,6,7,8,9] [240,241,242,243,244,245,246,247,248,249]
37336.54376859504 [0,1,2,3,4,5,6,7,8,9] [246,247,248,249,250,251,252,253,254,255,256]
37336.173444444445 [0,1,2,3,4,5,6,7,8,9] [243,244,245,246,247,248,249,250,251,252,253,254,255,256,257]
37335.155062499995 [0,1,2,3,4,5,6,7,8,9] [248,249,250,251,252,253,254,255]
37332.1 [0,1,2,3,4,5,6,7,8,9] [247,248,249,250,251,252,253,254,255,256]
37331.336253906244 [0,1,2,3,4,5,6,7,8,9] [242,243,244,245,246,247,248,249,250,251,252,253,254,255,256,257]
37330.35430612245 [0,1,2,3,4,5,6,7,8,9] [239,240,241,242,243,244,245,246,247,248,249,250,251,252]
37330.22002366864 [0,1,2,3,4,5,6,7,8,9] [239,240,241,242,243,244,245,246,247,248,249,250,251]
37327.73584183673 [0,1,2,3,4,5,6,7,8,9] [244,245,246,247,248,249,250,251,252,253,254,255,256,257]
