[Score] [Station index] [Time slots] 
52700.854444444434 [0,1,2,3,4,6,7,8,9] [233]
52563.204444444455 [0,1,2,3,4,6,7,8,9] [233,234]
52425.734444444446 [0,1,2,3,4,6,7,8,9] [234]
52374.865308641965 [0,1,2,3,4,6,7,8,9] [232,233,234]
52349.44000000002 [0,1,2,3,4,6,7,8,9] [232,233]
52298.60790123457 [0,1,2,3,4,6,7,8,9] [233,234,235]
52288.444444444445 [0,1,2,3,4,6,7,8,9] [237]
52273.20111111111 [0,1,2,3,4,6,7,8,9] [225]
52223.675625 [0,1,2,3,4,6,7,8,9] [232,233,234,235]
52212.25 [0,1,2,3,4,6,7,8,9] [233,234,235,236,237]
52212.24999999998 [0,1,2,3,4,6,7,8,9] [237,238]
52199.556327160484 [0,1,2,3,4,6,7,8,9] [233,234,235,236,237,238]
52193.21006944442 [0,1,2,3,4,6,7,8,9] [233,234,235,236]
52181.78777777777 [0,1,2,3,4,6,7,8,9] [233,234,235,236,237,238,239]
52176.71160493829 [0,1,2,3,4,6,7,8,9] [232,233,234,235,236,237]
52170.91056689342 [0,1,2,3,4,6,7,8,9] [232,233,234,235,236,237,238]
52166.55999999999 [0,1,2,3,4,6,7,8,9] [237,238,239]
52162.75340277779 [0,1,2,3,4,6,7,8,9] [231,232,233,234]
52158.94694444444 [0,1,2,3,4,6,7,8,9] [232,233,234,235,236,237,238,239]
52154.379377777776 [0,1,2,3,4,6,7,8,9] [232,233,234,235,236]
52147.52840277778 [0,1,2,3,4,6,7,8,9] [233,234,235,236,237,238,239,240]
52136.11111111111 [0,1,2,3,4,6,7,8,9] [238]
52131.037160493834 [0,1,2,3,4,6,7,8,9] [232,233,234,235,236,237,238,239,240]
52128.50027777776 [0,1,2,3,4,6,7,8,9] [224,225]
52105.6711111111 [0,1,2,3,4,6,7,8,9] [238,239]
52101.86673611113 [0,1,2,3,4,6,7,8,9] [237,238,239,240]
52100.59864197529 [0,1,2,3,4,6,7,8,9] [236,237,238]
52099.58417777776 [0,1,2,3,4,6,7,8,9] [234,235,236,237,238]
52098.0625 [0,1,2,3,4,6,7,8,9] [234,235]
52095.526419753085 [0,1,2,3,4,6,7,8,9] [234,235,236,237,238,239]
52094.258402777785 [0,1,2,3,4,6,7,8,9] [236,237,238,239]
52090.454444444455 [0,1,2,3,4,6,7,8,9] [231,232,233,234,235,236,237,238]
52088.76384087793 [0,1,2,3,4,6,7,8,9] [231,232,233,234,235,236,237,238,239]
52084.3684 [0,1,2,3,4,6,7,8,9] [231,232,233,234,235]
52083.93369614514 [0,1,2,3,4,6,7,8,9] [231,232,233,234,235,236,237]
52082.84694444444 [0,1,2,3,4,6,7,8,9] [236,237]
52081.32551111113 [0,1,2,3,4,6,7,8,9] [230,231,232,233,234]
52075.240000000005 [0,1,2,3,4,6,7,8,9] [239]
52070.67610000001 [0,1,2,3,4,6,7,8,9] [231,232,233,234,235,236,237,238,239,240]
52068.72020408163 [0,1,2,3,4,6,7,8,9] [234,235,236,237,238,239,240]
52056.9856 [0,1,2,3,4,6,7,8,9] [236,237,238,239,240]
52055.46454444443 [0,1,2,3,4,6,7,8,9] [230,231,232,233,234,235,236,237,238,239]
52053.267503429364 [0,1,2,3,4,6,7,8,9] [230,231,232,233,234,235,236,237,238]
52049.88753086419 [0,1,2,3,4,6,7,8,9] [231,232,233,234,235,236]
52046.507668038415 [0,1,2,3,4,6,7,8,9] [233,234,235,236,237,238,239,240,241]
52042.91668402779 [0,1,2,3,4,6,7,8,9] [230,231,232,233,234,235,236,237]
52042.05256198349 [0,1,2,3,4,6,7,8,9] [230,231,232,233,234,235,236,237,238,239,240]
52041.77604444444 [0,1,2,3,4,6,7,8,9] [232,233,234,235,236,237,238,239,240,241]
52039.74827160494 [0,1,2,3,4,6,7,8,9] [238,239,240]
52029.610000000015 [0,1,2,3,4,6,7,8,9] [235,236,237,238,239]
52029.60999999999 [0,1,2,3,4,6,7,8,9] [230,231,232,233,234,235]
52024.5412345679 [0,1,2,3,4,6,7,8,9] [234,235,236]
52018.205625 [0,1,2,3,4,6,7,8,9] [235,236,237,238]
52013.02223140497 [0,1,2,3,4,6,7,8,9] [229,230,231,232,233,234,235,236,237,238,239]
52009.3364197531 [0,1,2,3,4,6,7,8,9] [235,236,237,238,239,240]
52007.888458049885 [0,1,2,3,4,6,7,8,9] [230,231,232,233,234,235,236]
52006.8025 [0,1,2,3,4,6,7,8,9] [229,230,231,232,233,234,235,236,237,238]
52004.26864197531 [0,1,2,3,4,6,7,8,9] [229,230,231,232,233,234,235,236,237,238,239,240]
51999.20111111113 [0,1,2,3,4,6,7,8,9] [223,224,225]
51999.20111111112 [0,1,2,3,4,6,7,8,9] [229,230,231,232,233,234]
51995.40062499999 [0,1,2,3,4,6,7,8,9] [230,231,232,233]
51995.05513314969 [0,1,2,3,4,6,7,8,9] [231,232,233,234,235,236,237,238,239,240,241]
51992.444787379965 [0,1,2,3,4,6,7,8,9] [229,230,231,232,233,234,235,236,237]
51991.60027777779 [0,1,2,3,4,6,7,8,9] [239,240]
51983.99999999998 [0,1,2,3,4,6,7,8,9] [224]
51982.61819100092 [0,1,2,3,4,6,7,8,9] [232,233,234,235,236,237,238,239,240,241,242]
51980.96004444445 [0,1,2,3,4,6,7,8,9] [233,234,235,236,237,238,239,240,241,242]
51978.93345679013 [0,1,2,3,4,6,7,8,9] [235,236,237]
51975.13371141974 [0,1,2,3,4,6,7,8,9] [230,231,232,233,234,235,236,237,238,239,240,241]
51966.63002267573 [0,1,2,3,4,6,7,8,9] [229,230,231,232,233,234,235]
51965.001736111095 [0,1,2,3,4,6,7,8,9] [234,235,236,237,238,239,240,241]
51955.50390625002 [0,1,2,3,4,6,7,8,9] [229,230,231,232,233,234,235,236]
51952.33815586419 [0,1,2,3,4,6,7,8,9] [228,229,230,231,232,233,234,235,236,237,238,239]
51948.92899408283 [0,1,2,3,4,6,7,8,9] [228,229,230,231,232,233,234,235,236,237,238,239,240]
51948.53938271603 [0,1,2,3,4,6,7,8,9] [224,225,226]
51945.42254437871 [0,1,2,3,4,6,7,8,9] [229,230,231,232,233,234,235,236,237,238,239,240,241]
51944.74074845681 [0,1,2,3,4,6,7,8,9] [231,232,233,234,235,236,237,238,239,240,241,242]
51941.17246097337 [0,1,2,3,4,6,7,8,9] [228,229,230,231,232,233,234,235,236,237,238]
51930.81361111112 [0,1,2,3,4,6,7,8,9] [225,226]
51930.229296515456 [0,1,2,3,4,6,7,8,9] [230,231,232,233,234,235,236,237,238,239,240,241,242]
51929.2944 [0,1,2,3,4,6,7,8,9] [237,238,239,240,241]
51921.698677777764 [0,1,2,3,4,6,7,8,9] [228,229,230,231,232,233,234,235,236,237]
51920.68595679011 [0,1,2,3,4,6,7,8,9] [236,237,238,239,240,241]
51914.103511111105 [0,1,2,3,4,6,7,8,9] [229,230,231,232,233]
51908.027777777796 [0,1,2,3,4,6,7,8,9] [240]
51908.02777777778 [0,1,2,3,4,6,7,8,9] [224,225,226,227,228,229,230,231,232,233,234,235,236,237,238,239,240]
51905.85795918369 [0,1,2,3,4,6,7,8,9] [229,230,231,232,233,234,235,236,237,238,239,240,241,242]
51903.281358506945 [0,1,2,3,4,6,7,8,9] [225,226,227,228,229,230,231,232,233,234,235,236,237,238,239,240]
51902.96493827159 [0,1,2,3,4,6,7,8,9] [225,226,227,228,229,230,231,232,233,234,235,236,237,238,239]
51901.27737997258 [0,1,2,3,4,6,7,8,9] [234,235,236,237,238,239,240,241,242]
51899.34877551021 [0,1,2,3,4,6,7,8,9] [235,236,237,238,239,240,241]
51899.34877551019 [0,1,2,3,4,6,7,8,9] [227,228,229,230,231,232,233,234,235,236,237,238,239,240]
51898.746093964335 [0,1,2,3,4,6,7,8,9] [223,224,225,226,227,228,229,230,231,232,233,234,235,236,237,238,239,240]
51898.68119000656 [0,1,2,3,4,6,7,8,9] [227,228,229,230,231,232,233,234,235,236,237,238,239]
51898.26395124717 [0,1,2,3,4,6,7,8,9] [228,229,230,231,232,233,234,235,236,237,238,239,240,241]
51898.20013840831 [0,1,2,3,4,6,7,8,9] [223,224,225,226,227,228,229,230,231,232,233,234,235,236,237,238,239]
51897.17913832197 [0,1,2,3,4,6,7,8,9] [228,229,230,231,232,233,234]
51896.889856790134 [0,1,2,3,4,6,7,8,9] [224,225,226,227,228,229,230,231,232,233,234,235,236,237,238]
51896.63673611112 [0,1,2,3,4,6,7,8,9] [232,233,234,235,236,237,238,239,240,241,242,243]
51896.636736111104 [0,1,2,3,4,6,7,8,9] [223,224,225,226]
