[Score] [Station index] [Time slots] 
76020.961 [0,1,2,3,4,5,6,7,8,9] [243]
75916.36899999999 [0,1,2,3,4,5,6,7,8,9] [243,244]
75846.68100000001 [0,1,2,3,4,5,6,7,8,9] [243,244,245]
75829.264 [0,1,2,3,4,5,6,7,8,9] [242,243]
75823.45877777779 [0,1,2,3,4,5,6,7,8,9] [242,243,244]
75811.84900000002 [0,1,2,3,4,5,6,7,8,9] [244]
75811.84899999999 [0,1,2,3,4,5,6,7,8,9] [243,244,245,246]
75794.43600000002 [0,1,2,3,4,5,6,7,8,9] [242,243,244,245]
75790.95363999999 [0,1,2,3,4,5,6,7,8,9] [243,244,245,246,247]
75777.02500000002 [0,1,2,3,4,5,6,7,8,9] [242,243,244,245,246]
75777.025 [0,1,2,3,4,5,6,7,8,9] [241,242,243,244]
75765.41877777777 [0,1,2,3,4,5,6,7,8,9] [242,243,244,245,246,247]
75763.09763999996 [0,1,2,3,4,5,6,7,8,9] [241,242,243,244,245]
75759.61600000001 [0,1,2,3,4,5,6,7,8,9] [244,245]
75753.81344444444 [0,1,2,3,4,5,6,7,8,9] [241,242,243,244,245,246]
75747.18222448982 [0,1,2,3,4,5,6,7,8,9] [241,242,243,244,245,246,247]
75742.209 [0,1,2,3,4,5,6,7,8,9] [244,245,246]
75733.50625 [0,1,2,3,4,5,6,7,8,9] [244,245,246,247]
75707.40100000003 [0,1,2,3,4,5,6,7,8,9] [245,246,247]
75707.401 [0,1,2,3,4,5,6,7,8,9] [247]
75707.40099999998 [0,1,2,3,4,5,6,7,8,9] [240,241,242,243,244,245,246,247]
75695.8001111111 [0,1,2,3,4,5,6,7,8,9] [243,244,245,246,247,248]
75691.933345679 [0,1,2,3,4,5,6,7,8,9] [239,240,241,242,243,244,245,246,247]
75690.00000000003 [0,1,2,3,4,5,6,7,8,9] [237]
75690.0 [0,1,2,3,4,5,6,7,8,9] [238,239,240,241,242,243,244,245,246,247]
75688.26001000001 [0,1,2,3,4,5,6,7,8,9] [237,238,239,240,241,242,243,244,245,246]
75688.06667901234 [0,1,2,3,4,5,6,7,8,9] [238,239,240,241,242,243,244,245,246]
75687.51430612247 [0,1,2,3,4,5,6,7,8,9] [242,243,244,245,246,247,248]
75687.51430612245 [0,1,2,3,4,5,6,7,8,9] [239,240,241,242,243,244,245]
75686.13338271607 [0,1,2,3,4,5,6,7,8,9] [237,238,239,240,241,242,243,244,245]
75685.65006249999 [0,1,2,3,4,5,6,7,8,9] [238,239,240,241,242,243,244,245]
75684.20011111112 [0,1,2,3,4,5,6,7,8,9] [239,240,241,242,243,244]
75683.47514062501 [0,1,2,3,4,5,6,7,8,9] [237,238,239,240,241,242,243,244]
75682.54304081634 [0,1,2,3,4,5,6,7,8,9] [238,239,240,241,242,243,244]
75681.30025 [0,1,2,3,4,5,6,7,8,9] [240,241,242,243]
75681.30024999999 [0,1,2,3,4,5,6,7,8,9] [241,242,243,244,245,246,247,248]
75672.60100000001 [0,1,2,3,4,5,6,7,8,9] [238]
75669.7013611111 [0,1,2,3,4,5,6,7,8,9] [236,237,238,239,240,241,242,243,244,245,246,247]
75666.27458677687 [0,1,2,3,4,5,6,7,8,9] [236,237,238,239,240,241,242,243,244,245,246]
75665.1448979592 [0,1,2,3,4,5,6,7,8,9] [237,238,239,240,241,242,243]
75664.5713668639 [0,1,2,3,4,5,6,7,8,9] [235,236,237,238,239,240,241,242,243,244,245,246,247]
75662.16256 [0,1,2,3,4,5,6,7,8,9] [236,237,238,239,240,241,242,243,244,245]
75661.00277777776 [0,1,2,3,4,5,6,7,8,9] [235,236,237,238,239,240,241,242,243,244,245,246]
75658.68323999998 [0,1,2,3,4,5,6,7,8,9] [239,240,241,242,243]
75657.13690123457 [0,1,2,3,4,5,6,7,8,9] [236,237,238,239,240,241,242,243,244]
75656.78546280993 [0,1,2,3,4,5,6,7,8,9] [235,236,237,238,239,240,241,242,243,244,245]
75653.27112345681 [0,1,2,3,4,5,6,7,8,9] [240,241,242,243,244,245,246,247,248]
75651.72484000004 [0,1,2,3,4,5,6,7,8,9] [235,236,237,238,239,240,241,242,243,244]
75650.85506250004 [0,1,2,3,4,5,6,7,8,9] [237,238,239,240,241,242,243,244,245,246,247,248]
75648.99127040817 [0,1,2,3,4,5,6,7,8,9] [234,235,236,237,238,239,240,241,242,243,244,245,246,247]
75647.2969338843 [0,1,2,3,4,5,6,7,8,9] [238,239,240,241,242,243,244,245,246,247,248]
75644.76676 [0,1,2,3,4,5,6,7,8,9] [239,240,241,242,243,244,245,246,247,248]
75644.49914792899 [0,1,2,3,4,5,6,7,8,9] [234,235,236,237,238,239,240,241,242,243,244,245,246]
75643.60711111108 [0,1,2,3,4,5,6,7,8,9] [237,238,239]
75639.25850694443 [0,1,2,3,4,5,6,7,8,9] [234,235,236,237,238,239,240,241,242,243,244,245]
75637.80900000001 [0,1,2,3,4,5,6,7,8,9] [236,237,238,239,240,241,242,243]
75637.80899999998 [0,1,2,3,4,5,6,7,8,9] [242]
75636.64940444446 [0,1,2,3,4,5,6,7,8,9] [233,234,235,236,237,238,239,240,241,242,243,244,245,246,247]
75635.13302366863 [0,1,2,3,4,5,6,7,8,9] [236,237,238,239,240,241,242,243,244,245,246,247,248]
75633.94371604937 [0,1,2,3,4,5,6,7,8,9] [235,236,237,238,239,240,241,242,243]
75633.06525619834 [0,1,2,3,4,5,6,7,8,9] [234,235,236,237,238,239,240,241,242,243,244]
75632.83936734693 [0,1,2,3,4,5,6,7,8,9] [235,236,237,238,239,240,241,242,243,244,245,246,247,248]
75631.59698469387 [0,1,2,3,4,5,6,7,8,9] [233,234,235,236,237,238,239,240,241,242,243,244,245,246]
75630.85156 [0,1,2,3,4,5,6,7,8,9] [244,245,246,247,248]
75625.76747928993 [0,1,2,3,4,5,6,7,8,9] [233,234,235,236,237,238,239,240,241,242,243,244,245]
75620.41599999998 [0,1,2,3,4,5,6,7,8,9] [234,235,236,237,238,239,240,241,242,243,244,245,246,247,248]
75618.96667361111 [0,1,2,3,4,5,6,7,8,9] [233,234,235,236,237,238,239,240,241,242,243,244]
75615.19848999997 [0,1,2,3,4,5,6,7,8,9] [234,235,236,237,238,239,240,241,242,243]
75612.6864197531 [0,1,2,3,4,5,6,7,8,9] [241,242,243,244,245,246,247,248,249]
75610.63331640624 [0,1,2,3,4,5,6,7,8,9] [233,234,235,236,237,238,239,240,241,242,243,244,245,246,247,248]
75609.54639062501 [0,1,2,3,4,5,6,7,8,9] [242,243,244,245,246,247,248,249]
75605.92336111111 [0,1,2,3,4,5,6,7,8,9] [237,238,239,240,241,242]
75605.70040828404 [0,1,2,3,4,5,6,7,8,9] [237,238,239,240,241,242,243,244,245,246,247,248,249]
75605.50930612246 [0,1,2,3,4,5,6,7,8,9] [243,244,245,246,247,248,249]
75603.025 [0,1,2,3,4,5,6,7,8,9] [236,237,238]
75601.44409917356 [0,1,2,3,4,5,6,7,8,9] [233,234,235,236,237,238,239,240,241,242,243]
75599.54703999999 [0,1,2,3,4,5,6,7,8,9] [237,238,239,240,241]
75598.6775625 [0,1,2,3,4,5,6,7,8,9] [238,239,240,241,242,243,244,245,246,247,248,249]
75596.06916 [0,1,2,3,4,5,6,7,8,9] [235,236,237,238,239]
75594.90988444442 [0,1,2,3,4,5,6,7,8,9] [235,236,237,238,239,240,241,242,243,244,245,246,247,248,249]
75594.33025000001 [0,1,2,3,4,5,6,7,8,9] [240,241,242,243,244,245,246,247,248,249]
75591.95904132228 [0,1,2,3,4,5,6,7,8,9] [239,240,241,242,243,244,245,246,247,248,249]
75589.98306249999 [0,1,2,3,4,5,6,7,8,9] [237,238,239,240]
75589.36204591839 [0,1,2,3,4,5,6,7,8,9] [237,238,239,240,241,242,243,244,245,246,247,248,249,250]
75589.11364000001 [0,1,2,3,4,5,6,7,8,9] [238,239,240,241,242]
75589.11364 [0,1,2,3,4,5,6,7,8,9] [241,242,243,244,245,246,247,248,249,250]
75586.79520444444 [0,1,2,3,4,5,6,7,8,9] [232,233,234,235,236,237,238,239,240,241,242,243,244,245,246]
75585.636 [0,1,2,3,4,5,6,7,8,9] [234,235,236,237,238,239,240,241,242,243,244,245,246,247,248,249]
75583.70401234568 [0,1,2,3,4,5,6,7,8,9] [242,243,244,245,246,247,248,249,250]
75583.15202040818 [0,1,2,3,4,5,6,7,8,9] [236,237,238,239,240,241,242]
75581.62343786981 [0,1,2,3,4,5,6,7,8,9] [238,239,240,241,242,243,244,245,246,247,248,249,250]
75581.28906249997 [0,1,2,3,4,5,6,7,8,9] [235,236,237,238,239,240,241,242,243,244,245,246,247,248,249,250]
75579.84011111112 [0,1,2,3,4,5,6,7,8,9] [236,237,238,239,240,241,242,243,244,245,246,247,248,249,250]
75578.47640484429 [0,1,2,3,4,5,6,7,8,9] [233,234,235,236,237,238,239,240,241,242,243,244,245,246,247,248,249]
75578.18418367345 [0,1,2,3,4,5,6,7,8,9] [232,233,234,235,236,237,238,239,240,241,242,243,244,245]
75576.94225 [0,1,2,3,4,5,6,7,8,9] [243,244,245,246,247,248,249,250]
75574.5713140496 [0,1,2,3,4,5,6,7,8,9] [240,241,242,243,244,245,246,247,248,249,250]
75574.04444444444 [0,1,2,3,4,5,6,7,8,9] [236,237,238,239,240,241]
75574.04444444441 [0,1,2,3,4,5,6,7,8,9] [239,240,241,242,243,244,245,246,247,248,249,250]
75573.36261591692 [0,1,2,3,4,5,6,7,8,9] [234,235,236,237,238,239,240,241,242,243,244,245,246,247,248,249,250]
